,race_id,f_course1,f_course2,f_course3,f_courseout,mf_course1,mf_course2,mf_course3,mf_courseout,f_mf_course1,f_mf_course2,f_mf_course3,f_mf_courseout,f_len1,f_len2,f_len3,f_lenout,mf_len1,mf_len2,mf_len3,mf_classout,f_mf_len1,f_mf_len2,f_mf_len3,f_mf_classout,f_class1,f_class2,f_class3,f_classout,mf_class1,mf_class2,mf_class3,mf_classout,f_mf_class1,f_mf_class2,f_mf_class3,f_mf_classout,time_df_course1,time_df_class1,ninki_1,result_1,time_df_course2,time_df_class2,ninki_2,result_2,time_df_course3,time_df_class3,ninki_3,result_3,waku,umaban,self_popularity
0,202505010306,73.0,70.0,64.0,412.0,1.0,3.0,2.0,30.0,0.0,1.0,0.0,3.0,6.0,5.0,6.0,41.0,0.0,0.0,0.0,0.0,0.0,0.0,0.0,0.0,3.0,2.0,4.0,6.0,0.0,0.0,0.0,0.0,0.0,0.0,0.0,0.0,0.0,0.0,10.0,3.0,0.0,0.0,10.0,2.0,0.0,0.0,10.0,4.0,5,10,1.0
1,202505010306,1.0,4.0,1.0,18.0,2.0,6.0,4.0,27.0,0.0,0.0,0.0,0.0,0.0,0.0,0.0,0.0,0.0,0.0,0.0,1.0,0.0,0.0,0.0,0.0,0.0,0.0,0.0,0.0,0.0,0.0,0.0,0.0,0.0,0.0,0.0,0.0,0.0,0.0,50.0,2.0,,,,,,,,,7,15,3.0
2,202505010306,73.0,70.0,64.0,412.0,25.0,22.0,23.0,208.0,4.0,5.0,6.0,25.0,6.0,5.0,6.0,41.0,0.0,0.0,1.0,8.0,0.0,0.0,0.0,0.0,3.0,2.0,4.0,6.0,0.0,0.0,0.0,4.0,0.0,0.0,0.0,0.0,0.0,0.0,20.0,4.0,0.0,0.0,20.0,3.0,0.0,0.0,10.0,3.0,3,5,2.0
3,202505010306,14.0,4.0,4.0,59.0,9.0,9.0,8.0,157.0,0.0,0.0,0.0,2.0,1.0,0.0,0.0,7.0,2.0,2.0,1.0,12.0,0.0,0.0,0.0,0.0,0.0,0.0,0.0,4.0,1.0,1.0,1.0,4.0,0.0,0.0,0.0,0.0,0.0,0.0,50.0,7.0,,,,,,,,,1,1,7.0
4,202505010306,73.0,70.0,64.0,412.0,107.0,85.0,85.0,633.0,6.0,4.0,9.0,39.0,6.0,5.0,6.0,41.0,17.0,7.0,7.0,72.0,1.0,0.0,1.0,5.0,3.0,2.0,4.0,6.0,2.0,0.0,1.0,21.0,0.0,0.0,1.0,0.0,0.0,0.0,20.0,4.0,,,,,,,,,7,14,4.0
5,202505010306,0.0,1.0,0.0,18.0,10.0,8.0,8.0,80.0,0.0,0.0,0.0,0.0,0.0,0.0,0.0,1.0,3.0,1.0,2.0,6.0,0.0,0.0,0.0,0.0,0.0,0.0,0.0,0.0,0.0,0.0,0.0,0.0,0.0,0.0,0.0,0.0,0.0,0.0,60.0,7.0,0.0,0.0,70.0,4.0,0.0,0.0,60.0,7.0,2,4,9.0
6,202505010306,5.0,1.0,2.0,8.0,21.0,18.0,18.0,214.0,0.0,0.0,0.0,3.0,0.0,0.0,0.0,0.0,2.0,0.0,1.0,15.0,0.0,0.0,0.0,0.0,0.0,0.0,0.0,0.0,0.0,0.0,0.0,7.0,0.0,0.0,0.0,0.0,0.0,0.0,80.0,8.0,0.0,0.0,80.0,10.0,,,,,6,11,10.0
7,202505010306,7.0,11.0,10.0,146.0,32.0,44.0,23.0,365.0,0.0,0.0,0.0,1.0,0.0,0.0,0.0,4.0,2.0,7.0,2.0,30.0,0.0,0.0,0.0,0.0,0.0,0.0,0.0,0.0,0.0,1.0,0.0,7.0,0.0,0.0,0.0,0.0,0.0,0.0,110.0,5.0,0.0,0.0,100.0,7.0,0.0,0.0,90.0,12.0,8,16,8.0
8,202505010306,14.0,4.0,4.0,59.0,0.0,0.0,0.0,2.0,0.0,0.0,0.0,1.0,1.0,0.0,0.0,7.0,0.0,0.0,0.0,0.0,0.0,0.0,0.0,0.0,0.0,0.0,0.0,4.0,0.0,0.0,0.0,0.0,0.0,0.0,0.0,0.0,0.0,0.0,50.0,6.0,0.0,0.0,10.0,9.0,0.0,0.0,40.0,5.0,1,2,5.0
9,202505010306,0.0,0.0,1.0,2.0,22.0,10.0,27.0,249.0,0.0,0.0,1.0,0.0,0.0,0.0,0.0,0.0,1.0,2.0,2.0,25.0,0.0,0.0,0.0,0.0,0.0,0.0,0.0,0.0,0.0,0.0,0.0,6.0,0.0,0.0,0.0,0.0,0.0,0.0,60.0,6.0,0.0,0.0,40.0,4.0,0.0,0.0,20.0,7.0,2,3,6.0
10,202505010306,1.0,4.0,1.0,18.0,21.0,18.0,18.0,214.0,0.0,0.0,0.0,2.0,0.0,0.0,0.0,0.0,2.0,0.0,1.0,15.0,0.0,0.0,0.0,0.0,0.0,0.0,0.0,0.0,0.0,0.0,0.0,7.0,0.0,0.0,0.0,0.0,0.0,0.0,120.0,11.0,0.0,0.0,170.0,9.0,0.0,0.0,150.0,15.0,8,18,17.0
11,202505010306,1.0,4.0,1.0,18.0,1.0,3.0,1.0,18.0,0.0,0.0,0.0,1.0,0.0,0.0,0.0,0.0,0.0,0.0,0.0,1.0,0.0,0.0,0.0,0.0,0.0,0.0,0.0,0.0,0.0,0.0,0.0,0.0,0.0,0.0,0.0,0.0,0.0,0.0,150.0,12.0,0.0,0.0,120.0,15.0,0.0,0.0,150.0,11.0,4,8,13.0
12,202505010306,49.0,48.0,49.0,434.0,23.0,30.0,20.0,248.0,1.0,4.0,3.0,13.0,10.0,16.0,9.0,68.0,5.0,2.0,2.0,25.0,1.0,1.0,1.0,0.0,3.0,1.0,2.0,17.0,1.0,1.0,1.0,4.0,1.0,1.0,0.0,0.0,,,,,,,,,,,,,6,12,12.0
13,202505010306,1.0,4.0,7.0,43.0,5.0,2.0,7.0,36.0,0.0,0.0,0.0,0.0,0.0,0.0,0.0,1.0,0.0,0.0,1.0,3.0,0.0,0.0,0.0,0.0,0.0,0.0,0.0,0.0,0.0,0.0,0.0,1.0,0.0,0.0,0.0,0.0,0.0,0.0,110.0,14.0,0.0,0.0,100.0,9.0,0.0,0.0,100.0,5.0,3,6,11.0
14,202505010306,1.0,4.0,7.0,43.0,0.0,0.0,0.0,16.0,0.0,0.0,0.0,0.0,0.0,0.0,0.0,1.0,0.0,0.0,0.0,1.0,0.0,0.0,0.0,0.0,0.0,0.0,0.0,0.0,0.0,0.0,0.0,0.0,0.0,0.0,0.0,0.0,0.0,0.0,180.0,15.0,0.0,0.0,140.0,16.0,,,,,7,13,18.0
15,202505010306,2.0,3.0,2.0,17.0,107.0,85.0,85.0,633.0,0.0,0.0,0.0,3.0,0.0,0.0,0.0,2.0,17.0,7.0,7.0,72.0,0.0,0.0,0.0,1.0,0.0,0.0,0.0,0.0,2.0,0.0,1.0,21.0,0.0,0.0,0.0,0.0,0.0,0.0,90.0,8.0,0.0,0.0,80.0,7.0,0.0,0.0,120.0,10.0,5,9,16.0
16,202505010306,19.0,22.0,39.0,360.0,39.0,36.0,29.0,314.0,0.0,0.0,0.0,6.0,4.0,6.0,8.0,81.0,6.0,5.0,3.0,27.0,0.0,0.0,0.0,2.0,1.0,5.0,1.0,30.0,2.0,0.0,0.0,5.0,0.0,0.0,0.0,1.0,0.0,0.0,140.0,14.0,0.0,0.0,120.0,14.0,0.0,0.0,60.0,12.0,4,7,14.0
17,202505010306,10.0,13.0,16.0,169.0,0.0,0.0,0.0,0.0,0.0,0.0,0.0,0.0,1.0,0.0,2.0,10.0,0.0,0.0,0.0,0.0,0.0,0.0,0.0,0.0,0.0,0.0,2.0,1.0,0.0,0.0,0.0,0.0,0.0,0.0,0.0,0.0,0.0,0.0,170.0,14.0,,,,,,,,,8,17,15.0
18,202505010311,19.0,22.0,39.0,360.0,2.0,0.0,1.0,11.0,1.0,0.0,0.0,10.0,4.0,6.0,8.0,81.0,1.0,0.0,0.0,4.0,1.0,0.0,0.0,4.0,0.0,0.0,1.0,10.0,0.0,0.0,0.0,2.0,0.0,0.0,0.0,2.0,0.0,0.0,140.0,7.0,0.0,0.0,90.0,7.0,0.0,0.0,80.0,8.0,3,4,9.0
19,202505010311,14.0,4.0,4.0,59.0,23.0,30.0,20.0,248.0,1.0,0.0,1.0,4.0,1.0,0.0,0.0,7.0,5.0,2.0,2.0,25.0,1.0,0.0,0.0,1.0,0.0,0.0,0.0,0.0,0.0,1.0,0.0,5.0,0.0,0.0,0.0,0.0,0.0,0.0,60.0,16.0,0.0,0.0,150.0,4.0,0.0,0.0,120.0,12.0,7,12,4.0
20,202505010311,6.0,3.0,4.0,50.0,4.0,3.0,4.0,31.0,2.0,1.0,1.0,3.0,3.0,1.0,1.0,5.0,2.0,1.0,2.0,6.0,2.0,1.0,1.0,1.0,0.0,0.0,1.0,1.0,0.0,0.0,1.0,1.0,0.0,0.0,1.0,1.0,0.0,0.0,30.0,5.0,0.0,0.0,30.0,4.0,0.0,0.0,40.0,3.0,8,14,6.0
21,202505010311,1.0,3.0,1.0,25.0,0.0,1.0,0.0,2.0,0.0,1.0,0.0,0.0,1.0,2.0,1.0,4.0,0.0,0.0,0.0,0.0,0.0,0.0,0.0,0.0,0.0,0.0,0.0,0.0,0.0,0.0,0.0,0.0,0.0,0.0,0.0,0.0,0.0,0.0,100.0,13.0,0.0,0.0,10.0,5.0,0.0,0.0,10.0,1.0,1,1,1.0
22,202505010311,65.0,89.0,77.0,534.0,13.0,11.0,6.0,87.0,2.0,3.0,2.0,12.0,13.0,12.0,10.0,108.0,2.0,3.0,1.0,9.0,0.0,2.0,1.0,1.0,1.0,4.0,3.0,15.0,0.0,1.0,0.0,2.0,0.0,1.0,0.0,1.0,0.0,0.0,20.0,2.0,0.0,0.0,10.0,4.0,0.0,0.0,20.0,4.0,4,6,3.0
23,202505010311,44.0,51.0,43.0,279.0,0.0,0.0,0.0,9.0,0.0,0.0,0.0,0.0,2.0,10.0,8.0,48.0,0.0,0.0,0.0,0.0,0.0,0.0,0.0,0.0,0.0,0.0,0.0,3.0,0.0,0.0,0.0,0.0,0.0,0.0,0.0,0.0,0.0,0.0,30.0,2.0,0.0,0.0,30.0,6.0,0.0,0.0,10.0,5.0,8,13,5.0
24,202505010311,7.0,3.0,7.0,103.0,18.0,19.0,17.0,115.0,0.0,0.0,0.0,5.0,0.0,0.0,1.0,10.0,2.0,4.0,2.0,23.0,0.0,0.0,0.0,3.0,0.0,0.0,0.0,4.0,0.0,0.0,0.0,3.0,0.0,0.0,0.0,2.0,0.0,0.0,50.0,4.0,0.0,0.0,50.0,7.0,0.0,0.0,30.0,3.0,7,11,8.0
25,202505010311,65.0,89.0,77.0,534.0,10.0,7.0,9.0,72.0,2.0,0.0,0.0,11.0,13.0,12.0,10.0,108.0,1.0,1.0,2.0,12.0,0.0,0.0,0.0,1.0,1.0,4.0,3.0,15.0,0.0,0.0,1.0,5.0,0.0,0.0,0.0,0.0,0.0,0.0,150.0,10.0,0.0,0.0,120.0,9.0,0.0,0.0,50.0,1.0,3,3,13.0
26,202505010311,65.0,89.0,77.0,534.0,13.0,11.0,6.0,87.0,2.0,3.0,2.0,12.0,13.0,12.0,10.0,108.0,2.0,3.0,1.0,9.0,0.0,2.0,1.0,1.0,1.0,4.0,3.0,15.0,0.0,1.0,0.0,2.0,0.0,1.0,0.0,1.0,0.0,0.0,30.0,11.0,0.0,0.0,40.0,4.0,0.0,0.0,60.0,4.0,6,10,7.0
27,202505010311,65.0,89.0,77.0,534.0,15.0,13.0,7.0,88.0,3.0,4.0,5.0,23.0,13.0,12.0,10.0,108.0,1.0,2.0,0.0,7.0,0.0,1.0,0.0,3.0,1.0,4.0,3.0,15.0,0.0,0.0,0.0,2.0,0.0,0.0,0.0,2.0,0.0,0.0,100.0,13.0,0.0,0.0,80.0,12.0,0.0,0.0,80.0,5.0,6,9,11.0
28,202505010311,3.0,3.0,2.0,23.0,1.0,1.0,2.0,21.0,1.0,1.0,0.0,3.0,2.0,2.0,0.0,6.0,1.0,0.0,0.0,4.0,1.0,0.0,0.0,3.0,0.0,1.0,0.0,2.0,0.0,0.0,0.0,3.0,0.0,0.0,0.0,2.0,0.0,0.0,100.0,10.0,0.0,0.0,90.0,7.0,0.0,0.0,60.0,10.0,5,7,10.0
29,202505010311,3.0,3.0,2.0,23.0,107.0,85.0,85.0,633.0,2.0,2.0,1.0,1.0,2.0,2.0,0.0,6.0,17.0,7.0,7.0,72.0,1.0,2.0,0.0,1.0,0.0,1.0,0.0,2.0,3.0,4.0,2.0,7.0,0.0,1.0,0.0,0.0,0.0,0.0,60.0,3.0,0.0,0.0,50.0,2.0,0.0,0.0,60.0,1.0,2,2,2.0
30,202505010311,44.0,51.0,43.0,279.0,5.0,6.0,5.0,27.0,1.0,0.0,0.0,1.0,2.0,10.0,8.0,48.0,0.0,0.0,0.0,0.0,0.0,0.0,0.0,0.0,0.0,0.0,0.0,3.0,0.0,0.0,0.0,0.0,0.0,0.0,0.0,0.0,0.0,0.0,120.0,8.0,0.0,0.0,160.0,11.0,0.0,0.0,140.0,12.0,5,8,14.0
31,202505010311,49.0,48.0,49.0,434.0,0.0,0.0,0.0,4.0,0.0,0.0,0.0,0.0,10.0,16.0,9.0,68.0,0.0,0.0,0.0,0.0,0.0,0.0,0.0,0.0,1.0,5.0,0.0,17.0,0.0,0.0,0.0,0.0,0.0,0.0,0.0,0.0,0.0,0.0,130.0,15.0,0.0,0.0,60.0,15.0,0.0,0.0,100.0,1.0,4,5,12.0
32,202505010409,21.0,16.0,17.0,86.0,7.0,5.0,5.0,37.0,1.0,0.0,3.0,2.0,1.0,2.0,0.0,8.0,0.0,0.0,0.0,4.0,0.0,0.0,0.0,1.0,0.0,1.0,0.0,1.0,0.0,0.0,0.0,0.0,0.0,0.0,0.0,0.0,0.0,0.0,10.0,1.0,0.0,0.0,20.0,2.0,,,,,6,7,2.0
33,202505010409,56.0,53.0,38.0,318.0,23.0,12.0,14.0,216.0,0.0,0.0,1.0,8.0,10.0,7.0,8.0,38.0,2.0,3.0,1.0,20.0,0.0,0.0,1.0,3.0,3.0,3.0,0.0,7.0,0.0,0.0,0.0,2.0,0.0,0.0,0.0,0.0,0.0,0.0,40.0,4.0,0.0,0.0,10.0,3.0,0.0,0.0,30.0,1.0,3,3,1.0
34,202505010409,8.0,6.0,12.0,149.0,81.0,82.0,57.0,590.0,4.0,0.0,3.0,22.0,0.0,0.0,1.0,22.0,16.0,8.0,6.0,81.0,0.0,0.0,0.0,3.0,0.0,0.0,0.0,8.0,3.0,3.0,2.0,17.0,0.0,0.0,0.0,2.0,0.0,0.0,70.0,17.0,0.0,0.0,10.0,1.0,,,,,4,4,9.0
35,202505010409,14.0,4.0,4.0,59.0,6.0,4.0,6.0,30.0,1.0,0.0,0.0,0.0,1.0,0.0,0.0,7.0,0.0,1.0,0.0,5.0,0.0,0.0,0.0,0.0,1.0,0.0,0.0,1.0,0.0,0.0,0.0,1.0,0.0,0.0,0.0,0.0,0.0,0.0,30.0,1.0,,,,,,,,,6,6,3.0
36,202505010409,21.0,16.0,17.0,86.0,0.0,0.0,1.0,2.0,0.0,0.0,1.0,0.0,1.0,2.0,0.0,8.0,0.0,0.0,0.0,0.0,0.0,0.0,0.0,0.0,0.0,1.0,0.0,1.0,0.0,0.0,0.0,0.0,0.0,0.0,0.0,0.0,0.0,0.0,70.0,5.0,0.0,0.0,50.0,6.0,0.0,0.0,30.0,1.0,1,1,7.0
37,202505010409,44.0,51.0,43.0,279.0,0.0,2.0,2.0,10.0,0.0,0.0,0.0,1.0,2.0,10.0,8.0,48.0,0.0,0.0,0.0,0.0,0.0,0.0,0.0,0.0,0.0,3.0,3.0,12.0,0.0,0.0,0.0,0.0,0.0,0.0,0.0,0.0,0.0,0.0,100.0,1.0,0.0,0.0,40.0,6.0,,,,,8,11,6.0
38,202505010409,44.0,51.0,43.0,279.0,1.0,0.0,0.0,1.0,1.0,0.0,0.0,0.0,2.0,10.0,8.0,48.0,0.0,0.0,0.0,0.0,0.0,0.0,0.0,0.0,0.0,3.0,3.0,12.0,0.0,0.0,0.0,0.0,0.0,0.0,0.0,0.0,0.0,0.0,20.0,1.0,0.0,0.0,10.0,5.0,0.0,0.0,10.0,2.0,2,2,5.0
39,202505010409,16.0,16.0,15.0,109.0,1.0,0.0,1.0,11.0,1.0,0.0,0.0,0.0,0.0,0.0,0.0,2.0,0.0,0.0,0.0,1.0,0.0,0.0,0.0,0.0,0.0,0.0,0.0,0.0,0.0,0.0,0.0,0.0,0.0,0.0,0.0,0.0,0.0,0.0,110.0,12.0,0.0,0.0,20.0,1.0,0.0,0.0,10.0,2.0,8,10,4.0
40,202505010409,5.0,1.0,2.0,8.0,23.0,12.0,14.0,216.0,2.0,0.0,0.0,0.0,0.0,0.0,0.0,0.0,2.0,3.0,1.0,20.0,0.0,0.0,0.0,0.0,0.0,0.0,0.0,0.0,0.0,0.0,0.0,2.0,0.0,0.0,0.0,0.0,,,,,,,,,,,,,5,5,10.0
41,202505010409,53.0,31.0,40.0,288.0,107.0,85.0,85.0,633.0,16.0,8.0,13.0,63.0,4.0,0.0,1.0,20.0,17.0,7.0,7.0,72.0,2.0,0.0,0.0,3.0,2.0,0.0,0.0,2.0,8.0,0.0,1.0,13.0,1.0,0.0,0.0,1.0,0.0,0.0,10.0,1.0,,,,,,,,,7,9,8.0
42,202505010409,5.0,0.0,1.0,8.0,0.0,0.0,1.0,4.0,0.0,0.0,0.0,0.0,0.0,0.0,0.0,0.0,0.0,0.0,0.0,0.0,0.0,0.0,0.0,0.0,0.0,0.0,0.0,0.0,0.0,0.0,0.0,0.0,0.0,0.0,0.0,0.0,0.0,0.0,110.0,7.0,0.0,0.0,60.0,1.0,,,,,7,8,11.0
43,202505010509,6.0,6.0,2.0,32.0,10.0,7.0,9.0,72.0,0.0,0.0,0.0,1.0,0.0,0.0,0.0,2.0,1.0,1.0,2.0,12.0,0.0,0.0,0.0,0.0,0.0,0.0,0.0,1.0,0.0,0.0,0.0,0.0,0.0,0.0,0.0,0.0,0.0,0.0,10.0,1.0,0.0,0.0,10.0,1.0,0.0,0.0,10.0,2.0,7,8,1.0
44,202505010509,34.0,20.0,13.0,123.0,18.0,19.0,17.0,115.0,1.0,2.0,0.0,2.0,4.0,3.0,2.0,21.0,2.0,4.0,2.0,23.0,0.0,1.0,0.0,2.0,0.0,1.0,0.0,3.0,0.0,3.0,1.0,2.0,0.0,1.0,0.0,0.0,0.0,0.0,10.0,2.0,0.0,0.0,10.0,2.0,0.0,0.0,110.0,8.0,6,7,2.0
45,202505010509,10.0,6.0,15.0,116.0,18.0,19.0,17.0,115.0,1.0,0.0,1.0,3.0,2.0,1.0,4.0,5.0,2.0,4.0,2.0,23.0,1.0,0.0,1.0,2.0,1.0,1.0,1.0,0.0,0.0,3.0,1.0,2.0,0.0,0.0,1.0,0.0,0.0,0.0,30.0,2.0,0.0,0.0,40.0,3.0,0.0,0.0,30.0,3.0,4,4,4.0
46,202505010509,3.0,3.0,2.0,23.0,107.0,85.0,85.0,633.0,2.0,2.0,1.0,1.0,2.0,2.0,0.0,6.0,17.0,7.0,7.0,72.0,1.0,2.0,0.0,1.0,1.0,1.0,0.0,0.0,3.0,3.0,1.0,14.0,0.0,1.0,0.0,0.0,0.0,0.0,10.0,1.0,0.0,0.0,20.0,3.0,0.0,0.0,10.0,1.0,1,1,3.0
47,202505010509,6.0,8.0,5.0,81.0,107.0,85.0,85.0,633.0,2.0,2.0,3.0,12.0,0.0,3.0,0.0,2.0,17.0,7.0,7.0,72.0,0.0,0.0,0.0,1.0,0.0,0.0,0.0,0.0,3.0,3.0,1.0,14.0,0.0,0.0,0.0,0.0,0.0,0.0,50.0,7.0,0.0,0.0,60.0,5.0,0.0,0.0,10.0,1.0,8,11,6.0
48,202505010509,65.0,89.0,77.0,534.0,2.0,1.0,2.0,15.0,0.0,0.0,1.0,2.0,13.0,12.0,10.0,108.0,1.0,1.0,1.0,5.0,0.0,0.0,1.0,2.0,1.0,1.0,1.0,22.0,1.0,0.0,0.0,0.0,0.0,0.0,0.0,0.0,0.0,0.0,90.0,9.0,0.0,0.0,80.0,4.0,0.0,0.0,70.0,10.0,3,3,10.0
49,202505010509,14.0,4.0,4.0,59.0,23.0,30.0,20.0,248.0,1.0,0.0,1.0,4.0,1.0,0.0,0.0,7.0,5.0,2.0,2.0,25.0,1.0,0.0,0.0,1.0,0.0,0.0,0.0,0.0,1.0,0.0,0.0,1.0,0.0,0.0,0.0,0.0,0.0,0.0,40.0,2.0,0.0,0.0,20.0,1.0,0.0,0.0,20.0,4.0,8,10,5.0
50,202505010509,147.0,130.0,110.0,754.0,2.0,2.0,3.0,14.0,2.0,2.0,2.0,9.0,29.0,24.0,19.0,135.0,1.0,0.0,2.0,3.0,1.0,0.0,2.0,3.0,9.0,2.0,4.0,19.0,0.0,0.0,0.0,1.0,0.0,0.0,0.0,1.0,0.0,0.0,50.0,3.0,0.0,0.0,50.0,4.0,0.0,0.0,60.0,11.0,5,5,8.0
51,202505010509,25.0,28.0,29.0,272.0,2.0,2.0,3.0,40.0,1.0,0.0,1.0,2.0,7.0,5.0,6.0,38.0,1.0,0.0,1.0,4.0,1.0,0.0,1.0,0.0,0.0,0.0,1.0,6.0,0.0,0.0,0.0,0.0,0.0,0.0,0.0,0.0,0.0,0.0,140.0,11.0,0.0,0.0,120.0,8.0,0.0,0.0,140.0,9.0,7,9,11.0
52,202505010509,65.0,89.0,77.0,534.0,1.0,4.0,6.0,23.0,0.0,0.0,4.0,4.0,13.0,12.0,10.0,108.0,0.0,2.0,2.0,4.0,0.0,0.0,1.0,1.0,1.0,1.0,1.0,22.0,0.0,1.0,0.0,3.0,0.0,0.0,0.0,1.0,0.0,0.0,60.0,5.0,0.0,0.0,70.0,4.0,0.0,0.0,90.0,11.0,2,2,7.0
53,202505010509,56.0,53.0,38.0,318.0,11.0,8.0,1.0,17.0,3.0,2.0,1.0,2.0,10.0,7.0,8.0,38.0,2.0,0.0,0.0,2.0,0.0,0.0,0.0,0.0,2.0,1.0,3.0,4.0,0.0,0.0,0.0,0.0,0.0,0.0,0.0,0.0,0.0,0.0,90.0,11.0,0.0,0.0,100.0,6.0,0.0,0.0,10.0,10.0,6,6,9.0
54,202505010606,1.0,3.0,1.0,25.0,39.0,36.0,29.0,314.0,0.0,1.0,0.0,1.0,1.0,2.0,1.0,4.0,6.0,5.0,3.0,27.0,0.0,1.0,0.0,1.0,0.0,2.0,1.0,1.0,0.0,2.0,0.0,4.0,0.0,1.0,0.0,1.0,0.0,0.0,50.0,4.0,0.0,0.0,80.0,2.0,0.0,0.0,10.0,11.0,2,3,5.0
55,202505010606,49.0,48.0,49.0,434.0,23.0,30.0,20.0,248.0,1.0,4.0,3.0,13.0,10.0,16.0,9.0,68.0,5.0,2.0,2.0,25.0,1.0,1.0,1.0,0.0,1.0,4.0,2.0,9.0,1.0,0.0,1.0,5.0,0.0,0.0,1.0,0.0,0.0,0.0,30.0,2.0,0.0,0.0,10.0,3.0,0.0,0.0,10.0,1.0,3,6,3.0
56,202505010606,56.0,53.0,38.0,318.0,11.0,9.0,8.0,34.0,2.0,2.0,1.0,5.0,10.0,7.0,8.0,38.0,0.0,3.0,2.0,2.0,0.0,0.0,0.0,1.0,3.0,3.0,0.0,7.0,0.0,2.0,1.0,0.0,0.0,0.0,0.0,0.0,0.0,0.0,20.0,6.0,0.0,0.0,10.0,4.0,0.0,0.0,140.0,10.0,5,10,4.0
57,202505010606,1.0,3.0,1.0,25.0,5.0,4.0,6.0,41.0,1.0,1.0,1.0,0.0,1.0,2.0,1.0,4.0,3.0,1.0,2.0,7.0,1.0,1.0,1.0,0.0,0.0,2.0,1.0,1.0,1.0,1.0,2.0,0.0,0.0,1.0,1.0,0.0,0.0,0.0,30.0,2.0,0.0,0.0,70.0,3.0,0.0,0.0,40.0,5.0,8,15,2.0
58,202505010606,19.0,22.0,39.0,360.0,9.0,6.0,10.0,125.0,0.0,0.0,0.0,2.0,4.0,6.0,8.0,81.0,0.0,0.0,1.0,8.0,0.0,0.0,0.0,1.0,0.0,0.0,3.0,12.0,0.0,0.0,0.0,2.0,0.0,0.0,0.0,0.0,0.0,0.0,80.0,6.0,0.0,0.0,100.0,7.0,0.0,0.0,110.0,10.0,7,14,11.0
59,202505010606,2.0,2.0,8.0,57.0,21.0,18.0,18.0,214.0,0.0,1.0,0.0,1.0,0.0,1.0,1.0,2.0,2.0,0.0,1.0,15.0,0.0,0.0,0.0,0.0,0.0,0.0,1.0,1.0,0.0,0.0,1.0,1.0,0.0,0.0,0.0,0.0,0.0,0.0,160.0,14.0,0.0,0.0,110.0,11.0,0.0,0.0,80.0,10.0,2,4,14.0
60,202505010606,44.0,51.0,43.0,279.0,4.0,3.0,10.0,24.0,0.0,3.0,2.0,3.0,2.0,10.0,8.0,48.0,0.0,2.0,2.0,4.0,0.0,2.0,2.0,2.0,0.0,3.0,3.0,12.0,0.0,0.0,1.0,2.0,0.0,0.0,1.0,1.0,0.0,0.0,60.0,6.0,0.0,0.0,40.0,3.0,0.0,0.0,40.0,5.0,1,1,6.0
61,202505010606,7.0,3.0,7.0,103.0,4.0,5.0,5.0,6.0,1.0,0.0,1.0,0.0,0.0,0.0,1.0,10.0,0.0,0.0,0.0,0.0,0.0,0.0,0.0,0.0,0.0,0.0,1.0,0.0,0.0,0.0,0.0,0.0,0.0,0.0,0.0,0.0,0.0,0.0,30.0,2.0,0.0,0.0,10.0,9.0,0.0,0.0,30.0,5.0,3,5,7.0
62,202505010606,44.0,51.0,43.0,279.0,11.0,9.0,8.0,34.0,0.0,2.0,2.0,0.0,2.0,10.0,8.0,48.0,0.0,3.0,2.0,2.0,0.0,2.0,2.0,0.0,0.0,3.0,3.0,12.0,0.0,2.0,1.0,0.0,0.0,2.0,1.0,0.0,0.0,0.0,30.0,2.0,0.0,0.0,20.0,6.0,0.0,0.0,20.0,2.0,8,16,1.0
63,202505010606,2.0,1.0,1.0,23.0,13.0,6.0,11.0,133.0,0.0,1.0,1.0,9.0,2.0,1.0,0.0,5.0,3.0,2.0,0.0,9.0,0.0,1.0,0.0,1.0,1.0,0.0,0.0,0.0,1.0,0.0,0.0,2.0,0.0,0.0,0.0,0.0,0.0,0.0,50.0,4.0,0.0,0.0,20.0,4.0,0.0,0.0,20.0,2.0,6,12,8.0
64,202505010606,7.0,10.0,16.0,152.0,10.0,12.0,22.0,211.0,1.0,0.0,1.0,3.0,2.0,2.0,1.0,8.0,1.0,1.0,3.0,31.0,0.0,0.0,0.0,1.0,0.0,1.0,0.0,1.0,1.0,0.0,0.0,3.0,0.0,0.0,0.0,1.0,0.0,0.0,140.0,13.0,0.0,0.0,30.0,15.0,0.0,0.0,50.0,2.0,5,9,12.0
65,202505010606,0.0,0.0,0.0,2.0,5.0,2.0,7.0,36.0,0.0,0.0,0.0,2.0,0.0,0.0,0.0,0.0,0.0,0.0,1.0,3.0,0.0,0.0,0.0,0.0,0.0,0.0,0.0,0.0,0.0,0.0,0.0,2.0,0.0,0.0,0.0,0.0,0.0,0.0,80.0,7.0,0.0,0.0,110.0,9.0,0.0,0.0,80.0,14.0,4,7,16.0
66,202505010606,10.0,7.0,6.0,37.0,2.0,1.0,2.0,16.0,0.0,0.0,0.0,0.0,1.0,1.0,0.0,6.0,0.0,0.0,0.0,1.0,0.0,0.0,0.0,0.0,0.0,1.0,0.0,0.0,0.0,0.0,0.0,0.0,0.0,0.0,0.0,0.0,0.0,0.0,40.0,3.0,0.0,0.0,110.0,4.0,0.0,0.0,70.0,3.0,7,13,9.0
67,202505010606,9.0,12.0,10.0,62.0,81.0,82.0,57.0,590.0,0.0,2.0,2.0,10.0,1.0,1.0,0.0,6.0,16.0,8.0,6.0,81.0,0.0,0.0,0.0,2.0,0.0,0.0,0.0,0.0,3.0,3.0,2.0,17.0,0.0,0.0,0.0,0.0,0.0,0.0,70.0,8.0,0.0,0.0,60.0,7.0,0.0,0.0,90.0,2.0,1,2,15.0
68,202505010606,19.0,22.0,39.0,360.0,1.0,1.0,2.0,37.0,0.0,0.0,1.0,0.0,4.0,6.0,8.0,81.0,0.0,0.0,0.0,1.0,0.0,0.0,0.0,0.0,0.0,0.0,3.0,12.0,0.0,0.0,0.0,1.0,0.0,0.0,0.0,0.0,0.0,0.0,80.0,13.0,0.0,0.0,20.0,5.0,0.0,0.0,30.0,4.0,6,11,10.0
69,202505010606,41.0,33.0,23.0,242.0,36.0,38.0,43.0,401.0,4.0,1.0,3.0,41.0,8.0,4.0,2.0,41.0,3.0,2.0,5.0,41.0,0.0,0.0,1.0,4.0,3.0,0.0,1.0,4.0,0.0,1.0,1.0,6.0,0.0,0.0,1.0,1.0,0.0,0.0,130.0,13.0,0.0,0.0,100.0,4.0,0.0,0.0,90.0,11.0,4,8,13.0
70,202505010705,56.0,53.0,38.0,318.0,0.0,1.0,1.0,1.0,0.0,1.0,0.0,0.0,10.0,7.0,8.0,38.0,0.0,0.0,1.0,1.0,0.0,0.0,0.0,0.0,1.0,0.0,2.0,8.0,0.0,0.0,1.0,0.0,0.0,0.0,0.0,0.0,0.0,0.0,10.0,2.0,,,,,,,,,5,10,1.0
71,202505010705,3.0,1.0,2.0,52.0,0.0,0.0,1.0,4.0,0.0,0.0,0.0,0.0,0.0,0.0,0.0,4.0,0.0,0.0,0.0,0.0,0.0,0.0,0.0,0.0,0.0,0.0,0.0,3.0,0.0,0.0,0.0,0.0,0.0,0.0,0.0,0.0,0.0,0.0,20.0,2.0,0.0,0.0,10.0,3.0,0.0,0.0,,,5,9,2.0
72,202505010705,1.0,4.0,1.0,18.0,81.0,82.0,57.0,590.0,1.0,0.0,0.0,1.0,0.0,0.0,0.0,0.0,16.0,8.0,6.0,81.0,0.0,0.0,0.0,0.0,0.0,0.0,0.0,0.0,3.0,1.0,1.0,13.0,0.0,0.0,0.0,0.0,0.0,0.0,40.0,5.0,,,,,,,,,7,13,4.0
73,202505010705,1.0,4.0,1.0,18.0,0.0,2.0,1.0,19.0,0.0,0.0,0.0,2.0,0.0,0.0,0.0,0.0,0.0,0.0,0.0,1.0,0.0,0.0,0.0,0.0,0.0,0.0,0.0,0.0,0.0,0.0,0.0,1.0,0.0,0.0,0.0,0.0,,,,,,,,,,,,,1,2,8.0
74,202505010705,5.0,5.0,7.0,78.0,37.0,57.0,38.0,309.0,0.0,1.0,0.0,1.0,0.0,0.0,0.0,11.0,4.0,12.0,8.0,35.0,0.0,0.0,0.0,0.0,0.0,0.0,0.0,3.0,0.0,3.0,0.0,5.0,0.0,0.0,0.0,0.0,0.0,0.0,90.0,7.0,0.0,0.0,50.0,8.0,,,,,2,4,12.0
75,202505010705,0.0,1.0,0.0,36.0,1.0,6.0,3.0,78.0,0.0,0.0,0.0,0.0,0.0,0.0,0.0,1.0,0.0,0.0,0.0,3.0,0.0,0.0,0.0,0.0,0.0,0.0,0.0,0.0,0.0,0.0,0.0,1.0,0.0,0.0,0.0,0.0,0.0,0.0,70.0,6.0,,,,,,,,,4,8,7.0
76,202505010705,5.0,5.0,7.0,78.0,9.0,10.0,15.0,171.0,0.0,0.0,0.0,2.0,0.0,0.0,0.0,11.0,0.0,0.0,2.0,9.0,0.0,0.0,0.0,0.0,0.0,0.0,0.0,3.0,0.0,0.0,1.0,3.0,0.0,0.0,0.0,0.0,0.0,0.0,150.0,9.0,,,,,,,,,7,15,14.0
77,202505010705,9.0,12.0,10.0,62.0,81.0,82.0,57.0,590.0,0.0,2.0,2.0,10.0,1.0,1.0,0.0,6.0,16.0,8.0,6.0,81.0,0.0,0.0,0.0,2.0,0.0,1.0,0.0,5.0,3.0,1.0,1.0,13.0,0.0,0.0,0.0,2.0,0.0,0.0,90.0,10.0,0.0,0.0,50.0,8.0,0.0,0.0,70.0,4.0,3,6,6.0
78,202505010705,53.0,31.0,40.0,288.0,18.0,19.0,17.0,115.0,0.0,0.0,0.0,6.0,4.0,0.0,1.0,20.0,2.0,4.0,2.0,23.0,0.0,0.0,0.0,0.0,0.0,0.0,1.0,6.0,1.0,1.0,1.0,9.0,0.0,0.0,0.0,0.0,0.0,0.0,60.0,11.0,0.0,0.0,70.0,8.0,,,,,6,11,10.0
79,202505010705,0.0,0.0,0.0,8.0,0.0,0.0,0.0,5.0,0.0,0.0,0.0,0.0,0.0,0.0,0.0,0.0,0.0,0.0,0.0,0.0,0.0,0.0,0.0,0.0,0.0,0.0,0.0,0.0,0.0,0.0,0.0,0.0,0.0,0.0,0.0,0.0,0.0,0.0,150.0,15.0,,,,,,,,,8,16,17.0
80,202505010705,44.0,51.0,43.0,279.0,17.0,14.0,11.0,182.0,1.0,0.0,1.0,6.0,2.0,10.0,8.0,48.0,2.0,0.0,1.0,18.0,0.0,0.0,0.0,1.0,1.0,5.0,1.0,6.0,0.0,0.0,0.0,4.0,0.0,0.0,0.0,0.0,0.0,0.0,10.0,12.0,0.0,0.0,20.0,2.0,0.0,0.0,80.0,3.0,8,18,3.0
81,202505010705,0.0,0.0,0.0,1.0,0.0,0.0,0.0,0.0,0.0,0.0,0.0,0.0,0.0,0.0,0.0,0.0,0.0,0.0,0.0,0.0,0.0,0.0,0.0,0.0,0.0,0.0,0.0,0.0,0.0,0.0,0.0,0.0,0.0,0.0,0.0,0.0,0.0,0.0,120.0,9.0,,,,,,,,,3,5,11.0
82,202505010705,14.0,4.0,4.0,59.0,11.0,12.0,7.0,121.0,0.0,0.0,0.0,2.0,1.0,0.0,0.0,7.0,2.0,1.0,0.0,12.0,0.0,0.0,0.0,0.0,0.0,0.0,0.0,4.0,0.0,0.0,0.0,0.0,0.0,0.0,0.0,0.0,0.0,0.0,130.0,13.0,0.0,0.0,70.0,14.0,0.0,0.0,50.0,7.0,2,3,13.0
83,202505010705,49.0,48.0,49.0,434.0,107.0,85.0,85.0,633.0,10.0,3.0,8.0,65.0,10.0,16.0,9.0,68.0,17.0,7.0,7.0,72.0,3.0,3.0,1.0,8.0,3.0,1.0,2.0,17.0,2.0,0.0,1.0,21.0,0.0,0.0,0.0,0.0,0.0,0.0,100.0,13.0,0.0,0.0,140.0,5.0,,,,,8,17,15.0
84,202505010705,0.0,1.0,4.0,62.0,23.0,30.0,20.0,248.0,0.0,0.0,0.0,0.0,0.0,1.0,3.0,27.0,5.0,2.0,2.0,25.0,0.0,0.0,0.0,0.0,0.0,0.0,0.0,2.0,1.0,1.0,1.0,4.0,0.0,0.0,0.0,0.0,0.0,0.0,160.0,12.0,,,,,,,,,1,1,16.0
85,202505010705,9.0,5.0,6.0,92.0,23.0,12.0,14.0,216.0,0.0,0.0,0.0,8.0,1.0,0.0,1.0,4.0,2.0,3.0,1.0,20.0,0.0,0.0,0.0,0.0,0.0,0.0,0.0,0.0,1.0,0.0,1.0,10.0,0.0,0.0,0.0,0.0,0.0,0.0,100.0,10.0,,,,,,,,,4,7,9.0
86,202505010705,82.0,90.0,75.0,520.0,23.0,30.0,20.0,248.0,4.0,5.0,4.0,19.0,3.0,3.0,1.0,21.0,5.0,2.0,2.0,25.0,0.0,0.0,0.0,1.0,0.0,0.0,0.0,4.0,1.0,1.0,1.0,4.0,0.0,0.0,0.0,0.0,0.0,0.0,70.0,3.0,0.0,0.0,30.0,10.0,0.0,0.0,30.0,7.0,7,14,5.0
87,202505010705,0.0,1.0,0.0,13.0,37.0,57.0,38.0,309.0,0.0,0.0,0.0,1.0,0.0,0.0,0.0,0.0,4.0,12.0,8.0,35.0,0.0,0.0,0.0,0.0,0.0,0.0,0.0,0.0,0.0,3.0,0.0,5.0,0.0,0.0,0.0,0.0,0.0,0.0,180.0,17.0,0.0,0.0,160.0,15.0,0.0,0.0,110.0,11.0,6,12,18.0
88,202505020111,56.0,53.0,38.0,318.0,1.0,0.0,0.0,0.0,1.0,0.0,0.0,0.0,10.0,7.0,8.0,38.0,0.0,0.0,0.0,0.0,0.0,0.0,0.0,0.0,3.0,3.0,2.0,19.0,0.0,0.0,0.0,0.0,0.0,0.0,0.0,0.0,0.0,0.0,10.0,1.0,0.0,0.0,20.0,1.0,,,,,7,10,1.0
89,202505020111,56.0,53.0,38.0,318.0,23.0,12.0,14.0,216.0,0.0,0.0,1.0,8.0,10.0,7.0,8.0,38.0,2.0,3.0,1.0,20.0,0.0,0.0,1.0,3.0,3.0,3.0,2.0,19.0,0.0,1.0,0.0,5.0,0.0,0.0,0.0,1.0,0.0,0.0,10.0,3.0,0.0,0.0,10.0,2.0,0.0,0.0,40.0,4.0,6,9,2.0
90,202505020111,9.0,12.0,10.0,62.0,21.0,18.0,18.0,214.0,0.0,0.0,0.0,1.0,1.0,1.0,0.0,6.0,2.0,0.0,1.0,15.0,0.0,0.0,0.0,0.0,0.0,0.0,0.0,1.0,1.0,0.0,0.0,2.0,0.0,0.0,0.0,0.0,0.0,0.0,20.0,1.0,0.0,0.0,30.0,10.0,0.0,0.0,40.0,2.0,4,4,4.0
91,202505020111,44.0,51.0,43.0,279.0,1.0,0.0,3.0,7.0,0.0,0.0,1.0,2.0,2.0,10.0,8.0,48.0,0.0,0.0,0.0,1.0,0.0,0.0,0.0,0.0,0.0,2.0,3.0,22.0,0.0,0.0,0.0,0.0,0.0,0.0,0.0,0.0,0.0,0.0,30.0,1.0,0.0,0.0,20.0,3.0,,,,,7,11,3.0
92,202505020111,8.0,6.0,12.0,149.0,81.0,82.0,57.0,590.0,4.0,0.0,3.0,22.0,0.0,0.0,1.0,22.0,16.0,8.0,6.0,81.0,0.0,0.0,0.0,3.0,0.0,0.0,0.0,2.0,2.0,2.0,1.0,27.0,0.0,0.0,0.0,1.0,0.0,0.0,20.0,1.0,0.0,0.0,90.0,3.0,0.0,0.0,70.0,17.0,5,7,7.0
93,202505020111,56.0,53.0,38.0,318.0,5.0,3.0,3.0,24.0,1.0,0.0,0.0,1.0,10.0,7.0,8.0,38.0,0.0,1.0,1.0,2.0,0.0,0.0,0.0,0.0,3.0,3.0,2.0,19.0,0.0,0.0,0.0,2.0,0.0,0.0,0.0,0.0,0.0,0.0,60.0,5.0,0.0,0.0,20.0,1.0,0.0,0.0,30.0,7.0,4,5,8.0
94,202505020111,0.0,0.0,0.0,3.0,14.0,14.0,22.0,229.0,0.0,0.0,0.0,2.0,0.0,0.0,0.0,0.0,2.0,1.0,1.0,26.0,0.0,0.0,0.0,0.0,0.0,0.0,0.0,0.0,0.0,0.0,0.0,9.0,0.0,0.0,0.0,0.0,0.0,0.0,80.0,5.0,0.0,0.0,50.0,8.0,0.0,0.0,30.0,1.0,8,12,11.0
95,202505020111,34.0,20.0,13.0,123.0,5.0,4.0,6.0,41.0,0.0,0.0,0.0,0.0,4.0,3.0,2.0,21.0,3.0,1.0,2.0,7.0,0.0,0.0,0.0,0.0,2.0,2.0,0.0,9.0,0.0,0.0,0.0,0.0,0.0,0.0,0.0,0.0,0.0,0.0,20.0,2.0,0.0,0.0,50.0,4.0,0.0,0.0,50.0,14.0,5,6,10.0
96,202505020111,1.0,4.0,1.0,18.0,1.0,3.0,2.0,30.0,0.0,0.0,0.0,0.0,0.0,0.0,0.0,0.0,0.0,0.0,0.0,0.0,0.0,0.0,0.0,0.0,0.0,0.0,0.0,0.0,0.0,0.0,0.0,0.0,0.0,0.0,0.0,0.0,0.0,0.0,60.0,2.0,0.0,0.0,110.0,14.0,0.0,0.0,30.0,4.0,2,2,9.0
97,202505020111,34.0,20.0,13.0,123.0,1.0,3.0,2.0,30.0,1.0,0.0,0.0,2.0,4.0,3.0,2.0,21.0,0.0,0.0,0.0,0.0,0.0,0.0,0.0,0.0,2.0,2.0,0.0,9.0,0.0,0.0,0.0,0.0,0.0,0.0,0.0,0.0,0.0,0.0,30.0,3.0,0.0,0.0,120.0,3.0,0.0,0.0,30.0,1.0,3,3,12.0
98,202505020111,56.0,53.0,38.0,318.0,1.0,7.0,3.0,28.0,0.0,0.0,0.0,2.0,10.0,7.0,8.0,38.0,0.0,0.0,0.0,2.0,0.0,0.0,0.0,0.0,3.0,3.0,2.0,19.0,0.0,0.0,0.0,1.0,0.0,0.0,0.0,0.0,0.0,0.0,70.0,4.0,0.0,0.0,120.0,9.0,0.0,0.0,100.0,4.0,8,13,13.0
99,202505020111,73.0,70.0,64.0,412.0,14.0,14.0,12.0,181.0,5.0,1.0,3.0,15.0,6.0,5.0,6.0,41.0,0.0,0.0,2.0,7.0,0.0,0.0,0.0,1.0,2.0,2.0,1.0,12.0,0.0,0.0,0.0,1.0,0.0,0.0,0.0,0.0,0.0,0.0,70.0,2.0,0.0,0.0,40.0,14.0,0.0,0.0,20.0,3.0,6,8,6.0
100,202505020111,3.0,4.0,4.0,33.0,81.0,82.0,57.0,590.0,0.0,0.0,0.0,1.0,0.0,0.0,0.0,2.0,16.0,8.0,6.0,81.0,0.0,0.0,0.0,0.0,0.0,0.0,0.0,0.0,2.0,2.0,1.0,27.0,0.0,0.0,0.0,0.0,0.0,0.0,40.0,4.0,0.0,0.0,10.0,1.0,0.0,0.0,20.0,1.0,1,1,5.0
101,202505020204,1.0,4.0,1.0,18.0,81.0,82.0,57.0,590.0,1.0,0.0,0.0,1.0,0.0,0.0,0.0,0.0,16.0,8.0,6.0,81.0,0.0,0.0,0.0,0.0,0.0,0.0,0.0,0.0,3.0,1.0,1.0,13.0,0.0,0.0,0.0,0.0,0.0,0.0,40.0,3.0,0.0,0.0,40.0,5.0,,,,,8,11,1.0
102,202505020204,0.0,1.0,2.0,23.0,2.0,1.0,1.0,18.0,0.0,0.0,0.0,1.0,0.0,0.0,0.0,0.0,0.0,0.0,0.0,1.0,0.0,0.0,0.0,0.0,0.0,0.0,0.0,0.0,0.0,0.0,0.0,1.0,0.0,0.0,0.0,0.0,0.0,0.0,10.0,4.0,0.0,0.0,10.0,2.0,0.0,0.0,70.0,4.0,7,9,4.0
103,202505020204,1.0,3.0,1.0,25.0,0.0,0.0,0.0,1.0,0.0,0.0,0.0,0.0,1.0,2.0,1.0,4.0,0.0,0.0,0.0,0.0,0.0,0.0,0.0,0.0,1.0,0.0,0.0,3.0,0.0,0.0,0.0,0.0,0.0,0.0,0.0,0.0,0.0,0.0,60.0,4.0,0.0,0.0,170.0,2.0,0.0,0.0,130.0,10.0,2,2,6.0
104,202505020204,25.0,28.0,29.0,272.0,18.0,19.0,17.0,115.0,0.0,0.0,0.0,0.0,7.0,5.0,6.0,38.0,2.0,4.0,2.0,23.0,0.0,0.0,0.0,0.0,3.0,4.0,3.0,8.0,1.0,1.0,1.0,9.0,0.0,0.0,0.0,0.0,0.0,0.0,110.0,5.0,0.0,0.0,80.0,5.0,,,,,7,8,5.0
105,202505020204,3.0,8.0,5.0,45.0,0.0,0.0,0.0,25.0,0.0,0.0,0.0,0.0,0.0,0.0,0.0,3.0,0.0,0.0,0.0,0.0,0.0,0.0,0.0,0.0,0.0,0.0,0.0,1.0,0.0,0.0,0.0,0.0,0.0,0.0,0.0,0.0,0.0,0.0,70.0,5.0,0.0,0.0,100.0,5.0,0.0,0.0,70.0,9.0,4,4,7.0
106,202505020204,10.0,7.0,6.0,37.0,14.0,14.0,22.0,229.0,0.0,0.0,0.0,1.0,1.0,1.0,0.0,6.0,2.0,1.0,1.0,26.0,0.0,0.0,0.0,0.0,0.0,0.0,0.0,1.0,0.0,1.0,0.0,7.0,0.0,0.0,0.0,0.0,0.0,0.0,10.0,3.0,0.0,0.0,10.0,5.0,0.0,0.0,20.0,3.0,8,10,2.0
107,202505020204,56.0,53.0,38.0,318.0,3.0,4.0,4.0,26.0,2.0,1.0,0.0,0.0,10.0,7.0,8.0,38.0,0.0,1.0,0.0,1.0,0.0,1.0,0.0,0.0,1.0,0.0,2.0,8.0,0.0,0.0,0.0,1.0,0.0,0.0,0.0,0.0,0.0,0.0,70.0,8.0,0.0,0.0,30.0,10.0,0.0,0.0,10.0,4.0,5,5,3.0
108,202505020204,2.0,1.0,1.0,23.0,0.0,0.0,0.0,3.0,0.0,0.0,0.0,3.0,2.0,1.0,0.0,5.0,0.0,0.0,0.0,0.0,0.0,0.0,0.0,0.0,1.0,1.0,0.0,2.0,0.0,0.0,0.0,0.0,0.0,0.0,0.0,0.0,0.0,0.0,110.0,8.0,0.0,0.0,170.0,15.0,0.0,0.0,160.0,14.0,1,1,9.0
109,202505020204,19.0,22.0,39.0,360.0,9.0,13.0,6.0,108.0,5.0,3.0,3.0,34.0,4.0,6.0,8.0,81.0,2.0,3.0,1.0,20.0,1.0,1.0,0.0,6.0,1.0,5.0,1.0,30.0,0.0,1.0,0.0,1.0,0.0,1.0,0.0,1.0,0.0,0.0,90.0,15.0,0.0,0.0,100.0,13.0,0.0,0.0,30.0,5.0,6,7,8.0
110,202505020204,0.0,0.0,0.0,0.0,2.0,2.0,1.0,21.0,0.0,0.0,0.0,0.0,0.0,0.0,0.0,0.0,0.0,0.0,0.0,1.0,0.0,0.0,0.0,0.0,0.0,0.0,0.0,0.0,0.0,0.0,0.0,0.0,0.0,0.0,0.0,0.0,0.0,0.0,70.0,11.0,0.0,0.0,110.0,4.0,0.0,0.0,130.0,9.0,6,6,10.0
111,202505020204,34.0,20.0,13.0,123.0,10.0,8.0,8.0,80.0,4.0,1.0,0.0,2.0,4.0,3.0,2.0,21.0,3.0,1.0,2.0,6.0,1.0,1.0,0.0,1.0,0.0,0.0,1.0,5.0,0.0,0.0,0.0,0.0,0.0,0.0,0.0,0.0,0.0,0.0,110.0,11.0,0.0,0.0,120.0,13.0,0.0,0.0,80.0,18.0,3,3,11.0
112,202505020308,14.0,4.0,4.0,59.0,23.0,30.0,20.0,248.0,1.0,0.0,1.0,4.0,1.0,0.0,0.0,7.0,5.0,2.0,2.0,25.0,1.0,0.0,0.0,1.0,0.0,0.0,0.0,0.0,1.0,0.0,0.0,1.0,0.0,0.0,0.0,0.0,0.0,0.0,30.0,2.0,0.0,0.0,50.0,7.0,0.0,0.0,40.0,2.0,2,2,1.0
113,202505020308,26.0,25.0,16.0,230.0,2.0,0.0,1.0,32.0,1.0,0.0,0.0,3.0,2.0,1.0,3.0,21.0,1.0,0.0,0.0,6.0,1.0,0.0,0.0,1.0,0.0,0.0,0.0,2.0,0.0,0.0,0.0,0.0,0.0,0.0,0.0,0.0,0.0,0.0,20.0,11.0,0.0,0.0,10.0,2.0,0.0,0.0,20.0,4.0,6,6,2.0
114,202505020308,3.0,5.0,4.0,46.0,23.0,30.0,20.0,248.0,1.0,0.0,0.0,1.0,1.0,2.0,0.0,5.0,5.0,2.0,2.0,25.0,0.0,0.0,0.0,0.0,0.0,0.0,0.0,2.0,1.0,0.0,0.0,1.0,0.0,0.0,0.0,0.0,0.0,0.0,120.0,2.0,0.0,0.0,140.0,9.0,0.0,0.0,110.0,11.0,5,5,4.0
115,202505020308,13.0,13.0,7.0,96.0,23.0,12.0,14.0,216.0,0.0,0.0,0.0,2.0,3.0,0.0,1.0,4.0,2.0,3.0,1.0,20.0,0.0,0.0,0.0,0.0,1.0,0.0,0.0,0.0,0.0,1.0,0.0,1.0,0.0,0.0,0.0,0.0,0.0,0.0,10.0,3.0,0.0,0.0,10.0,1.0,0.0,0.0,20.0,3.0,7,7,3.0
116,202505020308,65.0,89.0,77.0,534.0,2.0,1.0,2.0,15.0,0.0,0.0,1.0,2.0,13.0,12.0,10.0,108.0,1.0,1.0,1.0,5.0,0.0,0.0,1.0,2.0,1.0,1.0,1.0,22.0,1.0,0.0,0.0,0.0,0.0,0.0,0.0,0.0,0.0,0.0,50.0,8.0,0.0,0.0,100.0,6.0,0.0,0.0,90.0,9.0,3,3,7.0
117,202505020308,65.0,89.0,77.0,534.0,1.0,4.0,6.0,23.0,0.0,0.0,4.0,4.0,13.0,12.0,10.0,108.0,0.0,2.0,2.0,4.0,0.0,0.0,1.0,1.0,1.0,1.0,1.0,22.0,0.0,1.0,0.0,3.0,0.0,0.0,0.0,1.0,0.0,0.0,70.0,10.0,0.0,0.0,60.0,5.0,0.0,0.0,70.0,4.0,4,4,6.0
118,202505020308,56.0,53.0,38.0,318.0,0.0,2.0,0.0,10.0,0.0,1.0,0.0,5.0,10.0,7.0,8.0,38.0,0.0,0.0,0.0,1.0,0.0,0.0,0.0,0.0,2.0,1.0,3.0,4.0,0.0,0.0,0.0,0.0,0.0,0.0,0.0,0.0,0.0,0.0,50.0,8.0,0.0,0.0,50.0,9.0,0.0,0.0,30.0,1.0,1,1,5.0
119,202505020504,0.0,0.0,0.0,1.0,9.0,14.0,9.0,67.0,0.0,0.0,0.0,0.0,0.0,0.0,0.0,0.0,0.0,1.0,1.0,5.0,0.0,0.0,0.0,0.0,0.0,0.0,0.0,0.0,0.0,0.0,1.0,2.0,0.0,0.0,0.0,0.0,0.0,0.0,20.0,3.0,,,,,,,,,7,7,1.0
120,202505020504,0.0,0.0,1.0,2.0,1.0,0.0,2.0,1.0,0.0,0.0,0.0,0.0,0.0,0.0,0.0,0.0,0.0,0.0,0.0,0.0,0.0,0.0,0.0,0.0,0.0,0.0,0.0,0.0,0.0,0.0,0.0,0.0,0.0,0.0,0.0,0.0,0.0,0.0,30.0,5.0,0.0,0.0,10.0,5.0,0.0,0.0,10.0,2.0,1,1,2.0
121,202505020504,2.0,7.0,3.0,40.0,0.0,0.0,0.0,2.0,0.0,0.0,0.0,0.0,1.0,0.0,2.0,4.0,0.0,0.0,0.0,0.0,0.0,0.0,0.0,0.0,1.0,0.0,2.0,1.0,0.0,0.0,0.0,0.0,0.0,0.0,0.0,0.0,0.0,0.0,140.0,10.0,0.0,0.0,130.0,12.0,0.0,0.0,20.0,6.0,4,4,4.0
122,202505020504,0.0,0.0,0.0,5.0,9.0,14.0,9.0,67.0,0.0,0.0,0.0,0.0,0.0,0.0,0.0,0.0,0.0,1.0,1.0,5.0,0.0,0.0,0.0,0.0,0.0,0.0,0.0,0.0,0.0,0.0,1.0,2.0,0.0,0.0,0.0,0.0,0.0,0.0,150.0,10.0,0.0,0.0,110.0,12.0,0.0,0.0,60.0,10.0,5,5,7.0
123,202505020504,2.0,1.0,0.0,12.0,0.0,1.0,0.0,1.0,0.0,0.0,0.0,0.0,0.0,0.0,0.0,0.0,0.0,0.0,0.0,0.0,0.0,0.0,0.0,0.0,0.0,0.0,0.0,0.0,0.0,0.0,0.0,0.0,0.0,0.0,0.0,0.0,0.0,0.0,90.0,11.0,0.0,0.0,40.0,9.0,0.0,0.0,50.0,3.0,3,3,5.0
124,202505020504,8.0,4.0,5.0,47.0,8.0,13.0,10.0,90.0,0.0,1.0,1.0,4.0,0.0,1.0,0.0,2.0,0.0,3.0,1.0,13.0,0.0,1.0,0.0,0.0,0.0,1.0,0.0,2.0,0.0,1.0,0.0,4.0,0.0,1.0,0.0,0.0,0.0,0.0,40.0,7.0,0.0,0.0,20.0,7.0,,,,,6,6,3.0
125,202505020504,8.0,4.0,5.0,47.0,9.0,14.0,9.0,67.0,0.0,2.0,1.0,5.0,0.0,1.0,0.0,2.0,0.0,1.0,1.0,5.0,0.0,0.0,0.0,0.0,0.0,1.0,0.0,2.0,0.0,0.0,1.0,2.0,0.0,0.0,0.0,0.0,0.0,0.0,120.0,10.0,0.0,0.0,150.0,12.0,0.0,0.0,60.0,10.0,2,2,8.0
126,202505020504,0.0,0.0,1.0,4.0,0.0,0.0,0.0,2.0,0.0,0.0,0.0,0.0,0.0,0.0,0.0,0.0,0.0,0.0,0.0,0.0,0.0,0.0,0.0,0.0,0.0,0.0,0.0,0.0,0.0,0.0,0.0,0.0,0.0,0.0,0.0,0.0,0.0,0.0,110.0,7.0,0.0,0.0,110.0,14.0,0.0,0.0,80.0,10.0,8,8,6.0
127,202505020610,20.0,27.0,28.0,253.0,1.0,2.0,4.0,15.0,1.0,2.0,3.0,7.0,0.0,3.0,3.0,19.0,0.0,0.0,0.0,4.0,0.0,0.0,0.0,1.0,0.0,2.0,0.0,8.0,0.0,0.0,0.0,0.0,0.0,0.0,0.0,0.0,0.0,0.0,130.0,5.0,0.0,0.0,150.0,9.0,0.0,0.0,100.0,9.0,5,5,2.0
128,202505020610,19.0,22.0,39.0,360.0,2.0,0.0,1.0,11.0,1.0,0.0,0.0,10.0,4.0,6.0,8.0,81.0,1.0,0.0,0.0,4.0,1.0,0.0,0.0,4.0,1.0,0.0,1.0,11.0,0.0,0.0,0.0,0.0,0.0,0.0,0.0,0.0,0.0,0.0,90.0,1.0,0.0,0.0,140.0,7.0,0.0,0.0,90.0,7.0,6,6,5.0
129,202505020610,56.0,53.0,38.0,318.0,0.0,0.0,1.0,4.0,0.0,0.0,1.0,0.0,10.0,7.0,8.0,38.0,0.0,0.0,0.0,0.0,0.0,0.0,0.0,0.0,3.0,3.0,2.0,19.0,0.0,0.0,0.0,0.0,0.0,0.0,0.0,0.0,0.0,0.0,80.0,3.0,0.0,0.0,140.0,14.0,0.0,0.0,110.0,10.0,8,10,7.0
130,202505020610,9.0,5.0,6.0,92.0,19.0,20.0,16.0,233.0,0.0,0.0,1.0,5.0,1.0,0.0,1.0,4.0,1.0,1.0,1.0,34.0,0.0,0.0,0.0,0.0,1.0,0.0,0.0,1.0,0.0,0.0,0.0,7.0,0.0,0.0,0.0,0.0,0.0,0.0,80.0,8.0,0.0,0.0,30.0,1.0,0.0,0.0,160.0,2.0,3,3,9.0
131,202505020610,20.0,27.0,28.0,253.0,2.0,1.0,2.0,6.0,2.0,1.0,2.0,6.0,0.0,3.0,3.0,19.0,0.0,0.0,0.0,1.0,0.0,0.0,0.0,1.0,0.0,2.0,0.0,8.0,0.0,0.0,0.0,0.0,0.0,0.0,0.0,0.0,0.0,0.0,10.0,8.0,0.0,0.0,30.0,2.0,0.0,0.0,140.0,15.0,2,2,3.0
132,202505020610,3.0,3.0,4.0,76.0,19.0,20.0,16.0,233.0,1.0,0.0,1.0,3.0,0.0,0.0,0.0,9.0,1.0,1.0,1.0,34.0,0.0,0.0,0.0,1.0,0.0,0.0,0.0,1.0,0.0,0.0,0.0,7.0,0.0,0.0,0.0,1.0,0.0,0.0,110.0,11.0,0.0,0.0,60.0,14.0,0.0,0.0,100.0,5.0,4,4,8.0
133,202505020610,2.0,2.0,8.0,57.0,0.0,2.0,3.0,10.0,0.0,1.0,3.0,7.0,0.0,1.0,1.0,2.0,0.0,1.0,1.0,0.0,0.0,1.0,1.0,0.0,0.0,0.0,0.0,0.0,0.0,0.0,0.0,0.0,0.0,0.0,0.0,0.0,0.0,0.0,80.0,2.0,0.0,0.0,70.0,3.0,0.0,0.0,90.0,4.0,8,9,1.0
134,202505020610,2.0,1.0,1.0,23.0,5.0,4.0,6.0,41.0,2.0,0.0,0.0,8.0,2.0,1.0,0.0,5.0,3.0,1.0,2.0,7.0,2.0,0.0,0.0,4.0,0.0,0.0,0.0,0.0,0.0,0.0,0.0,0.0,0.0,0.0,0.0,0.0,0.0,0.0,70.0,6.0,0.0,0.0,150.0,15.0,0.0,0.0,120.0,7.0,1,1,10.0
135,202505020610,10.0,13.0,16.0,169.0,3.0,2.0,4.0,66.0,0.0,0.0,0.0,3.0,1.0,0.0,2.0,10.0,0.0,0.0,0.0,4.0,0.0,0.0,0.0,0.0,1.0,0.0,0.0,8.0,0.0,0.0,0.0,1.0,0.0,0.0,0.0,0.0,0.0,0.0,90.0,6.0,0.0,0.0,140.0,15.0,0.0,0.0,90.0,10.0,7,8,6.0
136,202505020610,49.0,48.0,49.0,434.0,32.0,44.0,23.0,365.0,9.0,11.0,0.0,45.0,10.0,16.0,9.0,68.0,2.0,7.0,2.0,30.0,2.0,5.0,0.0,11.0,2.0,0.0,1.0,15.0,0.0,0.0,0.0,3.0,0.0,0.0,0.0,1.0,0.0,0.0,10.0,1.0,0.0,0.0,50.0,6.0,0.0,0.0,30.0,2.0,7,7,4.0
137,202505020706,56.0,53.0,38.0,318.0,5.0,3.0,3.0,24.0,1.0,0.0,0.0,1.0,10.0,7.0,8.0,38.0,0.0,1.0,1.0,2.0,0.0,0.0,0.0,0.0,3.0,3.0,0.0,7.0,0.0,0.0,1.0,0.0,0.0,0.0,0.0,0.0,0.0,0.0,80.0,6.0,0.0,0.0,60.0,5.0,0.0,0.0,20.0,1.0,6,6,3.0
138,202505020706,20.0,27.0,28.0,253.0,0.0,0.0,0.0,26.0,0.0,0.0,0.0,0.0,0.0,3.0,3.0,19.0,0.0,0.0,0.0,0.0,0.0,0.0,0.0,0.0,0.0,1.0,1.0,3.0,0.0,0.0,0.0,0.0,0.0,0.0,0.0,0.0,0.0,0.0,40.0,2.0,0.0,0.0,10.0,1.0,0.0,0.0,20.0,2.0,3,3,2.0
139,202505020706,14.0,4.0,4.0,59.0,3.0,1.0,1.0,15.0,0.0,0.0,0.0,0.0,1.0,0.0,0.0,7.0,0.0,0.0,0.0,2.0,0.0,0.0,0.0,0.0,1.0,0.0,0.0,1.0,0.0,0.0,0.0,0.0,0.0,0.0,0.0,0.0,0.0,0.0,40.0,5.0,0.0,0.0,70.0,5.0,0.0,0.0,50.0,6.0,1,1,6.0
140,202505020706,5.0,5.0,7.0,78.0,37.0,57.0,38.0,309.0,0.0,1.0,0.0,1.0,0.0,0.0,0.0,11.0,4.0,12.0,8.0,35.0,0.0,0.0,0.0,0.0,0.0,0.0,0.0,4.0,1.0,2.0,1.0,5.0,0.0,0.0,0.0,0.0,0.0,0.0,40.0,1.0,0.0,0.0,100.0,6.0,0.0,0.0,120.0,5.0,4,4,8.0
141,202505020706,9.0,12.0,10.0,62.0,107.0,85.0,85.0,633.0,4.0,1.0,0.0,8.0,1.0,1.0,0.0,6.0,17.0,7.0,7.0,72.0,0.0,0.0,0.0,2.0,0.0,0.0,0.0,0.0,8.0,0.0,1.0,13.0,0.0,0.0,0.0,0.0,0.0,0.0,50.0,4.0,0.0,0.0,40.0,1.0,,,,,5,5,5.0
142,202505020706,0.0,1.0,2.0,23.0,1.0,8.0,0.0,29.0,0.0,0.0,0.0,0.0,0.0,0.0,0.0,0.0,0.0,1.0,0.0,2.0,0.0,0.0,0.0,0.0,0.0,0.0,0.0,0.0,0.0,0.0,0.0,0.0,0.0,0.0,0.0,0.0,0.0,0.0,40.0,6.0,0.0,0.0,10.0,1.0,0.0,0.0,30.0,5.0,7,7,4.0
143,202505020706,1.0,4.0,1.0,18.0,81.0,82.0,57.0,590.0,1.0,0.0,0.0,1.0,0.0,0.0,0.0,0.0,16.0,8.0,6.0,81.0,0.0,0.0,0.0,0.0,0.0,0.0,0.0,0.0,3.0,3.0,2.0,17.0,0.0,0.0,0.0,0.0,0.0,0.0,10.0,2.0,0.0,0.0,10.0,2.0,0.0,0.0,10.0,1.0,8,8,1.0
144,202505020706,3.0,8.0,5.0,45.0,25.0,22.0,23.0,208.0,1.0,1.0,0.0,5.0,0.0,0.0,0.0,3.0,0.0,0.0,1.0,8.0,0.0,0.0,0.0,0.0,0.0,0.0,0.0,1.0,0.0,0.0,0.0,1.0,0.0,0.0,0.0,0.0,0.0,0.0,70.0,1.0,0.0,0.0,80.0,6.0,0.0,0.0,80.0,11.0,2,2,7.0
145,202505020711,3.0,1.0,0.0,6.0,4.0,5.0,2.0,23.0,1.0,0.0,0.0,0.0,0.0,0.0,0.0,1.0,0.0,0.0,0.0,1.0,0.0,0.0,0.0,0.0,0.0,0.0,0.0,0.0,0.0,0.0,0.0,0.0,0.0,0.0,0.0,0.0,0.0,0.0,60.0,2.0,0.0,0.0,10.0,12.0,0.0,0.0,20.0,1.0,6,7,1.0
146,202505020711,7.0,5.0,7.0,39.0,0.0,0.0,0.0,6.0,0.0,0.0,0.0,0.0,1.0,2.0,1.0,4.0,0.0,0.0,0.0,1.0,0.0,0.0,0.0,0.0,0.0,0.0,0.0,0.0,0.0,0.0,0.0,0.0,0.0,0.0,0.0,0.0,0.0,0.0,40.0,10.0,0.0,0.0,20.0,3.0,0.0,0.0,20.0,2.0,5,6,4.0
147,202505020711,0.0,0.0,0.0,15.0,2.0,0.0,1.0,9.0,0.0,0.0,0.0,1.0,0.0,0.0,0.0,2.0,0.0,0.0,0.0,1.0,0.0,0.0,0.0,0.0,0.0,0.0,0.0,0.0,0.0,0.0,0.0,0.0,0.0,0.0,0.0,0.0,0.0,0.0,60.0,2.0,0.0,0.0,80.0,7.0,0.0,0.0,50.0,4.0,2,2,3.0
148,202505020711,0.0,0.0,0.0,1.0,0.0,1.0,0.0,14.0,0.0,0.0,0.0,0.0,0.0,0.0,0.0,0.0,0.0,0.0,0.0,1.0,0.0,0.0,0.0,0.0,0.0,0.0,0.0,0.0,0.0,0.0,0.0,0.0,0.0,0.0,0.0,0.0,0.0,0.0,160.0,13.0,0.0,0.0,120.0,12.0,0.0,0.0,120.0,11.0,4,4,12.0
149,202505020711,7.0,9.0,6.0,29.0,3.0,7.0,4.0,37.0,0.0,0.0,0.0,1.0,0.0,0.0,0.0,2.0,1.0,0.0,1.0,2.0,0.0,0.0,0.0,0.0,0.0,0.0,0.0,0.0,0.0,0.0,1.0,1.0,0.0,0.0,0.0,0.0,0.0,0.0,110.0,9.0,0.0,0.0,120.0,8.0,0.0,0.0,140.0,15.0,8,11,10.0
150,202505020711,2.0,7.0,3.0,40.0,0.0,0.0,0.0,1.0,0.0,0.0,0.0,0.0,1.0,0.0,2.0,4.0,0.0,0.0,0.0,0.0,0.0,0.0,0.0,0.0,0.0,0.0,0.0,1.0,0.0,0.0,0.0,0.0,0.0,0.0,0.0,0.0,0.0,0.0,70.0,7.0,0.0,0.0,90.0,5.0,0.0,0.0,50.0,3.0,6,8,5.0
151,202505020711,0.0,0.0,0.0,4.0,0.0,0.0,2.0,7.0,0.0,0.0,0.0,0.0,0.0,0.0,0.0,0.0,0.0,0.0,0.0,2.0,0.0,0.0,0.0,0.0,0.0,0.0,0.0,0.0,0.0,0.0,0.0,0.0,0.0,0.0,0.0,0.0,0.0,0.0,30.0,5.0,0.0,0.0,50.0,5.0,0.0,0.0,60.0,3.0,7,10,2.0
152,202505020711,0.0,0.0,0.0,3.0,0.0,0.0,0.0,4.0,0.0,0.0,0.0,0.0,0.0,0.0,0.0,0.0,0.0,0.0,0.0,0.0,0.0,0.0,0.0,0.0,0.0,0.0,0.0,0.0,0.0,0.0,0.0,0.0,0.0,0.0,0.0,0.0,0.0,0.0,120.0,10.0,0.0,0.0,100.0,10.0,0.0,0.0,100.0,11.0,3,3,11.0
153,202505020711,0.0,0.0,0.0,4.0,0.0,0.0,0.0,4.0,0.0,0.0,0.0,0.0,0.0,0.0,0.0,1.0,0.0,0.0,0.0,0.0,0.0,0.0,0.0,0.0,0.0,0.0,0.0,0.0,0.0,0.0,0.0,0.0,0.0,0.0,0.0,0.0,0.0,0.0,70.0,9.0,0.0,0.0,100.0,12.0,0.0,0.0,20.0,3.0,7,9,7.0
154,202505020711,0.0,0.0,0.0,3.0,0.0,1.0,4.0,24.0,0.0,0.0,0.0,0.0,0.0,0.0,0.0,0.0,0.0,0.0,0.0,1.0,0.0,0.0,0.0,0.0,0.0,0.0,0.0,0.0,0.0,0.0,0.0,0.0,0.0,0.0,0.0,0.0,0.0,0.0,110.0,12.0,0.0,0.0,30.0,8.0,0.0,0.0,30.0,1.0,5,5,8.0
155,202505020711,0.0,0.0,0.0,1.0,3.0,2.0,3.0,24.0,0.0,0.0,0.0,0.0,0.0,0.0,0.0,0.0,0.0,0.0,0.0,5.0,0.0,0.0,0.0,0.0,0.0,0.0,0.0,0.0,0.0,0.0,0.0,1.0,0.0,0.0,0.0,0.0,0.0,0.0,60.0,11.0,0.0,0.0,120.0,11.0,0.0,0.0,20.0,1.0,8,12,6.0
156,202505020711,13.0,13.0,7.0,61.0,2.0,0.0,1.0,9.0,1.0,0.0,0.0,1.0,0.0,0.0,0.0,1.0,0.0,0.0,0.0,1.0,0.0,0.0,0.0,0.0,0.0,0.0,0.0,0.0,0.0,0.0,0.0,0.0,0.0,0.0,0.0,0.0,0.0,0.0,80.0,7.0,0.0,0.0,90.0,9.0,0.0,0.0,90.0,14.0,1,1,9.0
157,202505020805,0.0,0.0,1.0,2.0,0.0,0.0,0.0,1.0,0.0,0.0,0.0,0.0,0.0,0.0,0.0,0.0,0.0,0.0,0.0,0.0,0.0,0.0,0.0,0.0,0.0,0.0,0.0,0.0,0.0,0.0,0.0,0.0,0.0,0.0,0.0,0.0,0.0,0.0,20.0,3.0,0.0,0.0,30.0,4.0,,,,,1,1,3.0
158,202505020805,2.0,0.0,1.0,1.0,3.0,2.0,3.0,24.0,0.0,0.0,0.0,0.0,0.0,0.0,0.0,0.0,0.0,0.0,0.0,5.0,0.0,0.0,0.0,0.0,0.0,0.0,0.0,0.0,0.0,0.0,0.0,2.0,0.0,0.0,0.0,0.0,0.0,0.0,100.0,11.0,0.0,0.0,100.0,7.0,0.0,0.0,80.0,8.0,8,13,11.0
159,202505020805,0.0,0.0,0.0,5.0,0.0,0.0,1.0,2.0,0.0,0.0,0.0,1.0,0.0,0.0,0.0,0.0,0.0,0.0,0.0,0.0,0.0,0.0,0.0,0.0,0.0,0.0,0.0,0.0,0.0,0.0,0.0,0.0,0.0,0.0,0.0,0.0,0.0,0.0,40.0,2.0,0.0,0.0,10.0,4.0,0.0,0.0,10.0,2.0,6,9,1.0
160,202505020805,0.0,0.0,1.0,4.0,0.0,3.0,6.0,26.0,0.0,0.0,0.0,0.0,0.0,0.0,0.0,0.0,0.0,0.0,0.0,1.0,0.0,0.0,0.0,0.0,0.0,0.0,0.0,0.0,0.0,0.0,0.0,1.0,0.0,0.0,0.0,0.0,0.0,0.0,20.0,2.0,0.0,0.0,40.0,4.0,,,,,3,3,2.0
161,202505020805,0.0,0.0,0.0,0.0,0.0,0.0,0.0,0.0,0.0,0.0,0.0,0.0,0.0,0.0,0.0,0.0,0.0,0.0,0.0,0.0,0.0,0.0,0.0,0.0,0.0,0.0,0.0,0.0,0.0,0.0,0.0,0.0,0.0,0.0,0.0,0.0,0.0,0.0,50.0,7.0,0.0,0.0,50.0,6.0,0.0,0.0,50.0,5.0,4,5,9.0
162,202505020805,1.0,2.0,4.0,35.0,2.0,0.0,1.0,9.0,0.0,0.0,0.0,0.0,0.0,0.0,0.0,4.0,0.0,0.0,0.0,1.0,0.0,0.0,0.0,0.0,0.0,0.0,0.0,2.0,0.0,0.0,0.0,1.0,0.0,0.0,0.0,0.0,0.0,0.0,50.0,4.0,0.0,0.0,110.0,5.0,0.0,0.0,80.0,5.0,4,4,5.0
163,202505020805,0.0,0.0,0.0,5.0,9.0,14.0,9.0,67.0,0.0,0.0,0.0,0.0,0.0,0.0,0.0,0.0,0.0,1.0,1.0,5.0,0.0,0.0,0.0,0.0,0.0,0.0,0.0,0.0,0.0,0.0,1.0,2.0,0.0,0.0,0.0,0.0,0.0,0.0,70.0,4.0,0.0,0.0,150.0,10.0,0.0,0.0,110.0,12.0,2,2,8.0
164,202505020805,0.0,0.0,1.0,4.0,0.0,1.0,0.0,14.0,0.0,0.0,0.0,0.0,0.0,0.0,0.0,0.0,0.0,0.0,0.0,1.0,0.0,0.0,0.0,0.0,0.0,0.0,0.0,0.0,0.0,0.0,0.0,1.0,0.0,0.0,0.0,0.0,0.0,0.0,70.0,4.0,0.0,0.0,50.0,7.0,,,,,7,10,6.0
165,202505020805,3.0,1.0,0.0,6.0,9.0,14.0,9.0,67.0,2.0,0.0,0.0,1.0,0.0,0.0,0.0,1.0,0.0,1.0,1.0,5.0,0.0,0.0,0.0,0.0,0.0,0.0,0.0,1.0,0.0,0.0,1.0,2.0,0.0,0.0,0.0,0.0,0.0,0.0,50.0,3.0,0.0,0.0,130.0,4.0,0.0,0.0,100.0,12.0,7,11,7.0
166,202505020805,8.0,5.0,7.0,48.0,8.0,13.0,10.0,90.0,0.0,1.0,1.0,7.0,2.0,1.0,0.0,10.0,0.0,3.0,1.0,13.0,0.0,0.0,0.0,2.0,0.0,0.0,0.0,1.0,0.0,1.0,0.0,4.0,0.0,0.0,0.0,0.0,0.0,0.0,30.0,2.0,,,,,,,,,6,8,4.0
167,202505020805,0.0,0.0,0.0,4.0,0.0,0.0,0.0,1.0,0.0,0.0,0.0,0.0,0.0,0.0,0.0,0.0,0.0,0.0,0.0,0.0,0.0,0.0,0.0,0.0,0.0,0.0,0.0,0.0,0.0,0.0,0.0,0.0,0.0,0.0,0.0,0.0,0.0,0.0,90.0,4.0,0.0,0.0,60.0,6.0,0.0,0.0,70.0,5.0,8,12,10.0
168,202505020805,4.0,1.0,3.0,45.0,0.0,0.0,0.0,2.0,0.0,0.0,0.0,0.0,1.0,0.0,1.0,12.0,0.0,0.0,0.0,0.0,0.0,0.0,0.0,0.0,1.0,0.0,1.0,7.0,0.0,0.0,0.0,0.0,0.0,0.0,0.0,0.0,0.0,0.0,130.0,12.0,0.0,0.0,80.0,10.0,0.0,0.0,100.0,16.0,5,6,13.0
169,202505020805,2.0,9.0,5.0,52.0,0.0,1.0,0.0,14.0,0.0,0.0,0.0,1.0,0.0,1.0,2.0,13.0,0.0,0.0,0.0,1.0,0.0,0.0,0.0,1.0,0.0,0.0,0.0,5.0,0.0,0.0,0.0,1.0,0.0,0.0,0.0,1.0,0.0,0.0,50.0,11.0,0.0,0.0,40.0,11.0,0.0,0.0,30.0,6.0,5,7,12.0
170,202505021007,7.0,5.0,7.0,39.0,0.0,0.0,2.0,6.0,0.0,0.0,0.0,0.0,1.0,2.0,1.0,4.0,0.0,0.0,2.0,1.0,0.0,0.0,0.0,0.0,0.0,0.0,0.0,2.0,0.0,0.0,0.0,0.0,0.0,0.0,0.0,0.0,0.0,0.0,60.0,3.0,0.0,0.0,50.0,7.0,0.0,0.0,40.0,4.0,4,4,4.0
171,202505021007,7.0,5.0,7.0,39.0,1.0,1.0,0.0,6.0,0.0,0.0,0.0,0.0,1.0,2.0,1.0,4.0,0.0,0.0,0.0,0.0,0.0,0.0,0.0,0.0,0.0,0.0,0.0,2.0,0.0,0.0,0.0,0.0,0.0,0.0,0.0,0.0,0.0,0.0,10.0,4.0,0.0,0.0,10.0,5.0,0.0,0.0,40.0,3.0,8,8,1.0
172,202505021007,0.0,0.0,0.0,1.0,0.0,0.0,0.0,5.0,0.0,0.0,0.0,0.0,0.0,0.0,0.0,0.0,0.0,0.0,0.0,1.0,0.0,0.0,0.0,0.0,0.0,0.0,0.0,0.0,0.0,0.0,0.0,0.0,0.0,0.0,0.0,0.0,0.0,0.0,20.0,4.0,0.0,0.0,20.0,4.0,0.0,0.0,30.0,2.0,3,3,2.0
173,202505021007,2.0,7.0,3.0,40.0,1.0,1.0,0.0,6.0,0.0,0.0,0.0,0.0,1.0,0.0,2.0,4.0,0.0,0.0,0.0,0.0,0.0,0.0,0.0,0.0,0.0,0.0,0.0,0.0,0.0,0.0,0.0,0.0,0.0,0.0,0.0,0.0,0.0,0.0,20.0,3.0,0.0,0.0,40.0,2.0,0.0,0.0,10.0,9.0,2,2,3.0
174,202505021007,0.0,2.0,1.0,7.0,0.0,0.0,1.0,0.0,0.0,0.0,0.0,0.0,0.0,0.0,0.0,0.0,0.0,0.0,1.0,0.0,0.0,0.0,0.0,0.0,0.0,0.0,0.0,0.0,0.0,0.0,0.0,0.0,0.0,0.0,0.0,0.0,0.0,0.0,50.0,10.0,0.0,0.0,60.0,10.0,0.0,0.0,60.0,5.0,6,6,5.0
175,202505021007,0.0,2.0,1.0,7.0,7.0,2.0,2.0,42.0,0.0,0.0,0.0,0.0,0.0,0.0,0.0,0.0,2.0,0.0,0.0,8.0,0.0,0.0,0.0,0.0,0.0,0.0,0.0,0.0,0.0,0.0,0.0,3.0,0.0,0.0,0.0,0.0,0.0,0.0,130.0,17.0,0.0,0.0,60.0,9.0,0.0,0.0,60.0,8.0,7,7,6.0
176,202505021007,1.0,0.0,1.0,6.0,0.0,0.0,0.0,1.0,0.0,0.0,0.0,0.0,0.0,0.0,0.0,0.0,0.0,0.0,0.0,0.0,0.0,0.0,0.0,0.0,0.0,0.0,0.0,0.0,0.0,0.0,0.0,0.0,0.0,0.0,0.0,0.0,0.0,0.0,70.0,7.0,0.0,0.0,90.0,12.0,0.0,0.0,60.0,7.0,1,1,7.0
177,202505021007,8.0,5.0,7.0,48.0,7.0,2.0,2.0,42.0,1.0,0.0,0.0,4.0,2.0,1.0,0.0,10.0,2.0,0.0,0.0,8.0,1.0,0.0,0.0,0.0,0.0,0.0,0.0,0.0,0.0,0.0,0.0,3.0,0.0,0.0,0.0,0.0,0.0,0.0,110.0,10.0,0.0,0.0,100.0,9.0,0.0,0.0,60.0,8.0,5,5,8.0
178,202505021011,8.0,6.0,12.0,149.0,10.0,7.0,14.0,162.0,0.0,0.0,2.0,10.0,0.0,0.0,1.0,22.0,1.0,0.0,0.0,9.0,0.0,0.0,0.0,2.0,0.0,0.0,0.0,2.0,1.0,0.0,0.0,3.0,0.0,0.0,0.0,1.0,0.0,0.0,70.0,1.0,0.0,0.0,30.0,4.0,0.0,0.0,10.0,6.0,7,15,4.0
179,202505021011,41.0,45.0,29.0,381.0,25.0,22.0,23.0,208.0,2.0,2.0,2.0,11.0,12.0,10.0,3.0,68.0,0.0,0.0,1.0,8.0,0.0,0.0,1.0,0.0,1.0,0.0,1.0,13.0,0.0,0.0,1.0,2.0,0.0,0.0,1.0,0.0,0.0,0.0,20.0,2.0,0.0,0.0,20.0,2.0,0.0,0.0,60.0,2.0,1,1,2.0
180,202505021011,0.0,0.0,1.0,7.0,0.0,0.0,0.0,16.0,0.0,0.0,0.0,1.0,0.0,0.0,0.0,0.0,0.0,0.0,0.0,1.0,0.0,0.0,0.0,0.0,0.0,0.0,0.0,0.0,0.0,0.0,0.0,1.0,0.0,0.0,0.0,0.0,0.0,0.0,20.0,1.0,0.0,0.0,120.0,5.0,0.0,0.0,20.0,1.0,7,13,10.0
181,202505021011,44.0,51.0,43.0,279.0,0.0,2.0,1.0,4.0,0.0,0.0,0.0,0.0,2.0,10.0,8.0,48.0,0.0,0.0,0.0,0.0,0.0,0.0,0.0,0.0,0.0,2.0,3.0,22.0,0.0,0.0,0.0,0.0,0.0,0.0,0.0,0.0,0.0,0.0,10.0,2.0,0.0,0.0,10.0,1.0,0.0,0.0,60.0,3.0,2,3,7.0
182,202505021011,34.0,20.0,13.0,123.0,5.0,2.0,7.0,36.0,0.0,0.0,0.0,0.0,4.0,3.0,2.0,21.0,0.0,0.0,1.0,3.0,0.0,0.0,0.0,0.0,2.0,2.0,0.0,9.0,0.0,0.0,1.0,0.0,0.0,0.0,0.0,0.0,0.0,0.0,40.0,3.0,0.0,0.0,30.0,2.0,0.0,0.0,10.0,2.0,3,5,3.0
183,202505021011,0.0,1.0,0.0,36.0,18.0,19.0,17.0,115.0,0.0,0.0,0.0,0.0,0.0,0.0,0.0,1.0,2.0,4.0,2.0,23.0,0.0,0.0,0.0,0.0,0.0,0.0,0.0,1.0,0.0,0.0,0.0,6.0,0.0,0.0,0.0,0.0,0.0,0.0,50.0,1.0,0.0,0.0,50.0,2.0,0.0,0.0,80.0,5.0,6,11,18.0
184,202505021011,44.0,51.0,43.0,279.0,2.0,5.0,2.0,12.0,1.0,0.0,0.0,0.0,2.0,10.0,8.0,48.0,1.0,3.0,0.0,2.0,0.0,0.0,0.0,0.0,0.0,2.0,3.0,22.0,1.0,0.0,0.0,0.0,0.0,0.0,0.0,0.0,0.0,0.0,80.0,9.0,0.0,0.0,30.0,1.0,0.0,0.0,10.0,1.0,6,12,6.0
185,202505021011,56.0,53.0,38.0,318.0,107.0,85.0,85.0,633.0,3.0,1.0,3.0,9.0,10.0,7.0,8.0,38.0,17.0,7.0,7.0,72.0,0.0,0.0,0.0,0.0,3.0,3.0,2.0,19.0,1.0,0.0,2.0,17.0,0.0,0.0,0.0,0.0,0.0,0.0,60.0,3.0,0.0,0.0,50.0,2.0,0.0,0.0,20.0,1.0,8,17,14.0
186,202505021011,5.0,0.0,1.0,8.0,39.0,36.0,29.0,314.0,1.0,0.0,0.0,2.0,0.0,0.0,0.0,0.0,6.0,5.0,3.0,27.0,0.0,0.0,0.0,0.0,0.0,0.0,0.0,0.0,2.0,2.0,1.0,9.0,0.0,0.0,0.0,0.0,0.0,0.0,30.0,1.0,0.0,0.0,30.0,1.0,0.0,0.0,10.0,1.0,5,9,1.0
187,202505021011,73.0,70.0,64.0,412.0,11.0,9.0,10.0,77.0,0.0,0.0,0.0,0.0,6.0,5.0,6.0,41.0,4.0,3.0,1.0,9.0,0.0,0.0,0.0,0.0,2.0,2.0,1.0,12.0,0.0,1.0,1.0,4.0,0.0,0.0,0.0,0.0,0.0,0.0,10.0,5.0,0.0,0.0,20.0,1.0,0.0,0.0,10.0,1.0,8,18,5.0
188,202505021011,21.0,16.0,17.0,86.0,0.0,0.0,0.0,4.0,0.0,0.0,0.0,0.0,1.0,2.0,0.0,8.0,0.0,0.0,0.0,0.0,0.0,0.0,0.0,0.0,0.0,0.0,0.0,1.0,0.0,0.0,0.0,0.0,0.0,0.0,0.0,0.0,0.0,0.0,180.0,3.0,0.0,0.0,60.0,1.0,0.0,0.0,70.0,4.0,5,10,9.0
189,202505021011,44.0,51.0,43.0,279.0,37.0,57.0,38.0,309.0,7.0,3.0,0.0,10.0,2.0,10.0,8.0,48.0,4.0,12.0,8.0,35.0,0.0,0.0,0.0,2.0,0.0,2.0,3.0,22.0,2.0,2.0,2.0,9.0,0.0,0.0,0.0,1.0,0.0,0.0,20.0,3.0,0.0,0.0,10.0,12.0,0.0,0.0,10.0,1.0,2,4,15.0
190,202505021011,5.0,5.0,7.0,78.0,81.0,82.0,57.0,590.0,1.0,0.0,1.0,14.0,0.0,0.0,0.0,11.0,16.0,8.0,6.0,81.0,0.0,0.0,0.0,2.0,0.0,0.0,0.0,3.0,2.0,2.0,1.0,27.0,0.0,0.0,0.0,1.0,0.0,0.0,50.0,11.0,0.0,0.0,10.0,3.0,0.0,0.0,30.0,1.0,3,6,12.0
191,202505021011,53.0,31.0,40.0,288.0,107.0,85.0,85.0,633.0,16.0,8.0,13.0,63.0,4.0,0.0,1.0,20.0,17.0,7.0,7.0,72.0,2.0,0.0,0.0,3.0,0.0,0.0,0.0,6.0,1.0,0.0,2.0,17.0,0.0,0.0,0.0,0.0,0.0,0.0,60.0,7.0,0.0,0.0,160.0,8.0,0.0,0.0,70.0,2.0,1,2,17.0
192,202505021011,3.0,8.0,5.0,45.0,36.0,38.0,43.0,401.0,0.0,0.0,0.0,4.0,0.0,0.0,0.0,3.0,3.0,2.0,5.0,41.0,0.0,0.0,0.0,0.0,0.0,0.0,0.0,1.0,1.0,0.0,0.0,11.0,0.0,0.0,0.0,0.0,0.0,0.0,50.0,2.0,0.0,0.0,70.0,6.0,0.0,0.0,70.0,3.0,4,8,16.0
193,202505021011,44.0,51.0,43.0,279.0,0.0,2.0,2.0,10.0,0.0,0.0,0.0,1.0,2.0,10.0,8.0,48.0,0.0,0.0,0.0,0.0,0.0,0.0,0.0,0.0,0.0,2.0,3.0,22.0,0.0,0.0,0.0,0.0,0.0,0.0,0.0,0.0,0.0,0.0,50.0,1.0,0.0,0.0,60.0,6.0,0.0,0.0,100.0,1.0,4,7,8.0
194,202505021011,5.0,5.0,7.0,78.0,0.0,2.0,2.0,4.0,0.0,0.0,0.0,1.0,0.0,0.0,0.0,11.0,0.0,0.0,2.0,2.0,0.0,0.0,0.0,0.0,0.0,0.0,0.0,3.0,0.0,0.0,0.0,2.0,0.0,0.0,0.0,0.0,0.0,0.0,30.0,1.0,0.0,0.0,20.0,1.0,0.0,0.0,40.0,7.0,7,14,11.0
195,202505021011,44.0,51.0,43.0,279.0,3.0,4.0,5.0,26.0,0.0,0.0,0.0,0.0,2.0,10.0,8.0,48.0,0.0,0.0,0.0,4.0,0.0,0.0,0.0,0.0,0.0,2.0,3.0,22.0,0.0,0.0,0.0,0.0,0.0,0.0,0.0,0.0,0.0,0.0,30.0,16.0,0.0,0.0,40.0,3.0,0.0,0.0,70.0,1.0,8,16,13.0
196,202505021102,1.0,0.0,2.0,5.0,2.0,3.0,6.0,37.0,0.0,0.0,0.0,1.0,0.0,0.0,0.0,1.0,0.0,0.0,2.0,2.0,0.0,0.0,0.0,0.0,0.0,0.0,0.0,1.0,0.0,0.0,2.0,0.0,0.0,0.0,0.0,0.0,0.0,0.0,20.0,6.0,0.0,0.0,10.0,3.0,0.0,0.0,10.0,5.0,2,4,4.0
197,202505021102,0.0,0.0,0.0,0.0,0.0,3.0,6.0,26.0,0.0,0.0,0.0,0.0,0.0,0.0,0.0,0.0,0.0,0.0,0.0,1.0,0.0,0.0,0.0,0.0,0.0,0.0,0.0,0.0,0.0,0.0,0.0,1.0,0.0,0.0,0.0,0.0,0.0,0.0,30.0,4.0,0.0,0.0,60.0,3.0,0.0,0.0,50.0,4.0,8,16,2.0
198,202505021102,2.0,0.0,1.0,1.0,0.0,0.0,0.0,2.0,0.0,0.0,0.0,0.0,0.0,0.0,0.0,0.0,0.0,0.0,0.0,0.0,0.0,0.0,0.0,0.0,0.0,0.0,0.0,0.0,0.0,0.0,0.0,0.0,0.0,0.0,0.0,0.0,0.0,0.0,70.0,6.0,0.0,0.0,50.0,11.0,0.0,0.0,60.0,6.0,6,12,7.0
199,202505021102,0.0,0.0,0.0,1.0,0.0,0.0,0.0,1.0,0.0,0.0,0.0,0.0,0.0,0.0,0.0,0.0,0.0,0.0,0.0,1.0,0.0,0.0,0.0,0.0,0.0,0.0,0.0,0.0,0.0,0.0,0.0,1.0,0.0,0.0,0.0,0.0,0.0,0.0,80.0,7.0,0.0,0.0,40.0,7.0,0.0,0.0,,,1,2,9.0
200,202505021102,1.0,1.0,2.0,12.0,0.0,1.0,0.0,3.0,0.0,0.0,0.0,0.0,1.0,0.0,2.0,3.0,0.0,0.0,0.0,0.0,0.0,0.0,0.0,0.0,0.0,0.0,0.0,0.0,0.0,0.0,0.0,0.0,0.0,0.0,0.0,0.0,0.0,0.0,40.0,4.0,0.0,0.0,40.0,2.0,0.0,0.0,60.0,4.0,4,8,6.0
201,202505021102,1.0,0.0,1.0,11.0,4.0,5.0,1.0,20.0,0.0,0.0,0.0,0.0,0.0,0.0,0.0,1.0,1.0,0.0,0.0,0.0,0.0,0.0,0.0,0.0,0.0,0.0,0.0,1.0,0.0,0.0,0.0,0.0,0.0,0.0,0.0,0.0,0.0,0.0,150.0,6.0,0.0,0.0,110.0,12.0,0.0,0.0,90.0,16.0,5,10,15.0
202,202505021102,3.0,2.0,0.0,26.0,0.0,0.0,0.0,0.0,0.0,0.0,0.0,0.0,1.0,0.0,0.0,1.0,0.0,0.0,0.0,0.0,0.0,0.0,0.0,0.0,0.0,0.0,0.0,0.0,0.0,0.0,0.0,0.0,0.0,0.0,0.0,0.0,0.0,0.0,100.0,11.0,0.0,0.0,130.0,10.0,,,,,5,9,13.0
203,202505021102,2.0,1.0,0.0,12.0,0.0,1.0,0.0,1.0,0.0,0.0,0.0,0.0,0.0,0.0,0.0,0.0,0.0,0.0,0.0,0.0,0.0,0.0,0.0,0.0,0.0,0.0,0.0,0.0,0.0,0.0,0.0,0.0,0.0,0.0,0.0,0.0,0.0,0.0,50.0,5.0,0.0,0.0,90.0,11.0,0.0,0.0,40.0,9.0,2,3,5.0
204,202505021102,0.0,0.0,1.0,8.0,1.0,2.0,1.0,1.0,0.0,0.0,1.0,0.0,0.0,0.0,0.0,0.0,0.0,0.0,0.0,0.0,0.0,0.0,0.0,0.0,0.0,0.0,0.0,0.0,0.0,0.0,0.0,0.0,0.0,0.0,0.0,0.0,0.0,0.0,30.0,9.0,0.0,0.0,70.0,3.0,,,,,3,6,3.0
205,202505021102,3.0,1.0,1.0,15.0,0.0,1.0,1.0,3.0,0.0,0.0,0.0,0.0,0.0,0.0,0.0,0.0,0.0,0.0,0.0,0.0,0.0,0.0,0.0,0.0,0.0,0.0,0.0,0.0,0.0,0.0,0.0,0.0,0.0,0.0,0.0,0.0,0.0,0.0,30.0,3.0,0.0,0.0,50.0,4.0,0.0,0.0,60.0,8.0,4,7,1.0
206,202505021102,0.0,0.0,0.0,2.0,0.0,0.0,0.0,0.0,0.0,0.0,0.0,0.0,0.0,0.0,0.0,0.0,0.0,0.0,0.0,0.0,0.0,0.0,0.0,0.0,0.0,0.0,0.0,0.0,0.0,0.0,0.0,0.0,0.0,0.0,0.0,0.0,0.0,0.0,110.0,12.0,0.0,0.0,150.0,14.0,0.0,0.0,150.0,13.0,1,1,16.0
207,202505021102,0.0,0.0,1.0,4.0,3.0,0.0,2.0,4.0,0.0,0.0,0.0,0.0,0.0,0.0,0.0,0.0,0.0,0.0,0.0,2.0,0.0,0.0,0.0,0.0,0.0,0.0,0.0,0.0,0.0,0.0,0.0,1.0,0.0,0.0,0.0,0.0,0.0,0.0,110.0,12.0,0.0,0.0,130.0,13.0,0.0,0.0,110.0,12.0,6,11,11.0
208,202505021102,3.0,1.0,0.0,6.0,0.0,0.0,0.0,3.0,0.0,0.0,0.0,1.0,0.0,0.0,0.0,1.0,0.0,0.0,0.0,2.0,0.0,0.0,0.0,1.0,0.0,0.0,0.0,1.0,0.0,0.0,0.0,2.0,0.0,0.0,0.0,1.0,0.0,0.0,140.0,13.0,0.0,0.0,150.0,11.0,0.0,0.0,140.0,13.0,7,14,14.0
209,202505021102,2.0,7.0,3.0,40.0,0.0,0.0,0.0,1.0,0.0,0.0,0.0,0.0,1.0,0.0,2.0,4.0,0.0,0.0,0.0,0.0,0.0,0.0,0.0,0.0,1.0,0.0,2.0,1.0,0.0,0.0,0.0,0.0,0.0,0.0,0.0,0.0,0.0,0.0,80.0,14.0,0.0,0.0,50.0,14.0,0.0,0.0,30.0,7.0,7,13,8.0
210,202505021102,8.0,4.0,5.0,47.0,0.0,0.0,0.0,0.0,0.0,0.0,0.0,0.0,0.0,1.0,0.0,2.0,0.0,0.0,0.0,0.0,0.0,0.0,0.0,0.0,0.0,1.0,0.0,2.0,0.0,0.0,0.0,0.0,0.0,0.0,0.0,0.0,0.0,0.0,90.0,7.0,0.0,0.0,140.0,11.0,0.0,0.0,120.0,10.0,3,5,10.0
211,202505021102,2.0,2.0,1.0,13.0,5.0,3.0,3.0,17.0,0.0,0.0,0.0,0.0,0.0,0.0,0.0,1.0,3.0,0.0,1.0,2.0,0.0,0.0,0.0,0.0,0.0,0.0,0.0,1.0,1.0,0.0,0.0,0.0,0.0,0.0,0.0,0.0,0.0,0.0,120.0,9.0,0.0,0.0,120.0,11.0,,,,,8,15,12.0
212,202505021208,0.0,0.0,0.0,0.0,0.0,0.0,0.0,2.0,0.0,0.0,0.0,0.0,0.0,0.0,0.0,0.0,0.0,0.0,0.0,1.0,0.0,0.0,0.0,0.0,0.0,0.0,0.0,0.0,0.0,0.0,0.0,0.0,0.0,0.0,0.0,0.0,0.0,0.0,20.0,1.0,0.0,0.0,40.0,3.0,0.0,0.0,10.0,1.0,8,16,1.0
213,202505021208,2.0,9.0,5.0,52.0,3.0,2.0,3.0,24.0,0.0,1.0,0.0,0.0,0.0,1.0,2.0,13.0,0.0,0.0,0.0,5.0,0.0,0.0,0.0,0.0,0.0,0.0,0.0,1.0,0.0,0.0,0.0,0.0,0.0,0.0,0.0,0.0,0.0,0.0,20.0,4.0,0.0,0.0,10.0,2.0,0.0,0.0,30.0,1.0,3,5,2.0
214,202505021208,2.0,7.0,3.0,40.0,0.0,0.0,0.0,2.0,0.0,0.0,0.0,0.0,1.0,0.0,2.0,4.0,0.0,0.0,0.0,0.0,0.0,0.0,0.0,0.0,0.0,0.0,0.0,0.0,0.0,0.0,0.0,0.0,0.0,0.0,0.0,0.0,0.0,0.0,20.0,5.0,0.0,0.0,30.0,4.0,0.0,0.0,10.0,1.0,1,1,9.0
215,202505021208,0.0,0.0,0.0,1.0,7.0,2.0,2.0,42.0,0.0,0.0,0.0,0.0,0.0,0.0,0.0,0.0,2.0,0.0,0.0,8.0,0.0,0.0,0.0,0.0,0.0,0.0,0.0,0.0,0.0,0.0,0.0,0.0,0.0,0.0,0.0,0.0,0.0,0.0,10.0,1.0,0.0,0.0,50.0,1.0,0.0,0.0,50.0,4.0,8,15,7.0
216,202505021208,3.0,1.0,3.0,17.0,2.0,0.0,1.0,9.0,0.0,0.0,0.0,0.0,1.0,0.0,1.0,1.0,0.0,0.0,0.0,1.0,0.0,0.0,0.0,0.0,1.0,0.0,0.0,0.0,0.0,0.0,0.0,0.0,0.0,0.0,0.0,0.0,0.0,0.0,40.0,3.0,0.0,0.0,30.0,2.0,0.0,0.0,40.0,3.0,6,11,6.0
217,202505021208,0.0,0.0,0.0,1.0,2.0,0.0,1.0,9.0,0.0,0.0,0.0,0.0,0.0,0.0,0.0,0.0,0.0,0.0,0.0,1.0,0.0,0.0,0.0,0.0,0.0,0.0,0.0,0.0,0.0,0.0,0.0,0.0,0.0,0.0,0.0,0.0,0.0,0.0,20.0,2.0,0.0,0.0,70.0,4.0,0.0,0.0,40.0,4.0,3,6,4.0
218,202505021208,1.0,2.0,3.0,22.0,0.0,0.0,1.0,8.0,0.0,0.0,0.0,0.0,0.0,0.0,1.0,3.0,0.0,0.0,0.0,0.0,0.0,0.0,0.0,0.0,0.0,0.0,1.0,0.0,0.0,0.0,0.0,0.0,0.0,0.0,0.0,0.0,0.0,0.0,20.0,2.0,0.0,0.0,20.0,11.0,0.0,0.0,10.0,2.0,7,14,5.0
219,202505021208,0.0,0.0,0.0,3.0,8.0,13.0,10.0,90.0,0.0,0.0,0.0,0.0,0.0,0.0,0.0,0.0,0.0,3.0,1.0,13.0,0.0,0.0,0.0,0.0,0.0,0.0,0.0,0.0,0.0,0.0,0.0,4.0,0.0,0.0,0.0,0.0,0.0,0.0,30.0,4.0,0.0,0.0,10.0,1.0,0.0,0.0,20.0,3.0,6,12,8.0
220,202505021208,2.0,7.0,3.0,40.0,2.0,3.0,6.0,37.0,0.0,0.0,2.0,3.0,1.0,0.0,2.0,4.0,0.0,0.0,2.0,2.0,0.0,0.0,2.0,0.0,0.0,0.0,0.0,0.0,0.0,0.0,0.0,0.0,0.0,0.0,0.0,0.0,0.0,0.0,20.0,2.0,0.0,0.0,60.0,4.0,0.0,0.0,40.0,5.0,5,10,10.0
221,202505021208,4.0,1.0,3.0,45.0,2.0,0.0,0.0,14.0,0.0,0.0,0.0,1.0,1.0,0.0,1.0,12.0,0.0,0.0,0.0,0.0,0.0,0.0,0.0,0.0,0.0,0.0,0.0,2.0,0.0,0.0,0.0,0.0,0.0,0.0,0.0,0.0,0.0,0.0,40.0,1.0,0.0,0.0,10.0,9.0,0.0,0.0,30.0,3.0,1,2,11.0
222,202505021208,15.0,6.0,5.0,55.0,0.0,0.0,0.0,3.0,0.0,0.0,0.0,0.0,3.0,1.0,0.0,16.0,0.0,0.0,0.0,1.0,0.0,0.0,0.0,0.0,0.0,1.0,0.0,7.0,0.0,0.0,0.0,0.0,0.0,0.0,0.0,0.0,0.0,0.0,70.0,5.0,0.0,0.0,50.0,8.0,0.0,0.0,100.0,6.0,7,13,15.0
223,202505021208,0.0,0.0,0.0,3.0,1.0,1.0,3.0,23.0,0.0,0.0,0.0,2.0,0.0,0.0,0.0,1.0,0.0,0.0,1.0,2.0,0.0,0.0,0.0,0.0,0.0,0.0,0.0,1.0,0.0,0.0,0.0,0.0,0.0,0.0,0.0,0.0,0.0,0.0,120.0,12.0,0.0,0.0,50.0,6.0,0.0,0.0,60.0,3.0,5,9,12.0
224,202505021208,0.0,2.0,1.0,22.0,2.0,3.0,6.0,37.0,0.0,0.0,0.0,0.0,0.0,0.0,0.0,2.0,0.0,0.0,2.0,2.0,0.0,0.0,0.0,0.0,0.0,0.0,0.0,0.0,0.0,0.0,0.0,0.0,0.0,0.0,0.0,0.0,0.0,0.0,10.0,2.0,0.0,0.0,10.0,2.0,0.0,0.0,10.0,4.0,4,8,3.0
225,202505021208,4.0,1.0,3.0,45.0,3.0,0.0,1.0,8.0,0.0,0.0,0.0,1.0,1.0,0.0,1.0,12.0,0.0,0.0,0.0,0.0,0.0,0.0,0.0,0.0,0.0,0.0,0.0,2.0,0.0,0.0,0.0,0.0,0.0,0.0,0.0,0.0,0.0,0.0,160.0,14.0,0.0,0.0,150.0,14.0,0.0,0.0,100.0,4.0,4,7,16.0
226,202505021208,1.0,2.0,3.0,22.0,0.0,0.0,0.0,0.0,0.0,0.0,0.0,0.0,0.0,0.0,1.0,3.0,0.0,0.0,0.0,0.0,0.0,0.0,0.0,0.0,0.0,0.0,1.0,0.0,0.0,0.0,0.0,0.0,0.0,0.0,0.0,0.0,0.0,0.0,40.0,8.0,0.0,0.0,60.0,5.0,0.0,0.0,20.0,5.0,2,3,13.0
227,202505021208,2.0,4.0,0.0,11.0,2.0,3.0,6.0,37.0,0.0,0.0,0.0,1.0,0.0,0.0,0.0,1.0,0.0,0.0,2.0,2.0,0.0,0.0,0.0,0.0,0.0,0.0,0.0,0.0,0.0,0.0,0.0,0.0,0.0,0.0,0.0,0.0,0.0,0.0,70.0,10.0,0.0,0.0,60.0,5.0,0.0,0.0,80.0,11.0,2,4,14.0
228,202505021211,34.0,20.0,13.0,123.0,5.0,3.0,1.0,28.0,2.0,0.0,0.0,0.0,4.0,3.0,2.0,21.0,0.0,0.0,0.0,2.0,0.0,0.0,0.0,0.0,2.0,2.0,0.0,9.0,0.0,0.0,0.0,0.0,0.0,0.0,0.0,0.0,0.0,0.0,10.0,2.0,0.0,0.0,10.0,1.0,0.0,0.0,10.0,1.0,7,13,1.0
229,202505021211,56.0,53.0,38.0,318.0,107.0,85.0,85.0,633.0,3.0,1.0,3.0,9.0,10.0,7.0,8.0,38.0,17.0,7.0,7.0,72.0,0.0,0.0,0.0,0.0,3.0,3.0,2.0,19.0,1.0,0.0,2.0,17.0,0.0,0.0,0.0,0.0,0.0,0.0,40.0,3.0,0.0,0.0,10.0,1.0,0.0,0.0,40.0,11.0,8,17,3.0
230,202505021211,5.0,1.0,2.0,8.0,4.0,3.0,10.0,24.0,0.0,0.0,0.0,0.0,0.0,0.0,0.0,0.0,0.0,2.0,2.0,4.0,0.0,0.0,0.0,0.0,0.0,0.0,0.0,0.0,0.0,0.0,0.0,1.0,0.0,0.0,0.0,0.0,0.0,0.0,50.0,1.0,0.0,0.0,20.0,4.0,,,,,1,2,6.0
231,202505021211,44.0,51.0,43.0,279.0,0.0,1.0,0.0,1.0,0.0,1.0,0.0,0.0,2.0,10.0,8.0,48.0,0.0,0.0,0.0,0.0,0.0,0.0,0.0,0.0,0.0,2.0,3.0,22.0,0.0,0.0,0.0,0.0,0.0,0.0,0.0,0.0,0.0,0.0,20.0,5.0,0.0,0.0,10.0,1.0,0.0,0.0,30.0,2.0,8,18,5.0
232,202505021211,44.0,51.0,43.0,279.0,0.0,1.0,0.0,19.0,0.0,0.0,0.0,0.0,2.0,10.0,8.0,48.0,0.0,0.0,0.0,3.0,0.0,0.0,0.0,0.0,0.0,2.0,3.0,22.0,0.0,0.0,0.0,2.0,0.0,0.0,0.0,0.0,0.0,0.0,50.0,11.0,0.0,0.0,10.0,1.0,0.0,0.0,10.0,1.0,2,3,8.0
233,202505021211,16.0,11.0,19.0,146.0,23.0,12.0,14.0,216.0,1.0,1.0,1.0,8.0,0.0,0.0,1.0,7.0,2.0,3.0,1.0,20.0,0.0,0.0,0.0,0.0,0.0,0.0,0.0,3.0,0.0,1.0,0.0,5.0,0.0,0.0,0.0,0.0,0.0,0.0,30.0,1.0,0.0,0.0,10.0,4.0,0.0,0.0,10.0,1.0,4,7,2.0
234,202505021211,56.0,53.0,38.0,318.0,2.0,4.0,0.0,13.0,0.0,0.0,0.0,1.0,10.0,7.0,8.0,38.0,0.0,0.0,0.0,4.0,0.0,0.0,0.0,0.0,3.0,3.0,2.0,19.0,0.0,0.0,0.0,3.0,0.0,0.0,0.0,0.0,0.0,0.0,110.0,7.0,0.0,0.0,30.0,2.0,0.0,0.0,20.0,1.0,4,8,11.0
235,202505021211,73.0,70.0,64.0,412.0,1.0,1.0,1.0,7.0,0.0,0.0,0.0,0.0,6.0,5.0,6.0,41.0,0.0,0.0,1.0,0.0,0.0,0.0,0.0,0.0,2.0,2.0,1.0,12.0,0.0,0.0,0.0,0.0,0.0,0.0,0.0,0.0,0.0,0.0,70.0,4.0,0.0,0.0,10.0,1.0,0.0,0.0,60.0,2.0,5,9,7.0
236,202505021211,56.0,53.0,38.0,318.0,23.0,12.0,14.0,216.0,0.0,0.0,1.0,8.0,10.0,7.0,8.0,38.0,2.0,3.0,1.0,20.0,0.0,0.0,1.0,3.0,3.0,3.0,2.0,19.0,0.0,1.0,0.0,5.0,0.0,0.0,0.0,1.0,0.0,0.0,20.0,2.0,0.0,0.0,10.0,3.0,0.0,0.0,10.0,2.0,8,16,14.0
237,202505021211,44.0,51.0,43.0,279.0,11.0,9.0,10.0,77.0,1.0,2.0,2.0,7.0,2.0,10.0,8.0,48.0,4.0,3.0,1.0,9.0,0.0,0.0,0.0,0.0,0.0,2.0,3.0,22.0,0.0,1.0,1.0,4.0,0.0,0.0,0.0,0.0,0.0,0.0,10.0,7.0,0.0,0.0,30.0,1.0,0.0,0.0,10.0,1.0,1,1,10.0
238,202505021211,56.0,53.0,38.0,318.0,5.0,3.0,3.0,24.0,1.0,0.0,0.0,1.0,10.0,7.0,8.0,38.0,0.0,1.0,1.0,2.0,0.0,0.0,0.0,0.0,3.0,3.0,2.0,19.0,0.0,0.0,0.0,2.0,0.0,0.0,0.0,0.0,0.0,0.0,30.0,1.0,0.0,0.0,80.0,6.0,0.0,0.0,60.0,5.0,7,14,16.0
239,202505021211,14.0,4.0,4.0,59.0,23.0,12.0,14.0,216.0,1.0,0.0,0.0,2.0,1.0,0.0,0.0,7.0,2.0,3.0,1.0,20.0,0.0,0.0,0.0,0.0,0.0,0.0,0.0,2.0,0.0,1.0,0.0,5.0,0.0,0.0,0.0,0.0,0.0,0.0,120.0,10.0,0.0,0.0,60.0,2.0,0.0,0.0,20.0,1.0,6,12,15.0
240,202505021211,21.0,16.0,17.0,86.0,18.0,19.0,17.0,115.0,0.0,0.0,0.0,0.0,1.0,2.0,0.0,8.0,2.0,4.0,2.0,23.0,0.0,0.0,0.0,0.0,0.0,0.0,0.0,1.0,0.0,0.0,0.0,6.0,0.0,0.0,0.0,0.0,0.0,0.0,10.0,4.0,0.0,0.0,10.0,1.0,0.0,0.0,30.0,1.0,5,10,12.0
241,202505021211,5.0,1.0,2.0,8.0,0.0,0.0,0.0,5.0,0.0,0.0,0.0,0.0,0.0,0.0,0.0,0.0,0.0,0.0,0.0,0.0,0.0,0.0,0.0,0.0,0.0,0.0,0.0,0.0,0.0,0.0,0.0,0.0,0.0,0.0,0.0,0.0,0.0,0.0,20.0,1.0,0.0,0.0,10.0,1.0,0.0,0.0,30.0,1.0,3,6,4.0
242,202505021211,20.0,27.0,28.0,253.0,3.0,2.0,4.0,66.0,0.0,0.0,0.0,1.0,0.0,3.0,3.0,19.0,0.0,0.0,0.0,4.0,0.0,0.0,0.0,0.0,0.0,2.0,0.0,8.0,0.0,0.0,0.0,1.0,0.0,0.0,0.0,0.0,0.0,0.0,170.0,17.0,0.0,0.0,70.0,2.0,0.0,0.0,30.0,2.0,2,4,18.0
243,202505021211,16.0,16.0,15.0,109.0,0.0,2.0,2.0,14.0,0.0,0.0,0.0,1.0,0.0,0.0,0.0,2.0,0.0,0.0,0.0,1.0,0.0,0.0,0.0,0.0,0.0,0.0,0.0,0.0,0.0,0.0,0.0,0.0,0.0,0.0,0.0,0.0,0.0,0.0,140.0,13.0,0.0,0.0,110.0,1.0,0.0,0.0,10.0,1.0,6,11,17.0
244,202505021211,10.0,7.0,6.0,37.0,2.0,5.0,1.0,34.0,0.0,0.0,0.0,0.0,1.0,1.0,0.0,6.0,0.0,0.0,0.0,4.0,0.0,0.0,0.0,0.0,0.0,0.0,0.0,5.0,0.0,0.0,0.0,4.0,0.0,0.0,0.0,0.0,0.0,0.0,30.0,1.0,0.0,0.0,60.0,8.0,0.0,0.0,10.0,1.0,3,5,9.0
245,202505021211,0.0,0.0,2.0,11.0,19.0,20.0,16.0,233.0,0.0,0.0,0.0,0.0,0.0,0.0,0.0,0.0,1.0,1.0,1.0,34.0,0.0,0.0,0.0,0.0,0.0,0.0,0.0,0.0,0.0,0.0,0.0,7.0,0.0,0.0,0.0,0.0,0.0,0.0,80.0,15.0,0.0,0.0,70.0,1.0,0.0,0.0,170.0,3.0,7,15,13.0
246,202505030109,44.0,51.0,43.0,279.0,1.0,0.0,3.0,7.0,0.0,0.0,1.0,2.0,2.0,10.0,8.0,48.0,0.0,0.0,0.0,1.0,0.0,0.0,0.0,0.0,0.0,3.0,3.0,12.0,0.0,0.0,0.0,0.0,0.0,0.0,0.0,0.0,0.0,0.0,30.0,4.0,0.0,0.0,30.0,1.0,0.0,0.0,20.0,3.0,6,7,1.0
247,202505030109,14.0,4.0,4.0,59.0,6.0,4.0,6.0,30.0,1.0,0.0,0.0,0.0,1.0,0.0,0.0,7.0,0.0,1.0,0.0,5.0,0.0,0.0,0.0,0.0,1.0,0.0,0.0,1.0,0.0,0.0,0.0,1.0,0.0,0.0,0.0,0.0,0.0,0.0,30.0,5.0,0.0,0.0,30.0,4.0,0.0,0.0,30.0,1.0,7,9,2.0
248,202505030109,56.0,53.0,38.0,318.0,11.0,9.0,8.0,34.0,2.0,2.0,1.0,5.0,10.0,7.0,8.0,38.0,0.0,3.0,2.0,2.0,0.0,0.0,0.0,1.0,3.0,3.0,0.0,7.0,0.0,2.0,1.0,0.0,0.0,0.0,0.0,0.0,0.0,0.0,10.0,2.0,0.0,0.0,10.0,4.0,0.0,0.0,10.0,5.0,6,8,3.0
249,202505030109,1.0,3.0,1.0,25.0,5.0,4.0,6.0,41.0,1.0,1.0,1.0,0.0,1.0,2.0,1.0,4.0,3.0,1.0,2.0,7.0,1.0,1.0,1.0,0.0,0.0,2.0,1.0,1.0,1.0,1.0,2.0,0.0,0.0,1.0,1.0,0.0,0.0,0.0,20.0,3.0,0.0,0.0,20.0,4.0,0.0,0.0,20.0,4.0,8,12,6.0
250,202505030109,44.0,51.0,43.0,279.0,1.0,1.0,0.0,8.0,0.0,0.0,0.0,0.0,2.0,10.0,8.0,48.0,0.0,0.0,0.0,2.0,0.0,0.0,0.0,0.0,0.0,3.0,3.0,12.0,0.0,0.0,0.0,1.0,0.0,0.0,0.0,0.0,0.0,0.0,80.0,7.0,0.0,0.0,30.0,3.0,0.0,0.0,30.0,1.0,8,11,4.0
251,202505030109,73.0,70.0,64.0,412.0,25.0,22.0,23.0,208.0,4.0,5.0,6.0,25.0,6.0,5.0,6.0,41.0,0.0,0.0,1.0,8.0,0.0,0.0,0.0,0.0,0.0,1.0,1.0,14.0,0.0,0.0,0.0,1.0,0.0,0.0,0.0,0.0,0.0,0.0,10.0,1.0,0.0,0.0,20.0,3.0,0.0,0.0,20.0,4.0,5,6,5.0
252,202505030109,3.0,3.0,4.0,76.0,0.0,2.0,2.0,19.0,0.0,0.0,0.0,0.0,0.0,0.0,0.0,9.0,0.0,0.0,0.0,2.0,0.0,0.0,0.0,0.0,0.0,0.0,0.0,2.0,0.0,0.0,0.0,0.0,0.0,0.0,0.0,0.0,0.0,0.0,50.0,1.0,0.0,0.0,90.0,7.0,0.0,0.0,70.0,3.0,4,4,8.0
253,202505030109,2.0,2.0,5.0,63.0,6.0,7.0,9.0,89.0,0.0,0.0,0.0,3.0,0.0,0.0,0.0,2.0,1.0,0.0,1.0,11.0,0.0,0.0,0.0,0.0,0.0,0.0,0.0,1.0,1.0,0.0,0.0,0.0,0.0,0.0,0.0,0.0,0.0,0.0,80.0,5.0,0.0,0.0,130.0,12.0,0.0,0.0,130.0,15.0,5,5,9.0
254,202505030109,21.0,16.0,17.0,86.0,0.0,1.0,0.0,2.0,0.0,1.0,0.0,1.0,1.0,2.0,0.0,8.0,0.0,1.0,0.0,0.0,0.0,1.0,0.0,0.0,0.0,1.0,0.0,1.0,0.0,1.0,0.0,0.0,0.0,1.0,0.0,0.0,0.0,0.0,90.0,,0.0,0.0,10.0,11.0,0.0,0.0,30.0,2.0,2,2,7.0
255,202505030109,19.0,22.0,39.0,360.0,14.0,14.0,22.0,229.0,1.0,0.0,0.0,6.0,4.0,6.0,8.0,81.0,2.0,1.0,1.0,26.0,1.0,0.0,0.0,2.0,0.0,0.0,3.0,12.0,0.0,0.0,0.0,8.0,0.0,0.0,0.0,0.0,0.0,0.0,40.0,4.0,0.0,0.0,30.0,6.0,0.0,0.0,50.0,3.0,7,10,10.0
256,202505030109,41.0,33.0,23.0,242.0,36.0,38.0,43.0,401.0,4.0,1.0,3.0,41.0,8.0,4.0,2.0,41.0,3.0,2.0,5.0,41.0,0.0,0.0,1.0,4.0,3.0,0.0,1.0,4.0,0.0,1.0,1.0,6.0,0.0,0.0,1.0,1.0,0.0,0.0,130.0,16.0,0.0,0.0,130.0,13.0,0.0,0.0,100.0,4.0,3,3,11.0
257,202505030109,19.0,22.0,39.0,360.0,2.0,2.0,1.0,21.0,0.0,0.0,0.0,1.0,4.0,6.0,8.0,81.0,0.0,0.0,0.0,1.0,0.0,0.0,0.0,1.0,0.0,0.0,3.0,12.0,0.0,0.0,0.0,1.0,0.0,0.0,0.0,1.0,0.0,0.0,100.0,11.0,0.0,0.0,60.0,7.0,0.0,0.0,150.0,16.0,1,1,12.0
258,202505030302,0.0,0.0,1.0,7.0,10.0,7.0,14.0,162.0,0.0,0.0,0.0,0.0,0.0,0.0,0.0,0.0,1.0,0.0,0.0,9.0,0.0,0.0,0.0,0.0,0.0,0.0,0.0,0.0,0.0,0.0,0.0,4.0,0.0,0.0,0.0,0.0,0.0,0.0,20.0,2.0,0.0,0.0,30.0,4.0,0.0,0.0,60.0,3.0,8,10,2.0
259,202505030302,0.0,1.0,2.0,23.0,2.0,1.0,1.0,18.0,0.0,0.0,0.0,1.0,0.0,0.0,0.0,0.0,0.0,0.0,0.0,1.0,0.0,0.0,0.0,0.0,0.0,0.0,0.0,0.0,0.0,0.0,0.0,1.0,0.0,0.0,0.0,0.0,0.0,0.0,10.0,3.0,0.0,0.0,40.0,2.0,0.0,0.0,10.0,4.0,1,1,1.0
260,202505030302,0.0,0.0,0.0,13.0,0.0,0.0,1.0,10.0,0.0,0.0,0.0,0.0,0.0,0.0,0.0,0.0,0.0,0.0,0.0,0.0,0.0,0.0,0.0,0.0,0.0,0.0,0.0,0.0,0.0,0.0,0.0,0.0,0.0,0.0,0.0,0.0,0.0,0.0,90.0,4.0,0.0,0.0,80.0,7.0,0.0,0.0,40.0,7.0,7,9,6.0
261,202505030302,19.0,22.0,39.0,360.0,0.0,0.0,0.0,15.0,0.0,0.0,0.0,3.0,4.0,6.0,8.0,81.0,0.0,0.0,0.0,0.0,0.0,0.0,0.0,0.0,1.0,5.0,1.0,30.0,0.0,0.0,0.0,0.0,0.0,0.0,0.0,0.0,0.0,0.0,30.0,2.0,0.0,0.0,40.0,3.0,0.0,0.0,60.0,5.0,6,6,4.0
262,202505030302,20.0,14.0,17.0,126.0,0.0,0.0,0.0,4.0,0.0,0.0,0.0,0.0,1.0,2.0,1.0,10.0,0.0,0.0,0.0,1.0,0.0,0.0,0.0,0.0,0.0,0.0,0.0,5.0,0.0,0.0,0.0,1.0,0.0,0.0,0.0,0.0,0.0,0.0,130.0,7.0,0.0,0.0,100.0,11.0,0.0,0.0,130.0,10.0,7,8,10.0
263,202505030302,2.0,1.0,1.0,23.0,0.0,0.0,0.0,3.0,0.0,0.0,0.0,3.0,2.0,1.0,0.0,5.0,0.0,0.0,0.0,0.0,0.0,0.0,0.0,0.0,1.0,1.0,0.0,2.0,0.0,0.0,0.0,0.0,0.0,0.0,0.0,0.0,0.0,0.0,90.0,8.0,0.0,0.0,110.0,8.0,0.0,0.0,170.0,15.0,2,2,9.0
264,202505030302,5.0,1.0,2.0,8.0,21.0,18.0,18.0,214.0,0.0,0.0,0.0,3.0,0.0,0.0,0.0,0.0,2.0,0.0,1.0,15.0,0.0,0.0,0.0,0.0,0.0,0.0,0.0,0.0,0.0,0.0,0.0,7.0,0.0,0.0,0.0,0.0,0.0,0.0,110.0,2.0,0.0,0.0,100.0,11.0,0.0,0.0,100.0,7.0,3,3,3.0
265,202505030302,16.0,16.0,15.0,109.0,6.0,7.0,10.0,41.0,0.0,0.0,2.0,0.0,0.0,0.0,0.0,2.0,2.0,0.0,1.0,6.0,0.0,0.0,0.0,0.0,0.0,0.0,0.0,2.0,0.0,0.0,0.0,1.0,0.0,0.0,0.0,0.0,0.0,0.0,110.0,4.0,0.0,0.0,130.0,16.0,0.0,0.0,70.0,15.0,5,5,7.0
266,202505030302,0.0,1.0,2.0,23.0,0.0,0.0,0.0,15.0,0.0,0.0,0.0,2.0,0.0,0.0,0.0,0.0,0.0,0.0,0.0,0.0,0.0,0.0,0.0,0.0,0.0,0.0,0.0,0.0,0.0,0.0,0.0,0.0,0.0,0.0,0.0,0.0,0.0,0.0,180.0,13.0,0.0,0.0,130.0,12.0,0.0,0.0,90.0,6.0,6,7,11.0
267,202505030302,14.0,4.0,4.0,59.0,1.0,0.0,0.0,1.0,0.0,0.0,0.0,0.0,1.0,0.0,0.0,7.0,0.0,0.0,0.0,0.0,0.0,0.0,0.0,0.0,0.0,0.0,0.0,4.0,0.0,0.0,0.0,0.0,0.0,0.0,0.0,0.0,0.0,0.0,50.0,10.0,0.0,0.0,50.0,7.0,0.0,0.0,20.0,11.0,4,4,5.0
268,202505030302,1.0,1.0,0.0,20.0,3.0,1.0,3.0,8.0,0.0,0.0,0.0,0.0,0.0,0.0,0.0,0.0,0.0,0.0,0.0,2.0,0.0,0.0,0.0,0.0,0.0,0.0,0.0,0.0,0.0,0.0,0.0,1.0,0.0,0.0,0.0,0.0,0.0,0.0,80.0,11.0,0.0,0.0,130.0,13.0,0.0,0.0,90.0,9.0,8,11,8.0
269,202505030410,0.0,0.0,1.0,4.0,4.0,5.0,2.0,23.0,0.0,0.0,0.0,0.0,0.0,0.0,0.0,0.0,0.0,0.0,0.0,1.0,0.0,0.0,0.0,0.0,0.0,0.0,0.0,0.0,0.0,0.0,0.0,0.0,0.0,0.0,0.0,0.0,0.0,0.0,20.0,1.0,0.0,0.0,10.0,1.0,0.0,0.0,30.0,2.0,1,1,2.0
270,202505030410,1.0,0.0,0.0,4.0,0.0,1.0,4.0,24.0,0.0,0.0,0.0,0.0,0.0,0.0,0.0,0.0,0.0,0.0,0.0,1.0,0.0,0.0,0.0,0.0,0.0,0.0,0.0,0.0,0.0,0.0,0.0,0.0,0.0,0.0,0.0,0.0,0.0,0.0,90.0,4.0,0.0,0.0,80.0,8.0,0.0,0.0,30.0,1.0,2,2,4.0
271,202505030410,0.0,0.0,0.0,3.0,0.0,0.0,0.0,5.0,0.0,0.0,0.0,1.0,0.0,0.0,0.0,1.0,0.0,0.0,0.0,1.0,0.0,0.0,0.0,1.0,0.0,0.0,0.0,0.0,0.0,0.0,0.0,0.0,0.0,0.0,0.0,0.0,0.0,0.0,100.0,8.0,0.0,0.0,70.0,6.0,0.0,0.0,150.0,15.0,4,7,9.0
272,202505030410,0.0,0.0,0.0,3.0,0.0,0.0,0.0,4.0,0.0,0.0,0.0,0.0,0.0,0.0,0.0,0.0,0.0,0.0,0.0,0.0,0.0,0.0,0.0,0.0,0.0,0.0,0.0,0.0,0.0,0.0,0.0,0.0,0.0,0.0,0.0,0.0,0.0,0.0,110.0,8.0,0.0,0.0,120.0,10.0,0.0,0.0,100.0,10.0,6,11,10.0
273,202505030410,0.0,0.0,1.0,4.0,1.0,1.0,0.0,7.0,0.0,0.0,0.0,0.0,0.0,0.0,0.0,0.0,0.0,1.0,0.0,0.0,0.0,0.0,0.0,0.0,0.0,0.0,0.0,0.0,0.0,0.0,0.0,0.0,0.0,0.0,0.0,0.0,0.0,0.0,10.0,1.0,0.0,0.0,10.0,5.0,0.0,0.0,10.0,2.0,8,15,3.0
274,202505030410,3.0,2.0,0.0,26.0,9.0,14.0,9.0,67.0,1.0,0.0,0.0,2.0,1.0,0.0,0.0,1.0,0.0,1.0,1.0,5.0,0.0,0.0,0.0,0.0,1.0,0.0,0.0,0.0,0.0,0.0,0.0,0.0,0.0,0.0,0.0,0.0,0.0,0.0,130.0,6.0,0.0,0.0,60.0,7.0,0.0,0.0,70.0,15.0,8,14,13.0
275,202505030410,0.0,0.0,0.0,3.0,8.0,13.0,10.0,90.0,0.0,0.0,0.0,0.0,0.0,0.0,0.0,0.0,0.0,3.0,1.0,13.0,0.0,0.0,0.0,0.0,0.0,0.0,0.0,0.0,0.0,0.0,0.0,0.0,0.0,0.0,0.0,0.0,0.0,0.0,50.0,5.0,0.0,0.0,70.0,6.0,0.0,0.0,20.0,12.0,3,5,5.0
276,202505030410,2.0,9.0,5.0,52.0,9.0,14.0,9.0,67.0,0.0,2.0,0.0,8.0,0.0,1.0,2.0,13.0,0.0,1.0,1.0,5.0,0.0,0.0,0.0,2.0,0.0,0.0,0.0,1.0,0.0,0.0,0.0,0.0,0.0,0.0,0.0,0.0,0.0,0.0,40.0,11.0,0.0,0.0,40.0,5.0,0.0,0.0,50.0,2.0,5,9,8.0
277,202505030410,2.0,7.0,3.0,40.0,9.0,14.0,9.0,67.0,0.0,0.0,0.0,3.0,1.0,0.0,2.0,4.0,0.0,1.0,1.0,5.0,0.0,0.0,0.0,0.0,0.0,0.0,0.0,1.0,0.0,0.0,0.0,0.0,0.0,0.0,0.0,0.0,0.0,0.0,120.0,10.0,0.0,0.0,120.0,9.0,0.0,0.0,100.0,10.0,7,12,15.0
278,202505030410,15.0,6.0,5.0,55.0,9.0,14.0,9.0,67.0,1.0,1.0,0.0,2.0,3.0,1.0,0.0,16.0,0.0,1.0,1.0,5.0,0.0,0.0,0.0,1.0,0.0,0.0,0.0,3.0,0.0,0.0,0.0,0.0,0.0,0.0,0.0,0.0,0.0,0.0,120.0,10.0,0.0,0.0,140.0,13.0,0.0,0.0,10.0,1.0,5,8,12.0
279,202505030410,7.0,9.0,6.0,29.0,3.0,7.0,4.0,37.0,0.0,0.0,0.0,1.0,0.0,0.0,0.0,2.0,1.0,0.0,1.0,2.0,0.0,0.0,0.0,0.0,0.0,0.0,0.0,0.0,0.0,0.0,1.0,1.0,0.0,0.0,0.0,0.0,0.0,0.0,100.0,5.0,0.0,0.0,110.0,9.0,0.0,0.0,120.0,8.0,6,10,14.0
280,202505030410,7.0,5.0,7.0,39.0,0.0,0.0,0.0,6.0,0.0,0.0,0.0,0.0,1.0,2.0,1.0,4.0,0.0,0.0,0.0,1.0,0.0,0.0,0.0,0.0,0.0,0.0,0.0,0.0,0.0,0.0,0.0,0.0,0.0,0.0,0.0,0.0,0.0,0.0,40.0,2.0,0.0,0.0,40.0,10.0,0.0,0.0,20.0,3.0,2,3,1.0
281,202505030410,2.0,7.0,3.0,40.0,0.0,0.0,0.0,0.0,0.0,0.0,0.0,0.0,1.0,0.0,2.0,4.0,0.0,0.0,0.0,0.0,0.0,0.0,0.0,0.0,0.0,0.0,0.0,1.0,0.0,0.0,0.0,0.0,0.0,0.0,0.0,0.0,0.0,0.0,40.0,11.0,0.0,0.0,30.0,7.0,0.0,0.0,50.0,6.0,4,6,7.0
282,202505030410,7.0,5.0,7.0,39.0,0.0,0.0,0.0,0.0,0.0,0.0,0.0,0.0,1.0,2.0,1.0,4.0,0.0,0.0,0.0,0.0,0.0,0.0,0.0,0.0,0.0,0.0,0.0,0.0,0.0,0.0,0.0,0.0,0.0,0.0,0.0,0.0,0.0,0.0,90.0,11.0,0.0,0.0,30.0,1.0,0.0,0.0,40.0,3.0,7,13,6.0
283,202505030410,1.0,0.0,2.0,5.0,0.0,0.0,0.0,3.0,0.0,0.0,0.0,0.0,0.0,0.0,0.0,1.0,0.0,0.0,0.0,0.0,0.0,0.0,0.0,0.0,0.0,0.0,0.0,0.0,0.0,0.0,0.0,0.0,0.0,0.0,0.0,0.0,0.0,0.0,100.0,9.0,0.0,0.0,70.0,16.0,0.0,0.0,50.0,12.0,3,4,11.0
284,202505030509,34.0,20.0,13.0,123.0,5.0,4.0,6.0,41.0,0.0,0.0,0.0,0.0,4.0,3.0,2.0,21.0,3.0,1.0,2.0,7.0,0.0,0.0,0.0,0.0,0.0,1.0,0.0,3.0,0.0,0.0,0.0,5.0,0.0,0.0,0.0,0.0,0.0,0.0,100.0,8.0,0.0,0.0,20.0,2.0,0.0,0.0,50.0,4.0,3,3,2.0
285,202505030509,14.0,4.0,4.0,59.0,18.0,19.0,17.0,115.0,0.0,1.0,0.0,0.0,1.0,0.0,0.0,7.0,2.0,4.0,2.0,23.0,0.0,0.0,0.0,0.0,0.0,0.0,0.0,0.0,0.0,3.0,1.0,2.0,0.0,0.0,0.0,0.0,0.0,0.0,10.0,1.0,0.0,0.0,10.0,1.0,0.0,0.0,10.0,2.0,8,9,1.0
286,202505030509,147.0,130.0,110.0,754.0,1.0,0.0,1.0,14.0,0.0,0.0,0.0,2.0,29.0,24.0,19.0,135.0,0.0,0.0,1.0,2.0,0.0,0.0,0.0,0.0,9.0,2.0,4.0,19.0,0.0,0.0,1.0,0.0,0.0,0.0,0.0,0.0,0.0,0.0,20.0,3.0,0.0,0.0,20.0,5.0,0.0,0.0,30.0,2.0,4,4,4.0
287,202505030509,2.0,0.0,0.0,23.0,18.0,19.0,17.0,115.0,0.0,0.0,0.0,3.0,0.0,0.0,0.0,1.0,2.0,4.0,2.0,23.0,0.0,0.0,0.0,0.0,0.0,0.0,0.0,0.0,0.0,3.0,1.0,2.0,0.0,0.0,0.0,0.0,0.0,0.0,40.0,6.0,0.0,0.0,20.0,2.0,0.0,0.0,70.0,4.0,6,6,3.0
288,202505030509,0.0,2.0,6.0,71.0,0.0,2.0,2.0,9.0,0.0,2.0,2.0,5.0,0.0,1.0,3.0,8.0,0.0,1.0,2.0,4.0,0.0,1.0,2.0,4.0,0.0,1.0,2.0,3.0,0.0,1.0,2.0,3.0,0.0,1.0,2.0,3.0,0.0,0.0,80.0,10.0,0.0,0.0,50.0,4.0,0.0,0.0,60.0,11.0,8,8,7.0
289,202505030509,73.0,70.0,64.0,412.0,17.0,22.0,18.0,232.0,2.0,4.0,2.0,19.0,6.0,5.0,6.0,41.0,2.0,1.0,2.0,15.0,0.0,0.0,1.0,0.0,0.0,0.0,0.0,4.0,0.0,0.0,0.0,2.0,0.0,0.0,0.0,0.0,0.0,0.0,30.0,2.0,0.0,0.0,30.0,4.0,0.0,0.0,60.0,1.0,5,5,5.0
290,202505030509,53.0,31.0,40.0,288.0,17.0,22.0,18.0,232.0,0.0,1.0,0.0,8.0,4.0,0.0,1.0,20.0,2.0,1.0,2.0,15.0,0.0,0.0,0.0,3.0,1.0,0.0,0.0,4.0,0.0,0.0,0.0,2.0,0.0,0.0,0.0,2.0,0.0,0.0,140.0,15.0,0.0,0.0,90.0,5.0,0.0,0.0,120.0,12.0,2,2,8.0
291,202505030509,53.0,31.0,40.0,288.0,9.0,9.0,8.0,157.0,1.0,0.0,1.0,7.0,4.0,0.0,1.0,20.0,2.0,2.0,1.0,12.0,0.0,0.0,0.0,1.0,1.0,0.0,0.0,4.0,1.0,0.0,0.0,3.0,0.0,0.0,0.0,0.0,0.0,0.0,100.0,12.0,0.0,0.0,40.0,1.0,0.0,0.0,40.0,6.0,7,7,6.0
292,202505030509,1.0,2.0,2.0,64.0,32.0,44.0,23.0,365.0,0.0,0.0,0.0,3.0,0.0,0.0,0.0,1.0,2.0,7.0,2.0,30.0,0.0,0.0,0.0,1.0,0.0,0.0,0.0,1.0,1.0,0.0,2.0,5.0,0.0,0.0,0.0,1.0,0.0,0.0,70.0,6.0,0.0,0.0,140.0,14.0,0.0,0.0,50.0,7.0,1,1,9.0
293,202505040309,3.0,3.0,2.0,23.0,107.0,85.0,85.0,633.0,2.0,2.0,1.0,1.0,2.0,2.0,0.0,6.0,17.0,7.0,7.0,72.0,1.0,2.0,0.0,1.0,1.0,1.0,0.0,0.0,3.0,3.0,1.0,14.0,0.0,1.0,0.0,0.0,0.0,0.0,80.0,8.0,0.0,0.0,30.0,4.0,0.0,0.0,10.0,1.0,7,8,2.0
294,202505040309,49.0,48.0,49.0,434.0,107.0,85.0,85.0,633.0,10.0,3.0,8.0,65.0,10.0,16.0,9.0,68.0,17.0,7.0,7.0,72.0,3.0,3.0,1.0,8.0,3.0,5.0,3.0,10.0,3.0,3.0,1.0,14.0,1.0,1.0,0.0,4.0,0.0,0.0,30.0,2.0,0.0,0.0,40.0,2.0,0.0,0.0,80.0,1.0,2,2,3.0
295,202505040309,56.0,53.0,38.0,318.0,5.0,3.0,3.0,24.0,1.0,0.0,0.0,1.0,10.0,7.0,8.0,38.0,0.0,1.0,1.0,2.0,0.0,0.0,0.0,0.0,2.0,1.0,3.0,4.0,0.0,1.0,0.0,0.0,0.0,0.0,0.0,0.0,0.0,0.0,160.0,11.0,0.0,0.0,30.0,1.0,0.0,0.0,80.0,6.0,1,1,1.0
296,202505040309,3.0,5.0,4.0,46.0,23.0,30.0,20.0,248.0,1.0,0.0,0.0,1.0,1.0,2.0,0.0,5.0,5.0,2.0,2.0,25.0,0.0,0.0,0.0,0.0,0.0,0.0,0.0,2.0,1.0,0.0,0.0,1.0,0.0,0.0,0.0,0.0,0.0,0.0,20.0,6.0,0.0,0.0,10.0,2.0,0.0,0.0,40.0,3.0,6,6,6.0
297,202505040309,1.0,3.0,1.0,25.0,5.0,4.0,6.0,41.0,1.0,1.0,1.0,0.0,1.0,2.0,1.0,4.0,3.0,1.0,2.0,7.0,1.0,1.0,1.0,0.0,0.0,0.0,0.0,0.0,0.0,0.0,0.0,5.0,0.0,0.0,0.0,0.0,0.0,0.0,40.0,1.0,0.0,0.0,60.0,4.0,0.0,0.0,20.0,3.0,4,4,4.0
298,202505040309,56.0,53.0,38.0,318.0,16.0,4.0,6.0,45.0,1.0,0.0,0.0,5.0,10.0,7.0,8.0,38.0,1.0,0.0,1.0,11.0,0.0,0.0,0.0,1.0,2.0,1.0,3.0,4.0,1.0,0.0,1.0,2.0,0.0,0.0,0.0,0.0,0.0,0.0,70.0,6.0,0.0,0.0,40.0,1.0,0.0,0.0,60.0,3.0,3,3,7.0
299,202505040309,65.0,89.0,77.0,534.0,81.0,82.0,57.0,590.0,3.0,9.0,4.0,18.0,13.0,12.0,10.0,108.0,16.0,8.0,6.0,81.0,0.0,1.0,0.0,2.0,1.0,1.0,1.0,22.0,5.0,0.0,1.0,7.0,0.0,0.0,0.0,1.0,0.0,0.0,10.0,5.0,0.0,0.0,10.0,1.0,0.0,0.0,20.0,3.0,7,7,9.0
300,202505040309,21.0,16.0,17.0,86.0,9.0,10.0,15.0,171.0,0.0,0.0,0.0,1.0,1.0,2.0,0.0,8.0,0.0,0.0,2.0,9.0,0.0,0.0,0.0,0.0,0.0,1.0,0.0,1.0,0.0,0.0,0.0,2.0,0.0,0.0,0.0,0.0,0.0,0.0,110.0,10.0,0.0,0.0,90.0,1.0,0.0,0.0,80.0,5.0,8,9,8.0
301,202505040309,44.0,51.0,43.0,279.0,0.0,1.0,0.0,2.0,0.0,0.0,0.0,0.0,2.0,10.0,8.0,48.0,0.0,1.0,0.0,0.0,0.0,0.0,0.0,0.0,1.0,0.0,1.0,5.0,0.0,0.0,0.0,0.0,0.0,0.0,0.0,0.0,0.0,0.0,10.0,8.0,0.0,0.0,110.0,13.0,0.0,0.0,20.0,3.0,5,5,5.0
302,202505040309,65.0,89.0,77.0,534.0,1.0,4.0,6.0,23.0,0.0,0.0,4.0,4.0,13.0,12.0,10.0,108.0,0.0,2.0,2.0,4.0,0.0,0.0,1.0,1.0,1.0,1.0,1.0,22.0,0.0,1.0,0.0,3.0,0.0,0.0,0.0,1.0,0.0,0.0,50.0,5.0,0.0,0.0,100.0,9.0,0.0,0.0,60.0,6.0,8,10,10.0
303,202505040408,73.0,70.0,64.0,412.0,1.0,3.0,2.0,30.0,0.0,1.0,0.0,3.0,6.0,5.0,6.0,41.0,0.0,0.0,0.0,0.0,0.0,0.0,0.0,0.0,0.0,1.0,1.0,14.0,0.0,0.0,0.0,0.0,0.0,0.0,0.0,0.0,0.0,0.0,10.0,1.0,0.0,0.0,10.0,3.0,0.0,0.0,10.0,2.0,4,4,1.0
304,202505040408,1.0,3.0,1.0,25.0,107.0,85.0,85.0,633.0,0.0,0.0,0.0,0.0,1.0,2.0,1.0,4.0,17.0,7.0,7.0,72.0,0.0,0.0,0.0,0.0,0.0,2.0,1.0,1.0,8.0,0.0,1.0,13.0,0.0,0.0,0.0,0.0,0.0,0.0,50.0,9.0,0.0,0.0,110.0,9.0,0.0,0.0,60.0,4.0,6,6,4.0
305,202505040408,44.0,51.0,43.0,279.0,11.0,9.0,8.0,34.0,0.0,2.0,2.0,0.0,2.0,10.0,8.0,48.0,0.0,3.0,2.0,2.0,0.0,2.0,2.0,0.0,0.0,3.0,3.0,12.0,0.0,2.0,1.0,0.0,0.0,2.0,1.0,0.0,0.0,0.0,30.0,4.0,0.0,0.0,20.0,3.0,0.0,0.0,40.0,2.0,7,8,3.0
306,202505040408,49.0,48.0,49.0,434.0,107.0,85.0,85.0,633.0,10.0,3.0,8.0,65.0,10.0,16.0,9.0,68.0,17.0,7.0,7.0,72.0,3.0,3.0,1.0,8.0,1.0,4.0,2.0,9.0,8.0,0.0,1.0,13.0,1.0,0.0,0.0,0.0,0.0,0.0,70.0,1.0,0.0,0.0,30.0,10.0,0.0,0.0,20.0,3.0,5,5,5.0
307,202505040408,44.0,51.0,43.0,279.0,2.0,2.0,0.0,7.0,1.0,1.0,0.0,1.0,2.0,10.0,8.0,48.0,1.0,0.0,0.0,2.0,1.0,0.0,0.0,1.0,0.0,3.0,3.0,12.0,0.0,0.0,0.0,2.0,0.0,0.0,0.0,1.0,0.0,0.0,90.0,4.0,0.0,0.0,40.0,1.0,0.0,0.0,30.0,3.0,1,1,7.0
308,202505040408,1.0,4.0,1.0,18.0,1.0,1.0,2.0,15.0,0.0,0.0,0.0,1.0,0.0,0.0,0.0,0.0,0.0,0.0,0.0,2.0,0.0,0.0,0.0,0.0,0.0,0.0,0.0,0.0,0.0,0.0,0.0,0.0,0.0,0.0,0.0,0.0,0.0,0.0,30.0,4.0,0.0,0.0,30.0,1.0,0.0,0.0,20.0,3.0,6,7,6.0
309,202505040408,5.0,5.0,7.0,78.0,14.0,14.0,22.0,229.0,0.0,0.0,0.0,3.0,0.0,0.0,0.0,11.0,2.0,1.0,1.0,26.0,0.0,0.0,0.0,1.0,0.0,0.0,0.0,4.0,0.0,0.0,0.0,8.0,0.0,0.0,0.0,1.0,0.0,0.0,20.0,4.0,0.0,0.0,40.0,6.0,0.0,0.0,40.0,2.0,2,2,11.0
310,202505040408,20.0,14.0,17.0,126.0,32.0,44.0,23.0,365.0,7.0,3.0,3.0,17.0,1.0,2.0,1.0,10.0,2.0,7.0,2.0,30.0,0.0,0.0,0.0,0.0,0.0,0.0,1.0,1.0,0.0,1.0,0.0,6.0,0.0,0.0,0.0,0.0,0.0,0.0,80.0,11.0,0.0,0.0,40.0,7.0,0.0,0.0,40.0,9.0,8,10,10.0
311,202505040408,14.0,4.0,4.0,59.0,1.0,1.0,0.0,16.0,0.0,0.0,0.0,0.0,1.0,0.0,0.0,7.0,0.0,0.0,0.0,2.0,0.0,0.0,0.0,0.0,1.0,0.0,0.0,1.0,0.0,0.0,0.0,0.0,0.0,0.0,0.0,0.0,0.0,0.0,60.0,2.0,0.0,0.0,40.0,5.0,0.0,0.0,30.0,1.0,3,3,2.0
312,202505040408,10.0,7.0,6.0,37.0,14.0,14.0,22.0,229.0,0.0,0.0,0.0,1.0,1.0,1.0,0.0,6.0,2.0,1.0,1.0,26.0,0.0,0.0,0.0,0.0,0.0,1.0,0.0,0.0,0.0,0.0,0.0,8.0,0.0,0.0,0.0,0.0,0.0,0.0,10.0,9.0,0.0,0.0,40.0,1.0,0.0,0.0,20.0,6.0,8,11,9.0
313,202505040408,21.0,16.0,17.0,86.0,0.0,0.0,0.0,0.0,0.0,0.0,0.0,0.0,1.0,2.0,0.0,8.0,0.0,0.0,0.0,0.0,0.0,0.0,0.0,0.0,0.0,1.0,0.0,1.0,0.0,0.0,0.0,0.0,0.0,0.0,0.0,0.0,0.0,0.0,60.0,5.0,0.0,0.0,40.0,3.0,0.0,0.0,20.0,3.0,7,9,8.0
314,202505040510,6.0,6.0,2.0,32.0,10.0,7.0,9.0,72.0,0.0,0.0,0.0,1.0,0.0,0.0,0.0,2.0,1.0,1.0,2.0,12.0,0.0,0.0,0.0,0.0,0.0,0.0,0.0,0.0,0.0,0.0,1.0,5.0,0.0,0.0,0.0,0.0,0.0,0.0,10.0,3.0,0.0,0.0,10.0,2.0,0.0,0.0,10.0,3.0,1,1,2.0
315,202505040510,7.0,3.0,7.0,103.0,18.0,19.0,17.0,115.0,0.0,0.0,0.0,5.0,0.0,0.0,1.0,10.0,2.0,4.0,2.0,23.0,0.0,0.0,0.0,3.0,0.0,0.0,0.0,4.0,0.0,0.0,0.0,3.0,0.0,0.0,0.0,2.0,0.0,0.0,60.0,2.0,0.0,0.0,70.0,3.0,0.0,0.0,30.0,3.0,5,5,6.0
316,202505040510,0.0,0.0,3.0,0.0,5.0,2.0,7.0,36.0,0.0,0.0,2.0,0.0,0.0,0.0,1.0,0.0,0.0,0.0,1.0,3.0,0.0,0.0,1.0,0.0,0.0,0.0,0.0,0.0,0.0,0.0,0.0,0.0,0.0,0.0,0.0,0.0,0.0,0.0,10.0,3.0,0.0,0.0,10.0,1.0,0.0,0.0,20.0,1.0,8,8,1.0
317,202505040510,13.0,13.0,7.0,96.0,23.0,12.0,14.0,216.0,0.0,0.0,0.0,2.0,3.0,0.0,1.0,4.0,2.0,3.0,1.0,20.0,0.0,0.0,0.0,0.0,0.0,0.0,1.0,0.0,1.0,1.0,0.0,0.0,0.0,0.0,0.0,0.0,0.0,0.0,10.0,2.0,0.0,0.0,30.0,1.0,0.0,0.0,30.0,4.0,6,6,3.0
318,202505040510,9.0,5.0,6.0,92.0,19.0,20.0,16.0,233.0,0.0,0.0,1.0,5.0,1.0,0.0,1.0,4.0,1.0,1.0,1.0,34.0,0.0,0.0,0.0,0.0,0.0,0.0,1.0,1.0,0.0,0.0,0.0,4.0,0.0,0.0,0.0,0.0,0.0,0.0,60.0,8.0,0.0,0.0,40.0,2.0,0.0,0.0,90.0,4.0,7,7,7.0
319,202505040510,65.0,89.0,77.0,534.0,0.0,0.0,0.0,10.0,0.0,0.0,0.0,0.0,13.0,12.0,10.0,108.0,0.0,0.0,0.0,1.0,0.0,0.0,0.0,0.0,1.0,4.0,3.0,15.0,0.0,0.0,0.0,0.0,0.0,0.0,0.0,0.0,0.0,0.0,60.0,1.0,0.0,0.0,10.0,1.0,0.0,0.0,40.0,6.0,2,2,4.0
320,202505040510,10.0,6.0,15.0,116.0,37.0,57.0,38.0,309.0,0.0,1.0,3.0,1.0,2.0,1.0,4.0,5.0,4.0,12.0,8.0,35.0,0.0,1.0,3.0,0.0,0.0,0.0,2.0,1.0,0.0,0.0,2.0,8.0,0.0,0.0,2.0,0.0,0.0,0.0,130.0,13.0,0.0,0.0,110.0,10.0,0.0,0.0,100.0,4.0,4,4,8.0
321,202505040510,56.0,53.0,38.0,318.0,1.0,0.0,1.0,14.0,1.0,0.0,1.0,2.0,10.0,7.0,8.0,38.0,0.0,0.0,1.0,2.0,0.0,0.0,1.0,0.0,1.0,0.0,1.0,0.0,0.0,0.0,0.0,0.0,0.0,0.0,0.0,0.0,0.0,0.0,60.0,14.0,0.0,0.0,90.0,11.0,0.0,0.0,30.0,1.0,3,3,5.0
322,202505041009,34.0,20.0,13.0,123.0,0.0,1.0,0.0,13.0,0.0,0.0,0.0,0.0,4.0,3.0,2.0,21.0,0.0,0.0,0.0,2.0,0.0,0.0,0.0,0.0,0.0,1.0,0.0,3.0,0.0,0.0,0.0,0.0,0.0,0.0,0.0,0.0,0.0,0.0,10.0,1.0,0.0,0.0,10.0,2.0,0.0,0.0,10.0,4.0,5,5,1.0
323,202505041009,26.0,25.0,16.0,230.0,2.0,0.0,1.0,32.0,1.0,0.0,0.0,3.0,2.0,1.0,3.0,21.0,1.0,0.0,0.0,6.0,1.0,0.0,0.0,1.0,0.0,0.0,0.0,2.0,0.0,0.0,0.0,0.0,0.0,0.0,0.0,0.0,0.0,0.0,30.0,2.0,0.0,0.0,40.0,4.0,0.0,0.0,50.0,7.0,4,4,3.0
324,202505041009,49.0,48.0,49.0,434.0,39.0,36.0,29.0,314.0,0.0,0.0,0.0,13.0,10.0,16.0,9.0,68.0,6.0,5.0,3.0,27.0,0.0,0.0,0.0,3.0,3.0,5.0,3.0,10.0,0.0,0.0,1.0,5.0,0.0,0.0,0.0,1.0,0.0,0.0,20.0,2.0,0.0,0.0,10.0,1.0,0.0,0.0,30.0,2.0,8,8,4.0
325,202505041009,0.0,1.0,2.0,23.0,32.0,44.0,23.0,365.0,0.0,0.0,0.0,1.0,0.0,0.0,0.0,0.0,2.0,7.0,2.0,30.0,0.0,0.0,0.0,0.0,0.0,0.0,0.0,0.0,1.0,0.0,2.0,5.0,0.0,0.0,0.0,0.0,0.0,0.0,50.0,1.0,0.0,0.0,10.0,1.0,0.0,0.0,30.0,2.0,1,1,5.0
326,202505041009,56.0,53.0,38.0,318.0,5.0,3.0,3.0,24.0,1.0,0.0,0.0,1.0,10.0,7.0,8.0,38.0,0.0,1.0,1.0,2.0,0.0,0.0,0.0,0.0,2.0,1.0,3.0,4.0,0.0,1.0,0.0,0.0,0.0,0.0,0.0,0.0,0.0,0.0,10.0,3.0,0.0,0.0,160.0,11.0,0.0,0.0,30.0,1.0,6,6,2.0
327,202505041009,1.0,3.0,1.0,25.0,5.0,4.0,6.0,41.0,1.0,1.0,1.0,0.0,1.0,2.0,1.0,4.0,3.0,1.0,2.0,7.0,1.0,1.0,1.0,0.0,0.0,0.0,0.0,0.0,0.0,0.0,0.0,5.0,0.0,0.0,0.0,0.0,0.0,0.0,40.0,5.0,0.0,0.0,40.0,1.0,0.0,0.0,60.0,4.0,2,2,6.0
328,202505041009,0.0,2.0,6.0,71.0,0.0,2.0,2.0,9.0,0.0,2.0,2.0,5.0,0.0,1.0,3.0,8.0,0.0,1.0,2.0,4.0,0.0,1.0,2.0,4.0,0.0,1.0,2.0,3.0,0.0,1.0,2.0,3.0,0.0,1.0,2.0,3.0,0.0,0.0,70.0,5.0,0.0,0.0,80.0,10.0,0.0,0.0,50.0,4.0,3,3,7.0
329,202505041009,65.0,89.0,77.0,534.0,0.0,1.0,0.0,6.0,0.0,1.0,0.0,2.0,13.0,12.0,10.0,108.0,0.0,0.0,0.0,0.0,0.0,0.0,0.0,0.0,1.0,1.0,1.0,22.0,0.0,0.0,0.0,0.0,0.0,0.0,0.0,0.0,0.0,0.0,8.0,8.0,0.0,0.0,13.0,14.0,0.0,0.0,70.0,11.0,7,7,8.0
330,202505050609,3.0,5.0,4.0,46.0,23.0,30.0,20.0,248.0,1.0,0.0,0.0,1.0,1.0,2.0,0.0,5.0,5.0,2.0,2.0,25.0,0.0,0.0,0.0,0.0,0.0,0.0,0.0,2.0,1.0,0.0,0.0,1.0,0.0,0.0,0.0,0.0,0.0,0.0,60.0,4.0,0.0,0.0,20.0,6.0,0.0,0.0,10.0,2.0,5,6,5.0
331,202505050609,73.0,70.0,64.0,412.0,1.0,3.0,2.0,30.0,0.0,1.0,0.0,3.0,6.0,5.0,6.0,41.0,0.0,0.0,0.0,0.0,0.0,0.0,0.0,0.0,0.0,0.0,0.0,4.0,0.0,0.0,0.0,0.0,0.0,0.0,0.0,0.0,0.0,0.0,10.0,1.0,0.0,0.0,10.0,1.0,0.0,0.0,10.0,3.0,1,1,1.0
332,202505050609,26.0,25.0,16.0,230.0,2.0,0.0,1.0,32.0,1.0,0.0,0.0,3.0,2.0,1.0,3.0,21.0,1.0,0.0,0.0,6.0,1.0,0.0,0.0,1.0,0.0,0.0,0.0,2.0,0.0,0.0,0.0,0.0,0.0,0.0,0.0,0.0,0.0,0.0,2.0,3.0,0.0,0.0,3.0,2.0,0.0,0.0,30.0,2.0,4,4,2.0
333,202505050609,5.0,0.0,1.0,44.0,107.0,85.0,85.0,633.0,0.0,0.0,0.0,5.0,0.0,0.0,0.0,3.0,17.0,7.0,7.0,72.0,0.0,0.0,0.0,1.0,0.0,0.0,0.0,1.0,3.0,3.0,1.0,14.0,0.0,0.0,0.0,0.0,0.0,0.0,20.0,3.0,0.0,0.0,30.0,4.0,0.0,0.0,10.0,3.0,5,5,7.0
334,202505050609,1.0,3.0,1.0,25.0,39.0,36.0,29.0,314.0,0.0,1.0,0.0,1.0,1.0,2.0,1.0,4.0,6.0,5.0,3.0,27.0,0.0,1.0,0.0,1.0,0.0,0.0,0.0,0.0,0.0,0.0,1.0,5.0,0.0,0.0,0.0,0.0,0.0,0.0,20.0,2.0,0.0,0.0,70.0,4.0,0.0,0.0,10.0,1.0,7,10,4.0
335,202505050609,0.0,0.0,0.0,7.0,10.0,8.0,8.0,80.0,0.0,0.0,0.0,0.0,0.0,0.0,0.0,0.0,3.0,1.0,2.0,6.0,0.0,0.0,0.0,0.0,0.0,0.0,0.0,0.0,0.0,0.0,0.0,0.0,0.0,0.0,0.0,0.0,0.0,0.0,70.0,6.0,0.0,0.0,90.0,6.0,0.0,0.0,90.0,7.0,8,12,12.0
336,202505050609,73.0,70.0,64.0,412.0,21.0,18.0,18.0,214.0,8.0,9.0,4.0,23.0,6.0,5.0,6.0,41.0,2.0,0.0,1.0,15.0,0.0,0.0,1.0,2.0,0.0,0.0,0.0,4.0,0.0,0.0,0.0,4.0,0.0,0.0,0.0,2.0,0.0,0.0,80.0,10.0,0.0,0.0,20.0,7.0,0.0,0.0,20.0,4.0,2,2,9.0
337,202505050609,56.0,53.0,38.0,318.0,1.0,7.0,3.0,28.0,0.0,0.0,0.0,2.0,10.0,7.0,8.0,38.0,0.0,0.0,0.0,2.0,0.0,0.0,0.0,0.0,2.0,1.0,3.0,4.0,0.0,0.0,0.0,1.0,0.0,0.0,0.0,0.0,0.0,0.0,30.0,2.0,0.0,0.0,100.0,9.0,0.0,0.0,20.0,1.0,8,11,3.0
338,202505050609,21.0,16.0,17.0,86.0,9.0,10.0,15.0,171.0,0.0,0.0,0.0,1.0,1.0,2.0,0.0,8.0,0.0,0.0,2.0,9.0,0.0,0.0,0.0,0.0,0.0,1.0,0.0,1.0,0.0,0.0,0.0,2.0,0.0,0.0,0.0,0.0,0.0,0.0,80.0,8.0,0.0,0.0,110.0,10.0,0.0,0.0,90.0,1.0,7,9,10.0
339,202505050609,0.0,2.0,6.0,71.0,0.0,2.0,2.0,9.0,0.0,2.0,2.0,5.0,0.0,1.0,3.0,8.0,0.0,1.0,2.0,4.0,0.0,1.0,2.0,4.0,0.0,1.0,2.0,3.0,0.0,1.0,2.0,3.0,0.0,1.0,2.0,3.0,0.0,0.0,7.0,7.0,0.0,0.0,70.0,5.0,0.0,0.0,80.0,10.0,6,7,8.0
340,202505050609,0.0,1.0,2.0,23.0,32.0,44.0,23.0,365.0,0.0,0.0,0.0,1.0,0.0,0.0,0.0,0.0,2.0,7.0,2.0,30.0,0.0,0.0,0.0,0.0,0.0,0.0,0.0,0.0,1.0,0.0,2.0,5.0,0.0,0.0,0.0,0.0,0.0,0.0,6.0,11.0,0.0,0.0,5.0,4.0,0.0,0.0,50.0,1.0,6,8,6.0
341,202505050609,49.0,48.0,49.0,434.0,39.0,36.0,29.0,314.0,0.0,0.0,0.0,13.0,10.0,16.0,9.0,68.0,6.0,5.0,3.0,27.0,0.0,0.0,0.0,3.0,3.0,5.0,3.0,10.0,0.0,0.0,1.0,5.0,0.0,0.0,0.0,1.0,0.0,0.0,120.0,11.0,0.0,0.0,130.0,7.0,0.0,0.0,90.0,9.0,3,3,11.0
342,202505050707,14.0,4.0,4.0,59.0,6.0,4.0,6.0,30.0,1.0,0.0,0.0,0.0,1.0,0.0,0.0,7.0,0.0,1.0,0.0,5.0,0.0,0.0,0.0,0.0,1.0,0.0,0.0,1.0,0.0,0.0,0.0,1.0,0.0,0.0,0.0,0.0,0.0,0.0,20.0,2.0,0.0,0.0,20.0,2.0,0.0,0.0,30.0,5.0,8,15,1.0
343,202505050707,1.0,3.0,1.0,25.0,107.0,85.0,85.0,633.0,0.0,0.0,0.0,0.0,1.0,2.0,1.0,4.0,17.0,7.0,7.0,72.0,0.0,0.0,0.0,0.0,0.0,2.0,1.0,1.0,8.0,0.0,1.0,13.0,0.0,0.0,0.0,0.0,0.0,0.0,40.0,2.0,0.0,0.0,50.0,9.0,0.0,0.0,110.0,9.0,7,13,2.0
344,202505050707,44.0,51.0,43.0,279.0,11.0,9.0,8.0,34.0,0.0,2.0,2.0,0.0,2.0,10.0,8.0,48.0,0.0,3.0,2.0,2.0,0.0,2.0,2.0,0.0,0.0,3.0,3.0,12.0,0.0,2.0,1.0,0.0,0.0,2.0,1.0,0.0,0.0,0.0,30.0,3.0,0.0,0.0,30.0,4.0,0.0,0.0,20.0,3.0,4,7,3.0
345,202505050707,56.0,53.0,38.0,318.0,11.0,9.0,8.0,34.0,2.0,2.0,1.0,5.0,10.0,7.0,8.0,38.0,0.0,3.0,2.0,2.0,0.0,0.0,0.0,1.0,3.0,3.0,0.0,7.0,0.0,2.0,1.0,0.0,0.0,0.0,0.0,0.0,0.0,0.0,7.0,11.0,0.0,0.0,30.0,4.0,0.0,0.0,10.0,7.0,8,16,6.0
346,202505050707,1.0,3.0,1.0,25.0,0.0,0.0,0.0,1.0,0.0,0.0,0.0,0.0,1.0,2.0,1.0,4.0,0.0,0.0,0.0,0.0,0.0,0.0,0.0,0.0,0.0,2.0,1.0,1.0,0.0,0.0,0.0,0.0,0.0,0.0,0.0,0.0,0.0,0.0,10.0,4.0,0.0,0.0,40.0,6.0,0.0,0.0,20.0,4.0,1,1,8.0
347,202505050707,73.0,70.0,64.0,412.0,5.0,2.0,7.0,36.0,0.0,0.0,1.0,0.0,6.0,5.0,6.0,41.0,0.0,0.0,1.0,3.0,0.0,0.0,0.0,0.0,0.0,1.0,1.0,14.0,0.0,0.0,0.0,2.0,0.0,0.0,0.0,0.0,0.0,0.0,50.0,6.0,0.0,0.0,60.0,3.0,0.0,0.0,90.0,8.0,5,10,5.0
348,202505050707,19.0,22.0,39.0,360.0,32.0,44.0,23.0,365.0,0.0,0.0,2.0,8.0,4.0,6.0,8.0,81.0,2.0,7.0,2.0,30.0,0.0,0.0,0.0,1.0,0.0,0.0,3.0,12.0,0.0,1.0,0.0,6.0,0.0,0.0,0.0,0.0,0.0,0.0,6.0,4.0,0.0,0.0,30.0,4.0,0.0,0.0,20.0,3.0,6,11,9.0
349,202505050707,14.0,4.0,4.0,59.0,107.0,85.0,85.0,633.0,2.0,1.0,1.0,14.0,1.0,0.0,0.0,7.0,17.0,7.0,7.0,72.0,0.0,0.0,0.0,4.0,1.0,0.0,0.0,1.0,8.0,0.0,1.0,13.0,0.0,0.0,0.0,1.0,0.0,0.0,15.0,8.0,0.0,0.0,14.0,9.0,0.0,0.0,120.0,8.0,3,5,15.0
350,202505050707,0.0,1.0,0.0,36.0,81.0,82.0,57.0,590.0,0.0,0.0,0.0,6.0,0.0,0.0,0.0,1.0,16.0,8.0,6.0,81.0,0.0,0.0,0.0,0.0,0.0,0.0,0.0,0.0,3.0,3.0,2.0,17.0,0.0,0.0,0.0,0.0,0.0,0.0,7.0,9.0,0.0,0.0,30.0,9.0,0.0,0.0,10.0,4.0,2,4,11.0
351,202505050707,1.0,4.0,1.0,18.0,2.0,4.0,0.0,13.0,0.0,1.0,0.0,0.0,0.0,0.0,0.0,0.0,0.0,0.0,0.0,4.0,0.0,0.0,0.0,0.0,0.0,0.0,0.0,0.0,0.0,0.0,0.0,1.0,0.0,0.0,0.0,0.0,0.0,0.0,20.0,3.0,0.0,0.0,20.0,2.0,0.0,0.0,30.0,5.0,4,8,7.0
352,202505050707,0.0,0.0,0.0,13.0,3.0,2.0,4.0,66.0,0.0,0.0,0.0,0.0,0.0,0.0,0.0,0.0,0.0,0.0,0.0,4.0,0.0,0.0,0.0,0.0,0.0,0.0,0.0,0.0,0.0,0.0,0.0,3.0,0.0,0.0,0.0,0.0,0.0,0.0,10.0,11.0,0.0,0.0,6.0,12.0,0.0,0.0,50.0,2.0,1,2,10.0
353,202505050707,0.0,0.0,1.0,47.0,17.0,14.0,11.0,182.0,0.0,0.0,0.0,0.0,0.0,0.0,0.0,4.0,2.0,0.0,1.0,18.0,0.0,0.0,0.0,0.0,0.0,0.0,0.0,0.0,1.0,0.0,0.0,3.0,0.0,0.0,0.0,0.0,0.0,0.0,50.0,3.0,0.0,0.0,120.0,4.0,0.0,0.0,90.0,9.0,6,12,4.0
354,202505050707,25.0,28.0,29.0,272.0,37.0,57.0,38.0,309.0,3.0,4.0,4.0,14.0,7.0,5.0,6.0,38.0,4.0,12.0,8.0,35.0,1.0,2.0,0.0,1.0,0.0,0.0,0.0,9.0,1.0,2.0,1.0,5.0,0.0,0.0,0.0,0.0,0.0,0.0,7.0,7.0,0.0,0.0,50.0,13.0,0.0,0.0,50.0,2.0,3,6,13.0
355,202505050707,44.0,51.0,43.0,279.0,81.0,82.0,57.0,590.0,2.0,3.0,3.0,19.0,2.0,10.0,8.0,48.0,16.0,8.0,6.0,81.0,1.0,0.0,1.0,6.0,0.0,3.0,3.0,12.0,3.0,3.0,2.0,17.0,0.0,0.0,0.0,1.0,0.0,0.0,12.0,7.0,0.0,0.0,50.0,12.0,0.0,0.0,70.0,5.0,5,9,14.0
356,202505050707,1.0,1.0,0.0,20.0,107.0,85.0,85.0,633.0,0.0,0.0,0.0,3.0,0.0,0.0,0.0,0.0,17.0,7.0,7.0,72.0,0.0,0.0,0.0,0.0,0.0,0.0,0.0,0.0,8.0,0.0,1.0,13.0,0.0,0.0,0.0,0.0,0.0,0.0,16.0,15.0,0.0,0.0,16.0,13.0,0.0,0.0,100.0,10.0,7,14,16.0
357,202505050707,14.0,4.0,4.0,59.0,5.0,10.0,14.0,68.0,0.0,0.0,0.0,0.0,1.0,0.0,0.0,7.0,1.0,3.0,0.0,3.0,0.0,0.0,0.0,0.0,1.0,0.0,0.0,1.0,0.0,1.0,0.0,0.0,0.0,0.0,0.0,0.0,0.0,0.0,10.0,15.0,0.0,0.0,80.0,13.0,0.0,0.0,60.0,4.0,2,3,12.0
358,202505050812,0.0,1.0,1.0,8.0,1.0,3.0,4.0,14.0,0.0,0.0,0.0,0.0,0.0,0.0,0.0,0.0,0.0,2.0,1.0,2.0,0.0,0.0,0.0,0.0,0.0,0.0,0.0,0.0,0.0,0.0,0.0,0.0,0.0,0.0,0.0,0.0,0.0,0.0,4.0,1.0,,,,,,,,,4,8,4.0
359,202505050812,56.0,53.0,38.0,318.0,107.0,85.0,85.0,633.0,3.0,1.0,3.0,9.0,10.0,7.0,8.0,38.0,17.0,7.0,7.0,72.0,0.0,0.0,0.0,0.0,3.0,3.0,2.0,19.0,1.0,0.0,2.0,17.0,0.0,0.0,0.0,0.0,0.0,0.0,1.0,2.0,0.0,0.0,1.0,1.0,0.0,0.0,30.0,2.0,7,15,1.0
360,202505050812,73.0,70.0,64.0,412.0,2.0,5.0,2.0,12.0,1.0,0.0,0.0,0.0,6.0,5.0,6.0,41.0,1.0,3.0,0.0,2.0,1.0,0.0,0.0,0.0,2.0,2.0,1.0,12.0,1.0,0.0,0.0,0.0,1.0,0.0,0.0,0.0,0.0,0.0,10.0,1.0,0.0,0.0,20.0,3.0,0.0,0.0,10.0,6.0,7,14,3.0
361,202505050812,34.0,20.0,13.0,123.0,5.0,3.0,1.0,28.0,2.0,0.0,0.0,0.0,4.0,3.0,2.0,21.0,0.0,0.0,0.0,2.0,0.0,0.0,0.0,0.0,2.0,2.0,0.0,9.0,0.0,0.0,0.0,0.0,0.0,0.0,0.0,0.0,0.0,0.0,10.0,1.0,0.0,0.0,10.0,2.0,0.0,0.0,10.0,1.0,1,2,2.0
362,202505050812,147.0,130.0,110.0,754.0,2.0,1.0,1.0,5.0,0.0,1.0,0.0,3.0,29.0,24.0,19.0,135.0,1.0,0.0,1.0,3.0,0.0,0.0,0.0,2.0,6.0,7.0,5.0,46.0,0.0,0.0,0.0,3.0,0.0,0.0,0.0,2.0,0.0,0.0,8.0,3.0,0.0,0.0,100.0,3.0,0.0,0.0,30.0,6.0,1,1,5.0
363,202505050812,82.0,90.0,75.0,520.0,107.0,85.0,85.0,633.0,17.0,16.0,8.0,60.0,3.0,3.0,1.0,21.0,17.0,7.0,7.0,72.0,0.0,0.0,0.0,2.0,2.0,0.0,0.0,9.0,1.0,0.0,2.0,17.0,0.0,0.0,0.0,1.0,0.0,0.0,9.0,6.0,0.0,0.0,4.0,10.0,0.0,0.0,30.0,6.0,7,13,9.0
364,202505050812,9.0,5.0,6.0,92.0,23.0,30.0,20.0,248.0,2.0,1.0,0.0,4.0,1.0,0.0,1.0,4.0,5.0,2.0,2.0,25.0,1.0,0.0,0.0,0.0,1.0,0.0,0.0,1.0,1.0,0.0,0.0,9.0,1.0,0.0,0.0,0.0,0.0,0.0,2.0,8.0,0.0,0.0,90.0,2.0,0.0,0.0,40.0,7.0,8,18,6.0
365,202505050812,2.0,1.0,1.0,5.0,11.0,9.0,10.0,77.0,1.0,1.0,1.0,0.0,0.0,1.0,1.0,1.0,4.0,3.0,1.0,9.0,0.0,1.0,1.0,0.0,0.0,1.0,1.0,0.0,0.0,1.0,1.0,4.0,0.0,1.0,1.0,0.0,0.0,0.0,80.0,2.0,0.0,0.0,70.0,3.0,0.0,0.0,50.0,5.0,8,16,7.0
366,202505050812,0.0,1.0,0.0,36.0,0.0,0.0,0.0,3.0,0.0,0.0,0.0,2.0,0.0,0.0,0.0,1.0,0.0,0.0,0.0,2.0,0.0,0.0,0.0,1.0,0.0,0.0,0.0,1.0,0.0,0.0,0.0,1.0,0.0,0.0,0.0,1.0,0.0,0.0,14.0,12.0,0.0,0.0,50.0,8.0,0.0,0.0,60.0,10.0,2,3,16.0
367,202505050812,41.0,33.0,23.0,242.0,107.0,85.0,85.0,633.0,11.0,11.0,8.0,34.0,8.0,4.0,2.0,41.0,17.0,7.0,7.0,72.0,4.0,1.0,0.0,10.0,1.0,1.0,0.0,15.0,1.0,0.0,2.0,17.0,0.0,0.0,0.0,4.0,0.0,0.0,6.0,5.0,0.0,0.0,70.0,7.0,0.0,0.0,30.0,5.0,5,10,17.0
368,202505050812,147.0,130.0,110.0,754.0,1.0,2.0,1.0,7.0,0.0,0.0,0.0,3.0,29.0,24.0,19.0,135.0,0.0,0.0,0.0,1.0,0.0,0.0,0.0,1.0,6.0,7.0,5.0,46.0,0.0,0.0,0.0,1.0,0.0,0.0,0.0,1.0,0.0,0.0,11.0,11.0,0.0,0.0,50.0,1.0,0.0,0.0,70.0,3.0,2,4,11.0
369,202505050812,10.0,13.0,16.0,169.0,23.0,30.0,20.0,248.0,1.0,0.0,0.0,2.0,1.0,0.0,2.0,10.0,5.0,2.0,2.0,25.0,0.0,0.0,0.0,1.0,1.0,0.0,0.0,8.0,1.0,0.0,0.0,9.0,0.0,0.0,0.0,1.0,0.0,0.0,10.0,7.0,0.0,0.0,60.0,1.0,0.0,0.0,40.0,8.0,5,9,13.0
370,202505050812,65.0,89.0,77.0,534.0,2.0,2.0,2.0,7.0,1.0,0.0,1.0,6.0,13.0,12.0,10.0,108.0,1.0,1.0,1.0,4.0,0.0,0.0,0.0,4.0,2.0,3.0,2.0,35.0,0.0,0.0,0.0,4.0,0.0,0.0,0.0,4.0,0.0,0.0,15.0,13.0,0.0,0.0,50.0,13.0,0.0,0.0,150.0,9.0,4,7,15.0
371,202505050812,147.0,130.0,110.0,754.0,14.0,14.0,22.0,229.0,4.0,1.0,4.0,31.0,29.0,24.0,19.0,135.0,2.0,1.0,1.0,26.0,1.0,0.0,0.0,4.0,6.0,7.0,5.0,46.0,0.0,0.0,0.0,9.0,0.0,0.0,0.0,4.0,0.0,0.0,40.0,3.0,0.0,0.0,50.0,17.0,0.0,0.0,80.0,3.0,6,12,12.0
372,202505050812,14.0,4.0,4.0,59.0,23.0,30.0,20.0,248.0,1.0,0.0,1.0,4.0,1.0,0.0,0.0,7.0,5.0,2.0,2.0,25.0,1.0,0.0,0.0,1.0,0.0,0.0,0.0,2.0,1.0,0.0,0.0,9.0,0.0,0.0,0.0,1.0,0.0,0.0,8.0,15.0,0.0,0.0,20.0,2.0,0.0,0.0,20.0,4.0,3,5,8.0
373,202505050812,2.0,3.0,2.0,17.0,13.0,8.0,7.0,64.0,1.0,1.0,2.0,1.0,0.0,0.0,0.0,2.0,0.0,1.0,0.0,6.0,0.0,0.0,0.0,1.0,0.0,0.0,0.0,2.0,0.0,1.0,0.0,2.0,0.0,0.0,0.0,1.0,0.0,0.0,7.0,13.0,0.0,0.0,20.0,2.0,0.0,0.0,10.0,7.0,3,6,14.0
374,202505050812,14.0,4.0,4.0,59.0,23.0,12.0,14.0,216.0,1.0,0.0,0.0,2.0,1.0,0.0,0.0,7.0,2.0,3.0,1.0,20.0,0.0,0.0,0.0,0.0,0.0,0.0,0.0,2.0,0.0,1.0,0.0,5.0,0.0,0.0,0.0,0.0,0.0,0.0,10.0,4.0,0.0,0.0,10.0,1.0,0.0,0.0,10.0,1.0,6,11,10.0
375,202505050812,,,,,,,,,,,,,,,,,,,,,,,,,,,,,,,,,,,,,,,,,,,,,,,,,8,17,
