,race_id,f_course1,f_course2,f_course3,f_courseout,mf_course1,mf_course2,mf_course3,mf_courseout,f_mf_course1,f_mf_course2,f_mf_course3,f_mf_courseout,f_len1,f_len2,f_len3,f_lenout,mf_len1,mf_len2,mf_len3,mf_classout,f_mf_len1,f_mf_len2,f_mf_len3,f_mf_classout,f_class1,f_class2,f_class3,f_classout,mf_class1,mf_class2,mf_class3,mf_classout,f_mf_class1,f_mf_class2,f_mf_class3,f_mf_classout,time_df_course1,time_df_class1,ninki_1,result_1,time_df_course2,time_df_class2,ninki_2,result_2,time_df_course3,time_df_class3,ninki_3,result_3,waku,umaban
0,202204010108,2.0,0.0,1.0,29.0,7.0,10.0,5.0,92.0,0.0,0.0,0.0,6.0,0.0,0.0,0.0,5.0,2.0,3.0,0.0,20.0,0.0,0.0,0.0,1.0,0.0,0.0,0.0,0.0,0.0,0.0,0.0,4.0,0.0,0.0,0.0,0.0,-0.016298108591323985,-0.018425618587809296,1.0,14.0,0.0008799186075288036,0.0009440187703926385,1.0,2.0,-0.011568836073189372,-0.002160115800022269,3.0,6.0,6,8
1,202204010108,0.0,3.0,3.0,29.0,10.0,8.0,5.0,129.0,0.0,0.0,0.0,4.0,0.0,0.0,0.0,10.0,3.0,0.0,1.0,33.0,0.0,0.0,0.0,1.0,0.0,0.0,0.0,1.0,1.0,0.0,0.0,6.0,0.0,0.0,0.0,1.0,-0.007295627160785097,-0.01407743043502092,12.0,4.0,-0.011459939152209199,-0.015352367539772867,11.0,7.0,-0.00042609952202749267,-0.006345449632411178,13.0,7.0,5,5
2,202204010108,0.0,3.0,3.0,38.0,4.0,6.0,4.0,49.0,0.0,0.0,0.0,1.0,0.0,0.0,2.0,12.0,2.0,1.0,1.0,9.0,0.0,0.0,0.0,1.0,0.0,0.0,0.0,1.0,0.0,1.0,1.0,0.0,0.0,0.0,0.0,0.0,-0.0019141484075914312,-0.002216192873962178,4.0,2.0,0.004048846776745658,-0.0008792524483439187,5.0,9.0,0.013356540516390849,0.0084744970021233,8.0,5.0,4,4
3,202204010108,13.0,11.0,14.0,129.0,10.0,8.0,5.0,129.0,0.0,0.0,0.0,7.0,3.0,1.0,3.0,25.0,3.0,0.0,1.0,33.0,0.0,0.0,0.0,1.0,0.0,0.0,0.0,2.0,1.0,0.0,0.0,6.0,0.0,0.0,0.0,0.0,0.0026014178974226847,0.009238390092879257,2.0,2.0,-0.015126882607798639,-0.010681302790284944,1.0,4.0,,,,,3,3
4,202204010108,3.0,5.0,3.0,51.0,0.0,1.0,1.0,5.0,0.0,0.0,0.0,1.0,0.0,0.0,1.0,10.0,0.0,0.0,0.0,2.0,0.0,0.0,0.0,1.0,0.0,0.0,0.0,1.0,0.0,0.0,0.0,1.0,0.0,0.0,0.0,0.0,0.0014871310056192308,-0.0032123799359658482,4.0,7.0,0.0073914512586585575,0.0017521689728042136,4.0,3.0,0.0031824417009602194,-0.0035815233903860495,2.0,3.0,7,10
5,202204010108,3.0,1.0,4.0,33.0,0.0,0.0,1.0,9.0,0.0,0.0,0.0,1.0,1.0,0.0,2.0,5.0,0.0,0.0,0.0,4.0,0.0,0.0,0.0,0.0,1.0,0.0,0.0,2.0,0.0,0.0,0.0,2.0,0.0,0.0,0.0,0.0,-0.016342567806684027,-0.023185281274551002,6.0,15.0,0.012299954275262917,0.005597856610166371,3.0,2.0,0.005807869401423189,0.007604483302518463,10.0,5.0,5,6
6,202204010108,4.0,3.0,4.0,61.0,0.0,0.0,0.0,1.0,0.0,0.0,0.0,1.0,0.0,1.0,1.0,10.0,0.0,0.0,0.0,0.0,0.0,0.0,0.0,0.0,0.0,0.0,0.0,2.0,0.0,0.0,0.0,0.0,0.0,0.0,0.0,0.0,-0.009188345141861676,-0.013938100320170758,5.0,6.0,-0.0046316368289149494,-0.008995518171583934,8.0,11.0,0.0014977533699450823,-0.0032017075773745998,11.0,8.0,1,1
7,202204010108,4.0,2.0,0.0,38.0,0.0,1.0,0.0,2.0,0.0,0.0,0.0,0.0,0.0,1.0,0.0,5.0,0.0,0.0,0.0,0.0,0.0,0.0,0.0,0.0,0.0,1.0,0.0,0.0,0.0,0.0,0.0,0.0,0.0,0.0,0.0,0.0,0.008790618400088926,0.002925802033152878,160.0,80.0,0.011567993996357545,0.00496581968270347,140.0,80.0,0.011586297784326465,0.004984245729763594,100.0,100.0,6,7
8,202204010108,2.0,2.0,2.0,32.0,5.0,7.0,6.0,36.0,0.0,0.0,0.0,2.0,0.0,0.0,0.0,6.0,1.0,1.0,1.0,4.0,0.0,0.0,0.0,0.0,0.0,0.0,0.0,0.0,0.0,0.0,0.0,1.0,0.0,0.0,0.0,0.0,-0.0013279932546374368,-0.004589096138391913,11.0,4.0,-0.010013918484486432,-0.012445673646779929,8.0,10.0,0.005995749045650174,0.0016780305444040868,12.0,5.0,8,12
9,202204010108,0.0,3.0,3.0,38.0,1.0,0.0,0.0,8.0,0.0,0.0,0.0,1.0,0.0,0.0,2.0,12.0,0.0,0.0,0.0,2.0,0.0,0.0,0.0,1.0,0.0,0.0,0.0,1.0,0.0,0.0,0.0,1.0,0.0,0.0,0.0,0.0,-0.016315345317278115,-0.023157875504722928,1.0,13.0,-0.004589338775682849,-0.008953036385649652,5.0,6.0,0.02071988798081763,0.02231257709351729,1.0,1.0,8,11
10,202204010108,4.0,3.0,4.0,61.0,0.0,0.0,0.0,4.0,0.0,0.0,0.0,0.0,0.0,1.0,1.0,10.0,0.0,0.0,0.0,1.0,0.0,0.0,0.0,0.0,0.0,0.0,0.0,2.0,0.0,0.0,0.0,0.0,0.0,0.0,0.0,0.0,-0.008139104698483167,-0.015843429636533086,16.0,14.0,-0.006857850216628843,-0.00854743246371061,14.0,16.0,-0.015125743026977594,-0.022013939399519393,12.0,14.0,7,9
11,202204010108,7.0,5.0,9.0,103.0,0.0,0.0,0.0,0.0,0.0,0.0,0.0,0.0,1.0,2.0,3.0,18.0,0.0,0.0,0.0,0.0,0.0,0.0,0.0,0.0,0.0,0.0,1.0,1.0,0.0,0.0,0.0,0.0,0.0,0.0,0.0,0.0,0.0,0.0,1.0,1.0,0.0,0.0,1.0,1.0,0.0,0.0,2.0,1.0,2,2
12,202204010302,1.0,2.0,2.0,22.0,1.0,4.0,1.0,24.0,0.0,0.0,0.0,1.0,1.0,1.0,1.0,8.0,0.0,3.0,0.0,11.0,0.0,0.0,0.0,1.0,0.0,0.0,1.0,5.0,0.0,3.0,0.0,6.0,0.0,0.0,0.0,1.0,-0.011804384485666104,-0.008117445682422002,11.0,8.0,,,,,,,,,2,2
13,202204010302,2.0,3.0,2.0,10.0,0.0,0.0,0.0,0.0,0.0,0.0,0.0,0.0,0.0,1.0,0.0,4.0,0.0,0.0,0.0,0.0,0.0,0.0,0.0,0.0,0.0,0.0,0.0,3.0,0.0,0.0,0.0,0.0,0.0,0.0,0.0,0.0,-0.011888701517706577,-0.008201455469562203,6.0,4.0,-0.022670707966782486,-0.016035841942907508,5.0,12.0,-0.00824639419250077,0.010591874355582866,5.0,4.0,7,10
14,202204010302,1.0,2.0,0.0,13.0,0.0,0.0,0.0,8.0,0.0,0.0,0.0,0.0,0.0,2.0,0.0,4.0,0.0,0.0,0.0,4.0,0.0,0.0,0.0,0.0,0.0,2.0,0.0,4.0,0.0,0.0,0.0,3.0,0.0,0.0,0.0,0.0,0.001227988309551293,0.004942621546893734,8.0,5.0,-0.008531040753905927,-0.0028111129376952163,4.0,3.0,0.0,0.0,1.0,2.0,8,13
15,202204010302,0.0,0.0,0.0,4.0,0.0,0.0,0.0,1.0,0.0,0.0,0.0,0.0,0.0,0.0,0.0,0.0,0.0,0.0,0.0,0.0,0.0,0.0,0.0,0.0,0.0,0.0,0.0,0.0,0.0,0.0,0.0,0.0,0.0,0.0,0.0,0.0,-0.016333493643548722,-0.011359429319608108,60.0,110.0,-0.014566540702544723,-0.012615541827302708,110.0,50.0,-0.030411829064913267,-0.02717126580401957,70.0,80.0,3,3
16,202204010302,2.0,1.0,0.0,18.0,0.0,0.0,0.0,8.0,0.0,0.0,0.0,2.0,1.0,0.0,0.0,9.0,0.0,0.0,0.0,4.0,0.0,0.0,0.0,2.0,1.0,0.0,0.0,5.0,0.0,0.0,0.0,3.0,0.0,0.0,0.0,2.0,-0.018989217829486087,-0.015696267981459937,150.0,110.0,-0.02819667271851495,-0.02487396820120769,80.0,140.0,-0.03333884434157229,-0.0274782179845471,70.0,110.0,4,5
17,202204010302,2.0,0.0,0.0,5.0,1.0,3.0,2.0,20.0,1.0,0.0,0.0,1.0,1.0,0.0,0.0,1.0,0.0,1.0,1.0,4.0,0.0,0.0,0.0,0.0,1.0,0.0,0.0,1.0,0.0,1.0,0.0,2.0,0.0,0.0,0.0,0.0,,,,,,,,,,,,,1,1
18,202204010302,0.0,0.0,2.0,7.0,0.0,0.0,0.0,3.0,0.0,0.0,0.0,0.0,0.0,0.0,1.0,3.0,0.0,0.0,0.0,0.0,0.0,0.0,0.0,0.0,0.0,0.0,1.0,2.0,0.0,0.0,0.0,0.0,0.0,0.0,0.0,0.0,-0.021439579780588563,-0.02022078915728495,11.0,8.0,-0.016789286599983466,-0.011022521782015453,11.0,8.0,-0.034697673272814616,-0.02943555305017034,13.0,15.0,6,8
19,202204010302,0.0,0.0,1.0,15.0,0.0,1.0,0.0,1.0,0.0,0.0,0.0,1.0,0.0,0.0,0.0,4.0,0.0,0.0,0.0,0.0,0.0,0.0,0.0,0.0,0.0,0.0,0.0,3.0,0.0,0.0,0.0,0.0,0.0,0.0,0.0,0.0,-0.03315400510061617,-0.0311672627618561,10.0,14.0,,,,,,,,,4,4
20,202204010302,0.0,0.0,1.0,15.0,0.0,0.0,0.0,2.0,0.0,0.0,0.0,0.0,0.0,0.0,0.0,4.0,0.0,0.0,0.0,1.0,0.0,0.0,0.0,0.0,0.0,0.0,0.0,3.0,0.0,0.0,0.0,0.0,0.0,0.0,0.0,0.0,-0.015490890763278435,-0.0060801879864884716,140.0,120.0,-0.06109570170703103,-0.03967095903403495,140.0,140.0,,,,,8,12
21,202204010302,1.0,2.0,2.0,19.0,0.0,0.0,0.0,7.0,0.0,0.0,0.0,2.0,0.0,1.0,0.0,4.0,0.0,0.0,0.0,2.0,0.0,0.0,0.0,1.0,0.0,1.0,0.0,3.0,0.0,0.0,0.0,2.0,0.0,0.0,0.0,1.0,-0.014617355949526909,-0.005331744731551121,3.0,11.0,-0.005523247914345499,0.0005267174026079264,3.0,4.0,-0.015077367443779658,-0.010632004469714398,6.0,4.0,5,7
22,202204010302,0.0,2.0,1.0,24.0,1.0,3.0,0.0,15.0,0.0,0.0,0.0,2.0,0.0,1.0,1.0,5.0,0.0,0.0,0.0,5.0,0.0,0.0,0.0,1.0,0.0,0.0,0.0,3.0,0.0,0.0,0.0,3.0,0.0,0.0,0.0,1.0,0.0014233968196641208,0.004563840826785828,12.0,8.0,-0.04893697439289427,-0.04108676895374573,11.0,10.0,-0.04457513879740284,-0.03659607052144031,9.0,8.0,5,6
23,202204010302,0.0,0.0,1.0,2.0,0.0,0.0,0.0,7.0,0.0,0.0,0.0,0.0,0.0,0.0,0.0,1.0,0.0,0.0,0.0,2.0,0.0,0.0,0.0,0.0,0.0,0.0,0.0,0.0,0.0,0.0,0.0,2.0,0.0,0.0,0.0,0.0,0.0018230262235310617,0.006380200849051181,10.0,4.0,-0.023068008980951692,-0.02669307506405248,9.0,14.0,0.004446619822301125,0.00837884960212859,8.0,4.0,6,9
24,202204010302,0.0,0.0,2.0,7.0,0.0,0.0,1.0,7.0,0.0,0.0,0.0,0.0,0.0,0.0,1.0,3.0,0.0,0.0,0.0,3.0,0.0,0.0,0.0,0.0,0.0,0.0,1.0,2.0,0.0,0.0,0.0,2.0,0.0,0.0,0.0,0.0,-0.009698395642669236,-0.0064354698723985745,12.0,8.0,-0.000490940753640372,0.002742230347349177,12.0,11.0,-0.018970691763310978,-0.01567780178383469,9.0,7.0,7,11
25,202204010310,2.0,0.0,0.0,5.0,1.0,3.0,1.0,20.0,0.0,0.0,0.0,0.0,1.0,0.0,0.0,1.0,0.0,1.0,0.0,6.0,0.0,0.0,0.0,0.0,0.0,0.0,0.0,0.0,0.0,0.0,0.0,0.0,0.0,0.0,0.0,0.0,0.01318171941768668,0.012904686438759338,4.0,3.0,-0.016789926044373377,-0.029557733936396755,4.0,10.0,0.0005214262746699806,-0.006282209447813039,2.0,1.0,4,4
26,202204010310,0.0,0.0,2.0,7.0,0.0,0.0,0.0,0.0,0.0,0.0,0.0,0.0,0.0,0.0,1.0,3.0,0.0,0.0,0.0,0.0,0.0,0.0,0.0,0.0,0.0,0.0,0.0,0.0,0.0,0.0,0.0,0.0,0.0,0.0,0.0,0.0,-0.0040610810567802075,-0.00788988755593998,1.0,5.0,0.017874974210852074,0.011750149471866074,5.0,2.0,-0.017245145962478496,-0.01348115902598286,1.0,1.0,7,10
27,202204010310,0.0,1.0,0.0,5.0,2.0,0.0,0.0,16.0,0.0,0.0,0.0,0.0,0.0,0.0,0.0,1.0,2.0,0.0,0.0,2.0,0.0,0.0,0.0,0.0,0.0,0.0,0.0,0.0,0.0,0.0,0.0,0.0,0.0,0.0,0.0,0.0,0.005318493066230446,-0.0033915170612380282,11.0,7.0,-0.000622600394313583,-0.00572884462092034,6.0,8.0,-0.001712016901613667,-0.0045662100456621,5.0,8.0,5,7
28,202204010310,1.0,0.0,1.0,8.0,1.0,0.0,1.0,10.0,1.0,0.0,0.0,0.0,1.0,0.0,1.0,2.0,1.0,0.0,0.0,2.0,1.0,0.0,0.0,0.0,0.0,0.0,0.0,0.0,0.0,0.0,0.0,0.0,0.0,0.0,0.0,0.0,0.005351374012544081,-0.003358348190223475,7.0,3.0,0.016642314301730396,0.012467815317601676,13.0,5.0,-0.00024799537075307927,-0.007888182719298977,11.0,9.0,5,6
29,202204010310,0.0,0.0,1.0,8.0,0.0,0.0,0.0,1.0,0.0,0.0,0.0,1.0,0.0,0.0,0.0,1.0,0.0,0.0,0.0,0.0,0.0,0.0,0.0,0.0,0.0,0.0,0.0,0.0,0.0,0.0,0.0,0.0,0.0,0.0,0.0,0.0,-0.00594421582075903,-0.012770110391942032,1.0,1.0,0.0009827411167512691,-0.0018488804906456422,5.0,4.0,0.005942876479110049,0.001624928311986236,7.0,10.0,7,11
30,202204010310,0.0,0.0,1.0,2.0,0.0,0.0,1.0,0.0,0.0,0.0,1.0,0.0,0.0,0.0,0.0,0.0,0.0,0.0,0.0,0.0,0.0,0.0,0.0,0.0,0.0,0.0,0.0,0.0,0.0,0.0,0.0,0.0,0.0,0.0,0.0,0.0,0.01788322673818857,0.011758453464425696,3.0,7.0,0.010912657186313051,0.0065281998196814375,3.0,2.0,-0.0029099637487566892,-0.011692027032629877,4.0,6.0,6,8
31,202204010310,3.0,1.0,0.0,15.0,0.0,0.0,1.0,0.0,0.0,0.0,0.0,0.0,1.0,0.0,0.0,5.0,0.0,0.0,1.0,0.0,0.0,0.0,0.0,0.0,0.0,0.0,0.0,0.0,0.0,0.0,0.0,0.0,0.0,0.0,0.0,0.0,-0.007277478834514487,-0.014059159921802204,2.0,1.0,0.005911152939185974,0.0015930669725355254,3.0,8.0,0.015009849754491194,0.012221730797582191,2.0,8.0,8,12
32,202204010310,3.0,1.0,0.0,15.0,0.0,0.0,0.0,1.0,0.0,0.0,0.0,0.0,1.0,0.0,0.0,5.0,0.0,0.0,0.0,0.0,0.0,0.0,0.0,0.0,0.0,0.0,0.0,0.0,0.0,0.0,0.0,0.0,0.0,0.0,0.0,0.0,0.006231163965138063,-0.005812036273701566,9.0,3.0,-0.00891470498318557,-0.004309190505173463,7.0,5.0,-0.021380693771710944,-0.01979653896413175,11.0,12.0,8,13
33,202204010310,1.0,0.0,0.0,2.0,0.0,1.0,2.0,19.0,0.0,0.0,0.0,0.0,0.0,0.0,0.0,0.0,0.0,1.0,1.0,5.0,0.0,0.0,0.0,0.0,0.0,0.0,0.0,0.0,0.0,0.0,0.0,0.0,0.0,0.0,0.0,0.0,0.008790618400088926,0.0021261714925164357,11.0,9.0,-0.008278233552317375,-0.016237899128202386,6.0,7.0,-0.00018694034733516535,-0.009071706084266908,7.0,11.0,1,1
34,202204010310,1.0,1.0,0.0,4.0,0.0,0.0,0.0,0.0,0.0,0.0,0.0,0.0,0.0,0.0,0.0,1.0,0.0,0.0,0.0,0.0,0.0,0.0,0.0,0.0,0.0,0.0,0.0,0.0,0.0,0.0,0.0,0.0,0.0,0.0,0.0,0.0,0.0062067280280198745,-0.00583676834295136,5.0,8.0,0.008818407499351588,0.002953755555762619,2.0,1.0,0.008781355367001371,0.0029164841922829643,10.0,3.0,6,9
35,202204010310,1.0,2.0,2.0,19.0,0.0,2.0,0.0,7.0,0.0,0.0,0.0,1.0,0.0,1.0,0.0,4.0,0.0,0.0,0.0,0.0,0.0,0.0,0.0,0.0,0.0,0.0,0.0,0.0,0.0,0.0,0.0,0.0,0.0,0.0,0.0,0.0,0.004046860288259579,0.003767262848086937,7.0,10.0,0.003993000614307787,-0.0018256033853240212,10.0,11.0,-0.006824840107282856,-0.013103700259084567,5.0,9.0,2,2
36,202204010310,1.0,1.0,0.0,12.0,0.0,0.0,0.0,2.0,0.0,0.0,0.0,1.0,0.0,0.0,0.0,2.0,0.0,0.0,0.0,1.0,0.0,0.0,0.0,0.0,0.0,0.0,0.0,0.0,0.0,0.0,0.0,0.0,0.0,0.0,0.0,0.0,-0.0008111325306281537,-0.004652835056997229,9.0,9.0,-0.004578764262374824,-0.01185467636627009,8.0,7.0,0.00314586191129401,-0.006797820264154429,11.0,8.0,4,5
37,202204010310,1.0,2.0,2.0,19.0,2.0,0.0,1.0,2.0,0.0,0.0,0.0,1.0,0.0,1.0,0.0,4.0,1.0,0.0,1.0,0.0,0.0,0.0,0.0,0.0,0.0,0.0,0.0,0.0,0.0,0.0,0.0,0.0,0.0,0.0,0.0,0.0,-0.000615188484857469,-0.005721394887993265,7.0,7.0,0.0014276872292139468,-0.004799707699461901,10.0,13.0,0.004446619822301125,-0.0034366272555479372,5.0,6.0,3,3
38,202204010408,6.0,7.0,6.0,66.0,0.0,0.0,1.0,20.0,0.0,0.0,0.0,1.0,0.0,1.0,3.0,10.0,0.0,0.0,1.0,5.0,0.0,0.0,0.0,0.0,0.0,0.0,0.0,1.0,0.0,0.0,0.0,0.0,0.0,0.0,0.0,0.0,-0.00970412514401777,-0.012,5.0,13.0,-0.010325028954436806,-0.012845849802371542,8.0,12.0,-0.008994205655971633,-0.012350321050500376,2.0,7.0,6,6
39,202204010408,13.0,11.0,12.0,89.0,1.0,0.0,2.0,13.0,0.0,0.0,0.0,1.0,5.0,4.0,3.0,17.0,0.0,0.0,0.0,2.0,0.0,0.0,0.0,1.0,1.0,0.0,1.0,1.0,0.0,0.0,0.0,0.0,0.0,0.0,0.0,0.0,0.008469114585054699,0.0002499312689010522,5.0,1.0,-0.007139233707328718,-0.0030685330480266287,1.0,10.0,-0.009222488430864158,-0.007371007371007371,1.0,3.0,5,5
40,202204010408,2.0,6.0,2.0,56.0,4.0,7.0,5.0,66.0,0.0,0.0,0.0,1.0,0.0,1.0,0.0,13.0,1.0,1.0,2.0,11.0,0.0,0.0,0.0,0.0,0.0,0.0,0.0,1.0,0.0,0.0,0.0,2.0,0.0,0.0,0.0,0.0,0.00627189052700171,0.00597231388461131,1.0,3.0,-0.014641952700306037,-0.01766404394913417,5.0,4.0,0.0,0.0,3.0,11.0,1,1
41,202204010408,13.0,11.0,14.0,129.0,0.0,0.0,0.0,0.0,0.0,0.0,0.0,0.0,3.0,1.0,3.0,25.0,0.0,0.0,0.0,0.0,0.0,0.0,0.0,0.0,0.0,0.0,0.0,2.0,0.0,0.0,0.0,0.0,0.0,0.0,0.0,0.0,0.01429572187286175,0.005677896466721446,14.0,8.0,0.0010266370699223086,-0.006607642124883504,12.0,12.0,0.0,0.0,1.0,5.0,8,9
42,202204010408,0.0,1.0,1.0,15.0,8.0,9.0,13.0,115.0,0.0,0.0,1.0,0.0,0.0,0.0,0.0,2.0,1.0,0.0,2.0,18.0,0.0,0.0,0.0,0.0,0.0,0.0,0.0,0.0,0.0,0.0,0.0,6.0,0.0,0.0,0.0,0.0,-0.02240725126475548,-0.025737004610244047,90.0,14.0,-0.00046315165437770943,-0.006382720995890832,80.0,12.0,-0.0038410167494877263,-0.008013861815031406,20.0,7.0,3,3
43,202204010408,6.0,7.0,6.0,66.0,7.0,1.0,1.0,41.0,0.0,0.0,0.0,3.0,0.0,1.0,3.0,10.0,0.0,0.0,0.0,11.0,0.0,0.0,0.0,0.0,0.0,0.0,0.0,1.0,0.0,0.0,0.0,3.0,0.0,0.0,0.0,0.0,0.001378172065194966,0.005751470733230355,6.0,1.0,-0.030273308716866676,-0.010460200312027613,5.0,6.0,,,,,4,4
44,202204010408,5.0,2.0,3.0,50.0,8.0,9.0,13.0,115.0,1.0,0.0,0.0,5.0,1.0,0.0,0.0,12.0,1.0,0.0,2.0,18.0,0.0,0.0,0.0,1.0,0.0,0.0,0.0,3.0,0.0,0.0,0.0,6.0,0.0,0.0,0.0,1.0,0.006239309277510792,0.005939722812935397,9.0,8.0,-0.019024141703256357,-0.01859674351023832,11.0,16.0,-0.006376467288640319,-0.00937393995052413,13.0,4.0,7,7
45,202204010408,13.0,11.0,14.0,129.0,6.0,3.0,1.0,21.0,0.0,0.0,0.0,3.0,3.0,1.0,3.0,25.0,2.0,2.0,1.0,3.0,0.0,0.0,0.0,1.0,0.0,0.0,0.0,2.0,1.0,0.0,0.0,1.0,0.0,0.0,0.0,1.0,0.0,0.0,50.0,1.0,0.0,0.0,30.0,1.0,0.0,0.0,40.0,7.0,2,2
46,202204010408,13.0,11.0,12.0,89.0,0.0,1.0,2.0,1.0,0.0,0.0,1.0,0.0,5.0,4.0,3.0,17.0,0.0,1.0,0.0,0.0,0.0,0.0,0.0,0.0,1.0,0.0,1.0,1.0,0.0,0.0,0.0,0.0,0.0,0.0,0.0,0.0,-0.031166973227059063,-0.03391393442622951,90.0,90.0,-0.04260812902174799,-0.04292244139717924,160.0,140.0,-0.01025908991944263,-0.018106020712655782,110.0,120.0,8,8
47,202204010411,7.0,5.0,9.0,103.0,6.0,4.0,7.0,89.0,1.0,0.0,0.0,8.0,1.0,2.0,3.0,18.0,2.0,1.0,1.0,12.0,0.0,0.0,0.0,1.0,0.0,0.0,0.0,0.0,0.0,0.0,0.0,0.0,0.0,0.0,0.0,0.0,0.025924982391991726,0.021275634655343753,10.0,6.0,-0.0012549460647497308,-0.007681530508720228,12.0,10.0,-0.0029264042219135067,-0.019562783079571475,7.0,10.0,8,10
48,202204010411,13.0,11.0,12.0,89.0,1.0,1.0,0.0,8.0,0.0,0.0,0.0,1.0,5.0,4.0,3.0,17.0,0.0,0.0,0.0,0.0,0.0,0.0,0.0,0.0,1.0,1.0,0.0,0.0,0.0,0.0,0.0,0.0,0.0,0.0,0.0,0.0,0.0004997120303553884,-0.011511494351396293,5.0,9.0,0.018081440586905778,0.00691386708137378,6.0,3.0,-0.00029759444490369514,-0.011755852842809365,2.0,4.0,3,3
49,202204010411,0.0,0.0,0.0,2.0,7.0,6.0,2.0,53.0,0.0,0.0,0.0,1.0,0.0,0.0,0.0,0.0,2.0,2.0,0.0,8.0,0.0,0.0,0.0,0.0,0.0,0.0,0.0,0.0,0.0,0.0,0.0,0.0,0.0,0.0,0.0,0.0,-0.0018198194886123416,-0.009259259259259259,80.0,8.0,0.01625196329668513,0.004983277591973244,110.0,7.0,,,,,5,5
50,202204010411,7.0,7.0,7.0,97.0,7.0,6.0,2.0,53.0,0.0,0.0,0.0,0.0,1.0,1.0,2.0,13.0,2.0,2.0,0.0,8.0,0.0,0.0,0.0,0.0,0.0,0.0,0.0,2.0,0.0,0.0,0.0,0.0,0.0,0.0,0.0,0.0,0.018592754984862722,0.012510504201680673,12.0,3.0,0.007359773610407163,-0.005669843918824952,5.0,4.0,0.0019836869470934676,-0.011374703458609066,12.0,10.0,1,1
51,202204010411,0.0,1.0,1.0,9.0,6.0,5.0,11.0,96.0,0.0,0.0,0.0,0.0,0.0,0.0,0.0,1.0,2.0,1.0,4.0,20.0,0.0,0.0,0.0,0.0,0.0,0.0,0.0,1.0,0.0,0.0,1.0,0.0,0.0,0.0,0.0,0.0,0.002651285333156027,-0.007336769470980307,12.0,16.0,0.002634662854578246,-0.007353558417138156,5.0,5.0,0.009696719620383742,0.0015808303519427574,4.0,4.0,8,9
52,202204010411,7.0,5.0,9.0,103.0,0.0,0.0,4.0,25.0,0.0,0.0,0.0,3.0,1.0,2.0,3.0,18.0,0.0,0.0,1.0,1.0,0.0,0.0,0.0,0.0,0.0,0.0,0.0,0.0,0.0,0.0,0.0,0.0,0.0,0.0,0.0,0.0,0.006207031377276726,-0.0035865291282101905,2.0,3.0,0.01663312473005633,0.012458586734835131,3.0,1.0,0.007358030087786399,0.0045296803652968036,7.0,2.0,7,8
53,202204010411,1.0,1.0,0.0,12.0,4.0,7.0,5.0,66.0,0.0,0.0,0.0,1.0,0.0,1.0,0.0,3.0,1.0,1.0,2.0,11.0,0.0,0.0,0.0,0.0,0.0,0.0,0.0,0.0,0.0,0.0,0.0,0.0,0.0,0.0,0.0,0.0,0.0,0.0,110.0,10.0,-0.008580639828056543,-0.020133779264214047,40.0,8.0,0.004352691427913177,-0.0028094077867833523,60.0,2.0,7,7
54,202204010411,0.0,3.0,2.0,11.0,3.0,4.0,6.0,43.0,0.0,0.0,0.0,1.0,0.0,1.0,0.0,1.0,0.0,1.0,2.0,7.0,0.0,0.0,0.0,0.0,0.0,0.0,0.0,0.0,0.0,0.0,0.0,0.0,0.0,0.0,0.0,0.0,-0.011561343303711918,-0.01638961664709248,9.0,9.0,0.018053651487643114,0.006885761930636488,9.0,9.0,-0.016789286599983466,-0.02843645484949833,5.0,10.0,2,2
55,202204010411,6.0,7.0,6.0,66.0,4.0,2.0,0.0,27.0,1.0,0.0,0.0,0.0,0.0,1.0,3.0,10.0,0.0,1.0,0.0,9.0,0.0,0.0,0.0,0.0,0.0,0.0,0.0,1.0,0.0,0.0,0.0,0.0,0.0,0.0,0.0,0.0,0.0040767698579645935,-0.0017413447675398356,1.0,1.0,-0.004599913288990874,-0.011875978569983065,2.0,5.0,0.02900172026215529,0.013975072072361722,2.0,2.0,4,4
56,202204010411,0.0,3.0,0.0,3.0,6.0,4.0,5.0,37.0,0.0,0.0,0.0,1.0,0.0,0.0,0.0,0.0,0.0,1.0,2.0,9.0,0.0,0.0,0.0,0.0,0.0,0.0,0.0,0.0,0.0,0.0,0.0,0.0,0.0,0.0,0.0,0.0,-0.00015889929523489054,-0.01410226034213145,10.0,9.0,0.009680214565710749,0.001564190032448623,10.0,6.0,0.0034541667291064122,-0.001302436233324299,4.0,10.0,6,6
57,202204010505,6.0,15.0,12.0,124.0,7.0,10.0,5.0,92.0,1.0,2.0,1.0,13.0,2.0,5.0,2.0,20.0,2.0,3.0,0.0,20.0,0.0,2.0,0.0,2.0,2.0,2.0,1.0,5.0,0.0,1.0,0.0,4.0,0.0,0.0,0.0,0.0,0.001769461811384445,0.006654927987719536,6.0,4.0,-0.014547925315065434,-0.012596962236982675,8.0,9.0,-0.020079214107830434,-0.014346546777052835,5.0,6.0,5,9
58,202204010505,6.0,3.0,6.0,56.0,0.0,0.0,0.0,3.0,0.0,0.0,0.0,0.0,1.0,1.0,1.0,12.0,0.0,0.0,0.0,2.0,0.0,0.0,0.0,0.0,0.0,1.0,1.0,4.0,0.0,0.0,0.0,2.0,0.0,0.0,0.0,0.0,0.00017351356710843772,0.01019197892894244,10.0,4.0,0.00314586191129401,0.005056589996349032,10.0,2.0,-0.02386492674845027,-0.02189604719215941,15.0,14.0,4,8
59,202204010505,0.0,3.0,3.0,38.0,4.0,1.0,1.0,23.0,0.0,0.0,0.0,0.0,0.0,0.0,2.0,12.0,1.0,0.0,0.0,2.0,0.0,0.0,0.0,0.0,0.0,0.0,0.0,7.0,0.0,0.0,0.0,1.0,0.0,0.0,0.0,0.0,-0.010075751405066384,-0.008662621398708334,5.0,5.0,-0.007250256345108572,-0.002320646530317396,9.0,4.0,-0.0331819281818351,-0.012320796702294532,13.0,13.0,3,6
60,202204010505,4.0,3.0,4.0,47.0,6.0,5.0,11.0,96.0,0.0,0.0,0.0,0.0,1.0,0.0,0.0,10.0,2.0,1.0,4.0,20.0,0.0,0.0,0.0,0.0,1.0,0.0,0.0,4.0,2.0,0.0,1.0,12.0,0.0,0.0,0.0,0.0,-0.02573633198456761,-0.017901165396683103,5.0,8.0,-0.03209809597942923,-0.01759998620285256,2.0,5.0,,,,,7,13
61,202204010505,13.0,11.0,14.0,129.0,0.0,0.0,0.0,1.0,0.0,0.0,0.0,0.0,3.0,1.0,3.0,25.0,0.0,0.0,0.0,1.0,0.0,0.0,0.0,0.0,3.0,0.0,1.0,8.0,0.0,0.0,0.0,1.0,0.0,0.0,0.0,0.0,-0.028770293924888626,-0.007114258565940893,12.0,14.0,,,,,,,,,1,2
62,202204010505,6.0,15.0,12.0,124.0,8.0,9.0,13.0,115.0,0.0,0.0,0.0,11.0,2.0,5.0,2.0,20.0,1.0,0.0,2.0,18.0,0.0,0.0,0.0,1.0,2.0,2.0,1.0,5.0,0.0,0.0,2.0,7.0,0.0,0.0,0.0,0.0,0.003118427069044353,0.005029207740051113,2.0,4.0,-0.012320234914323755,-0.01111232557292236,2.0,3.0,-0.03467303878699792,-0.01752770880019381,1.0,10.0,3,5
63,202204010505,0.0,0.0,0.0,3.0,0.0,0.0,2.0,7.0,0.0,0.0,0.0,0.0,0.0,0.0,0.0,0.0,0.0,0.0,1.0,0.0,0.0,0.0,0.0,0.0,0.0,0.0,0.0,0.0,0.0,0.0,1.0,0.0,0.0,0.0,0.0,0.0,-0.0007900641532092406,0.0010094637223974764,5.0,5.0,0.005277391883338403,0.008602397201353444,9.0,9.0,-0.010898832005440227,-0.005217756821463165,5.0,6.0,6,12
64,202204010505,9.0,7.0,9.0,68.0,7.0,10.0,5.0,92.0,0.0,0.0,0.0,2.0,4.0,3.0,2.0,9.0,2.0,3.0,0.0,20.0,0.0,0.0,0.0,0.0,0.0,2.0,2.0,3.0,0.0,1.0,0.0,4.0,0.0,0.0,0.0,0.0,-0.010059460780320925,-0.008646353565095737,7.0,3.0,-0.012178428916302338,-0.008180533635214305,8.0,6.0,-0.003292826976909759,-0.0036094947516651424,12.0,7.0,5,10
65,202204010505,6.0,3.0,6.0,56.0,0.0,0.0,0.0,1.0,0.0,0.0,0.0,0.0,1.0,1.0,1.0,12.0,0.0,0.0,0.0,0.0,0.0,0.0,0.0,0.0,0.0,1.0,1.0,4.0,0.0,0.0,0.0,0.0,0.0,0.0,0.0,0.0,-0.03752827472753444,-0.03342301998864176,160.0,18.0,,,,,,,,,2,3
66,202204010505,0.0,0.0,1.0,8.0,2.0,2.0,1.0,24.0,0.0,0.0,0.0,0.0,0.0,0.0,0.0,1.0,0.0,1.0,1.0,6.0,0.0,0.0,0.0,0.0,0.0,0.0,0.0,1.0,0.0,1.0,1.0,3.0,0.0,0.0,0.0,0.0,-0.061132932481989616,-0.039707438076824864,70.0,160.0,,,,,,,,,7,14
67,202204010505,7.0,5.0,9.0,103.0,7.0,10.0,5.0,92.0,0.0,1.0,0.0,9.0,1.0,2.0,3.0,18.0,2.0,3.0,0.0,20.0,0.0,0.0,0.0,4.0,0.0,1.0,2.0,8.0,0.0,1.0,0.0,4.0,0.0,0.0,0.0,1.0,-0.02772915305900283,-0.020247780265762922,6.0,10.0,-0.014623437732317623,-0.0053295665285890085,1.0,7.0,-0.013748099341104917,-0.009293328567523811,13.0,6.0,6,11
68,202204010505,1.0,0.0,1.0,2.0,1.0,0.0,0.0,11.0,0.0,0.0,0.0,0.0,0.0,0.0,0.0,0.0,0.0,0.0,0.0,1.0,0.0,0.0,0.0,0.0,0.0,0.0,0.0,0.0,0.0,0.0,0.0,1.0,0.0,0.0,0.0,0.0,,,,,,,,,,,,,8,15
69,202204010505,2.0,0.0,1.0,10.0,7.0,1.0,1.0,41.0,0.0,0.0,0.0,0.0,1.0,0.0,0.0,2.0,0.0,0.0,0.0,11.0,0.0,0.0,0.0,0.0,0.0,0.0,0.0,0.0,0.0,0.0,0.0,4.0,0.0,0.0,0.0,0.0,-0.029241217066872514,-0.02345706087687556,15.0,11.0,-0.020070024536156368,-0.014337408849169363,13.0,11.0,-0.04101294866211321,-0.020354618051578916,12.0,8.0,2,4
70,202204010505,4.0,9.0,4.0,64.0,0.0,4.0,0.0,8.0,0.0,0.0,0.0,0.0,1.0,2.0,1.0,15.0,0.0,0.0,0.0,2.0,0.0,0.0,0.0,0.0,1.0,1.0,0.0,8.0,0.0,0.0,0.0,0.0,0.0,0.0,0.0,0.0,-0.06028226756514773,-0.0454534894526531,3.0,12.0,,,,,,,,,8,16
71,202204010505,1.0,0.0,2.0,11.0,9.0,12.0,17.0,146.0,0.0,0.0,0.0,3.0,1.0,0.0,0.0,2.0,1.0,1.0,1.0,17.0,0.0,0.0,0.0,2.0,0.0,0.0,0.0,1.0,0.0,0.0,1.0,7.0,0.0,0.0,0.0,1.0,-0.037468968839156694,-0.034116300112643806,14.0,12.0,,,6.0,,-0.016326800409822522,-0.006142998535823251,9.0,10.0,4,7
72,202204010505,1.0,3.0,0.0,17.0,10.0,8.0,5.0,129.0,0.0,0.0,0.0,1.0,0.0,0.0,0.0,2.0,3.0,0.0,1.0,33.0,0.0,0.0,0.0,0.0,0.0,0.0,0.0,2.0,0.0,0.0,0.0,12.0,0.0,0.0,0.0,0.0,-0.042777158853943495,-0.041304750902115155,17.0,18.0,-0.0443052074631022,-0.03778832450083713,16.0,16.0,-0.04833706703429261,-0.03183038869257951,10.0,15.0,1,1
73,202204010509,0.0,0.0,0.0,4.0,0.0,1.0,0.0,5.0,0.0,0.0,0.0,1.0,0.0,0.0,0.0,0.0,0.0,0.0,0.0,1.0,0.0,0.0,0.0,0.0,0.0,0.0,0.0,0.0,0.0,0.0,0.0,1.0,0.0,0.0,0.0,0.0,0.00043589030594990265,0.00429714696392343,5.0,5.0,-0.029287164925242835,-0.03513733318546449,6.0,9.0,-0.00015889929523489054,0.0037984936365921553,6.0,1.0,4,4
74,202204010509,6.0,7.0,6.0,66.0,8.0,9.0,13.0,115.0,0.0,0.0,1.0,3.0,0.0,1.0,3.0,10.0,1.0,0.0,2.0,18.0,0.0,0.0,0.0,0.0,0.0,0.0,0.0,1.0,0.0,0.0,0.0,6.0,0.0,0.0,0.0,0.0,0.006942805284020153,0.0084197522837359,1.0,2.0,-0.0032544595884209755,0.0013964212645731172,1.0,1.0,0.004430027957292539,0.008362323271552402,2.0,2.0,7,7
75,202204010509,1.0,3.0,1.0,7.0,6.0,4.0,5.0,37.0,0.0,0.0,0.0,0.0,1.0,1.0,0.0,1.0,0.0,1.0,2.0,9.0,0.0,0.0,0.0,0.0,0.0,0.0,0.0,0.0,0.0,0.0,0.0,2.0,0.0,0.0,0.0,0.0,-0.017143783720038917,-0.020475771446318576,3.0,6.0,0.005343153775965673,-0.0029508060839653527,11.0,8.0,-0.006045391196802865,-0.017170265579216512,5.0,9.0,7,8
76,202204010509,6.0,6.0,1.0,50.0,4.0,7.0,5.0,66.0,1.0,0.0,0.0,0.0,1.0,2.0,0.0,9.0,1.0,1.0,2.0,11.0,0.0,0.0,0.0,0.0,0.0,0.0,0.0,1.0,0.0,0.0,0.0,2.0,0.0,0.0,0.0,0.0,-0.005798647856774273,-0.009294283883764404,4.0,8.0,0.0012840022826707247,0.0017248287054956845,5.0,4.0,-0.003295242290030261,-0.007156250255872792,2.0,2.0,8,9
77,202204010509,0.0,0.0,1.0,2.0,6.0,4.0,5.0,56.0,0.0,0.0,0.0,1.0,0.0,0.0,0.0,1.0,1.0,0.0,1.0,16.0,0.0,0.0,0.0,1.0,0.0,0.0,0.0,0.0,0.0,0.0,0.0,0.0,0.0,0.0,0.0,0.0,0.005954703379596083,0.0033066318926974663,4.0,5.0,-0.0031783240412231796,0.0012299993692310926,2.0,1.0,0.007359773610407163,0.011721788860621097,3.0,2.0,2,2
78,202204010509,1.0,0.0,0.0,1.0,0.0,1.0,0.0,0.0,0.0,0.0,0.0,0.0,0.0,0.0,0.0,0.0,0.0,1.0,0.0,0.0,0.0,0.0,0.0,0.0,0.0,0.0,0.0,0.0,0.0,0.0,0.0,0.0,0.0,0.0,0.0,0.0,-0.0051396106441978,-0.009457127925373883,7.0,8.0,-0.017136413219729356,-0.02046837680152034,7.0,4.0,-0.0028853030390214632,-0.008981441661980217,9.0,11.0,1,1
79,202204010509,2.0,6.0,2.0,56.0,0.0,0.0,0.0,9.0,0.0,0.0,0.0,0.0,0.0,1.0,0.0,13.0,0.0,0.0,0.0,1.0,0.0,0.0,0.0,0.0,0.0,0.0,0.0,1.0,0.0,0.0,0.0,0.0,0.0,0.0,0.0,0.0,0.005245743722907461,0.000589095422938955,6.0,10.0,-0.0522426407614946,-0.05629201431250051,8.0,8.0,-0.0068330926346193525,-0.008522633336639884,9.0,6.0,5,5
80,202204010509,0.0,0.0,1.0,2.0,1.0,2.0,1.0,14.0,0.0,0.0,0.0,0.0,0.0,0.0,0.0,1.0,0.0,0.0,0.0,4.0,0.0,0.0,0.0,0.0,0.0,0.0,0.0,0.0,0.0,0.0,0.0,0.0,0.0,0.0,0.0,0.0,0.001832980953331579,0.006718136258973317,1.0,1.0,-0.008331299152011716,-0.0028499651670924023,4.0,3.0,-0.025770088931656922,-0.004931211669152992,8.0,2.0,6,6
81,202204010509,4.0,3.0,4.0,47.0,6.0,4.0,10.0,86.0,0.0,0.0,0.0,2.0,1.0,0.0,0.0,10.0,0.0,1.0,2.0,14.0,0.0,0.0,0.0,1.0,0.0,0.0,0.0,0.0,0.0,0.0,0.0,3.0,0.0,0.0,0.0,0.0,-0.02101890645354364,-0.024771193328386162,14.0,13.0,-0.00812555944694053,-0.01498805680237289,13.0,11.0,0.0,0.0,12.0,15.0,3,3
82,202204010509,4.0,2.0,5.0,51.0,7.0,6.0,2.0,53.0,0.0,0.0,0.0,0.0,1.0,2.0,1.0,9.0,2.0,2.0,0.0,8.0,0.0,0.0,0.0,0.0,0.0,2.0,0.0,1.0,1.0,0.0,0.0,1.0,0.0,0.0,0.0,0.0,0.0031550068587105624,0.005065717415115006,1.0,1.0,-0.022695350040659423,-0.004732911285148827,10.0,2.0,,,,,8,10
83,202204010605,13.0,11.0,14.0,129.0,0.0,0.0,0.0,1.0,0.0,0.0,0.0,0.0,3.0,1.0,3.0,25.0,0.0,0.0,0.0,0.0,0.0,0.0,0.0,0.0,3.0,0.0,1.0,8.0,0.0,0.0,0.0,0.0,0.0,0.0,0.0,0.0,-0.010100139184844864,-0.0049631136491752655,110.0,11.0,,,,,-0.006974973598251345,-0.0032298319019305587,30.0,5.0,1,1
84,202204010605,13.0,11.0,14.0,129.0,1.0,3.0,2.0,23.0,0.0,0.0,0.0,2.0,3.0,1.0,3.0,25.0,0.0,0.0,1.0,5.0,0.0,0.0,0.0,1.0,3.0,0.0,1.0,8.0,0.0,0.0,0.0,1.0,0.0,0.0,0.0,0.0,0.0023348863865510546,0.007758238510418206,2.0,2.0,0.010900118683240678,0.01188767550702028,4.0,2.0,,,,,3,6
85,202204010605,9.0,7.0,9.0,68.0,4.0,6.0,4.0,49.0,0.0,0.0,0.0,0.0,4.0,3.0,2.0,9.0,2.0,1.0,1.0,9.0,0.0,0.0,0.0,0.0,0.0,2.0,2.0,3.0,2.0,0.0,0.0,7.0,0.0,0.0,0.0,0.0,-0.025515125707184384,-0.016338236814000758,11.0,12.0,0.0,0.0,9.0,9.0,-0.023930080604627785,-0.0032557545690001096,10.0,11.0,5,10
86,202204010605,0.0,1.0,0.0,10.0,9.0,12.0,17.0,146.0,0.0,0.0,0.0,0.0,0.0,0.0,0.0,2.0,1.0,1.0,1.0,17.0,0.0,0.0,0.0,0.0,0.0,0.0,0.0,1.0,0.0,0.0,1.0,7.0,0.0,0.0,0.0,0.0,-0.002454376603083817,0.0032830855141180006,80.0,120.0,-0.009311335574348246,-0.003414709142843271,50.0,80.0,0.005285612119916811,0.008610589960592828,40.0,40.0,3,5
87,202204010605,4.0,2.0,0.0,38.0,0.0,1.0,1.0,38.0,0.0,0.0,0.0,0.0,0.0,1.0,0.0,5.0,0.0,0.0,0.0,11.0,0.0,0.0,0.0,0.0,0.0,0.0,0.0,1.0,0.0,0.0,0.0,8.0,0.0,0.0,0.0,0.0,-0.004952198160353444,-0.00851307397379754,14.0,6.0,-0.034813735428281804,-0.015975533900062202,13.0,12.0,,,,,5,9
88,202204010605,6.0,3.0,6.0,56.0,10.0,8.0,5.0,129.0,0.0,1.0,0.0,3.0,1.0,1.0,1.0,12.0,3.0,0.0,1.0,33.0,0.0,0.0,0.0,1.0,0.0,1.0,1.0,4.0,0.0,0.0,0.0,12.0,0.0,0.0,0.0,0.0,0.001847773185841438,0.006404834829163348,8.0,2.0,0.0005205405292856101,0.0015184607384295373,12.0,8.0,-0.014446809474208596,-0.010775589769507066,7.0,5.0,7,13
89,202204010605,1.0,3.0,1.0,7.0,1.0,0.0,1.0,0.0,0.0,0.0,0.0,0.0,1.0,1.0,0.0,1.0,0.0,0.0,0.0,0.0,0.0,0.0,0.0,0.0,1.0,0.0,0.0,0.0,0.0,0.0,0.0,0.0,0.0,0.0,0.0,0.0,0.010733204522552673,0.012895965167979632,7.0,2.0,-0.021384863711390974,-0.020166138375778773,4.0,6.0,-0.029493860310115364,-0.010258600039576325,9.0,6.0,8,15
90,202204010605,13.0,11.0,14.0,129.0,1.0,0.0,0.0,11.0,0.0,0.0,0.0,4.0,3.0,1.0,3.0,25.0,0.0,0.0,0.0,1.0,0.0,0.0,0.0,0.0,3.0,0.0,1.0,8.0,0.0,0.0,0.0,1.0,0.0,0.0,0.0,0.0,-0.01213694925378087,-0.008139217808773828,1.0,6.0,0.004413436092283953,0.008345796940976211,2.0,4.0,-0.008341912271950585,-0.002860520593637189,4.0,8.0,7,14
91,202204010605,4.0,2.0,0.0,38.0,0.0,0.0,2.0,7.0,0.0,0.0,0.0,0.0,0.0,1.0,0.0,5.0,0.0,0.0,1.0,0.0,0.0,0.0,0.0,0.0,0.0,0.0,0.0,1.0,0.0,0.0,1.0,0.0,0.0,0.0,0.0,0.0,-0.007259330508243877,-0.00232967628335365,7.0,8.0,-0.02766819072501633,-0.020187261708179517,4.0,8.0,-0.0028688625658646457,0.0004833727951236697,7.0,6.0,4,8
92,202204010605,13.0,11.0,12.0,89.0,1.0,2.0,2.0,15.0,0.0,0.0,0.0,1.0,5.0,4.0,3.0,17.0,0.0,0.0,1.0,8.0,0.0,0.0,0.0,0.0,1.0,1.0,1.0,9.0,0.0,0.0,1.0,5.0,0.0,0.0,0.0,0.0,,,,,,,,,,,,,6,11
93,202204010605,3.0,3.0,1.0,10.0,0.0,0.0,0.0,0.0,0.0,0.0,0.0,0.0,1.0,1.0,0.0,2.0,0.0,0.0,0.0,0.0,0.0,0.0,0.0,0.0,0.0,1.0,0.0,0.0,0.0,0.0,0.0,0.0,0.0,0.0,0.0,0.0,-0.01461307917124295,-0.012661990803102792,120.0,130.0,-0.0389132223505847,-0.032,50.0,90.0,-0.04124048100283784,-0.032314870102925844,40.0,80.0,2,3
94,202204010605,3.0,1.0,0.0,15.0,6.0,5.0,11.0,96.0,0.0,0.0,0.0,0.0,1.0,0.0,0.0,2.0,2.0,1.0,4.0,20.0,0.0,0.0,0.0,0.0,1.0,0.0,0.0,0.0,2.0,0.0,1.0,12.0,0.0,0.0,0.0,0.0,-0.007710157253926726,-0.0055070752541372245,9.0,11.0,-0.0004353625551150469,0.0027976289402249182,3.0,3.0,-0.009753973841194561,-0.006490868465274315,7.0,3.0,8,16
95,202204010605,2.0,0.0,1.0,29.0,7.0,10.0,5.0,92.0,0.0,0.0,0.0,6.0,0.0,0.0,0.0,5.0,2.0,3.0,0.0,20.0,0.0,0.0,0.0,1.0,0.0,0.0,0.0,2.0,0.0,1.0,0.0,4.0,0.0,0.0,0.0,0.0,-0.010043170155575466,-0.008630085731483139,120.0,8.0,-0.024286196992735258,-0.019785118058913816,140.0,14.0,-0.04102357102643907,-0.02036502962091476,130.0,14.0,4,7
96,202204010605,1.0,0.0,1.0,14.0,6.0,4.0,7.0,89.0,0.0,0.0,0.0,0.0,0.0,0.0,0.0,5.0,2.0,1.0,1.0,12.0,0.0,0.0,0.0,0.0,0.0,0.0,0.0,1.0,1.0,0.0,1.0,5.0,0.0,0.0,0.0,0.0,-0.022331161392833827,-0.01713193304085684,160.0,140.0,,,,,,,,,2,4
97,202204010605,2.0,6.0,8.0,65.0,5.0,1.0,2.0,32.0,0.0,0.0,0.0,1.0,0.0,0.0,1.0,11.0,0.0,0.0,0.0,6.0,0.0,0.0,0.0,1.0,0.0,0.0,1.0,7.0,0.0,0.0,0.0,4.0,0.0,0.0,0.0,1.0,-0.05468376501026463,-0.046473017467492606,15.0,14.0,-0.03045112781954887,-0.024020699865782955,13.0,16.0,-0.04107668284806832,-0.02041708746759399,10.0,10.0,6,12
98,202204010605,0.0,0.0,0.0,2.0,4.0,7.0,5.0,66.0,0.0,0.0,0.0,0.0,0.0,0.0,0.0,0.0,1.0,1.0,2.0,11.0,0.0,0.0,0.0,0.0,0.0,0.0,0.0,0.0,1.0,1.0,1.0,4.0,0.0,0.0,0.0,0.0,-0.03042245142923912,-0.02718185476185434,18.0,18.0,-0.01116308127347905,-0.00778312127741502,17.0,15.0,-0.057857239155008455,-0.03349544072948328,15.0,13.0,1,2
99,202204010609,1.0,3.0,0.0,17.0,1.0,0.0,0.0,3.0,1.0,0.0,0.0,0.0,0.0,0.0,0.0,2.0,0.0,0.0,0.0,1.0,0.0,0.0,0.0,0.0,0.0,0.0,0.0,0.0,0.0,0.0,0.0,1.0,0.0,0.0,0.0,0.0,-0.02124702144559174,-0.024618624772313295,6.0,4.0,-0.00045388862129015523,-0.0063734031550209186,8.0,7.0,0.008644818939879876,0.004916665447255593,10.0,5.0,4,4
100,202204010609,13.0,11.0,12.0,89.0,0.0,1.0,0.0,8.0,0.0,0.0,0.0,1.0,5.0,4.0,3.0,17.0,0.0,1.0,0.0,2.0,0.0,0.0,0.0,1.0,1.0,0.0,1.0,1.0,0.0,0.0,0.0,0.0,0.0,0.0,0.0,0.0,-0.023334528630277164,-0.026891110311476993,60.0,10.0,0.0013946771198679595,-0.0002810567734682406,40.0,10.0,-0.0033350054809282276,-0.006007824143070045,60.0,3.0,7,10
101,202204010609,13.0,11.0,14.0,129.0,0.0,0.0,0.0,4.0,0.0,0.0,0.0,1.0,3.0,1.0,3.0,25.0,0.0,0.0,0.0,1.0,0.0,0.0,0.0,0.0,0.0,0.0,0.0,2.0,0.0,0.0,0.0,0.0,0.0,0.0,0.0,0.0,-0.0026067776218167233,-0.008963847232252856,2.0,5.0,-0.007295627160785097,-0.01407743043502092,8.0,5.0,-0.0083950848888472,-0.012323881492990572,2.0,8.0,3,3
102,202204010609,0.0,3.0,3.0,38.0,4.0,6.0,4.0,49.0,0.0,0.0,0.0,1.0,0.0,0.0,2.0,12.0,2.0,1.0,1.0,9.0,0.0,0.0,0.0,1.0,0.0,0.0,0.0,1.0,0.0,1.0,1.0,0.0,0.0,0.0,0.0,0.0,0.015207253404678297,0.012583830104321908,3.0,3.0,-0.0019141484075914312,-0.002216192873962178,4.0,2.0,0.004048846776745658,-0.0008792524483439187,5.0,9.0,2,2
103,202204010609,2.0,6.0,8.0,65.0,7.0,1.0,1.0,41.0,0.0,0.0,0.0,2.0,0.0,0.0,1.0,11.0,0.0,0.0,0.0,11.0,0.0,0.0,0.0,1.0,0.0,0.0,0.0,2.0,0.0,0.0,0.0,3.0,0.0,0.0,0.0,1.0,0.010879921599230511,0.004220488553523468,3.0,3.0,0.01663312473005633,0.011043954012790654,9.0,4.0,-0.0066369870861089746,-0.01001765406248717,6.0,7.0,1,1
104,202204010609,1.0,3.0,1.0,7.0,0.0,0.0,0.0,0.0,0.0,0.0,0.0,0.0,1.0,1.0,0.0,1.0,0.0,0.0,0.0,0.0,0.0,0.0,0.0,0.0,0.0,0.0,0.0,0.0,0.0,0.0,0.0,0.0,0.0,0.0,0.0,0.0,-0.020855025418019233,-0.024095768647851554,15.0,12.0,-0.02641545050199974,-0.029756409345927135,15.0,12.0,0.013310002047692622,0.008427728254870965,12.0,8.0,7,11
105,202204010609,3.0,5.0,3.0,51.0,0.0,1.0,1.0,5.0,0.0,0.0,0.0,1.0,0.0,0.0,1.0,10.0,0.0,0.0,0.0,2.0,0.0,0.0,0.0,1.0,0.0,0.0,0.0,1.0,0.0,0.0,0.0,1.0,0.0,0.0,0.0,0.0,0.0059825725061776565,0.003334575260804769,1.0,5.0,0.0014871310056192308,-0.0032123799359658482,4.0,7.0,0.0073914512586585575,0.0017521689728042136,4.0,3.0,5,7
106,202204010609,0.0,3.0,3.0,38.0,0.0,0.0,0.0,0.0,0.0,0.0,0.0,0.0,0.0,0.0,2.0,12.0,0.0,0.0,0.0,0.0,0.0,0.0,0.0,0.0,0.0,0.0,0.0,1.0,0.0,0.0,0.0,0.0,0.0,0.0,0.0,0.0,-0.007169073764621628,-0.005428954423592493,11.0,9.0,-0.010043170155575466,-0.010347665257102817,15.0,7.0,-0.026693183359053664,-0.02517730496453901,8.0,7.0,6,8
107,202204010609,3.0,0.0,1.0,25.0,0.0,1.0,0.0,2.0,0.0,0.0,0.0,0.0,0.0,0.0,1.0,7.0,0.0,0.0,0.0,0.0,0.0,0.0,0.0,0.0,0.0,0.0,0.0,4.0,0.0,0.0,0.0,0.0,0.0,0.0,0.0,0.0,-0.0013385328836424957,-0.004599670092627839,3.0,5.0,0.014269034950044023,0.014080327743318783,1.0,4.0,0.015514164916012553,0.009051094890510949,3.0,3.0,8,12
108,202204010609,0.0,1.0,0.0,8.0,4.0,1.0,1.0,23.0,0.0,0.0,0.0,2.0,0.0,0.0,0.0,1.0,1.0,0.0,0.0,2.0,0.0,0.0,0.0,1.0,0.0,0.0,0.0,1.0,0.0,0.0,0.0,1.0,0.0,0.0,0.0,1.0,0.010852699109824596,0.004193082783695394,90.0,4.0,-0.01632441948041342,-0.023167010761332287,140.0,14.0,-0.00018694034733516535,-0.0019100765903260239,170.0,14.0,8,13
109,202204010609,2.0,6.0,8.0,65.0,7.0,1.0,1.0,41.0,0.0,0.0,0.0,2.0,0.0,0.0,1.0,11.0,0.0,0.0,0.0,11.0,0.0,0.0,0.0,1.0,0.0,0.0,0.0,2.0,0.0,0.0,0.0,3.0,0.0,0.0,0.0,1.0,0.0,0.0,1.0,1.0,0.0,0.0,1.0,1.0,0.0,0.0,1.0,1.0,5,6
110,202204010609,2.0,6.0,8.0,65.0,7.0,10.0,5.0,92.0,1.0,0.0,3.0,3.0,0.0,0.0,1.0,11.0,2.0,3.0,0.0,20.0,0.0,0.0,0.0,2.0,0.0,0.0,0.0,2.0,0.0,0.0,0.0,4.0,0.0,0.0,0.0,0.0,-0.05131313513974258,-0.055180608365019014,8.0,12.0,-0.01630627115414281,-0.02314874024811357,15.0,12.0,-0.0033535848986492763,-0.0036239627568135147,5.0,5.0,4,5
111,202204010609,4.0,3.0,4.0,61.0,0.0,0.0,0.0,4.0,0.0,0.0,0.0,0.0,0.0,1.0,1.0,10.0,0.0,0.0,0.0,1.0,0.0,0.0,0.0,0.0,0.0,0.0,0.0,2.0,0.0,0.0,0.0,0.0,0.0,0.0,0.0,0.0,-0.0033257157720677035,-0.0059985096870342775,12.0,11.0,-0.008139104698483167,-0.015843429636533086,16.0,14.0,-0.006857850216628843,-0.00854743246371061,14.0,16.0,6,9
112,202204010705,1.0,2.0,0.0,13.0,1.0,0.0,0.0,1.0,0.0,0.0,0.0,0.0,0.0,2.0,0.0,4.0,0.0,0.0,0.0,1.0,0.0,0.0,0.0,0.0,0.0,2.0,0.0,4.0,0.0,0.0,0.0,0.0,0.0,0.0,0.0,0.0,-0.0038410167494877263,0.00012394747932142886,1.0,2.0,-0.0046316368289149494,-0.002162447257383966,10.0,4.0,-0.028190604378142935,-0.010685507952112754,11.0,5.0,6,12
113,202204010705,0.0,0.0,0.0,7.0,1.0,0.0,0.0,2.0,0.0,0.0,0.0,0.0,0.0,0.0,0.0,1.0,1.0,0.0,0.0,2.0,0.0,0.0,0.0,0.0,0.0,0.0,0.0,1.0,0.0,0.0,0.0,0.0,0.0,0.0,0.0,0.0,-0.011538864995279556,-0.0021304234866199013,3.0,4.0,-0.008055987044320322,0.002044939592484438,3.0,2.0,-0.019016648933778902,-0.009538655680510709,4.0,12.0,4,7
114,202204010705,3.0,1.0,0.0,15.0,0.0,0.0,0.0,0.0,0.0,0.0,0.0,0.0,1.0,0.0,0.0,5.0,0.0,0.0,0.0,0.0,0.0,0.0,0.0,0.0,0.0,0.0,0.0,3.0,0.0,0.0,0.0,0.0,0.0,0.0,0.0,0.0,-0.005734755109334353,0.000957688338493292,11.0,9.0,-0.038946467307740255,-0.016565285277470563,6.0,8.0,,,,,2,3
115,202204010705,3.0,1.0,0.0,15.0,1.0,1.0,0.0,2.0,0.0,0.0,0.0,0.0,1.0,0.0,0.0,5.0,0.0,1.0,0.0,0.0,0.0,0.0,0.0,0.0,0.0,0.0,0.0,3.0,0.0,0.0,0.0,0.0,0.0,0.0,0.0,0.0,-0.028224461817777612,-0.02490166749764556,8.0,11.0,-0.009008619447086972,-0.005559066881176741,5.0,5.0,-0.009080688402663668,-0.005630889450700988,8.0,5.0,7,14
116,202204010705,3.0,0.0,2.0,9.0,1.0,1.0,1.0,14.0,0.0,0.0,1.0,0.0,1.0,0.0,0.0,5.0,0.0,0.0,0.0,3.0,0.0,0.0,0.0,0.0,1.0,0.0,0.0,2.0,0.0,0.0,0.0,2.0,0.0,0.0,0.0,0.0,-0.015163852083707848,-0.012668776371308017,110.0,100.0,-0.010100139184844864,-0.0049631136491752655,130.0,100.0,,,,,5,9
117,202204010705,1.0,1.0,0.0,12.0,0.0,0.0,0.0,8.0,0.0,0.0,0.0,0.0,0.0,0.0,0.0,1.0,0.0,0.0,0.0,4.0,0.0,0.0,0.0,0.0,0.0,0.0,0.0,0.0,0.0,0.0,0.0,3.0,0.0,0.0,0.0,0.0,-0.02089585757742798,-0.012144642694491392,120.0,110.0,-0.05460335012491297,-0.0374798549556809,140.0,80.0,,,,,3,5
118,202204010705,2.0,1.0,0.0,18.0,0.0,1.0,0.0,10.0,0.0,0.0,0.0,0.0,1.0,0.0,0.0,9.0,0.0,0.0,0.0,2.0,0.0,0.0,0.0,0.0,1.0,0.0,0.0,5.0,0.0,0.0,0.0,1.0,0.0,0.0,0.0,0.0,-0.029838397352392354,-0.021744445996926088,6.0,6.0,-0.0002645283954699512,-0.003175287475439193,7.0,6.0,-0.0190969863311503,-0.012965351448810496,14.0,12.0,4,8
119,202204010705,0.0,0.0,1.0,6.0,0.0,0.0,0.0,0.0,0.0,0.0,0.0,0.0,0.0,0.0,1.0,2.0,0.0,0.0,0.0,0.0,0.0,0.0,0.0,0.0,0.0,0.0,1.0,1.0,0.0,0.0,0.0,0.0,0.0,0.0,0.0,0.0,-0.01820477315305042,-0.01678027037139464,8.0,8.0,-0.03981844439859707,-0.022976374117073962,10.0,9.0,,,,,3,6
120,202204010705,0.0,0.0,0.0,0.0,2.0,1.0,2.0,12.0,0.0,0.0,0.0,0.0,0.0,0.0,0.0,0.0,1.0,0.0,1.0,3.0,0.0,0.0,0.0,0.0,0.0,0.0,0.0,0.0,1.0,0.0,1.0,3.0,0.0,0.0,0.0,0.0,-0.0029181839853350978,0.0004342162396873643,14.0,8.0,-0.026637069922308545,-0.022334791618696753,15.0,11.0,-0.03574980887949955,-0.01689990799477023,13.0,6.0,5,10
121,202204010705,3.0,0.0,2.0,23.0,0.0,0.0,0.0,1.0,0.0,0.0,0.0,0.0,2.0,0.0,0.0,6.0,0.0,0.0,0.0,1.0,0.0,0.0,0.0,0.0,2.0,0.0,0.0,2.0,0.0,0.0,0.0,1.0,0.0,0.0,0.0,0.0,-0.011047591036929469,-0.008581802178457476,2.0,10.0,-0.005258846962899533,-0.0033257466672859865,5.0,6.0,-0.019810709467713322,0.0004268743427696857,4.0,6.0,8,15
122,202204010705,2.0,1.0,0.0,5.0,2.0,1.0,0.0,8.0,0.0,0.0,0.0,0.0,1.0,0.0,0.0,2.0,0.0,0.0,0.0,3.0,0.0,0.0,0.0,0.0,0.0,0.0,0.0,0.0,0.0,0.0,0.0,2.0,0.0,0.0,0.0,0.0,-0.05176939257990655,-0.049746853081889544,30.0,17.0,-0.010076243849988595,-0.009270563721899367,20.0,9.0,-0.008039461942690947,0.0020612991092243136,30.0,2.0,7,13
123,202204010705,0.0,1.0,0.0,5.0,2.0,0.0,0.0,16.0,0.0,0.0,0.0,0.0,0.0,0.0,0.0,2.0,2.0,0.0,0.0,2.0,0.0,0.0,0.0,0.0,0.0,0.0,0.0,2.0,1.0,0.0,0.0,2.0,0.0,0.0,0.0,0.0,-0.021877264366534754,-0.022152633877547227,150.0,140.0,-0.022331161392833827,-0.01713193304085684,160.0,140.0,,,,,2,4
124,202204010705,2.0,1.0,0.0,18.0,0.0,0.0,0.0,8.0,0.0,0.0,0.0,2.0,1.0,0.0,0.0,9.0,0.0,0.0,0.0,4.0,0.0,0.0,0.0,2.0,1.0,0.0,0.0,5.0,0.0,0.0,0.0,3.0,0.0,0.0,0.0,2.0,-0.011056782044447712,-0.008590970770528478,100.0,50.0,-0.018989217829486087,-0.015696267981459937,150.0,110.0,-0.02819667271851495,-0.02487396820120769,80.0,140.0,1,1
125,202204010705,0.0,0.0,0.0,1.0,0.0,1.0,0.0,3.0,0.0,0.0,0.0,1.0,0.0,0.0,0.0,0.0,0.0,0.0,0.0,0.0,0.0,0.0,0.0,0.0,0.0,0.0,0.0,0.0,0.0,0.0,0.0,0.0,0.0,0.0,0.0,0.0,-0.05651796016843746,-0.04669116282522362,16.0,16.0,-0.05636294816158024,-0.03721694036300778,10.0,10.0,,,,,6,11
126,202204010705,1.0,1.0,1.0,10.0,0.0,0.0,0.0,0.0,0.0,0.0,0.0,0.0,0.0,0.0,0.0,4.0,0.0,0.0,0.0,0.0,0.0,0.0,0.0,0.0,0.0,0.0,0.0,4.0,0.0,0.0,0.0,0.0,0.0,0.0,0.0,0.0,-0.03129335215763305,-0.026078246955502083,180.0,180.0,-0.06895862482510494,-0.05939297895063217,110.0,150.0,-0.06169739286662175,-0.04420549581839905,100.0,150.0,8,16
127,202204010705,1.0,0.0,1.0,8.0,0.0,0.0,1.0,5.0,0.0,0.0,0.0,0.0,1.0,0.0,1.0,2.0,0.0,0.0,1.0,1.0,0.0,0.0,0.0,0.0,0.0,0.0,0.0,1.0,0.0,0.0,1.0,0.0,0.0,0.0,0.0,0.0,-0.011121980090587007,-0.0077421574812181,10.0,15.0,,,,,,,,,1,2
128,202204020101,0.0,0.0,1.0,8.0,1.0,2.0,1.0,15.0,0.0,0.0,0.0,0.0,0.0,0.0,0.0,1.0,1.0,1.0,1.0,3.0,0.0,0.0,0.0,0.0,0.0,0.0,0.0,1.0,0.0,0.0,1.0,2.0,0.0,0.0,0.0,0.0,-0.009744710808107007,0.009783349230140346,2.0,3.0,,,,,,,,,3,3
129,202204020101,0.0,0.0,0.0,0.0,0.0,1.0,0.0,4.0,0.0,0.0,0.0,0.0,0.0,0.0,0.0,0.0,0.0,0.0,0.0,0.0,0.0,0.0,0.0,0.0,0.0,0.0,0.0,0.0,0.0,0.0,0.0,0.0,0.0,0.0,0.0,0.0,-0.03320054356931439,-0.01233903622368949,5.0,5.0,,,,,,,,,5,5
130,202204020101,1.0,0.0,1.0,14.0,0.0,0.0,4.0,25.0,0.0,0.0,0.0,0.0,0.0,0.0,0.0,5.0,0.0,0.0,1.0,1.0,0.0,0.0,0.0,0.0,0.0,0.0,0.0,1.0,0.0,0.0,0.0,0.0,0.0,0.0,0.0,0.0,-0.019007743895661195,0.0006994595085615661,6.0,10.0,,,,,,,,,4,4
131,202204020101,6.0,3.0,6.0,56.0,0.0,4.0,0.0,8.0,0.0,0.0,0.0,0.0,1.0,1.0,1.0,12.0,0.0,0.0,0.0,2.0,0.0,0.0,0.0,0.0,0.0,1.0,1.0,4.0,0.0,0.0,0.0,0.0,0.0,0.0,0.0,0.0,-0.05891504439195243,-0.02823629906749029,3.0,5.0,,,,,,,,,6,6
132,202204020101,0.0,1.0,0.0,8.0,1.0,3.0,1.0,9.0,0.0,0.0,0.0,1.0,0.0,0.0,0.0,1.0,1.0,0.0,0.0,2.0,0.0,0.0,0.0,0.0,0.0,0.0,0.0,0.0,0.0,0.0,0.0,1.0,0.0,0.0,0.0,0.0,-0.03116467453620068,-0.00965188595428479,4.0,7.0,,,,,,,,,2,2
133,202204020101,0.0,0.0,0.0,0.0,9.0,12.0,17.0,146.0,0.0,0.0,0.0,0.0,0.0,0.0,0.0,0.0,1.0,1.0,1.0,17.0,0.0,0.0,0.0,0.0,0.0,0.0,0.0,0.0,0.0,0.0,1.0,7.0,0.0,0.0,0.0,0.0,-0.031148176561327096,-0.009635732170260883,5.0,5.0,,,,,,,,,7,7
134,202204020101,0.0,1.0,0.0,21.0,10.0,8.0,5.0,129.0,0.0,0.0,0.0,1.0,0.0,0.0,0.0,0.0,3.0,0.0,1.0,33.0,0.0,0.0,0.0,0.0,0.0,0.0,0.0,0.0,0.0,0.0,0.0,12.0,0.0,0.0,0.0,0.0,-0.04838014819920731,-0.03187279151943463,11.0,10.0,,,,,,,,,1,1
135,202204020101,6.0,3.0,6.0,56.0,0.0,0.0,2.0,7.0,0.0,0.0,0.0,1.0,1.0,1.0,1.0,12.0,0.0,0.0,1.0,0.0,0.0,0.0,0.0,0.0,0.0,1.0,1.0,4.0,0.0,0.0,1.0,0.0,0.0,0.0,0.0,0.0,-0.024298125285779605,-0.002021810504468559,8.0,9.0,,,,,,,,,8,8
136,202204020104,1.0,0.0,1.0,2.0,1.0,0.0,0.0,15.0,0.0,0.0,0.0,0.0,0.0,0.0,0.0,0.0,0.0,0.0,0.0,4.0,0.0,0.0,0.0,0.0,0.0,0.0,0.0,0.0,0.0,0.0,0.0,1.0,0.0,0.0,0.0,0.0,0.012709368596577099,0.016608962229071468,3.0,3.0,-0.006849597689292346,-0.002440266868242022,4.0,5.0,-0.024572826122880656,-0.014306397389021128,1.0,5.0,5,9
137,202204020104,13.0,11.0,12.0,89.0,10.0,8.0,5.0,129.0,2.0,0.0,0.0,4.0,5.0,4.0,3.0,17.0,3.0,0.0,1.0,33.0,1.0,0.0,0.0,1.0,1.0,1.0,1.0,9.0,0.0,0.0,0.0,12.0,0.0,0.0,0.0,1.0,0.008772092333913817,0.01197532915997267,4.0,4.0,0.01091052949382639,0.011898075923036922,3.0,9.0,-0.006841345161955849,-0.0024320504814802643,1.0,7.0,2,4
138,202204020104,13.0,11.0,14.0,129.0,0.0,0.0,0.0,2.0,0.0,0.0,0.0,1.0,3.0,1.0,3.0,25.0,0.0,0.0,0.0,0.0,0.0,0.0,0.0,0.0,3.0,0.0,1.0,8.0,0.0,0.0,0.0,0.0,0.0,0.0,0.0,0.0,0.01806291452073067,0.02123612726903403,1.0,2.0,-0.009543304731460192,-0.005548779920119914,1.0,2.0,-0.00016824631260164882,0.0037891836031691355,1.0,2.0,7,13
139,202204020104,6.0,7.0,6.0,66.0,8.0,9.0,13.0,115.0,0.0,0.0,1.0,3.0,0.0,1.0,3.0,10.0,1.0,0.0,2.0,18.0,0.0,0.0,0.0,0.0,0.0,1.0,2.0,4.0,0.0,0.0,2.0,7.0,0.0,0.0,0.0,0.0,0.0,0.0,50.0,5.0,0.0013864245925314627,0.005759687119992112,40.0,9.0,-0.004673934882147049,-0.0022046413502109703,100.0,9.0,7,14
140,202204020104,0.0,1.0,1.0,15.0,7.0,1.0,1.0,41.0,0.0,0.0,0.0,1.0,0.0,0.0,0.0,2.0,0.0,0.0,0.0,11.0,0.0,0.0,0.0,0.0,0.0,0.0,0.0,0.0,0.0,0.0,0.0,4.0,0.0,0.0,0.0,0.0,0.004471507619814005,0.008403639097992877,6.0,5.0,0.0017982792612206851,0.0063555668689390145,9.0,7.0,-0.0013596121416526137,0.0022892666995705,9.0,7.0,3,5
141,202204020104,0.0,0.0,0.0,2.0,10.0,8.0,5.0,129.0,0.0,0.0,0.0,0.0,0.0,0.0,0.0,0.0,3.0,0.0,1.0,33.0,0.0,0.0,0.0,0.0,0.0,0.0,0.0,0.0,0.0,0.0,0.0,12.0,0.0,0.0,0.0,0.0,-0.009854703891392562,-0.0010194813620270997,10.0,8.0,-0.027659481820161116,-0.020178616199953314,11.0,9.0,-0.02554988745882905,-0.016372687497846834,8.0,9.0,6,11
142,202204020104,6.0,15.0,12.0,124.0,8.0,9.0,13.0,115.0,0.0,0.0,0.0,11.0,2.0,5.0,2.0,20.0,1.0,0.0,2.0,18.0,0.0,0.0,0.0,1.0,2.0,2.0,1.0,5.0,0.0,0.0,2.0,7.0,0.0,0.0,0.0,0.0,-0.011814924114671164,-0.008127946905814528,3.0,9.0,,,,,,,,,7,15
143,202204020104,2.0,6.0,2.0,56.0,0.0,0.0,0.0,3.0,0.0,0.0,0.0,0.0,0.0,1.0,0.0,13.0,0.0,0.0,0.0,0.0,0.0,0.0,0.0,0.0,0.0,1.0,0.0,8.0,0.0,0.0,0.0,0.0,0.0,0.0,0.0,0.0,0.001553125202229844,0.0037359555744147003,12.0,4.0,-0.007286552997649792,-0.0023567655424624138,16.0,7.0,-0.03724278569356668,-0.026684183509226793,9.0,11.0,4,8
144,202204020104,6.0,15.0,12.0,124.0,7.0,7.0,2.0,52.0,1.0,0.0,0.0,0.0,2.0,5.0,2.0,20.0,1.0,1.0,1.0,8.0,0.0,0.0,0.0,0.0,2.0,2.0,1.0,5.0,0.0,1.0,1.0,2.0,0.0,0.0,0.0,0.0,-0.01216183705129375,-0.008164007304638114,5.0,15.0,-0.006824840107282856,-0.002415617707956749,9.0,5.0,-0.02386492674845027,-0.003191916244117754,3.0,8.0,8,16
145,202204020104,3.0,5.0,3.0,51.0,2.0,2.0,0.0,24.0,0.0,0.0,0.0,0.0,0.0,0.0,1.0,10.0,1.0,0.0,0.0,2.0,0.0,0.0,0.0,0.0,0.0,0.0,0.0,5.0,0.0,0.0,0.0,1.0,0.0,0.0,0.0,0.0,-0.00019628736470192362,0.0037612535029000753,13.0,6.0,-0.03448181991415842,-0.029418935392117027,11.0,16.0,-0.009698395642669236,-0.0064354698723985745,12.0,9.0,6,12
146,202204020104,9.0,7.0,9.0,68.0,1.0,0.0,0.0,1.0,0.0,0.0,0.0,0.0,4.0,3.0,2.0,9.0,1.0,0.0,0.0,0.0,0.0,0.0,0.0,0.0,0.0,2.0,2.0,3.0,1.0,0.0,0.0,0.0,0.0,0.0,0.0,0.0,-0.00045388862129015523,0.0027791627425996714,7.0,8.0,,,,,,,,,4,7
147,202204020104,0.0,0.0,0.0,2.0,2.0,2.0,3.0,5.0,0.0,0.0,0.0,0.0,0.0,0.0,0.0,2.0,1.0,2.0,1.0,2.0,0.0,0.0,0.0,0.0,0.0,0.0,0.0,2.0,1.0,0.0,0.0,1.0,0.0,0.0,0.0,0.0,-0.00041683648893993847,0.002816095137850165,11.0,5.0,-0.0046633603688390245,-0.0021940928270042194,11.0,8.0,-0.015186122094784324,-0.011410441491921343,15.0,10.0,1,2
148,202204020104,0.0,1.0,0.0,5.0,0.0,0.0,0.0,1.0,0.0,0.0,0.0,0.0,0.0,0.0,0.0,1.0,0.0,0.0,0.0,0.0,0.0,0.0,0.0,0.0,0.0,0.0,0.0,0.0,0.0,0.0,0.0,0.0,0.0,0.0,0.0,0.0,-0.006776747897612179,-0.001685619709535966,13.0,8.0,,,,,,,,,3,6
149,202204020104,13.0,11.0,14.0,129.0,0.0,0.0,0.0,2.0,0.0,0.0,0.0,1.0,3.0,1.0,3.0,25.0,0.0,0.0,0.0,0.0,0.0,0.0,0.0,0.0,3.0,0.0,1.0,8.0,0.0,0.0,0.0,0.0,0.0,0.0,0.0,0.0,,,,,,,,,,,,,8,17
150,202204020104,1.0,3.0,2.0,28.0,4.0,6.0,4.0,49.0,0.0,0.0,0.0,1.0,0.0,0.0,1.0,2.0,2.0,1.0,1.0,9.0,0.0,0.0,0.0,0.0,0.0,0.0,1.0,1.0,2.0,0.0,0.0,7.0,0.0,0.0,0.0,0.0,-0.025708102004328597,-0.01787315105333931,110.0,11.0,-0.03341212243588982,-0.024963185486246098,120.0,13.0,-0.03388038485485709,-0.02451659468457876,80.0,8.0,2,3
151,202204020104,0.0,0.0,1.0,8.0,7.0,6.0,2.0,53.0,0.0,0.0,0.0,0.0,0.0,0.0,0.0,1.0,2.0,2.0,0.0,8.0,0.0,0.0,0.0,0.0,0.0,0.0,0.0,1.0,1.0,2.0,0.0,6.0,0.0,0.0,0.0,0.0,-0.033347110853930724,-0.02748643761301989,70.0,13.0,-0.04078294865179251,-0.02616284083265785,70.0,9.0,,,,,1,1
152,202204020104,13.0,11.0,14.0,129.0,6.0,4.0,10.0,86.0,0.0,0.0,0.0,3.0,3.0,1.0,3.0,25.0,0.0,1.0,2.0,14.0,0.0,0.0,0.0,0.0,3.0,0.0,1.0,8.0,0.0,0.0,1.0,6.0,0.0,0.0,0.0,0.0,-0.02505579895841944,-0.019242150254808483,9.0,15.0,-0.04857216907780029,-0.033907164761639255,8.0,11.0,,,,,8,18
153,202204020104,2.0,3.0,0.0,30.0,1.0,3.0,1.0,9.0,0.0,0.0,0.0,0.0,2.0,0.0,0.0,4.0,1.0,0.0,0.0,2.0,0.0,0.0,0.0,0.0,1.0,0.0,0.0,2.0,0.0,0.0,0.0,1.0,0.0,0.0,0.0,0.0,-0.058488024214007034,-0.04970937798212891,6.0,15.0,0.0,0.0,10.0,9.0,-0.03231450216071522,-0.023752927908389,10.0,15.0,5,10
154,202204020111,9.0,7.0,9.0,68.0,4.0,7.0,5.0,66.0,0.0,0.0,0.0,3.0,4.0,3.0,2.0,9.0,1.0,1.0,2.0,11.0,0.0,0.0,0.0,0.0,0.0,0.0,0.0,1.0,0.0,0.0,0.0,1.0,0.0,0.0,0.0,0.0,0.017891479265525066,0.009842748980780431,1.0,1.0,0.03339527356101362,0.028781582196524828,4.0,2.0,0.006804132880712729,0.0017357877720083736,1.0,1.0,4,8
155,202204020111,0.0,3.0,3.0,38.0,0.0,2.0,0.0,20.0,0.0,0.0,0.0,0.0,0.0,0.0,2.0,12.0,0.0,0.0,0.0,4.0,0.0,0.0,0.0,0.0,0.0,0.0,0.0,2.0,0.0,0.0,0.0,1.0,0.0,0.0,0.0,0.0,0.012423048169307872,0.001502398238181445,2.0,8.0,0.0,0.0,3.0,5.0,0.005630113219450978,-0.007910248568092087,1.0,2.0,5,10
156,202204020111,13.0,11.0,12.0,89.0,0.0,0.0,0.0,0.0,0.0,0.0,0.0,0.0,5.0,4.0,3.0,17.0,0.0,0.0,0.0,0.0,0.0,0.0,0.0,0.0,1.0,1.0,1.0,0.0,0.0,0.0,0.0,0.0,0.0,0.0,0.0,0.0,0.012884327605786273,0.0002794647175794056,2.0,9.0,0.028499324210170637,0.015736659677350336,2.0,4.0,0.0073914512586585575,-0.0056485087081175915,1.0,5.0,8,16
157,202204020111,3.0,5.0,3.0,51.0,6.0,4.0,7.0,89.0,0.0,0.0,1.0,0.0,0.0,0.0,1.0,10.0,2.0,1.0,1.0,12.0,0.0,0.0,0.0,0.0,0.0,0.0,0.0,0.0,0.0,1.0,0.0,0.0,0.0,0.0,0.0,0.0,0.0,0.0,6.0,6.0,0.01669745173177478,0.005326516383918197,7.0,10.0,0.001411182174540953,-0.011079730610471432,14.0,6.0,3,6
158,202204020111,7.0,5.0,9.0,103.0,8.0,5.0,4.0,60.0,0.0,0.0,0.0,4.0,1.0,2.0,3.0,18.0,4.0,1.0,2.0,8.0,0.0,0.0,0.0,0.0,0.0,0.0,0.0,1.0,0.0,0.0,0.0,0.0,0.0,0.0,0.0,0.0,-0.025088865007853185,-0.03806358720219659,14.0,16.0,0.0217589662230479,0.01360188984209872,9.0,13.0,0.023539900024410174,0.01107110227333799,16.0,9.0,1,1
159,202204020111,6.0,15.0,12.0,124.0,8.0,9.0,13.0,115.0,0.0,0.0,0.0,11.0,2.0,5.0,2.0,20.0,1.0,0.0,2.0,18.0,0.0,0.0,0.0,1.0,0.0,1.0,0.0,2.0,0.0,0.0,0.0,1.0,0.0,0.0,0.0,0.0,0.005573629611441901,-0.0022395446671615938,14.0,11.0,0.009180016863406408,-0.0020358566586369353,13.0,12.0,0.01663312473005633,0.005261445503137346,12.0,9.0,3,5
160,202204020111,13.0,11.0,14.0,129.0,0.0,0.0,0.0,0.0,0.0,0.0,0.0,0.0,3.0,1.0,3.0,25.0,0.0,0.0,0.0,0.0,0.0,0.0,0.0,0.0,0.0,0.0,0.0,0.0,0.0,0.0,0.0,0.0,0.0,0.0,0.0,0.0,0.024552700518365753,0.002346793349168646,8.0,7.0,0.024985953663615033,0.0067003367003367,13.0,8.0,0.0018642711607150223,-0.014258172673931266,11.0,6.0,2,3
161,202204020111,13.0,11.0,14.0,129.0,1.0,1.0,0.0,12.0,0.0,0.0,0.0,0.0,3.0,1.0,3.0,25.0,0.0,0.0,0.0,3.0,0.0,0.0,0.0,0.0,0.0,0.0,0.0,0.0,0.0,0.0,0.0,1.0,0.0,0.0,0.0,0.0,0.010340362560118386,0.007089434515524377,7.0,7.0,0.018488400351447852,0.004805004027863337,1.0,1.0,0.009197465088890135,0.007490496432651074,2.0,1.0,7,15
162,202204020111,6.0,5.0,5.0,46.0,8.0,9.0,13.0,115.0,1.0,1.0,0.0,9.0,3.0,1.0,1.0,9.0,1.0,0.0,2.0,18.0,0.0,0.0,0.0,1.0,0.0,0.0,0.0,1.0,0.0,0.0,0.0,1.0,0.0,0.0,0.0,1.0,0.005302052593073629,-0.0029922499896390237,11.0,17.0,-0.006018510418671379,-0.033883829439105305,13.0,14.0,0.007960651401173845,-0.004595757504729696,11.0,8.0,2,4
163,202204020111,7.0,7.0,7.0,97.0,1.0,0.0,0.0,8.0,0.0,0.0,0.0,0.0,1.0,1.0,2.0,13.0,0.0,0.0,0.0,1.0,0.0,0.0,0.0,0.0,0.0,0.0,0.0,0.0,0.0,0.0,0.0,0.0,0.0,0.0,0.0,0.0,-0.012247280155393636,-0.016483516483516484,9.0,16.0,0.026165895336418655,0.011352644166888122,11.0,10.0,0.007402010474742355,-0.005627052643965895,5.0,1.0,1,2
164,202204020111,0.0,1.0,0.0,8.0,3.0,0.0,0.0,6.0,0.0,0.0,0.0,1.0,0.0,0.0,0.0,1.0,1.0,0.0,0.0,0.0,0.0,0.0,0.0,0.0,0.0,0.0,0.0,0.0,0.0,0.0,0.0,0.0,0.0,0.0,0.0,0.0,0.024534121100644707,0.002327790973871734,60.0,11.0,0.01002740579829699,-0.0017715366921421682,20.0,5.0,0.017886208432979004,0.009119266055045872,20.0,1.0,8,17
165,202204020111,13.0,11.0,14.0,129.0,0.0,1.0,1.0,3.0,0.0,0.0,1.0,0.0,3.0,1.0,3.0,25.0,0.0,0.0,0.0,2.0,0.0,0.0,0.0,0.0,0.0,0.0,0.0,0.0,0.0,0.0,0.0,0.0,0.0,0.0,0.0,0.0,0.016739927950556895,-0.0017003367003367003,12.0,12.0,0.010055515685449611,-0.0059346186085498746,9.0,3.0,0.003439181190151504,-0.01297029702970297,10.0,11.0,6,12
166,202204020111,0.0,1.0,0.0,8.0,5.0,7.0,6.0,36.0,0.0,0.0,0.0,0.0,0.0,0.0,0.0,1.0,1.0,1.0,1.0,4.0,0.0,0.0,0.0,0.0,0.0,0.0,0.0,0.0,0.0,0.0,1.0,0.0,0.0,0.0,0.0,0.0,0.010082400711267541,-0.001715886324849744,6.0,3.0,-0.006957662848938811,-0.017741300065659882,15.0,14.0,0.0,0.0,14.0,8.0,7,13
167,202204020111,4.0,9.0,4.0,64.0,9.0,12.0,17.0,146.0,0.0,0.0,0.0,11.0,1.0,2.0,1.0,15.0,1.0,1.0,1.0,17.0,0.0,0.0,0.0,0.0,0.0,0.0,0.0,1.0,0.0,0.0,0.0,1.0,0.0,0.0,0.0,0.0,0.01663312473005633,0.005261445503137346,12.0,2.0,0.0040767698579645935,-0.007656304444046823,5.0,7.0,0.018072177553818222,0.0023809971955052796,9.0,12.0,8,18
168,202204020111,0.0,3.0,3.0,38.0,3.0,0.0,0.0,6.0,0.0,0.0,0.0,1.0,0.0,0.0,2.0,12.0,1.0,0.0,0.0,0.0,0.0,0.0,0.0,0.0,0.0,0.0,0.0,2.0,0.0,0.0,0.0,0.0,0.0,0.0,0.0,0.0,0.0069223354850016065,-0.0036900369003690036,12.0,16.0,0.005362316751473917,-0.006094804835017424,9.0,7.0,0.013676577229876722,0.003034567684053127,3.0,6.0,7,14
169,202204020111,13.0,11.0,14.0,129.0,1.0,0.0,1.0,6.0,0.0,0.0,1.0,1.0,3.0,1.0,3.0,25.0,0.0,0.0,0.0,1.0,0.0,0.0,0.0,0.0,0.0,0.0,0.0,0.0,0.0,0.0,0.0,0.0,0.0,0.0,0.0,0.0,0.024510209142762668,0.013336120401337793,5.0,1.0,0.009630699401691768,0.0015142690739662202,5.0,6.0,-0.00025626188311151526,-0.007896512373701614,4.0,1.0,5,9
170,202204020111,2.0,4.0,3.0,29.0,0.0,0.0,0.0,0.0,0.0,0.0,0.0,0.0,0.0,0.0,1.0,4.0,0.0,0.0,0.0,0.0,0.0,0.0,0.0,0.0,0.0,0.0,1.0,0.0,0.0,0.0,0.0,0.0,0.0,0.0,0.0,0.0,0.0009165818828425037,-0.010990947540253766,12.0,9.0,-0.014633703712869246,-0.03102263202011735,12.0,12.0,0.009178771054156619,-0.0013981257557436517,12.0,9.0,4,7
171,202204020111,13.0,11.0,14.0,129.0,0.0,0.0,0.0,0.0,0.0,0.0,0.0,0.0,3.0,1.0,3.0,25.0,0.0,0.0,0.0,0.0,0.0,0.0,0.0,0.0,0.0,0.0,0.0,0.0,0.0,0.0,0.0,0.0,0.0,0.0,0.0,0.0,,,1.0,,0.026168711382977994,0.012908024245120392,3.0,4.0,0.03717308806759763,0.026895027206771463,1.0,2.0,6,11
172,202204020205,13.0,11.0,12.0,89.0,0.0,0.0,0.0,0.0,0.0,0.0,0.0,0.0,5.0,4.0,3.0,17.0,0.0,0.0,0.0,0.0,0.0,0.0,0.0,0.0,0.0,0.0,0.0,2.0,0.0,0.0,0.0,0.0,0.0,0.0,0.0,0.0,,,,,,,,,,,,,5,5
173,202204020205,6.0,15.0,12.0,124.0,7.0,7.0,2.0,52.0,1.0,0.0,0.0,0.0,2.0,5.0,2.0,20.0,1.0,1.0,1.0,8.0,0.0,0.0,0.0,0.0,0.0,0.0,0.0,3.0,1.0,0.0,0.0,4.0,0.0,0.0,0.0,0.0,,,,,,,,,,,,,4,4
174,202204020205,0.0,0.0,1.0,8.0,10.0,8.0,5.0,129.0,0.0,0.0,0.0,0.0,0.0,0.0,0.0,1.0,3.0,0.0,1.0,33.0,0.0,0.0,0.0,0.0,0.0,0.0,0.0,0.0,0.0,0.0,0.0,4.0,0.0,0.0,0.0,0.0,,,,,,,,,,,,,7,8
175,202204020205,0.0,3.0,3.0,38.0,5.0,1.0,2.0,32.0,0.0,0.0,0.0,0.0,0.0,0.0,2.0,12.0,0.0,0.0,0.0,6.0,0.0,0.0,0.0,0.0,0.0,0.0,0.0,1.0,0.0,0.0,0.0,0.0,0.0,0.0,0.0,0.0,,,,,,,,,,,,,7,7
176,202204020205,4.0,3.0,4.0,47.0,7.0,10.0,8.0,88.0,0.0,0.0,1.0,2.0,1.0,0.0,0.0,10.0,1.0,2.0,1.0,16.0,0.0,0.0,0.0,0.0,0.0,0.0,0.0,2.0,0.0,0.0,1.0,4.0,0.0,0.0,0.0,0.0,,,,,,,,,,,,,6,6
177,202204020205,13.0,11.0,12.0,89.0,2.0,2.0,3.0,15.0,1.0,0.0,0.0,2.0,5.0,4.0,3.0,17.0,1.0,1.0,0.0,5.0,1.0,0.0,0.0,1.0,0.0,0.0,0.0,2.0,0.0,0.0,0.0,1.0,0.0,0.0,0.0,0.0,,,,,,,,,,,,,1,1
178,202204020205,0.0,0.0,0.0,2.0,0.0,0.0,0.0,0.0,0.0,0.0,0.0,0.0,0.0,0.0,0.0,2.0,0.0,0.0,0.0,0.0,0.0,0.0,0.0,0.0,0.0,0.0,0.0,0.0,0.0,0.0,0.0,0.0,0.0,0.0,0.0,0.0,,,,,,,,,,,,,8,9
179,202204020205,4.0,3.0,4.0,47.0,10.0,8.0,5.0,129.0,1.0,0.0,1.0,6.0,1.0,0.0,0.0,10.0,3.0,0.0,1.0,33.0,0.0,0.0,0.0,3.0,0.0,0.0,0.0,2.0,0.0,0.0,0.0,4.0,0.0,0.0,0.0,0.0,,,,,,,,,,,,,8,10
180,202204020205,0.0,0.0,0.0,3.0,7.0,10.0,5.0,92.0,0.0,0.0,0.0,0.0,0.0,0.0,0.0,2.0,2.0,3.0,0.0,20.0,0.0,0.0,0.0,0.0,0.0,0.0,0.0,0.0,0.0,0.0,0.0,2.0,0.0,0.0,0.0,0.0,,,,,,,,,,,,,2,2
181,202204020205,4.0,3.0,4.0,47.0,10.0,8.0,5.0,129.0,1.0,0.0,1.0,6.0,1.0,0.0,0.0,10.0,3.0,0.0,1.0,33.0,0.0,0.0,0.0,3.0,0.0,0.0,0.0,2.0,0.0,0.0,0.0,4.0,0.0,0.0,0.0,0.0,,,,,,,,,,,,,3,3
182,202204020209,0.0,3.0,2.0,11.0,6.0,5.0,11.0,96.0,0.0,0.0,0.0,1.0,0.0,1.0,0.0,1.0,2.0,1.0,4.0,20.0,0.0,0.0,0.0,1.0,0.0,0.0,0.0,0.0,0.0,1.0,0.0,1.0,0.0,0.0,0.0,0.0,0.005974600019034124,0.0016567896514369464,1.0,4.0,0.0234974475446547,0.011028107701402699,2.0,4.0,0.009178771054156619,0.007471770191569446,1.0,2.0,8,16
183,202204020209,13.0,11.0,14.0,129.0,0.0,0.0,0.0,1.0,0.0,0.0,0.0,0.0,3.0,1.0,3.0,25.0,0.0,0.0,0.0,0.0,0.0,0.0,0.0,0.0,0.0,0.0,0.0,2.0,0.0,0.0,0.0,0.0,0.0,0.0,0.0,0.0,0.005973282797317132,0.005705418288932046,80.0,1.0,-0.010100139184844864,-0.0049631136491752655,110.0,11.0,,,,,1,2
184,202204020209,13.0,11.0,14.0,129.0,1.0,1.0,1.0,2.0,0.0,0.0,0.0,2.0,3.0,1.0,3.0,25.0,0.0,1.0,0.0,0.0,0.0,0.0,0.0,0.0,0.0,0.0,0.0,2.0,0.0,1.0,0.0,0.0,0.0,0.0,0.0,0.0,-0.0032250154191405408,0.0009472009472009472,2.0,4.0,-0.011576328842666827,-0.01115205440464956,2.0,2.0,-0.02505579895841944,-0.03803010263021313,1.0,6.0,2,4
185,202204020209,7.0,5.0,9.0,103.0,5.0,1.0,2.0,32.0,0.0,0.0,0.0,2.0,1.0,2.0,3.0,18.0,0.0,0.0,0.0,6.0,0.0,0.0,0.0,0.0,0.0,0.0,1.0,1.0,0.0,0.0,0.0,2.0,0.0,0.0,0.0,0.0,-0.00013085824313461574,-0.0018538978670811408,3.0,5.0,-0.0032205609055583713,-0.01639993153322778,3.0,9.0,-0.008257007312439639,0.010581459533207662,4.0,1.0,6,11
186,202204020209,6.0,15.0,12.0,124.0,1.0,0.0,0.0,1.0,0.0,0.0,0.0,0.0,2.0,5.0,2.0,20.0,0.0,0.0,0.0,0.0,0.0,0.0,0.0,0.0,0.0,0.0,1.0,6.0,0.0,0.0,0.0,0.0,0.0,0.0,0.0,0.0,0.021417466849565615,0.01477723661071879,3.0,4.0,0.009691453612700018,0.0003296469587409613,6.0,7.0,-0.0031677648251393817,0.001240512184352726,4.0,1.0,3,5
187,202204020209,9.0,7.0,9.0,68.0,6.0,5.0,11.0,96.0,0.0,0.0,0.0,5.0,4.0,3.0,2.0,9.0,2.0,1.0,4.0,20.0,0.0,0.0,0.0,0.0,1.0,0.0,0.0,3.0,0.0,1.0,0.0,1.0,0.0,0.0,0.0,0.0,0.0034017173427642326,0.0038197097020626434,5.0,5.0,0.007936424176543224,0.0016462041717999914,4.0,3.0,0.006689110198915327,0.000168104401681044,3.0,6.0,4,7
188,202204020209,0.0,1.0,1.0,15.0,0.0,1.0,0.0,8.0,0.0,0.0,0.0,0.0,0.0,0.0,0.0,2.0,0.0,0.0,0.0,1.0,0.0,0.0,0.0,0.0,0.0,0.0,0.0,0.0,0.0,0.0,0.0,0.0,0.0,0.0,0.0,0.0,0.004446619822301125,0.00030822545442428485,7.0,7.0,-0.015195575623631922,-0.019605344208670532,5.0,8.0,-0.00824639419250077,-0.02112108346321277,15.0,11.0,3,6
189,202204020209,13.0,11.0,14.0,129.0,1.0,2.0,1.0,4.0,1.0,0.0,0.0,1.0,3.0,1.0,3.0,25.0,0.0,1.0,0.0,0.0,0.0,0.0,0.0,0.0,0.0,0.0,0.0,2.0,0.0,0.0,0.0,0.0,0.0,0.0,0.0,0.0,0.024515541682923657,0.021916915052160955,13.0,8.0,-0.015195575623631922,-0.019605344208670532,6.0,14.0,-0.0013596121416526137,-0.004620818001099691,6.0,6.0,2,3
190,202204020209,7.0,5.0,9.0,103.0,7.0,10.0,5.0,92.0,0.0,1.0,0.0,9.0,1.0,2.0,3.0,18.0,2.0,3.0,0.0,20.0,0.0,0.0,0.0,4.0,0.0,0.0,1.0,1.0,0.0,0.0,0.0,4.0,0.0,0.0,0.0,0.0,0.009786261311085127,0.0004253509145044662,1.0,3.0,-0.009145855684558269,-0.013895410885805762,1.0,4.0,0.01205638350984162,0.007406616862326574,6.0,3.0,7,13
191,202204020209,5.0,2.0,3.0,22.0,0.0,1.0,0.0,2.0,0.0,0.0,0.0,0.0,1.0,0.0,0.0,4.0,0.0,0.0,0.0,1.0,0.0,0.0,0.0,0.0,0.0,0.0,0.0,0.0,0.0,0.0,0.0,0.0,0.0,0.0,0.0,0.0,-0.014335851123538522,-0.01995702609712646,9.0,9.0,-0.0010338376710755193,-0.006409568983295525,5.0,4.0,-0.0214112370595644,-0.021505376344086023,13.0,14.0,1,1
192,202204020209,0.0,3.0,3.0,38.0,0.0,0.0,0.0,6.0,0.0,0.0,0.0,0.0,0.0,0.0,2.0,12.0,0.0,0.0,0.0,1.0,0.0,0.0,0.0,0.0,0.0,0.0,0.0,1.0,0.0,0.0,0.0,1.0,0.0,0.0,0.0,0.0,-0.030390584336261565,-0.009943048715732922,1.0,1.0,,,,,,,,,8,17
193,202204020209,13.0,11.0,12.0,89.0,6.0,5.0,11.0,96.0,1.0,0.0,0.0,4.0,5.0,4.0,3.0,17.0,2.0,1.0,4.0,20.0,1.0,0.0,0.0,0.0,1.0,0.0,1.0,1.0,0.0,1.0,0.0,1.0,0.0,0.0,0.0,0.0,0.012290809327846364,0.005588649609162807,4.0,13.0,0.006255599902256251,0.0059560183487733535,3.0,5.0,-0.0019222937199641606,-0.0022243406418811567,3.0,4.0,8,15
194,202204020209,13.0,11.0,12.0,89.0,0.0,2.0,0.0,20.0,0.0,0.0,0.0,0.0,5.0,4.0,3.0,17.0,0.0,0.0,0.0,4.0,0.0,0.0,0.0,0.0,1.0,0.0,1.0,1.0,0.0,0.0,0.0,0.0,0.0,0.0,0.0,0.0,-0.023242715530189247,-0.017882322180616122,3.0,1.0,-0.003883686869517995,-3.278634776479074e-05,4.0,13.0,-0.026305880615748088,-0.01874679369732503,7.0,3.0,5,10
195,202204020209,3.0,1.0,0.0,15.0,6.0,4.0,5.0,56.0,0.0,0.0,0.0,1.0,1.0,0.0,0.0,2.0,1.0,0.0,1.0,16.0,0.0,0.0,0.0,0.0,0.0,0.0,0.0,1.0,0.0,0.0,0.0,0.0,0.0,0.0,0.0,0.0,0.005900578425877949,0.0015824465260519552,12.0,6.0,-0.02020710183205467,-0.02365461734765417,11.0,12.0,0.0,0.0,2.0,5.0,4,8
196,202204020209,6.0,15.0,12.0,124.0,0.0,0.0,0.0,1.0,0.0,0.0,0.0,1.0,2.0,5.0,2.0,20.0,0.0,0.0,0.0,1.0,0.0,0.0,0.0,1.0,0.0,0.0,1.0,6.0,0.0,0.0,0.0,1.0,0.0,0.0,0.0,1.0,0.005936123961875035,0.0032880029806259315,11.0,15.0,-0.00018694034733516535,-0.0019100765903260239,6.0,5.0,-0.020514031938013797,-0.0254947016597668,4.0,6.0,6,12
197,202204020209,1.0,0.0,5.0,33.0,0.0,2.0,1.0,40.0,0.0,0.0,0.0,1.0,0.0,0.0,1.0,6.0,0.0,1.0,0.0,9.0,0.0,0.0,0.0,0.0,0.0,0.0,0.0,1.0,0.0,0.0,0.0,1.0,0.0,0.0,0.0,0.0,,,,,0.0008615869698719535,-0.006212269462957151,80.0,4.0,-0.01059594536657071,-0.013804120755335271,140.0,14.0,7,14
198,202204020209,7.0,5.0,8.0,74.0,1.0,3.0,2.0,23.0,0.0,0.0,1.0,3.0,0.0,2.0,3.0,20.0,0.0,0.0,1.0,5.0,0.0,0.0,0.0,0.0,0.0,0.0,2.0,1.0,0.0,0.0,0.0,0.0,0.0,0.0,0.0,0.0,-0.00048619032481253625,-0.0028208612529872076,9.0,6.0,-0.016354340589254047,-0.015480261112838048,12.0,3.0,-0.013412336965592886,-0.017756226053639846,14.0,8.0,5,9
199,202204020305,0.0,0.0,0.0,0.0,0.0,0.0,0.0,0.0,0.0,0.0,0.0,0.0,0.0,0.0,0.0,0.0,0.0,0.0,0.0,0.0,0.0,0.0,0.0,0.0,0.0,0.0,0.0,0.0,0.0,0.0,0.0,0.0,0.0,0.0,0.0,0.0,,,,,,,,,,,,,6,7
200,202204020305,13.0,11.0,12.0,89.0,0.0,0.0,0.0,4.0,0.0,0.0,0.0,0.0,5.0,4.0,3.0,17.0,0.0,0.0,0.0,2.0,0.0,0.0,0.0,0.0,0.0,0.0,0.0,2.0,0.0,0.0,0.0,1.0,0.0,0.0,0.0,0.0,,,,,,,,,,,,,8,11
201,202204020305,0.0,1.0,0.0,8.0,4.0,6.0,4.0,49.0,0.0,0.0,0.0,0.0,0.0,0.0,0.0,1.0,2.0,1.0,1.0,9.0,0.0,0.0,0.0,0.0,0.0,0.0,0.0,0.0,0.0,0.0,0.0,0.0,0.0,0.0,0.0,0.0,,,,,,,,,,,,,4,4
202,202204020305,0.0,0.0,1.0,8.0,6.0,4.0,5.0,37.0,0.0,0.0,0.0,0.0,0.0,0.0,0.0,1.0,0.0,1.0,2.0,9.0,0.0,0.0,0.0,0.0,0.0,0.0,0.0,0.0,0.0,0.0,0.0,0.0,0.0,0.0,0.0,0.0,,,,,,,,,,,,,8,10
203,202204020305,0.0,1.0,0.0,5.0,10.0,8.0,5.0,129.0,0.0,0.0,0.0,0.0,0.0,0.0,0.0,1.0,3.0,0.0,1.0,33.0,0.0,0.0,0.0,0.0,0.0,0.0,0.0,1.0,0.0,0.0,0.0,4.0,0.0,0.0,0.0,0.0,,,,,,,,,,,,,7,8
204,202204020305,0.0,0.0,0.0,0.0,0.0,1.0,0.0,2.0,0.0,0.0,0.0,0.0,0.0,0.0,0.0,0.0,0.0,0.0,0.0,0.0,0.0,0.0,0.0,0.0,0.0,0.0,0.0,0.0,0.0,0.0,0.0,0.0,0.0,0.0,0.0,0.0,,,,,,,,,,,,,2,2
205,202204020305,0.0,0.0,0.0,0.0,0.0,0.0,0.0,0.0,0.0,0.0,0.0,0.0,0.0,0.0,0.0,0.0,0.0,0.0,0.0,0.0,0.0,0.0,0.0,0.0,0.0,0.0,0.0,0.0,0.0,0.0,0.0,0.0,0.0,0.0,0.0,0.0,-0.012624714341452539,0.0037654112249467632,7.0,7.0,,,,,,,,,5,5
206,202204020305,1.0,3.0,1.0,7.0,3.0,4.0,6.0,43.0,0.0,0.0,0.0,0.0,1.0,1.0,0.0,1.0,0.0,1.0,2.0,7.0,0.0,0.0,0.0,0.0,0.0,1.0,0.0,0.0,0.0,0.0,0.0,2.0,0.0,0.0,0.0,0.0,,,,,,,,,,,,,6,6
207,202204020305,0.0,0.0,0.0,3.0,7.0,10.0,5.0,92.0,0.0,0.0,0.0,0.0,0.0,0.0,0.0,2.0,2.0,3.0,0.0,20.0,0.0,0.0,0.0,0.0,0.0,0.0,0.0,0.0,0.0,0.0,0.0,2.0,0.0,0.0,0.0,0.0,,,,,,,,,,,,,3,3
208,202204020305,13.0,11.0,12.0,89.0,6.0,4.0,5.0,56.0,0.0,0.0,0.0,4.0,5.0,4.0,3.0,17.0,1.0,0.0,1.0,16.0,0.0,0.0,0.0,0.0,0.0,0.0,0.0,2.0,0.0,0.0,0.0,2.0,0.0,0.0,0.0,0.0,,,,,,,,,,,,,1,1
209,202204020305,0.0,0.0,0.0,0.0,7.0,10.0,5.0,92.0,0.0,0.0,0.0,0.0,0.0,0.0,0.0,0.0,2.0,3.0,0.0,20.0,0.0,0.0,0.0,0.0,0.0,0.0,0.0,0.0,0.0,0.0,0.0,2.0,0.0,0.0,0.0,0.0,,,,,,,,,,,,,7,9
210,202204030102,13.0,11.0,12.0,89.0,1.0,1.0,0.0,6.0,0.0,0.0,0.0,0.0,5.0,4.0,3.0,17.0,0.0,0.0,0.0,2.0,0.0,0.0,0.0,0.0,1.0,1.0,1.0,9.0,0.0,0.0,0.0,0.0,0.0,0.0,0.0,0.0,-0.02390215752340885,-0.0032283952869076715,1.0,2.0,,,,,,,,,8,16
211,202204030102,0.0,0.0,0.0,0.0,4.0,2.0,0.0,27.0,0.0,0.0,0.0,0.0,0.0,0.0,0.0,0.0,0.0,1.0,0.0,9.0,0.0,0.0,0.0,0.0,0.0,0.0,0.0,0.0,0.0,0.0,0.0,2.0,0.0,0.0,0.0,0.0,-0.00909009009009009,-0.0014215467143495752,4.0,3.0,,,,,,,,,3,6
212,202204030102,2.0,0.0,1.0,29.0,5.0,7.0,6.0,36.0,0.0,0.0,0.0,1.0,0.0,0.0,0.0,5.0,1.0,1.0,1.0,4.0,0.0,0.0,0.0,0.0,0.0,0.0,0.0,2.0,0.0,1.0,0.0,1.0,0.0,0.0,0.0,0.0,-0.06996799268404207,-0.04669845501471628,9.0,7.0,,,,,,,,,6,12
213,202204030102,2.0,6.0,2.0,56.0,6.0,4.0,5.0,37.0,0.0,0.0,0.0,0.0,0.0,1.0,0.0,13.0,0.0,1.0,2.0,9.0,0.0,0.0,0.0,0.0,0.0,1.0,0.0,8.0,0.0,1.0,1.0,6.0,0.0,0.0,0.0,0.0,-0.01808108108108108,-0.01034421099687081,7.0,4.0,,,,,,,,,1,1
214,202204030102,3.0,0.0,1.0,25.0,0.0,0.0,0.0,2.0,0.0,0.0,0.0,0.0,0.0,0.0,1.0,7.0,0.0,0.0,0.0,0.0,0.0,0.0,0.0,0.0,0.0,0.0,0.0,1.0,0.0,0.0,0.0,0.0,0.0,0.0,0.0,0.0,-0.019768220010409916,0.00046852062011306967,9.0,5.0,,,,,,,,,1,2
215,202204030102,0.0,1.0,0.0,8.0,6.0,4.0,5.0,37.0,0.0,0.0,0.0,0.0,0.0,0.0,0.0,1.0,0.0,1.0,2.0,9.0,0.0,0.0,0.0,0.0,0.0,0.0,0.0,0.0,0.0,1.0,1.0,6.0,0.0,0.0,0.0,0.0,-0.02431641518061271,-0.022353048557867836,11.0,5.0,-0.03340649291266575,-0.010932090426816723,12.0,11.0,,,,,4,7
216,202204030102,2.0,0.0,1.0,29.0,7.0,7.0,2.0,52.0,1.0,0.0,0.0,2.0,0.0,0.0,0.0,5.0,1.0,1.0,1.0,8.0,0.0,0.0,0.0,1.0,0.0,0.0,0.0,2.0,0.0,1.0,1.0,2.0,0.0,0.0,0.0,0.0,-0.06085048010973937,-0.037779229028189046,120.0,3.0,,,,,,,,,2,3
217,202204030102,7.0,5.0,9.0,103.0,4.0,1.0,1.0,23.0,0.0,0.0,0.0,1.0,1.0,2.0,3.0,18.0,1.0,0.0,0.0,2.0,0.0,0.0,0.0,0.0,0.0,1.0,2.0,8.0,0.0,0.0,0.0,1.0,0.0,0.0,0.0,0.0,-0.03320054356931439,-0.01233903622368949,16.0,5.0,,,,,,,,,7,13
218,202204030102,2.0,0.0,1.0,10.0,0.0,0.0,0.0,3.0,0.0,0.0,0.0,0.0,1.0,0.0,0.0,2.0,0.0,0.0,0.0,2.0,0.0,0.0,0.0,0.0,0.0,0.0,0.0,0.0,0.0,0.0,0.0,2.0,0.0,0.0,0.0,0.0,-0.05893948032907062,-0.028260027049899945,10.0,6.0,,,,,,,,,6,11
219,202204030102,0.0,0.0,0.0,0.0,0.0,0.0,0.0,0.0,0.0,0.0,0.0,0.0,0.0,0.0,0.0,0.0,0.0,0.0,0.0,0.0,0.0,0.0,0.0,0.0,0.0,0.0,0.0,0.0,0.0,0.0,0.0,0.0,0.0,0.0,0.0,0.0,-0.042588020118884316,-0.040589631252281856,6.0,11.0,-0.04246169884026136,-0.021413198117681394,4.0,9.0,,,,,3,5
220,202204030102,0.0,0.0,0.0,0.0,0.0,0.0,0.0,0.0,0.0,0.0,0.0,0.0,0.0,0.0,0.0,0.0,0.0,0.0,0.0,0.0,0.0,0.0,0.0,0.0,0.0,0.0,0.0,0.0,0.0,0.0,0.0,0.0,0.0,0.0,0.0,0.0,-0.03448181991415842,-0.029418935392117027,11.0,9.0,-0.024252400548696845,-0.022289156626506025,8.0,6.0,-0.03130562887483887,-0.011097336398541218,16.0,13.0,4,8
221,202204030102,0.0,0.0,0.0,0.0,1.0,0.0,0.0,8.0,0.0,0.0,0.0,0.0,0.0,0.0,0.0,0.0,0.0,0.0,0.0,0.0,0.0,0.0,0.0,0.0,0.0,0.0,0.0,0.0,0.0,0.0,0.0,0.0,0.0,0.0,0.0,0.0,-0.00601737540009145,-0.004089083607155896,8.0,4.0,-0.04100232629778736,-0.02034420648224307,12.0,15.0,,,,,8,15
222,202204030102,3.0,0.0,1.0,25.0,0.0,0.0,0.0,0.0,0.0,0.0,0.0,0.0,0.0,0.0,1.0,7.0,0.0,0.0,0.0,0.0,0.0,0.0,0.0,0.0,0.0,0.0,0.0,1.0,0.0,0.0,0.0,0.0,0.0,0.0,0.0,0.0,-0.02540128166005493,-0.009626825310978908,13.0,11.0,,,,,,,,,7,14
223,202204030102,4.0,2.0,5.0,51.0,6.0,4.0,5.0,37.0,0.0,0.0,0.0,1.0,1.0,2.0,1.0,9.0,0.0,1.0,2.0,9.0,0.0,0.0,0.0,0.0,1.0,0.0,1.0,4.0,0.0,1.0,1.0,6.0,0.0,0.0,0.0,0.0,-0.058963916266188805,-0.028283755032309604,8.0,7.0,,,,,,,,,5,9
224,202204030102,0.0,0.0,0.0,0.0,5.0,7.0,6.0,36.0,0.0,0.0,0.0,0.0,0.0,0.0,0.0,0.0,1.0,1.0,1.0,4.0,0.0,0.0,0.0,0.0,0.0,0.0,0.0,0.0,0.0,1.0,0.0,1.0,0.0,0.0,0.0,0.0,-0.04579305829612723,-0.04411257376305039,4.0,6.0,-0.04490334644045426,-0.022540744660812472,7.0,5.0,,,,,5,10
225,202204030102,0.0,0.0,0.0,0.0,1.0,1.0,2.0,16.0,0.0,0.0,0.0,0.0,0.0,0.0,0.0,0.0,0.0,1.0,1.0,7.0,0.0,0.0,0.0,0.0,0.0,0.0,0.0,0.0,0.0,0.0,0.0,4.0,0.0,0.0,0.0,0.0,-0.07239311374528777,-0.05002019223002988,6.0,10.0,,,,,,,,,2,4
226,202204030107,2.0,0.0,1.0,29.0,8.0,9.0,13.0,115.0,0.0,0.0,0.0,1.0,0.0,0.0,0.0,5.0,1.0,0.0,2.0,18.0,0.0,0.0,0.0,0.0,0.0,0.0,0.0,2.0,0.0,0.0,2.0,7.0,0.0,0.0,0.0,0.0,-0.005268154656639178,-0.003335036462446003,3.0,3.0,-0.011056782044447712,-0.008590970770528478,5.0,6.0,,,,,3,6
227,202204030107,1.0,0.0,1.0,2.0,1.0,0.0,0.0,1.0,0.0,0.0,0.0,0.0,0.0,0.0,0.0,0.0,1.0,0.0,0.0,1.0,0.0,0.0,0.0,0.0,0.0,0.0,0.0,0.0,1.0,0.0,0.0,0.0,0.0,0.0,0.0,0.0,0.012709368596577099,0.016608962229071468,9.0,7.0,,,,,,,,,4,7
228,202204030107,2.0,1.0,2.0,15.0,0.0,1.0,0.0,2.0,0.0,0.0,0.0,0.0,0.0,0.0,0.0,2.0,0.0,0.0,0.0,0.0,0.0,0.0,0.0,0.0,0.0,0.0,0.0,1.0,0.0,0.0,0.0,0.0,0.0,0.0,0.0,0.0,-0.00598079561042524,-0.0040525739320920046,1.0,5.0,-0.005249539269159887,-0.0033164568721259697,3.0,2.0,0.0014765086412933792,0.004616785615959677,6.0,5.0,8,16
229,202204030107,6.0,7.0,6.0,66.0,7.0,10.0,5.0,92.0,0.0,2.0,0.0,10.0,0.0,1.0,3.0,10.0,2.0,3.0,0.0,20.0,0.0,0.0,0.0,2.0,0.0,1.0,2.0,4.0,0.0,1.0,0.0,4.0,0.0,0.0,0.0,0.0,0.0008432553322151034,0.0009073578472705943,6.0,6.0,-0.03411557521399025,-0.025651440989499768,3.0,13.0,0.0005413621504570346,0.0015392615704628186,5.0,6.0,8,18
230,202204030107,3.0,5.0,3.0,51.0,1.0,0.0,1.0,9.0,0.0,0.0,0.0,0.0,0.0,0.0,1.0,10.0,0.0,0.0,0.0,1.0,0.0,0.0,0.0,0.0,0.0,0.0,0.0,5.0,0.0,0.0,0.0,0.0,0.0,0.0,0.0,0.0,0.0031288360545285057,0.005121403043366125,9.0,10.0,0.0006824441248872748,-0.001551145038167939,10.0,7.0,-0.03896057897781608,-0.028121129985746663,3.0,10.0,6,11
231,202204030107,3.0,5.0,3.0,51.0,0.0,1.0,1.0,38.0,0.0,0.0,0.0,0.0,0.0,0.0,1.0,10.0,0.0,0.0,0.0,11.0,0.0,0.0,0.0,0.0,0.0,0.0,0.0,5.0,0.0,0.0,0.0,8.0,0.0,0.0,0.0,0.0,0.0014340191839899725,0.004574429784620597,40.0,6.0,-0.009145855684558269,-0.005972172218810225,30.0,10.0,-0.0028935232755998718,0.00045879451740551703,20.0,5.0,5,10
232,202204030107,1.0,0.0,1.0,2.0,1.0,0.0,0.0,3.0,0.0,0.0,0.0,0.0,0.0,0.0,0.0,0.0,1.0,0.0,0.0,1.0,0.0,0.0,0.0,0.0,0.0,0.0,0.0,0.0,0.0,0.0,0.0,0.0,0.0,0.0,0.0,0.0,0.003184213683812196,0.005176669982683025,100.0,2.0,-0.026424684761004853,-0.009987015277087575,90.0,8.0,,,,,4,8
233,202204030107,0.0,0.0,0.0,4.0,4.0,1.0,1.0,23.0,0.0,0.0,0.0,0.0,0.0,0.0,0.0,1.0,1.0,0.0,0.0,2.0,0.0,0.0,0.0,0.0,0.0,0.0,0.0,1.0,0.0,0.0,0.0,1.0,0.0,0.0,0.0,0.0,-0.00594421582075903,-0.004016064257028112,5.0,2.0,-0.0005048899526899415,0.008248531020037442,3.0,4.0,-0.013658516607281812,-0.0053618213944797615,5.0,5.0,3,5
234,202204030107,0.0,3.0,3.0,38.0,4.0,1.0,1.0,23.0,0.0,0.0,0.0,0.0,0.0,0.0,2.0,12.0,1.0,0.0,0.0,2.0,0.0,0.0,0.0,0.0,0.0,0.0,0.0,7.0,0.0,0.0,0.0,1.0,0.0,0.0,0.0,0.0,-0.005268154656639178,-0.003335036462446003,4.0,3.0,-0.012578265797149917,-0.01285112946839254,4.0,3.0,-0.010075751405066384,-0.008662621398708334,5.0,5.0,1,1
235,202204030107,0.0,0.0,0.0,2.0,10.0,8.0,5.0,129.0,0.0,0.0,0.0,0.0,0.0,0.0,0.0,0.0,3.0,0.0,1.0,33.0,0.0,0.0,0.0,0.0,0.0,0.0,0.0,0.0,0.0,0.0,0.0,12.0,0.0,0.0,0.0,0.0,0.015225832822399346,0.014960461637101945,14.0,6.0,-0.009854703891392562,-0.0010194813620270997,10.0,8.0,-0.027659481820161116,-0.020178616199953314,11.0,9.0,2,3
236,202204030107,2.0,0.0,1.0,29.0,8.0,9.0,13.0,115.0,0.0,0.0,0.0,1.0,0.0,0.0,0.0,5.0,1.0,0.0,2.0,18.0,0.0,0.0,0.0,0.0,0.0,0.0,0.0,2.0,0.0,0.0,2.0,7.0,0.0,0.0,0.0,0.0,-0.010935590292136484,-0.005254308532997058,5.0,9.0,-0.013223855709054067,0.0007389906012885498,4.0,9.0,,,,,8,17
237,202204030107,2.0,2.0,2.0,32.0,4.0,2.0,0.0,27.0,0.0,0.0,0.0,0.0,0.0,0.0,0.0,6.0,0.0,1.0,0.0,9.0,0.0,0.0,0.0,0.0,0.0,0.0,0.0,3.0,0.0,0.0,0.0,2.0,0.0,0.0,0.0,0.0,-0.022940434061718924,-0.018270201916523652,50.0,5.0,,,,,-0.005296077737858114,-0.0033629058479260534,50.0,4.0,7,15
238,202204030107,2.0,0.0,1.0,29.0,6.0,3.0,1.0,21.0,0.0,0.0,0.0,0.0,0.0,0.0,0.0,5.0,2.0,2.0,1.0,3.0,0.0,0.0,0.0,0.0,0.0,0.0,0.0,2.0,1.0,1.0,0.0,1.0,0.0,0.0,0.0,0.0,,,,,,,,,,,,,6,12
239,202204030107,0.0,0.0,0.0,0.0,0.0,0.0,0.0,1.0,0.0,0.0,0.0,0.0,0.0,0.0,0.0,0.0,0.0,0.0,0.0,0.0,0.0,0.0,0.0,0.0,0.0,0.0,0.0,0.0,0.0,0.0,0.0,0.0,0.0,0.0,0.0,0.0,-0.002648992644032379,-0.00038960902208135456,90.0,130.0,,,,,,,,,1,2
240,202204030107,1.0,0.0,5.0,33.0,0.0,1.0,1.0,38.0,0.0,0.0,0.0,1.0,0.0,0.0,1.0,6.0,0.0,0.0,0.0,11.0,0.0,0.0,0.0,0.0,0.0,0.0,1.0,2.0,0.0,0.0,0.0,8.0,0.0,0.0,0.0,0.0,-0.04753395596947264,-0.04080918687738877,12.0,12.0,-0.038704963777365035,-0.03203687345303795,11.0,11.0,-0.0315756739127137,-0.01947424048213362,12.0,12.0,7,13
241,202204030107,0.0,0.0,0.0,2.0,0.0,0.0,0.0,0.0,0.0,0.0,0.0,0.0,0.0,0.0,0.0,1.0,0.0,0.0,0.0,0.0,0.0,0.0,0.0,0.0,0.0,0.0,0.0,1.0,0.0,0.0,0.0,0.0,0.0,0.0,0.0,0.0,0.0,0.0,12.0,12.0,-0.020371543170783196,-0.009713808230624609,16.0,16.0,-0.048230515419709116,-0.03310636299600845,11.0,13.0,2,4
242,202204030107,4.0,9.0,4.0,64.0,1.0,2.0,1.0,14.0,0.0,1.0,0.0,0.0,1.0,2.0,1.0,15.0,0.0,0.0,0.0,4.0,0.0,0.0,0.0,0.0,1.0,1.0,0.0,8.0,0.0,0.0,0.0,1.0,0.0,0.0,0.0,0.0,-0.021131152552736166,-0.02123730378578024,140.0,120.0,-0.05219949006235984,-0.03943525198959116,120.0,160.0,-0.02769431743958197,-0.02021319823285812,80.0,90.0,5,9
243,202204030107,2.0,0.0,1.0,10.0,10.0,8.0,5.0,129.0,0.0,0.0,0.0,0.0,1.0,0.0,0.0,2.0,3.0,0.0,1.0,33.0,0.0,0.0,0.0,0.0,0.0,0.0,0.0,0.0,0.0,0.0,0.0,12.0,0.0,0.0,0.0,0.0,-0.03221538953581345,-0.02825406939697619,120.0,130.0,-0.012528473804100227,-0.004645906579608237,90.0,70.0,-0.03388038485485709,-0.01444313806856168,130.0,60.0,7,14
244,202204030205,1.0,2.0,2.0,22.0,0.0,0.0,0.0,0.0,0.0,0.0,0.0,0.0,1.0,1.0,1.0,8.0,0.0,0.0,0.0,0.0,0.0,0.0,0.0,0.0,0.0,0.0,0.0,2.0,0.0,0.0,0.0,0.0,0.0,0.0,0.0,0.0,,,,,,,,,,,,,3,5
245,202204030205,0.0,0.0,0.0,7.0,0.0,0.0,0.0,0.0,0.0,0.0,0.0,0.0,0.0,0.0,0.0,1.0,0.0,0.0,0.0,0.0,0.0,0.0,0.0,0.0,0.0,0.0,0.0,0.0,0.0,0.0,0.0,0.0,0.0,0.0,0.0,0.0,,,,,,,,,,,,,8,15
246,202204030205,0.0,0.0,0.0,0.0,1.0,4.0,1.0,24.0,0.0,0.0,0.0,0.0,0.0,0.0,0.0,0.0,0.0,3.0,0.0,11.0,0.0,0.0,0.0,0.0,0.0,0.0,0.0,0.0,0.0,0.0,0.0,2.0,0.0,0.0,0.0,0.0,,,,,,,,,,,,,1,1
247,202204030205,3.0,1.0,0.0,15.0,0.0,0.0,0.0,0.0,0.0,0.0,0.0,0.0,1.0,0.0,0.0,5.0,0.0,0.0,0.0,0.0,0.0,0.0,0.0,0.0,1.0,0.0,0.0,2.0,0.0,0.0,0.0,0.0,0.0,0.0,0.0,0.0,,,,,,,,,,,,,2,3
248,202204030205,0.0,0.0,0.0,0.0,0.0,0.0,0.0,0.0,0.0,0.0,0.0,0.0,0.0,0.0,0.0,0.0,0.0,0.0,0.0,0.0,0.0,0.0,0.0,0.0,0.0,0.0,0.0,0.0,0.0,0.0,0.0,0.0,0.0,0.0,0.0,0.0,,,,,,,,,,,,,7,12
249,202204030205,0.0,0.0,0.0,1.0,0.0,0.0,0.0,2.0,0.0,0.0,0.0,0.0,0.0,0.0,0.0,0.0,0.0,0.0,0.0,1.0,0.0,0.0,0.0,0.0,0.0,0.0,0.0,0.0,0.0,0.0,0.0,0.0,0.0,0.0,0.0,0.0,,,,,,,,,,,,,8,14
250,202204030205,0.0,0.0,0.0,0.0,0.0,0.0,0.0,4.0,0.0,0.0,0.0,0.0,0.0,0.0,0.0,0.0,0.0,0.0,0.0,0.0,0.0,0.0,0.0,0.0,0.0,0.0,0.0,0.0,0.0,0.0,0.0,0.0,0.0,0.0,0.0,0.0,,,,,,,,,,,,,6,10
251,202204030205,1.0,1.0,0.0,12.0,1.0,0.0,0.0,2.0,0.0,0.0,0.0,0.0,0.0,0.0,0.0,2.0,1.0,0.0,0.0,2.0,0.0,0.0,0.0,0.0,0.0,0.0,0.0,1.0,0.0,0.0,0.0,0.0,0.0,0.0,0.0,0.0,,,,,,,,,,,,,3,4
252,202204030205,0.0,0.0,0.0,0.0,1.0,0.0,2.0,13.0,0.0,0.0,0.0,0.0,0.0,0.0,0.0,0.0,1.0,0.0,1.0,6.0,0.0,0.0,0.0,0.0,0.0,0.0,0.0,0.0,0.0,0.0,0.0,2.0,0.0,0.0,0.0,0.0,,,,,,,,,,,,,4,7
253,202204030205,2.0,0.0,0.0,5.0,1.0,4.0,1.0,24.0,0.0,0.0,0.0,0.0,1.0,0.0,0.0,1.0,0.0,3.0,0.0,11.0,0.0,0.0,0.0,0.0,0.0,0.0,0.0,0.0,0.0,0.0,0.0,2.0,0.0,0.0,0.0,0.0,,,,,,,,,,,,,5,9
254,202204030205,1.0,0.0,1.0,8.0,1.0,4.0,1.0,24.0,0.0,0.0,0.0,2.0,1.0,0.0,1.0,2.0,0.0,3.0,0.0,11.0,0.0,0.0,0.0,0.0,0.0,0.0,0.0,1.0,0.0,0.0,0.0,2.0,0.0,0.0,0.0,0.0,,,,,,,,,,,,,7,13
255,202204030205,0.0,0.0,0.0,5.0,2.0,0.0,0.0,16.0,0.0,0.0,0.0,0.0,0.0,0.0,0.0,3.0,2.0,0.0,0.0,2.0,0.0,0.0,0.0,0.0,0.0,0.0,0.0,1.0,0.0,0.0,0.0,0.0,0.0,0.0,0.0,0.0,,,,,,,,,,,,,5,8
256,202204030205,0.0,0.0,0.0,0.0,0.0,0.0,0.0,0.0,0.0,0.0,0.0,0.0,0.0,0.0,0.0,0.0,0.0,0.0,0.0,0.0,0.0,0.0,0.0,0.0,0.0,0.0,0.0,0.0,0.0,0.0,0.0,0.0,0.0,0.0,0.0,0.0,,,,,,,,,,,,,4,6
257,202204030205,0.0,0.0,0.0,0.0,1.0,0.0,0.0,10.0,0.0,0.0,0.0,0.0,0.0,0.0,0.0,0.0,0.0,0.0,0.0,1.0,0.0,0.0,0.0,0.0,0.0,0.0,0.0,0.0,0.0,0.0,0.0,1.0,0.0,0.0,0.0,0.0,,,,,,,,,,,,,2,2
258,202204030205,2.0,1.0,0.0,18.0,0.0,0.0,0.0,8.0,0.0,0.0,0.0,2.0,1.0,0.0,0.0,9.0,0.0,0.0,0.0,4.0,0.0,0.0,0.0,2.0,0.0,0.0,0.0,2.0,0.0,0.0,0.0,0.0,0.0,0.0,0.0,0.0,,,,,,,,,,,,,6,11
259,202204030210,0.0,0.0,1.0,6.0,0.0,2.0,0.0,7.0,0.0,0.0,0.0,0.0,0.0,0.0,1.0,2.0,0.0,0.0,0.0,0.0,0.0,0.0,0.0,0.0,0.0,0.0,0.0,0.0,0.0,0.0,0.0,0.0,0.0,0.0,0.0,0.0,0.012432277774188486,0.0037243947858473,6.0,1.0,0.001411182174540953,0.005784336280277385,1.0,1.0,-0.006816587579946359,-0.002407401321194991,2.0,2.0,7,8
260,202204030210,3.0,0.0,2.0,23.0,0.0,0.0,0.0,0.0,0.0,0.0,0.0,0.0,2.0,0.0,0.0,6.0,0.0,0.0,0.0,0.0,0.0,0.0,0.0,0.0,0.0,0.0,0.0,0.0,0.0,0.0,0.0,0.0,0.0,0.0,0.0,0.0,-0.019845937327903292,-0.025128993678455492,4.0,11.0,0.0026263516152893558,-0.0017948375463318529,3.0,10.0,0.021726085276734263,0.013568734717559783,1.0,17.0,1,1
261,202204030210,0.0,0.0,1.0,13.0,0.0,0.0,1.0,1.0,0.0,0.0,1.0,0.0,0.0,0.0,0.0,3.0,0.0,0.0,0.0,1.0,0.0,0.0,0.0,0.0,0.0,0.0,0.0,0.0,0.0,0.0,0.0,0.0,0.0,0.0,0.0,0.0,0.009769094138543518,-0.0012489162297180134,3.0,5.0,0.005310272829652038,-0.0033998092789916663,2.0,8.0,-0.00566826519502323,-0.01012622299395599,2.0,2.0,5,5
262,202204030210,0.0,1.0,1.0,3.0,2.0,0.0,0.0,16.0,0.0,0.0,0.0,0.0,0.0,1.0,1.0,1.0,2.0,0.0,0.0,2.0,0.0,0.0,0.0,0.0,0.0,0.0,0.0,0.0,0.0,0.0,0.0,0.0,0.0,0.0,0.0,0.0,-0.013747290514534381,-0.016537190082644627,9.0,11.0,-0.0018734218457277837,-0.014014839241549877,7.0,11.0,0.005343153775965673,-0.0033666404079771136,6.0,10.0,8,11
263,202204030210,1.0,2.0,2.0,19.0,2.0,1.0,0.0,8.0,0.0,0.0,0.0,1.0,0.0,1.0,0.0,4.0,0.0,0.0,0.0,3.0,0.0,0.0,0.0,0.0,0.0,0.0,0.0,0.0,0.0,0.0,0.0,0.0,0.0,0.0,0.0,0.0,0.02144490169181527,0.011683753579015424,8.0,4.0,0.0006093251115064954,-0.00426157237325496,3.0,8.0,-0.005193390991141918,-0.011217965598238832,5.0,4.0,4,4
264,202204030210,1.0,0.0,1.0,8.0,1.0,0.0,1.0,10.0,1.0,0.0,0.0,0.0,1.0,0.0,1.0,2.0,1.0,0.0,0.0,2.0,1.0,0.0,0.0,0.0,0.0,0.0,0.0,0.0,0.0,0.0,0.0,0.0,0.0,0.0,0.0,0.0,0.02143575674439872,0.011674517410178258,5.0,5.0,0.007325232992040588,-0.003297724105898746,3.0,4.0,0.005351374012544081,-0.003358348190223475,7.0,3.0,6,6
265,202204030210,1.0,2.0,2.0,19.0,0.0,0.0,1.0,5.0,0.0,0.0,0.0,0.0,0.0,1.0,0.0,4.0,0.0,0.0,1.0,1.0,0.0,0.0,0.0,0.0,0.0,0.0,0.0,0.0,0.0,0.0,0.0,0.0,0.0,0.0,0.0,0.0,0.021426611796982166,-0.0005329593267882188,13.0,11.0,0.005995749045650174,0.0016780305444040868,9.0,1.0,0.007471121771014253,0.0018298768991904181,6.0,7.0,2,2
266,202204030210,3.0,1.0,0.0,15.0,0.0,0.0,0.0,0.0,0.0,0.0,0.0,0.0,1.0,0.0,0.0,5.0,0.0,0.0,0.0,0.0,0.0,0.0,0.0,0.0,0.0,0.0,0.0,0.0,0.0,0.0,0.0,0.0,0.0,0.0,0.0,0.0,0.0022294209664108786,-0.002698420557508541,11.0,11.0,0.014230797663931396,0.008169489004041356,8.0,9.0,0.010541359261249817,0.003322054752383882,6.0,4.0,8,10
267,202204030210,0.0,1.0,0.0,5.0,2.0,0.0,0.0,16.0,0.0,0.0,0.0,0.0,0.0,0.0,0.0,1.0,2.0,0.0,0.0,2.0,0.0,0.0,0.0,0.0,0.0,0.0,0.0,0.0,0.0,0.0,0.0,0.0,0.0,0.0,0.0,0.0,0.007334423999558832,-0.003288434742220158,7.0,3.0,0.005318493066230446,-0.0033915170612380282,11.0,7.0,-0.000622600394313583,-0.00572884462092034,6.0,8.0,7,9
268,202204030210,0.0,0.0,1.0,1.0,0.0,0.0,0.0,0.0,0.0,0.0,0.0,0.0,0.0,0.0,1.0,0.0,0.0,0.0,0.0,0.0,0.0,0.0,0.0,0.0,0.0,0.0,0.0,0.0,0.0,0.0,0.0,0.0,0.0,0.0,0.0,0.0,0.0026680896478121665,-0.008072787720166938,8.0,9.0,-0.00042873767379187846,-0.011560216341191528,8.0,10.0,0.005850371256642151,-0.006887641450592533,3.0,3.0,3,3
269,202204030210,1.0,1.0,0.0,12.0,0.0,0.0,0.0,2.0,0.0,0.0,0.0,1.0,0.0,0.0,0.0,2.0,0.0,0.0,0.0,1.0,0.0,0.0,0.0,0.0,0.0,0.0,0.0,0.0,0.0,0.0,0.0,0.0,0.0,0.0,0.0,0.0,-0.00922021223483923,-0.016802405847665323,4.0,5.0,0.0014340191839899725,-0.006068130009953017,9.0,5.0,-0.001893347548758295,-0.012614955875522527,11.0,12.0,6,7
270,202204030312,1.0,0.0,0.0,6.0,0.0,0.0,0.0,0.0,0.0,0.0,0.0,0.0,0.0,0.0,0.0,2.0,0.0,0.0,0.0,0.0,0.0,0.0,0.0,0.0,0.0,0.0,0.0,0.0,0.0,0.0,0.0,0.0,0.0,0.0,0.0,0.0,0.012423048169307872,0.0037150837988826815,3.0,2.0,0.006934666004671947,0.00841162510971685,4.0,3.0,-0.005240231575420242,-0.003307167076965953,3.0,1.0,3,4
271,202204030312,0.0,2.0,1.0,24.0,0.0,0.0,1.0,5.0,0.0,0.0,0.0,1.0,0.0,1.0,1.0,5.0,0.0,0.0,1.0,1.0,0.0,0.0,0.0,0.0,0.0,0.0,1.0,2.0,0.0,0.0,0.0,0.0,0.0,0.0,0.0,0.0,0.009712521990118931,0.0114931650893796,2.0,1.0,-0.014566540702544723,0.005918724692664064,1.0,3.0,,,,,4,6
272,202204030312,0.0,0.0,1.0,13.0,0.0,0.0,1.0,1.0,0.0,0.0,1.0,0.0,0.0,0.0,0.0,3.0,0.0,0.0,0.0,1.0,0.0,0.0,0.0,0.0,0.0,0.0,0.0,0.0,0.0,0.0,0.0,0.0,0.0,0.0,0.0,0.0,0.0,0.0,2.0,1.0,-0.0028935232755998718,0.00045879451740551703,2.0,9.0,-0.005245743722907461,0.014676149717253199,1.0,3.0,7,13
273,202204030312,0.0,0.0,0.0,7.0,0.0,0.0,0.0,0.0,0.0,0.0,0.0,0.0,0.0,0.0,0.0,1.0,0.0,0.0,0.0,0.0,0.0,0.0,0.0,0.0,0.0,0.0,0.0,0.0,0.0,0.0,0.0,0.0,0.0,0.0,0.0,0.0,-0.013684744044602128,-0.013449316977387412,5.0,2.0,-0.0026173313773706374,-0.01528251274433318,6.0,9.0,-0.02424325560128029,-0.0019681341193941724,1.0,1.0,6,10
274,202204030312,0.0,0.0,0.0,7.0,1.0,3.0,1.0,20.0,0.0,0.0,0.0,1.0,0.0,0.0,0.0,1.0,0.0,1.0,0.0,6.0,0.0,0.0,0.0,0.0,0.0,0.0,0.0,0.0,0.0,0.0,0.0,0.0,0.0,0.0,0.0,0.0,-0.006669721917606429,-0.01005049882990516,7.0,11.0,-0.0031783240412231796,-0.0029453370774655324,6.0,7.0,0.010284868664446912,0.002721342031686859,13.0,4.0,8,15
275,202204030312,1.0,1.0,0.0,12.0,0.0,0.0,1.0,0.0,0.0,0.0,0.0,0.0,0.0,0.0,0.0,2.0,0.0,0.0,1.0,0.0,0.0,0.0,0.0,0.0,0.0,0.0,0.0,0.0,0.0,0.0,0.0,0.0,0.0,0.0,0.0,0.0,0.02140832190214906,0.014768029609715228,8.0,8.0,-0.010035024843202737,-0.008621951814676839,3.0,1.0,0.006198582715647145,0.007588944380276879,5.0,5.0,3,5
276,202204030312,2.0,0.0,0.0,5.0,0.0,0.0,0.0,7.0,0.0,0.0,0.0,0.0,1.0,0.0,0.0,1.0,0.0,0.0,0.0,2.0,0.0,0.0,0.0,0.0,0.0,0.0,0.0,0.0,0.0,0.0,0.0,0.0,0.0,0.0,0.0,0.0,0.021417466849565615,0.01477723661071879,12.0,5.0,0.004030231389266368,-0.001788155110753272,8.0,6.0,0.00045812336012660866,-0.011591148577449948,11.0,9.0,7,12
277,202204030312,3.0,1.0,0.0,15.0,0.0,0.0,0.0,3.0,0.0,0.0,0.0,1.0,1.0,0.0,0.0,5.0,0.0,0.0,0.0,1.0,0.0,0.0,0.0,1.0,0.0,0.0,0.0,0.0,0.0,0.0,0.0,0.0,0.0,0.0,0.0,0.0,0.0059825725061776565,0.003334575260804769,40.0,2.0,-0.023334528630277164,-0.026891110311476993,60.0,10.0,0.0013946771198679595,-0.0002810567734682406,40.0,10.0,5,9
278,202204030312,0.0,0.0,0.0,7.0,0.0,0.0,0.0,0.0,0.0,0.0,0.0,0.0,0.0,0.0,0.0,1.0,0.0,0.0,0.0,0.0,0.0,0.0,0.0,0.0,0.0,0.0,0.0,0.0,0.0,0.0,0.0,0.0,0.0,0.0,0.0,0.0,0.00177853597451975,-0.004942173825662763,4.0,3.0,0.021417466849565615,0.01477723661071879,5.0,6.0,-0.0017000707597018903,-0.007393442016930982,5.0,12.0,8,14
279,202204030312,0.0,0.0,0.0,4.0,1.0,3.0,0.0,15.0,0.0,0.0,0.0,0.0,0.0,0.0,0.0,1.0,0.0,0.0,0.0,5.0,0.0,0.0,0.0,0.0,0.0,0.0,0.0,1.0,0.0,0.0,0.0,0.0,0.0,0.0,0.0,0.0,-0.010636777525979461,-0.013845082537992054,110.0,14.0,-0.00970412514401777,-0.012,130.0,16.0,-0.02082440129846267,-0.012073798945440193,90.0,1.0,6,11
280,202204030312,3.0,0.0,2.0,23.0,0.0,0.0,0.0,0.0,0.0,0.0,0.0,0.0,2.0,0.0,0.0,6.0,0.0,0.0,0.0,0.0,0.0,0.0,0.0,0.0,0.0,0.0,0.0,0.0,0.0,0.0,0.0,0.0,0.0,0.0,0.0,0.0,0.021490626428898034,0.014850892618747296,1.0,2.0,0.021209029194952312,0.009409905163329822,5.0,2.0,0.0014127744553382691,-0.014110032362459547,8.0,7.0,2,2
281,202204030312,2.0,1.0,0.0,18.0,2.0,1.0,2.0,12.0,0.0,0.0,0.0,1.0,1.0,0.0,0.0,9.0,1.0,0.0,1.0,3.0,0.0,0.0,0.0,1.0,0.0,0.0,0.0,0.0,0.0,0.0,0.0,0.0,0.0,0.0,0.0,0.0,-0.0010253280439426304,-0.001575476306790425,3.0,11.0,0.005214332083848135,0.0005575367395672252,6.0,6.0,0.016496240760518997,0.012224133902589265,9.0,2.0,2,3
282,202204030312,1.0,2.0,2.0,22.0,0.0,0.0,0.0,0.0,0.0,0.0,0.0,0.0,1.0,1.0,1.0,8.0,0.0,0.0,0.0,0.0,0.0,0.0,0.0,0.0,1.0,1.0,0.0,1.0,0.0,0.0,0.0,0.0,0.0,0.0,0.0,0.0,-0.008890247630693977,-0.013226895916487565,10.0,9.0,0.012281664380429812,0.005579442608159244,12.0,14.0,0.00842780183098126,0.0002082760574175435,5.0,10.0,5,8
283,202204030312,2.0,3.0,2.0,10.0,0.0,0.0,0.0,0.0,0.0,0.0,0.0,0.0,0.0,1.0,0.0,4.0,0.0,0.0,0.0,0.0,0.0,0.0,0.0,0.0,0.0,1.0,0.0,0.0,0.0,0.0,0.0,0.0,0.0,0.0,0.0,0.0,-0.00710193363571258,-0.005361930294906166,9.0,12.0,-0.01506911491644316,-0.01677247627550177,5.0,3.0,-0.006816587579946359,-0.008506100585259399,5.0,4.0,1,1
284,202204030312,2.0,3.0,2.0,10.0,2.0,1.0,2.0,12.0,0.0,0.0,0.0,0.0,0.0,1.0,0.0,4.0,1.0,0.0,1.0,3.0,0.0,0.0,0.0,0.0,0.0,1.0,0.0,0.0,0.0,0.0,0.0,0.0,0.0,0.0,0.0,0.0,-0.015915143638976087,-0.022700889978073003,100.0,10.0,-0.0008111325306281537,-0.010272224585282859,100.0,10.0,-0.03036933960760986,-0.035218783351120594,90.0,10.0,4,7
285,202204030402,1.0,2.0,2.0,19.0,0.0,2.0,2.0,15.0,0.0,0.0,0.0,0.0,0.0,1.0,0.0,4.0,0.0,0.0,2.0,2.0,0.0,0.0,0.0,0.0,0.0,1.0,0.0,3.0,0.0,0.0,1.0,1.0,0.0,0.0,0.0,0.0,-0.031157683518198538,-0.014467587303618268,6.0,5.0,,,,,,,,,7,7
286,202204030402,0.0,0.0,0.0,0.0,0.0,0.0,0.0,1.0,0.0,0.0,0.0,0.0,0.0,0.0,0.0,0.0,0.0,0.0,0.0,1.0,0.0,0.0,0.0,0.0,0.0,0.0,0.0,0.0,0.0,0.0,0.0,0.0,0.0,0.0,0.0,0.0,-0.0360990990990991,-0.028225301743406348,8.0,10.0,,,,,,,,,4,4
287,202204030402,1.0,2.0,2.0,19.0,3.0,2.0,0.0,8.0,0.0,0.0,0.0,0.0,0.0,1.0,0.0,4.0,1.0,0.0,0.0,3.0,0.0,0.0,0.0,0.0,0.0,1.0,0.0,3.0,1.0,0.0,0.0,0.0,0.0,0.0,0.0,0.0,-0.025416730941988874,-0.020398212108898823,1.0,4.0,-0.030411829064913267,-0.009963871854404614,5.0,2.0,,,,,8,9
288,202204030402,0.0,0.0,0.0,0.0,0.0,0.0,0.0,0.0,0.0,0.0,0.0,0.0,0.0,0.0,0.0,0.0,0.0,0.0,0.0,0.0,0.0,0.0,0.0,0.0,0.0,0.0,0.0,0.0,0.0,0.0,0.0,0.0,0.0,0.0,0.0,0.0,-0.003362874607509801,-0.0036332549690104724,7.0,5.0,-0.03116467453620068,-0.00965188595428479,4.0,7.0,,,,,3,3
289,202204030402,0.0,0.0,0.0,0.0,1.0,4.0,1.0,24.0,0.0,0.0,0.0,0.0,0.0,0.0,0.0,0.0,0.0,3.0,0.0,11.0,0.0,0.0,0.0,0.0,0.0,0.0,0.0,0.0,0.0,3.0,0.0,6.0,0.0,0.0,0.0,0.0,-0.06996799268404207,-0.04669845501471628,5.0,8.0,,,,,,,,,8,8
290,202204030402,0.0,0.0,0.0,0.0,0.0,0.0,0.0,0.0,0.0,0.0,0.0,0.0,0.0,0.0,0.0,0.0,0.0,0.0,0.0,0.0,0.0,0.0,0.0,0.0,0.0,0.0,0.0,0.0,0.0,0.0,0.0,0.0,0.0,0.0,0.0,0.0,-0.0033350054809282276,-0.003605378332419599,2.0,2.0,-0.03320054356931439,-0.01233903622368949,5.0,5.0,,,,,6,6
291,202204030402,0.0,0.0,0.0,4.0,0.0,0.0,0.0,0.0,0.0,0.0,0.0,0.0,0.0,0.0,0.0,1.0,0.0,0.0,0.0,0.0,0.0,0.0,0.0,0.0,0.0,0.0,0.0,1.0,0.0,0.0,0.0,0.0,0.0,0.0,0.0,0.0,-0.02459761377532472,-0.014330936664130942,90.0,90.0,-0.07141465857866325,-0.054917808219178084,130.0,120.0,,,,,2,2
292,202204030402,0.0,0.0,0.0,0.0,2.0,1.0,2.0,12.0,0.0,0.0,0.0,0.0,0.0,0.0,0.0,0.0,1.0,0.0,1.0,3.0,0.0,0.0,0.0,0.0,0.0,0.0,0.0,0.0,1.0,0.0,1.0,3.0,0.0,0.0,0.0,0.0,-0.07917695473251028,-0.05570714164303415,11.0,11.0,,,,,,,,,1,1
293,202204030402,1.0,2.0,2.0,19.0,1.0,2.0,1.0,5.0,0.0,0.0,0.0,0.0,0.0,1.0,0.0,4.0,0.0,1.0,0.0,2.0,0.0,0.0,0.0,0.0,0.0,1.0,0.0,3.0,0.0,0.0,0.0,0.0,0.0,0.0,0.0,0.0,-0.01809009009009009,-0.010353151542244077,1.0,5.0,,,,,,,,,5,5
294,202204030405,0.0,0.0,0.0,0.0,0.0,0.0,0.0,8.0,0.0,0.0,0.0,0.0,0.0,0.0,0.0,0.0,0.0,0.0,0.0,2.0,0.0,0.0,0.0,0.0,0.0,0.0,0.0,0.0,0.0,0.0,0.0,0.0,0.0,0.0,0.0,0.0,,,,,,,,,,,,,6,9
295,202204030405,0.0,2.0,1.0,24.0,2.0,1.0,2.0,12.0,0.0,0.0,0.0,2.0,0.0,1.0,1.0,5.0,1.0,0.0,1.0,3.0,0.0,0.0,0.0,0.0,0.0,0.0,0.0,0.0,0.0,0.0,0.0,0.0,0.0,0.0,0.0,0.0,,,,,,,,,,,,,4,4
296,202204030405,3.0,1.0,0.0,15.0,0.0,0.0,0.0,0.0,0.0,0.0,0.0,0.0,1.0,0.0,0.0,5.0,0.0,0.0,0.0,0.0,0.0,0.0,0.0,0.0,1.0,0.0,0.0,2.0,0.0,0.0,0.0,0.0,0.0,0.0,0.0,0.0,,,,,,,,,,,,,7,11
297,202204030405,0.0,0.0,2.0,7.0,1.0,3.0,1.0,20.0,0.0,0.0,0.0,1.0,0.0,0.0,1.0,3.0,0.0,1.0,0.0,6.0,0.0,0.0,0.0,0.0,0.0,0.0,0.0,1.0,0.0,0.0,0.0,0.0,0.0,0.0,0.0,0.0,,,,,,,,,,,,,4,5
298,202204030405,0.0,0.0,1.0,0.0,1.0,0.0,1.0,10.0,0.0,0.0,0.0,0.0,0.0,0.0,1.0,0.0,1.0,0.0,0.0,2.0,0.0,0.0,0.0,0.0,0.0,0.0,0.0,0.0,0.0,0.0,0.0,0.0,0.0,0.0,0.0,0.0,,,,,,,,,,,,,8,12
299,202204030405,0.0,0.0,0.0,0.0,0.0,0.0,0.0,0.0,0.0,0.0,0.0,0.0,0.0,0.0,0.0,0.0,0.0,0.0,0.0,0.0,0.0,0.0,0.0,0.0,0.0,0.0,0.0,0.0,0.0,0.0,0.0,0.0,0.0,0.0,0.0,0.0,,,,,,,,,,,,,3,3
300,202204030405,0.0,0.0,0.0,1.0,0.0,0.0,0.0,0.0,0.0,0.0,0.0,0.0,0.0,0.0,0.0,1.0,0.0,0.0,0.0,0.0,0.0,0.0,0.0,0.0,0.0,0.0,0.0,0.0,0.0,0.0,0.0,0.0,0.0,0.0,0.0,0.0,,,,,,,,,,,,,6,8
301,202204030405,0.0,0.0,1.0,2.0,0.0,0.0,0.0,8.0,0.0,0.0,0.0,0.0,0.0,0.0,0.0,1.0,0.0,0.0,0.0,4.0,0.0,0.0,0.0,0.0,0.0,0.0,0.0,1.0,0.0,0.0,0.0,0.0,0.0,0.0,0.0,0.0,,,,,,,,,,,,,5,6
302,202204030405,0.0,0.0,0.0,0.0,1.0,0.0,2.0,13.0,0.0,0.0,0.0,0.0,0.0,0.0,0.0,0.0,1.0,0.0,1.0,6.0,0.0,0.0,0.0,0.0,0.0,0.0,0.0,0.0,0.0,0.0,0.0,2.0,0.0,0.0,0.0,0.0,,,,,,,,,,,,,5,7
303,202204030405,2.0,1.0,0.0,18.0,2.0,1.0,2.0,12.0,0.0,0.0,0.0,1.0,1.0,0.0,0.0,9.0,1.0,0.0,1.0,3.0,0.0,0.0,0.0,1.0,0.0,0.0,0.0,2.0,0.0,0.0,0.0,0.0,0.0,0.0,0.0,0.0,,,,,,,,,,,,,7,10
304,202204030405,0.0,0.0,0.0,8.0,0.0,0.0,0.0,0.0,0.0,0.0,0.0,0.0,0.0,0.0,0.0,2.0,0.0,0.0,0.0,0.0,0.0,0.0,0.0,0.0,0.0,0.0,0.0,0.0,0.0,0.0,0.0,0.0,0.0,0.0,0.0,0.0,,,,,,,,,,,,,8,13
305,202204030405,0.0,0.0,0.0,0.0,2.0,0.0,1.0,7.0,0.0,0.0,0.0,0.0,0.0,0.0,0.0,0.0,0.0,0.0,0.0,2.0,0.0,0.0,0.0,0.0,0.0,0.0,0.0,0.0,0.0,0.0,0.0,0.0,0.0,0.0,0.0,0.0,,,,,,,,,,,,,2,2
306,202204030405,0.0,0.0,0.0,4.0,2.0,1.0,0.0,8.0,0.0,0.0,0.0,0.0,0.0,0.0,0.0,1.0,0.0,0.0,0.0,3.0,0.0,0.0,0.0,0.0,0.0,0.0,0.0,0.0,0.0,0.0,0.0,0.0,0.0,0.0,0.0,0.0,,,,,,,,,,,,,1,1
307,202204030505,0.0,0.0,0.0,0.0,8.0,9.0,13.0,115.0,0.0,0.0,0.0,0.0,0.0,0.0,0.0,0.0,1.0,0.0,2.0,18.0,0.0,0.0,0.0,0.0,0.0,0.0,0.0,0.0,1.0,0.0,0.0,0.0,0.0,0.0,0.0,0.0,,,,,,,,,,,,,7,10
308,202204030505,5.0,2.0,3.0,22.0,0.0,0.0,1.0,5.0,0.0,0.0,0.0,0.0,1.0,0.0,0.0,4.0,0.0,0.0,0.0,0.0,0.0,0.0,0.0,0.0,0.0,0.0,0.0,0.0,0.0,0.0,0.0,0.0,0.0,0.0,0.0,0.0,,,,,,,,,,,,,2,2
309,202204030505,1.0,0.0,1.0,2.0,3.0,0.0,0.0,6.0,0.0,0.0,0.0,0.0,0.0,0.0,0.0,0.0,1.0,0.0,0.0,0.0,0.0,0.0,0.0,0.0,0.0,0.0,0.0,0.0,0.0,0.0,0.0,0.0,0.0,0.0,0.0,0.0,,,,,,,,,,,,,5,7
310,202204030505,0.0,0.0,1.0,8.0,0.0,0.0,0.0,10.0,0.0,0.0,0.0,0.0,0.0,0.0,0.0,1.0,0.0,0.0,0.0,1.0,0.0,0.0,0.0,0.0,0.0,0.0,0.0,0.0,0.0,0.0,0.0,1.0,0.0,0.0,0.0,0.0,,,,,,,,,,,,,8,13
311,202204030505,0.0,0.0,0.0,1.0,6.0,5.0,11.0,96.0,0.0,0.0,0.0,0.0,0.0,0.0,0.0,0.0,2.0,1.0,4.0,20.0,0.0,0.0,0.0,0.0,0.0,0.0,0.0,0.0,0.0,0.0,2.0,2.0,0.0,0.0,0.0,0.0,,,,,,,,,,,,,6,8
312,202204030505,6.0,7.0,6.0,66.0,7.0,7.0,2.0,52.0,1.0,0.0,0.0,0.0,0.0,1.0,3.0,10.0,1.0,1.0,1.0,8.0,0.0,0.0,0.0,0.0,0.0,0.0,0.0,1.0,1.0,0.0,0.0,4.0,0.0,0.0,0.0,0.0,,,,,,,,,,,,,7,11
313,202204030505,0.0,0.0,0.0,0.0,0.0,0.0,0.0,3.0,0.0,0.0,0.0,0.0,0.0,0.0,0.0,0.0,0.0,0.0,0.0,2.0,0.0,0.0,0.0,0.0,0.0,0.0,0.0,0.0,0.0,0.0,0.0,0.0,0.0,0.0,0.0,0.0,,,,,,,,,,,,,1,1
314,202204030505,6.0,7.0,6.0,66.0,0.0,0.0,0.0,3.0,0.0,0.0,0.0,0.0,0.0,1.0,3.0,10.0,0.0,0.0,0.0,2.0,0.0,0.0,0.0,0.0,0.0,0.0,0.0,1.0,0.0,0.0,0.0,0.0,0.0,0.0,0.0,0.0,,,,,,,,,,,,,8,12
315,202204030505,0.0,0.0,0.0,0.0,0.0,0.0,0.0,2.0,0.0,0.0,0.0,0.0,0.0,0.0,0.0,0.0,0.0,0.0,0.0,0.0,0.0,0.0,0.0,0.0,0.0,0.0,0.0,0.0,0.0,0.0,0.0,0.0,0.0,0.0,0.0,0.0,,,,,,,,,,,,,4,4
316,202204030505,6.0,15.0,12.0,124.0,0.0,0.0,0.0,2.0,0.0,0.0,0.0,0.0,2.0,5.0,2.0,20.0,0.0,0.0,0.0,0.0,0.0,0.0,0.0,0.0,0.0,0.0,0.0,3.0,0.0,0.0,0.0,0.0,0.0,0.0,0.0,0.0,,,,,,,,,,,,,4,5
317,202204030505,1.0,1.0,0.0,17.0,0.0,1.0,1.0,38.0,0.0,0.0,0.0,0.0,0.0,0.0,0.0,4.0,0.0,0.0,0.0,11.0,0.0,0.0,0.0,0.0,0.0,0.0,0.0,1.0,0.0,0.0,0.0,1.0,0.0,0.0,0.0,0.0,,,,,,,,,,,,,3,3
318,202204030505,0.0,0.0,0.0,0.0,0.0,0.0,0.0,0.0,0.0,0.0,0.0,0.0,0.0,0.0,0.0,0.0,0.0,0.0,0.0,0.0,0.0,0.0,0.0,0.0,0.0,0.0,0.0,0.0,0.0,0.0,0.0,0.0,0.0,0.0,0.0,0.0,-0.059091838061795146,-0.04194960563714962,11.0,12.0,,,,,,,,,6,9
319,202204030505,2.0,0.0,1.0,29.0,4.0,6.0,4.0,49.0,0.0,0.0,0.0,0.0,0.0,0.0,0.0,5.0,2.0,1.0,1.0,9.0,0.0,0.0,0.0,0.0,0.0,0.0,0.0,0.0,0.0,0.0,0.0,0.0,0.0,0.0,0.0,0.0,,,,,,,,,,,,,5,6
320,202204030607,0.0,0.0,0.0,3.0,0.0,0.0,0.0,0.0,0.0,0.0,0.0,0.0,0.0,0.0,0.0,1.0,0.0,0.0,0.0,0.0,0.0,0.0,0.0,0.0,0.0,0.0,0.0,1.0,0.0,0.0,0.0,0.0,0.0,0.0,0.0,0.0,0.016748190501371583,0.008597635650196197,9.0,3.0,0.005945413670735559,0.003297317436661699,10.0,6.0,-0.020855025418019233,-0.024095768647851554,15.0,12.0,2,2
321,202204030607,3.0,0.0,2.0,23.0,1.0,4.0,1.0,24.0,0.0,0.0,0.0,0.0,2.0,0.0,0.0,6.0,0.0,3.0,0.0,11.0,0.0,0.0,0.0,0.0,0.0,0.0,0.0,0.0,0.0,0.0,0.0,2.0,0.0,0.0,0.0,0.0,-0.005240231575420242,-0.003307167076965953,1.0,1.0,-0.011113759854008599,-0.007733964721978715,1.0,3.0,0.004011616001787077,0.024121767044832744,1.0,2.0,1,1
322,202204030607,0.0,0.0,0.0,3.0,1.0,3.0,1.0,20.0,0.0,0.0,0.0,1.0,0.0,0.0,0.0,1.0,0.0,1.0,0.0,6.0,0.0,0.0,0.0,0.0,0.0,0.0,0.0,1.0,0.0,0.0,0.0,0.0,0.0,0.0,0.0,0.0,0.00436091957806046,-0.0006450225757901526,1.0,8.0,0.011513082632450785,0.004910541541523097,9.0,5.0,0.0026950623490723876,0.0015594702751763688,6.0,7.0,8,9
323,202204030607,2.0,1.0,0.0,18.0,2.0,1.0,2.0,12.0,0.0,0.0,0.0,1.0,1.0,0.0,0.0,9.0,1.0,0.0,1.0,3.0,0.0,0.0,0.0,1.0,0.0,0.0,0.0,0.0,0.0,0.0,0.0,0.0,0.0,0.0,0.0,0.0,0.024506251974063132,0.021907600596125187,6.0,9.0,0.009786261311085127,0.0004253509145044662,1.0,3.0,-0.009145855684558269,-0.013895410885805762,1.0,4.0,7,7
324,202204030607,1.0,1.0,0.0,4.0,1.0,3.0,1.0,20.0,0.0,0.0,0.0,0.0,0.0,1.0,0.0,2.0,0.0,1.0,0.0,6.0,0.0,0.0,0.0,0.0,0.0,1.0,0.0,0.0,0.0,0.0,0.0,0.0,0.0,0.0,0.0,0.0,0.008836933565526697,0.002972391237502446,7.0,6.0,0.008818407499351588,0.002953755555762619,7.0,5.0,0.008827670532439142,0.0029630733966325325,6.0,7.0,6,6
325,202204030607,0.0,2.0,1.0,24.0,2.0,1.0,2.0,12.0,0.0,0.0,0.0,2.0,0.0,1.0,1.0,5.0,1.0,0.0,1.0,3.0,0.0,0.0,0.0,0.0,0.0,0.0,1.0,2.0,0.0,0.0,0.0,0.0,0.0,0.0,0.0,0.0,0.012077628238493324,0.007427961579509071,1.0,2.0,-0.009198967506187527,-0.013948772678762007,1.0,3.0,-0.009135233320232417,-0.005961583260975455,1.0,1.0,4,4
326,202204030607,0.0,2.0,1.0,24.0,0.0,1.0,2.0,19.0,0.0,0.0,0.0,0.0,0.0,1.0,1.0,5.0,0.0,1.0,1.0,5.0,0.0,0.0,0.0,0.0,0.0,0.0,1.0,2.0,0.0,1.0,0.0,2.0,0.0,0.0,0.0,0.0,-0.016354340589254047,-0.015480261112838048,1.0,2.0,0.0,0.0,1.0,1.0,0.0,0.0,1.0,2.0,8,8
327,202204030607,0.0,0.0,0.0,7.0,0.0,0.0,0.0,0.0,0.0,0.0,0.0,0.0,0.0,0.0,0.0,1.0,0.0,0.0,0.0,0.0,0.0,0.0,0.0,0.0,0.0,0.0,0.0,0.0,0.0,0.0,0.0,0.0,0.0,0.0,0.0,0.0,0.024496962265202607,0.02189828614008942,14.0,10.0,-0.014335851123538522,-0.01995702609712646,9.0,9.0,-0.0010338376710755193,-0.006409568983295525,5.0,4.0,5,5
328,202204030607,3.0,1.0,0.0,15.0,0.0,0.0,0.0,0.0,0.0,0.0,0.0,0.0,1.0,0.0,0.0,5.0,0.0,0.0,0.0,0.0,0.0,0.0,0.0,0.0,0.0,0.0,0.0,0.0,0.0,0.0,0.0,0.0,0.0,0.0,0.0,0.0,-0.014942773087921659,-0.010542271504458616,3.0,6.0,0.0019888368512221725,-0.0022980606086639033,1.0,4.0,0.005326713302808855,0.00865155375678975,3.0,1.0,3,3
329,202204030707,6.0,7.0,6.0,66.0,10.0,8.0,5.0,129.0,0.0,1.0,0.0,8.0,0.0,1.0,3.0,10.0,3.0,0.0,1.0,33.0,0.0,0.0,0.0,2.0,0.0,1.0,2.0,4.0,0.0,0.0,0.0,12.0,0.0,0.0,0.0,2.0,-0.002417524101536012,0.003319727093516639,4.0,9.0,0.00529383235649522,0.008618782719832213,5.0,3.0,-0.03319123587557475,-0.031204421942496167,3.0,9.0,7,15
330,202204030707,1.0,1.0,1.0,27.0,0.0,0.0,2.0,7.0,0.0,0.0,0.0,0.0,0.0,0.0,1.0,7.0,0.0,0.0,1.0,0.0,0.0,0.0,0.0,0.0,0.0,0.0,0.0,5.0,0.0,0.0,1.0,0.0,0.0,0.0,0.0,0.0,-0.007120163394984682,-0.004669194634670893,1.0,10.0,0.009018323855477052,0.012972895659014518,1.0,5.0,0.005475415873795347,0.010504586595658918,4.0,3.0,4,7
331,202204030707,6.0,7.0,6.0,66.0,7.0,10.0,5.0,92.0,0.0,2.0,0.0,10.0,0.0,1.0,3.0,10.0,2.0,3.0,0.0,20.0,0.0,0.0,0.0,2.0,0.0,1.0,2.0,4.0,0.0,1.0,0.0,4.0,0.0,0.0,0.0,0.0,0.00869390488948426,0.009688859150217465,3.0,3.0,0.007773334924803056,0.011783761293390394,6.0,4.0,-0.0012755189510571035,0.009208365566005728,6.0,5.0,7,13
332,202204030707,2.0,0.0,1.0,29.0,10.0,8.0,5.0,129.0,0.0,0.0,0.0,1.0,0.0,0.0,0.0,5.0,3.0,0.0,1.0,33.0,0.0,0.0,0.0,1.0,0.0,0.0,0.0,2.0,0.0,0.0,0.0,12.0,0.0,0.0,0.0,1.0,-0.0033535848986492763,-0.0036239627568135147,7.0,4.0,-0.0001208924057588746,-0.0012763382296308522,3.0,11.0,0.0014871310056192308,0.004627374573794447,7.0,4.0,3,6
333,202204030707,2.0,1.0,2.0,15.0,0.0,1.0,0.0,2.0,0.0,0.0,0.0,0.0,0.0,0.0,0.0,2.0,0.0,0.0,0.0,0.0,0.0,0.0,0.0,0.0,0.0,0.0,0.0,1.0,0.0,0.0,0.0,0.0,0.0,0.0,0.0,0.0,-0.012306013045430138,-0.0058073939319730275,2.0,3.0,-0.0032885569366256063,-0.0035589172714348104,3.0,3.0,-0.00598079561042524,-0.0040525739320920046,1.0,5.0,2,4
334,202204030707,4.0,3.0,4.0,47.0,7.0,7.0,2.0,52.0,0.0,0.0,0.0,3.0,1.0,0.0,0.0,10.0,1.0,1.0,1.0,8.0,0.0,0.0,0.0,2.0,1.0,0.0,0.0,4.0,0.0,1.0,1.0,2.0,0.0,0.0,0.0,0.0,-0.042066032687776346,-0.03379743888242142,100.0,15.0,-0.04427736006683375,-0.03776065088348023,120.0,6.0,-0.017129042719419795,-0.01130759140241981,90.0,14.0,5,9
335,202204030707,6.0,5.0,5.0,46.0,10.0,8.0,5.0,129.0,1.0,1.0,0.0,2.0,3.0,1.0,1.0,9.0,3.0,0.0,1.0,33.0,1.0,0.0,0.0,1.0,2.0,1.0,0.0,4.0,0.0,0.0,0.0,12.0,0.0,0.0,0.0,1.0,0.0,0.0,3.0,9.0,-0.006026931987041634,-0.004016064257028112,12.0,13.0,-0.0029346244584919153,0.00041783072120859583,5.0,10.0,4,8
336,202204030707,0.0,0.0,0.0,1.0,0.0,0.0,0.0,5.0,0.0,0.0,0.0,0.0,0.0,0.0,0.0,0.0,0.0,0.0,0.0,1.0,0.0,0.0,0.0,0.0,0.0,0.0,0.0,0.0,0.0,0.0,0.0,1.0,0.0,0.0,0.0,0.0,0.015351668909383307,0.01715806715806716,6.0,3.0,0.003118427069044353,0.005029207740051113,16.0,7.0,,,,,3,5
337,202204030707,1.0,0.0,1.0,14.0,0.0,0.0,0.0,0.0,0.0,0.0,0.0,0.0,0.0,0.0,0.0,5.0,0.0,0.0,0.0,0.0,0.0,0.0,0.0,0.0,0.0,0.0,0.0,1.0,0.0,0.0,0.0,0.0,0.0,0.0,0.0,0.0,-0.00603616159192225,-0.004025275413580929,11.0,14.0,,,,,,,,,6,12
338,202204030707,0.0,0.0,0.0,2.0,10.0,8.0,5.0,129.0,0.0,0.0,0.0,0.0,0.0,0.0,0.0,2.0,3.0,0.0,1.0,33.0,0.0,0.0,0.0,0.0,0.0,0.0,0.0,2.0,0.0,0.0,0.0,12.0,0.0,0.0,0.0,0.0,-0.00915647804888412,-0.005982761176644994,3.0,6.0,-0.0007479273983714144,0.0010515247108307045,9.0,3.0,-0.023767057507414015,-0.009658919408391186,10.0,8.0,2,3
339,202204030707,4.0,3.0,4.0,61.0,3.0,4.0,6.0,43.0,0.0,0.0,1.0,2.0,0.0,1.0,1.0,10.0,0.0,1.0,2.0,7.0,0.0,0.0,0.0,0.0,0.0,1.0,1.0,5.0,0.0,0.0,0.0,4.0,0.0,0.0,0.0,0.0,-0.012596845214870965,-0.012869713892786456,17.0,11.0,-0.022932185074282133,-0.018261990589819598,15.0,14.0,,,,,8,16
340,202204030707,2.0,6.0,2.0,56.0,0.0,0.0,4.0,25.0,0.0,0.0,0.0,1.0,0.0,1.0,0.0,13.0,0.0,0.0,1.0,1.0,0.0,0.0,0.0,0.0,0.0,1.0,0.0,8.0,0.0,0.0,0.0,0.0,0.0,0.0,0.0,0.0,-0.012624714341452539,-0.012897590529377329,10.0,12.0,0.0046297849498439965,0.007349497022282694,8.0,6.0,-0.03209954729904065,-0.02131931388250586,6.0,12.0,1,1
341,202204030707,1.0,0.0,5.0,33.0,9.0,12.0,17.0,146.0,1.0,0.0,0.0,1.0,0.0,0.0,1.0,6.0,1.0,1.0,1.0,17.0,0.0,0.0,0.0,0.0,0.0,0.0,1.0,2.0,0.0,0.0,1.0,7.0,0.0,0.0,0.0,0.0,-0.00044915375349625366,0.00812679006973049,140.0,4.0,-0.037053937175272486,-0.027791481664199966,140.0,12.0,-0.05128472255107163,-0.042497440761854674,120.0,13.0,5,10
342,202204030707,2.0,2.0,3.0,16.0,9.0,12.0,17.0,146.0,1.0,0.0,0.0,5.0,0.0,1.0,0.0,2.0,1.0,1.0,1.0,17.0,0.0,0.0,0.0,0.0,0.0,1.0,0.0,2.0,0.0,0.0,1.0,7.0,0.0,0.0,0.0,0.0,-0.021218654260751164,-0.01873337483728564,90.0,11.0,0.009018323855477052,0.012972895659014518,70.0,4.0,-0.019016634951813886,-0.013863611379154503,90.0,11.0,8,18
343,202204030707,0.0,0.0,0.0,3.0,0.0,0.0,0.0,1.0,0.0,0.0,0.0,0.0,0.0,0.0,0.0,0.0,0.0,0.0,0.0,0.0,0.0,0.0,0.0,0.0,0.0,0.0,0.0,0.0,0.0,0.0,0.0,0.0,0.0,0.0,0.0,0.0,-0.04354690888632796,-0.03843965867533523,160.0,150.0,-0.02046506280359863,-0.01864975755315181,140.0,130.0,-0.03135473574366215,-0.026139320133383822,140.0,160.0,7,14
344,202204030707,0.0,0.0,0.0,2.0,1.0,0.0,0.0,7.0,0.0,0.0,0.0,0.0,0.0,0.0,0.0,2.0,0.0,0.0,0.0,2.0,0.0,0.0,0.0,0.0,0.0,0.0,0.0,2.0,0.0,0.0,0.0,2.0,0.0,0.0,0.0,0.0,-0.02186797465767423,-0.02214334166535027,14.0,16.0,-0.05146893693472979,-0.04245564675282616,11.0,16.0,,,,,1,2
345,202204030707,6.0,7.0,6.0,66.0,5.0,1.0,2.0,32.0,0.0,0.0,1.0,1.0,0.0,1.0,3.0,10.0,0.0,0.0,0.0,6.0,0.0,0.0,0.0,0.0,0.0,1.0,2.0,4.0,0.0,0.0,0.0,4.0,0.0,0.0,0.0,0.0,-0.02186797465767423,-0.02214334166535027,18.0,17.0,-0.017669227586361146,-0.014888586532241876,14.0,13.0,-0.04777485707983309,-0.04521949609417978,16.0,16.0,6,11
346,202204030707,6.0,6.0,1.0,50.0,2.0,0.0,0.0,29.0,0.0,0.0,0.0,0.0,1.0,2.0,0.0,9.0,0.0,0.0,0.0,5.0,0.0,0.0,0.0,0.0,1.0,2.0,0.0,5.0,0.0,0.0,0.0,1.0,0.0,0.0,0.0,0.0,-0.02540765677885357,-0.020389182355862567,60.0,12.0,-0.009124610955906566,-0.005950994303140685,60.0,3.0,0.012386129749785412,0.014360193065841347,70.0,5.0,8,17
347,202204030805,4.0,3.0,4.0,47.0,7.0,10.0,5.0,92.0,0.0,1.0,0.0,4.0,1.0,0.0,0.0,10.0,2.0,3.0,0.0,20.0,0.0,0.0,0.0,1.0,0.0,0.0,0.0,2.0,0.0,0.0,0.0,2.0,0.0,0.0,0.0,0.0,,,,,,,,,,,,,5,6
348,202204030805,7.0,5.0,9.0,103.0,7.0,7.0,2.0,52.0,0.0,0.0,0.0,2.0,1.0,2.0,3.0,18.0,1.0,1.0,1.0,8.0,0.0,0.0,0.0,0.0,0.0,0.0,0.0,3.0,1.0,0.0,0.0,4.0,0.0,0.0,0.0,0.0,,,,,,,,,,,,,4,4
349,202204030805,5.0,2.0,3.0,22.0,1.0,1.0,0.0,12.0,0.0,0.0,0.0,0.0,1.0,0.0,0.0,4.0,0.0,0.0,0.0,3.0,0.0,0.0,0.0,0.0,0.0,0.0,0.0,0.0,0.0,0.0,0.0,1.0,0.0,0.0,0.0,0.0,,,,,,,,,,,,,1,1
350,202204030805,9.0,7.0,9.0,68.0,10.0,8.0,5.0,129.0,1.0,0.0,0.0,5.0,4.0,3.0,2.0,9.0,3.0,0.0,1.0,33.0,1.0,0.0,0.0,1.0,1.0,0.0,0.0,0.0,0.0,0.0,0.0,4.0,0.0,0.0,0.0,0.0,,,,,,,,,,,,,8,13
351,202204030805,3.0,2.0,2.0,15.0,10.0,8.0,5.0,129.0,0.0,0.0,0.0,1.0,1.0,0.0,1.0,1.0,3.0,0.0,1.0,33.0,0.0,0.0,0.0,0.0,0.0,0.0,0.0,0.0,0.0,0.0,0.0,4.0,0.0,0.0,0.0,0.0,,,,,,,,,,,,,6,9
352,202204030805,2.0,3.0,0.0,30.0,0.0,0.0,0.0,0.0,0.0,0.0,0.0,0.0,2.0,0.0,0.0,4.0,0.0,0.0,0.0,0.0,0.0,0.0,0.0,0.0,0.0,0.0,0.0,1.0,0.0,0.0,0.0,0.0,0.0,0.0,0.0,0.0,,,,,,,,,,,,,8,12
353,202204030805,2.0,1.0,2.0,8.0,8.0,9.0,13.0,115.0,0.0,0.0,0.0,2.0,0.0,1.0,0.0,1.0,1.0,0.0,2.0,18.0,0.0,0.0,0.0,0.0,0.0,1.0,0.0,0.0,1.0,0.0,0.0,0.0,0.0,0.0,0.0,0.0,,,,,,,,,,,,,7,10
354,202204030805,0.0,0.0,1.0,8.0,1.0,0.0,1.0,6.0,0.0,0.0,0.0,0.0,0.0,0.0,0.0,1.0,0.0,0.0,0.0,0.0,0.0,0.0,0.0,0.0,0.0,0.0,0.0,0.0,0.0,0.0,0.0,0.0,0.0,0.0,0.0,0.0,,,,,,,,,,,,,3,3
355,202204030805,0.0,0.0,0.0,0.0,7.0,10.0,5.0,92.0,0.0,0.0,0.0,0.0,0.0,0.0,0.0,0.0,2.0,3.0,0.0,20.0,0.0,0.0,0.0,0.0,0.0,0.0,0.0,0.0,0.0,0.0,0.0,2.0,0.0,0.0,0.0,0.0,,,,,,,,,,,,,7,11
356,202204030805,0.0,0.0,0.0,4.0,5.0,1.0,2.0,32.0,0.0,0.0,0.0,1.0,0.0,0.0,0.0,1.0,0.0,0.0,0.0,6.0,0.0,0.0,0.0,0.0,0.0,0.0,0.0,0.0,0.0,0.0,0.0,0.0,0.0,0.0,0.0,0.0,,,,,,,,,,,,,5,7
357,202204030805,4.0,3.0,4.0,61.0,10.0,8.0,5.0,129.0,1.0,0.0,0.0,4.0,0.0,1.0,1.0,10.0,3.0,0.0,1.0,33.0,0.0,0.0,0.0,1.0,0.0,0.0,0.0,0.0,0.0,0.0,0.0,4.0,0.0,0.0,0.0,0.0,,,,,,,,,,,,,2,2
358,202204030805,0.0,3.0,3.0,38.0,0.0,0.0,0.0,0.0,0.0,0.0,0.0,0.0,0.0,0.0,2.0,12.0,0.0,0.0,0.0,0.0,0.0,0.0,0.0,0.0,0.0,0.0,0.0,1.0,0.0,0.0,0.0,0.0,0.0,0.0,0.0,0.0,,,,,,,,,,,,,6,8
359,202204030805,3.0,2.0,1.0,34.0,6.0,4.0,7.0,89.0,1.0,0.0,0.0,4.0,2.0,0.0,1.0,8.0,2.0,1.0,1.0,12.0,1.0,0.0,0.0,0.0,0.0,0.0,0.0,0.0,0.0,0.0,0.0,3.0,0.0,0.0,0.0,0.0,,,,,,,,,,,,,4,5
360,202204040209,13.0,11.0,14.0,129.0,4.0,2.0,3.0,19.0,3.0,1.0,1.0,4.0,3.0,1.0,3.0,25.0,0.0,1.0,0.0,2.0,0.0,0.0,0.0,0.0,0.0,0.0,0.0,2.0,0.0,0.0,0.0,0.0,0.0,0.0,0.0,0.0,0.004377375878355028,-0.0006284835353852769,5.0,7.0,-0.015896839851007167,-0.02268246393101288,1.0,8.0,-0.0054972678496369495,-0.006642188209084533,2.0,3.0,3,3
361,202204040209,13.0,11.0,12.0,89.0,1.0,0.0,0.0,15.0,0.0,0.0,0.0,2.0,5.0,4.0,3.0,17.0,0.0,0.0,0.0,4.0,0.0,0.0,0.0,1.0,1.0,0.0,1.0,1.0,0.0,0.0,0.0,0.0,0.0,0.0,0.0,0.0,-0.008299459792195112,-0.010885063097188823,1.0,10.0,0.0023667257463676596,-0.0001915260369006831,1.0,3.0,0.005953450992418074,-0.003458582408198121,3.0,3.0,6,6
362,202204040209,13.0,11.0,14.0,129.0,10.0,8.0,5.0,129.0,0.0,0.0,0.0,7.0,3.0,1.0,3.0,25.0,3.0,0.0,1.0,33.0,0.0,0.0,0.0,1.0,0.0,0.0,0.0,2.0,1.0,0.0,0.0,6.0,0.0,0.0,0.0,0.0,0.0059918622150381805,0.0033438897168405366,2.0,4.0,0.0026014178974226847,0.009238390092879257,2.0,2.0,-0.015126882607798639,-0.010681302790284944,1.0,4.0,2,2
363,202204040209,13.0,11.0,14.0,129.0,0.0,0.0,0.0,4.0,0.0,0.0,0.0,1.0,3.0,1.0,3.0,25.0,0.0,0.0,0.0,1.0,0.0,0.0,0.0,0.0,0.0,0.0,0.0,2.0,0.0,0.0,0.0,0.0,0.0,0.0,0.0,0.0,0.008827670532439142,0.0029630733966325325,5.0,8.0,0.005954703379596083,0.0033066318926974663,2.0,3.0,-0.0026067776218167233,-0.008963847232252856,2.0,5.0,7,9
364,202204040209,5.0,2.0,3.0,22.0,4.0,7.0,5.0,66.0,0.0,0.0,0.0,0.0,1.0,0.0,0.0,4.0,1.0,1.0,2.0,11.0,0.0,0.0,0.0,0.0,0.0,0.0,0.0,0.0,0.0,0.0,0.0,2.0,0.0,0.0,0.0,0.0,-0.002659546399586293,-0.009016950592633502,10.0,6.0,0.007343615007077075,0.00156232666494102,9.0,5.0,-0.006669721917606429,-0.01005049882990516,7.0,11.0,8,10
365,202204040209,0.0,0.0,1.0,2.0,1.0,0.0,2.0,6.0,0.0,0.0,0.0,0.0,0.0,0.0,0.0,1.0,0.0,0.0,0.0,2.0,0.0,0.0,0.0,0.0,0.0,0.0,0.0,0.0,0.0,0.0,0.0,1.0,0.0,0.0,0.0,0.0,0.007773334924803056,0.009487637771820077,4.0,7.0,0.009655456983701259,0.013992506655273277,5.0,1.0,-0.004642211342222974,-0.002172995780590717,4.0,6.0,5,5
366,202204040209,7.0,5.0,9.0,103.0,7.0,10.0,5.0,92.0,0.0,1.0,0.0,9.0,1.0,2.0,3.0,18.0,2.0,3.0,0.0,20.0,0.0,0.0,0.0,4.0,0.0,0.0,1.0,1.0,0.0,0.0,0.0,4.0,0.0,0.0,0.0,0.0,0.006190739956338992,-0.0024979457682826624,2.0,7.0,0.01643718355006739,0.004314358147038488,11.0,4.0,-0.0029264042219135067,0.00042602348044798005,1.0,1.0,6,7
367,202204040209,3.0,0.0,1.0,25.0,5.0,7.0,6.0,36.0,0.0,0.0,0.0,2.0,0.0,0.0,1.0,7.0,1.0,1.0,1.0,4.0,0.0,0.0,0.0,1.0,0.0,0.0,0.0,4.0,0.0,0.0,0.0,1.0,0.0,0.0,0.0,0.0,0.008838533094486829,0.004247894323351543,12.0,12.0,-0.00552199319228899,-0.006666941705515904,8.0,12.0,0.00879988143317648,0.0029351198740227916,4.0,3.0,4,4
368,202204040209,13.0,11.0,14.0,129.0,1.0,0.0,1.0,0.0,1.0,0.0,1.0,0.0,3.0,1.0,3.0,25.0,0.0,0.0,1.0,0.0,0.0,0.0,1.0,0.0,0.0,0.0,0.0,2.0,0.0,0.0,0.0,0.0,0.0,0.0,0.0,0.0,0.018081440586905778,0.012271596425676242,2.0,2.0,0.01804438845455556,0.012234325062196587,4.0,3.0,-0.007304701323920401,-0.014086565691630278,10.0,6.0,7,8
369,202204040209,0.0,0.0,0.0,9.0,9.0,12.0,17.0,146.0,0.0,0.0,0.0,0.0,0.0,0.0,0.0,1.0,1.0,1.0,1.0,17.0,0.0,0.0,0.0,0.0,0.0,0.0,0.0,0.0,0.0,0.0,0.0,3.0,0.0,0.0,0.0,0.0,-0.004621062315606924,-0.008984897725100364,12.0,16.0,-0.009744710808107007,-0.006481635366461692,4.0,1.0,-0.035108685423920205,-0.027201927386822054,5.0,5.0,1,1
370,202204040209,13.0,11.0,12.0,89.0,0.0,1.0,0.0,8.0,0.0,0.0,0.0,1.0,5.0,4.0,3.0,17.0,0.0,1.0,0.0,2.0,0.0,0.0,0.0,1.0,1.0,0.0,1.0,1.0,0.0,0.0,0.0,0.0,0.0,0.0,0.0,0.0,0.007306850977004099,0.001525348519025256,50.0,8.0,0.0059825725061776565,0.003334575260804769,40.0,2.0,-0.023334528630277164,-0.026891110311476993,60.0,10.0,8,11
371,202204040310,2.0,0.0,1.0,29.0,7.0,10.0,5.0,92.0,0.0,0.0,0.0,6.0,0.0,0.0,0.0,5.0,2.0,3.0,0.0,20.0,0.0,0.0,0.0,1.0,0.0,0.0,0.0,3.0,1.0,1.0,0.0,4.0,0.0,0.0,0.0,1.0,0.007461932199340189,0.0032484611338236785,4.0,5.0,0.004058154470485303,-0.0017600689048252102,2.0,5.0,0.013319309741432268,0.007555189394648641,3.0,3.0,1,1
372,202204040310,6.0,7.0,6.0,66.0,7.0,10.0,5.0,92.0,0.0,2.0,0.0,10.0,0.0,1.0,3.0,10.0,2.0,3.0,0.0,20.0,0.0,0.0,0.0,2.0,0.0,0.0,0.0,0.0,1.0,1.0,0.0,4.0,0.0,0.0,0.0,0.0,0.002416100011897462,-0.012258202316057317,2.0,2.0,0.011540538314404165,-0.002999544960671601,4.0,9.0,0.0027115459108404145,-3.305785123966942e-05,4.0,3.0,4,5
373,202204040310,9.0,7.0,9.0,68.0,1.0,2.0,1.0,14.0,0.0,0.0,0.0,0.0,4.0,3.0,2.0,9.0,0.0,0.0,0.0,4.0,0.0,0.0,0.0,0.0,1.0,0.0,0.0,1.0,0.0,0.0,0.0,0.0,0.0,0.0,0.0,0.0,-0.0038590024190761434,-0.005356274669765066,1.0,2.0,0.003034847816497574,0.00522887323943662,1.0,1.0,0.0008982502451856536,-0.006175346613251611,1.0,2.0,7,10
374,202204040310,13.0,11.0,14.0,129.0,0.0,0.0,0.0,1.0,0.0,0.0,0.0,1.0,3.0,1.0,3.0,25.0,0.0,0.0,0.0,1.0,0.0,0.0,0.0,1.0,0.0,0.0,0.0,3.0,0.0,0.0,0.0,1.0,0.0,0.0,0.0,1.0,-0.008047724493505635,-0.01456964656964657,9.0,10.0,-0.00041683648893993847,-0.007143190189770131,5.0,5.0,-0.01492905783038341,-0.016148522465121388,8.0,9.0,8,12
375,202204040310,4.0,3.0,4.0,47.0,7.0,7.0,2.0,52.0,0.0,0.0,0.0,3.0,1.0,0.0,0.0,10.0,1.0,1.0,1.0,8.0,0.0,0.0,0.0,2.0,0.0,0.0,0.0,2.0,0.0,0.0,0.0,1.0,0.0,0.0,0.0,0.0,0.00022308887199656277,-0.006245322245322245,3.0,2.0,0.01649785849524825,0.005973060845332095,3.0,5.0,0.02144490169181527,0.011683753579015424,8.0,4.0,4,4
376,202204040310,3.0,5.0,3.0,51.0,0.0,2.0,1.0,4.0,0.0,0.0,0.0,0.0,0.0,0.0,1.0,10.0,0.0,0.0,0.0,0.0,0.0,0.0,0.0,0.0,0.0,0.0,0.0,0.0,0.0,0.0,0.0,0.0,0.0,0.0,0.0,0.0,0.007915316665435395,-0.007437653388204782,10.0,18.0,0.007946977932097136,0.0016568248438761206,2.0,1.0,0.007851994132111913,0.0015612387951909597,5.0,3.0,7,11
377,202204040310,3.0,1.0,1.0,17.0,0.0,0.0,0.0,0.0,0.0,0.0,0.0,0.0,0.0,0.0,1.0,4.0,0.0,0.0,0.0,0.0,0.0,0.0,0.0,0.0,0.0,0.0,1.0,0.0,0.0,0.0,0.0,0.0,0.0,0.0,0.0,0.0,0.01435274184614382,0.017043054427294882,8.0,3.0,0.00017351356710843772,-0.006295218295218295,7.0,6.0,-0.005953360768175583,-0.01598780825713494,6.0,6.0,5,7
378,202204040310,4.0,3.0,4.0,47.0,0.0,1.0,1.0,38.0,0.0,0.0,0.0,0.0,1.0,0.0,0.0,10.0,0.0,0.0,0.0,11.0,0.0,0.0,0.0,0.0,0.0,0.0,0.0,2.0,0.0,0.0,0.0,1.0,0.0,0.0,0.0,0.0,-0.00382442488447914,-0.00799720097965712,2.0,1.0,-0.007124551897250133,-0.003234089701071292,4.0,6.0,0.025902504083559364,0.009862909367859864,11.0,6.0,3,3
379,202204040310,3.0,0.0,1.0,25.0,6.0,5.0,11.0,96.0,1.0,0.0,0.0,2.0,0.0,0.0,1.0,7.0,2.0,1.0,4.0,20.0,0.0,0.0,0.0,0.0,0.0,0.0,0.0,1.0,0.0,0.0,0.0,2.0,0.0,0.0,0.0,0.0,-0.002627885132924551,-0.008985088576405115,11.0,1.0,0.012024516416864065,0.007374599786552828,8.0,10.0,0.009765192933666214,0.0004040833687792429,4.0,4.0,5,6
380,202204040310,3.0,2.0,1.0,34.0,6.0,4.0,7.0,89.0,1.0,0.0,0.0,4.0,2.0,0.0,1.0,8.0,2.0,1.0,1.0,12.0,1.0,0.0,0.0,0.0,0.0,0.0,0.0,0.0,0.0,0.0,0.0,1.0,0.0,0.0,0.0,0.0,0.00021482632118187528,-0.006253638253638253,8.0,3.0,0.007371188029631808,-0.003251277287505806,7.0,9.0,0.007334423999558832,-0.003288434742220158,7.0,3.0,8,13
381,202204040310,3.0,3.0,4.0,37.0,6.0,4.0,7.0,89.0,0.0,1.0,1.0,6.0,2.0,1.0,1.0,7.0,2.0,1.0,1.0,12.0,0.0,0.0,0.0,0.0,1.0,0.0,1.0,0.0,0.0,0.0,0.0,1.0,0.0,0.0,0.0,0.0,-0.00809729979839376,-0.01461954261954262,6.0,12.0,0.01649785849524825,0.005973060845332095,8.0,4.0,-0.013747290514534381,-0.016537190082644627,9.0,11.0,6,9
382,202204040310,1.0,3.0,2.0,28.0,8.0,9.0,13.0,115.0,0.0,0.0,0.0,0.0,0.0,0.0,1.0,2.0,1.0,0.0,2.0,18.0,0.0,0.0,0.0,0.0,0.0,0.0,0.0,0.0,0.0,0.0,0.0,3.0,0.0,0.0,0.0,0.0,0.014218476626992927,0.008157092207373614,12.0,11.0,-0.004578764262374824,-0.01185467636627009,7.0,8.0,0.0019713659101549988,-0.004165323680360994,8.0,5.0,6,8
383,202204040310,2.0,6.0,8.0,65.0,2.0,2.0,0.0,24.0,0.0,0.0,0.0,1.0,0.0,0.0,1.0,11.0,1.0,0.0,0.0,2.0,0.0,0.0,0.0,0.0,0.0,0.0,0.0,0.0,0.0,0.0,0.0,0.0,0.0,0.0,0.0,0.0,-0.003307136354346655,-0.008186697782963827,11.0,13.0,0.007380892042574759,0.0017415497669084306,6.0,5.0,-0.08891559026734755,-0.09848484848484848,10.0,12.0,2,2
384,202204040401,0.0,0.0,1.0,2.0,7.0,10.0,5.0,92.0,0.0,0.0,0.0,0.0,0.0,0.0,0.0,1.0,2.0,3.0,0.0,20.0,0.0,0.0,0.0,0.0,0.0,0.0,0.0,0.0,0.0,1.0,0.0,4.0,0.0,0.0,0.0,0.0,-0.006816587579946359,-0.002407401321194991,7.0,5.0,-0.0339735841912889,-0.013141560720859553,4.0,9.0,,,,,7,10
385,202204040401,0.0,0.0,0.0,0.0,10.0,8.0,5.0,129.0,0.0,0.0,0.0,0.0,0.0,0.0,0.0,0.0,3.0,0.0,1.0,33.0,0.0,0.0,0.0,0.0,0.0,0.0,0.0,0.0,0.0,0.0,0.0,12.0,0.0,0.0,0.0,0.0,0.001378172065194966,0.005751470733230355,3.0,3.0,0.012662469996829854,0.016235582910672706,2.0,4.0,-0.029515086549993103,-0.010279429684326734,2.0,3.0,4,5
386,202204040401,2.0,6.0,2.0,56.0,0.0,1.0,0.0,2.0,0.0,0.0,0.0,0.0,0.0,1.0,0.0,13.0,0.0,0.0,0.0,1.0,0.0,0.0,0.0,0.0,0.0,1.0,0.0,8.0,0.0,0.0,0.0,1.0,0.0,0.0,0.0,0.0,-0.01092640072046242,0.012965106367706567,8.0,5.0,,,,,,,,,3,3
387,202204040401,0.0,1.0,0.0,8.0,6.0,4.0,5.0,37.0,0.0,0.0,0.0,0.0,0.0,0.0,0.0,1.0,0.0,1.0,2.0,9.0,0.0,0.0,0.0,0.0,0.0,0.0,0.0,0.0,0.0,1.0,1.0,6.0,0.0,0.0,0.0,0.0,-0.013769217773272512,-0.009314354197767077,10.0,6.0,-0.013726980908937321,-0.01349154403226147,6.0,4.0,-0.012615424632592015,-0.012888298317180372,10.0,6.0,1,1
388,202204040401,0.0,1.0,0.0,8.0,3.0,4.0,6.0,43.0,0.0,0.0,0.0,0.0,0.0,0.0,0.0,1.0,0.0,1.0,2.0,7.0,0.0,0.0,0.0,0.0,0.0,0.0,0.0,0.0,0.0,0.0,0.0,4.0,0.0,0.0,0.0,0.0,-0.013726980908937321,-0.01349154403226147,3.0,3.0,0.005797404771871076,0.012616919559343171,6.0,3.0,,,,,8,12
389,202204040401,0.0,0.0,1.0,8.0,6.0,5.0,11.0,96.0,0.0,0.0,0.0,1.0,0.0,0.0,0.0,1.0,2.0,1.0,4.0,20.0,0.0,0.0,0.0,0.0,0.0,0.0,0.0,1.0,2.0,0.0,1.0,12.0,0.0,0.0,0.0,0.0,-0.009524610696726674,-0.005530159853273873,7.0,6.0,-0.022695350040659423,-0.004732911285148827,8.0,10.0,,,,,5,6
390,202204040401,6.0,15.0,12.0,124.0,0.0,0.0,0.0,0.0,0.0,0.0,0.0,0.0,2.0,5.0,2.0,20.0,0.0,0.0,0.0,0.0,0.0,0.0,0.0,0.0,2.0,2.0,1.0,5.0,0.0,0.0,0.0,0.0,0.0,0.0,0.0,0.0,-0.05625969753051801,-0.038276720660792546,6.0,12.0,,,,,,,,,6,9
391,202204040401,2.0,0.0,1.0,29.0,5.0,7.0,6.0,36.0,0.0,0.0,0.0,1.0,0.0,0.0,0.0,5.0,1.0,1.0,1.0,4.0,0.0,0.0,0.0,0.0,0.0,0.0,0.0,2.0,0.0,1.0,0.0,1.0,0.0,0.0,0.0,0.0,-0.0033535848986492763,-0.0036239627568135147,8.0,3.0,-0.06996799268404207,-0.04669845501471628,9.0,7.0,,,,,8,13
392,202204040401,2.0,0.0,1.0,10.0,2.0,2.0,3.0,5.0,0.0,0.0,0.0,0.0,1.0,0.0,0.0,2.0,1.0,2.0,1.0,2.0,0.0,0.0,0.0,0.0,0.0,0.0,0.0,0.0,1.0,0.0,0.0,1.0,0.0,0.0,0.0,0.0,-0.013234409464607981,-0.010951172512556994,9.0,12.0,-0.013213301953500152,0.0007493989196165576,16.0,7.0,,,,,5,7
393,202204040401,0.0,0.0,0.0,0.0,4.0,6.0,4.0,49.0,0.0,0.0,0.0,0.0,0.0,0.0,0.0,0.0,2.0,1.0,1.0,9.0,0.0,0.0,0.0,0.0,0.0,0.0,0.0,0.0,2.0,0.0,0.0,7.0,0.0,0.0,0.0,0.0,-0.010889642433766162,0.013000995935506446,4.0,2.0,,,,,,,,,6,8
394,202204040401,4.0,1.0,4.0,49.0,0.0,0.0,0.0,3.0,0.0,0.0,0.0,0.0,1.0,0.0,0.0,11.0,0.0,0.0,0.0,0.0,0.0,0.0,0.0,0.0,0.0,0.0,0.0,8.0,0.0,0.0,0.0,0.0,0.0,0.0,0.0,0.0,-0.030364140724758928,-0.02119135937159066,5.0,10.0,-0.044821799837472164,-0.030423514472766634,11.0,9.0,,,,,2,2
395,202204040401,0.0,3.0,2.0,11.0,0.0,1.0,0.0,8.0,0.0,0.0,0.0,0.0,0.0,1.0,0.0,1.0,0.0,0.0,0.0,1.0,0.0,0.0,0.0,0.0,0.0,0.0,0.0,1.0,0.0,0.0,0.0,1.0,0.0,0.0,0.0,0.0,0.0015139859567572876,0.0017672325628962978,4.0,7.0,0.012944774356402,0.012633231630828,4.0,3.0,-0.012120357388772285,0.00918518999780725,9.0,4.0,4,4
396,202204040401,0.0,0.0,0.0,2.0,0.0,0.0,0.0,0.0,0.0,0.0,0.0,0.0,0.0,0.0,0.0,2.0,0.0,0.0,0.0,0.0,0.0,0.0,0.0,0.0,0.0,0.0,0.0,2.0,0.0,0.0,0.0,0.0,0.0,0.0,0.0,0.0,-0.06303971108619359,-0.0416220766805074,150.0,16.0,,,,,,,,,7,11
397,202204040406,2.0,1.0,1.0,24.0,6.0,4.0,7.0,89.0,0.0,0.0,0.0,1.0,0.0,0.0,0.0,2.0,2.0,1.0,1.0,12.0,0.0,0.0,0.0,0.0,0.0,0.0,0.0,0.0,1.0,0.0,0.0,3.0,0.0,0.0,0.0,0.0,0.0073386551782395676,0.0075691995861748625,7.0,5.0,-0.024523060167794215,-0.035852261062690134,4.0,9.0,-0.003157205609055584,-0.0163357439342719,6.0,10.0,1,1
398,202204040406,13.0,11.0,12.0,89.0,0.0,0.0,0.0,0.0,0.0,0.0,0.0,0.0,5.0,4.0,3.0,17.0,0.0,0.0,0.0,0.0,0.0,0.0,0.0,0.0,1.0,0.0,1.0,1.0,0.0,0.0,0.0,0.0,0.0,0.0,0.0,0.0,0.017899731792861563,0.0162516946070165,3.0,2.0,0.00884619659861425,0.0029817090783723597,2.0,2.0,-0.00025626188311151526,-0.012916673642619163,2.0,4.0,4,5
399,202204040406,7.0,5.0,9.0,103.0,7.0,10.0,5.0,92.0,0.0,1.0,0.0,9.0,1.0,2.0,3.0,18.0,2.0,3.0,0.0,20.0,0.0,0.0,0.0,4.0,0.0,0.0,1.0,1.0,0.0,0.0,0.0,4.0,0.0,0.0,0.0,0.0,0.01652543151780298,0.010797618607403026,6.0,4.0,0.024506251974063132,0.021907600596125187,6.0,9.0,0.009786261311085127,0.0004253509145044662,1.0,3.0,2,2
400,202204040406,2.0,6.0,8.0,65.0,7.0,1.0,1.0,41.0,0.0,0.0,0.0,2.0,0.0,0.0,1.0,11.0,0.0,0.0,0.0,11.0,0.0,0.0,0.0,1.0,0.0,0.0,0.0,2.0,0.0,0.0,0.0,3.0,0.0,0.0,0.0,1.0,0.002609729136711575,-0.00042516297914200443,13.0,7.0,0.008847626235530539,0.004257029579960901,7.0,10.0,0.0027115459108404145,0.0015759726061306159,7.0,4.0,6,8
401,202204040406,0.0,0.0,1.0,2.0,0.0,0.0,0.0,0.0,0.0,0.0,0.0,0.0,0.0,0.0,0.0,1.0,0.0,0.0,0.0,0.0,0.0,0.0,0.0,0.0,0.0,0.0,0.0,0.0,0.0,0.0,0.0,0.0,0.0,0.0,0.0,0.0,0.015110754443400785,0.01628593288884031,3.0,1.0,0.0022712076669178438,0.007694905951149486,3.0,3.0,-0.002648992644032379,-0.00038960902208135456,2.0,2.0,8,12
402,202204040406,0.0,3.0,3.0,38.0,4.0,6.0,4.0,49.0,0.0,0.0,0.0,1.0,0.0,0.0,2.0,12.0,2.0,1.0,1.0,9.0,0.0,0.0,0.0,1.0,0.0,0.0,0.0,1.0,0.0,1.0,1.0,0.0,0.0,0.0,0.0,0.0,-0.002627885132924551,-0.008985088576405115,3.0,2.0,0.005954703379596083,0.0033066318926974663,3.0,4.0,0.015207253404678297,0.012583830104321908,3.0,3.0,7,11
403,202204040406,6.0,7.0,6.0,66.0,7.0,10.0,5.0,92.0,0.0,2.0,0.0,10.0,0.0,1.0,3.0,10.0,2.0,3.0,0.0,20.0,0.0,0.0,0.0,2.0,0.0,0.0,0.0,1.0,0.0,0.0,0.0,4.0,0.0,0.0,0.0,1.0,-0.007154153735975173,-0.0030833927722301474,1.0,4.0,-0.005962505715592135,-0.004034319094560058,2.0,9.0,,,,,4,4
404,202204040406,0.0,0.0,0.0,4.0,9.0,12.0,17.0,146.0,0.0,0.0,0.0,1.0,0.0,0.0,0.0,1.0,1.0,1.0,1.0,17.0,0.0,0.0,0.0,1.0,0.0,0.0,0.0,0.0,0.0,0.0,0.0,3.0,0.0,0.0,0.0,0.0,0.00195904487321653,-0.0005311264822134387,7.0,12.0,0.005974600019034124,0.0016567896514369464,7.0,6.0,-0.014441296941392642,-0.01463550042116548,3.0,10.0,5,6
405,202204040406,0.0,3.0,3.0,38.0,1.0,0.0,2.0,13.0,0.0,0.0,0.0,0.0,0.0,0.0,2.0,12.0,0.0,0.0,0.0,2.0,0.0,0.0,0.0,0.0,0.0,0.0,0.0,1.0,0.0,0.0,0.0,0.0,0.0,0.0,0.0,0.0,0.017908430478121306,0.018136520068407828,9.0,8.0,-0.01682468779601804,-0.023746401728920036,8.0,13.0,0.004039539083006013,-0.0008886061977943859,6.0,8.0,5,7
406,202204040406,6.0,6.0,1.0,50.0,0.0,1.0,1.0,15.0,0.0,0.0,0.0,0.0,1.0,2.0,0.0,9.0,0.0,0.0,0.0,3.0,0.0,0.0,0.0,0.0,0.0,0.0,0.0,1.0,0.0,0.0,0.0,1.0,0.0,0.0,0.0,0.0,0.012725872922421992,0.007032758809168094,5.0,12.0,0.008836933565526697,0.002972391237502446,3.0,3.0,0.01810922968616844,0.012299549948285983,6.0,5.0,6,9
407,202204040406,13.0,11.0,14.0,129.0,0.0,0.0,0.0,0.0,0.0,0.0,0.0,0.0,3.0,1.0,3.0,25.0,0.0,0.0,0.0,0.0,0.0,0.0,0.0,0.0,0.0,0.0,0.0,2.0,0.0,0.0,0.0,0.0,0.0,0.0,0.0,0.0,-0.02186797465767423,-0.02459016393442623,11.0,11.0,0.012309099222679469,0.005607063611169934,9.0,10.0,0.01349762846174713,0.007501075126534123,12.0,9.0,8,13
408,202204040406,0.0,0.0,0.0,3.0,7.0,10.0,5.0,92.0,0.0,0.0,0.0,0.0,0.0,0.0,0.0,0.0,2.0,3.0,0.0,20.0,0.0,0.0,0.0,0.0,0.0,0.0,0.0,0.0,0.0,0.0,0.0,4.0,0.0,0.0,0.0,0.0,-0.008072512145949697,-0.016428815409095833,80.0,12.0,-0.0038919150196652787,-4.0982934705988426e-05,110.0,4.0,-0.012111837016801883,-0.008229373288962475,30.0,5.0,7,10
409,202204040406,1.0,2.0,0.0,22.0,0.0,0.0,1.0,2.0,0.0,0.0,0.0,0.0,0.0,2.0,0.0,4.0,0.0,0.0,1.0,0.0,0.0,0.0,0.0,0.0,0.0,0.0,0.0,0.0,0.0,0.0,0.0,0.0,0.0,0.0,0.0,0.0,-0.00010990218705352236,-0.0055248618784530384,10.0,9.0,-0.006486172151955357,-0.015331332776787528,11.0,7.0,-0.00557144387759307,-0.006716448698378646,5.0,5.0,3,3
410,202204040609,3.0,0.0,2.0,23.0,1.0,4.0,1.0,24.0,0.0,0.0,0.0,0.0,2.0,0.0,0.0,6.0,0.0,3.0,0.0,11.0,0.0,0.0,0.0,0.0,0.0,0.0,0.0,0.0,0.0,0.0,0.0,2.0,0.0,0.0,0.0,0.0,0.015244412240120395,0.012621087928464978,3.0,3.0,0.0059918622150381805,0.0033438897168405366,2.0,4.0,0.0026014178974226847,0.009238390092879257,2.0,2.0,7,15
411,202204040609,3.0,0.0,2.0,23.0,0.0,0.0,0.0,0.0,0.0,0.0,0.0,0.0,2.0,0.0,0.0,6.0,0.0,0.0,0.0,0.0,0.0,0.0,0.0,0.0,0.0,0.0,0.0,0.0,0.0,0.0,0.0,0.0,0.0,0.0,0.0,0.0,0.00842780183098126,0.0002082760574175435,3.0,4.0,-0.006708338290609242,-0.013432588306830535,4.0,4.0,0.01080338498736125,0.005447513812154696,2.0,4.0,4,8
412,202204040609,3.0,1.0,0.0,15.0,0.0,1.0,0.0,1.0,0.0,1.0,0.0,0.0,1.0,0.0,0.0,5.0,0.0,0.0,0.0,0.0,0.0,0.0,0.0,0.0,0.0,0.0,0.0,0.0,0.0,0.0,0.0,0.0,0.0,0.0,0.0,0.0,0.015262991657841443,0.012639716840536512,1.0,2.0,-0.008299459792195112,-0.010885063097188823,1.0,10.0,0.0023667257463676596,-0.0001915260369006831,1.0,3.0,5,9
413,202204040609,0.0,0.0,0.0,7.0,1.0,3.0,1.0,20.0,0.0,0.0,0.0,1.0,0.0,0.0,0.0,1.0,0.0,1.0,0.0,6.0,0.0,0.0,0.0,0.0,0.0,0.0,0.0,0.0,0.0,0.0,0.0,0.0,0.0,0.0,0.0,0.0,0.015216543113538821,0.012593144560357676,7.0,5.0,-0.002659546399586293,-0.009016950592633502,10.0,6.0,0.007343615007077075,0.00156232666494102,9.0,5.0,7,14
414,202204040609,1.0,0.0,1.0,8.0,2.0,0.0,1.0,2.0,0.0,0.0,0.0,0.0,1.0,0.0,1.0,2.0,1.0,0.0,1.0,0.0,0.0,0.0,0.0,0.0,1.0,0.0,1.0,0.0,0.0,0.0,0.0,0.0,0.0,0.0,0.0,0.0,-0.003874200479504899,-0.008047183485779976,5.0,5.0,0.004446619822301125,0.00030822545442428485,12.0,11.0,-0.022443503962623075,-0.021323347363208716,10.0,14.0,5,10
415,202204040609,3.0,1.0,0.0,15.0,0.0,0.0,0.0,0.0,0.0,0.0,0.0,0.0,1.0,0.0,0.0,5.0,0.0,0.0,0.0,0.0,0.0,0.0,0.0,0.0,0.0,0.0,0.0,0.0,0.0,0.0,0.0,0.0,0.0,0.0,0.0,0.0,0.01669035264566877,0.008539318354119283,4.0,9.0,-0.005258846962899533,-0.010233001898811139,3.0,13.0,0.005954703379596083,0.0033066318926974663,1.0,2.0,6,11
416,202204040609,3.0,0.0,2.0,23.0,0.0,0.0,0.0,0.0,0.0,0.0,0.0,0.0,2.0,0.0,0.0,6.0,0.0,0.0,0.0,0.0,0.0,0.0,0.0,0.0,0.0,0.0,0.0,0.0,0.0,0.0,0.0,0.0,0.0,0.0,0.0,0.0,0.015244412240120395,0.012621087928464978,8.0,4.0,0.008827670532439142,0.0029630733966325325,5.0,8.0,0.005954703379596083,0.0033066318926974663,2.0,3.0,8,17
417,202204040609,2.0,1.0,0.0,18.0,1.0,3.0,2.0,20.0,0.0,0.0,0.0,2.0,1.0,0.0,0.0,9.0,0.0,1.0,1.0,4.0,0.0,0.0,0.0,0.0,0.0,0.0,0.0,0.0,0.0,0.0,1.0,0.0,0.0,0.0,0.0,0.0,0.016698615196483458,0.008547649396415986,1.0,5.0,-0.016927215745731215,-0.022875209224474613,7.0,4.0,0.007461932199340189,0.0018206350966692543,4.0,10.0,8,18
418,202204040609,1.0,0.0,1.0,8.0,1.0,1.0,1.0,14.0,0.0,0.0,0.0,0.0,1.0,0.0,1.0,2.0,0.0,0.0,0.0,3.0,0.0,0.0,0.0,0.0,1.0,0.0,1.0,0.0,0.0,0.0,0.0,1.0,0.0,0.0,0.0,0.0,0.02906910891409524,0.028762655487484117,1.0,1.0,0.008477377135869386,0.01841263609072988,6.0,3.0,0.01806291452073067,0.02123612726903403,4.0,5.0,4,7
419,202204040609,0.0,0.0,1.0,8.0,0.0,0.0,0.0,1.0,0.0,0.0,0.0,0.0,0.0,0.0,0.0,1.0,0.0,0.0,0.0,1.0,0.0,0.0,0.0,0.0,0.0,0.0,0.0,0.0,0.0,0.0,0.0,0.0,0.0,0.0,0.0,0.0,-0.013171086931284498,-0.019595139980457962,7.0,11.0,0.012327389117512574,0.00562547761317706,5.0,8.0,0.005963993088456607,0.003315946348733234,7.0,7.0,8,16
420,202204040609,0.0,0.0,0.0,7.0,0.0,0.0,0.0,0.0,0.0,0.0,0.0,0.0,0.0,0.0,0.0,1.0,0.0,0.0,0.0,0.0,0.0,0.0,0.0,0.0,0.0,0.0,0.0,0.0,0.0,0.0,0.0,0.0,0.0,0.0,0.0,0.0,0.007517069629384574,0.0018760859117962368,12.0,7.0,0.007343615007077075,0.00156232666494102,9.0,8.0,0.024496962265202607,0.02189828614008942,14.0,10.0,6,12
421,202204040609,0.0,2.0,0.0,1.0,0.0,0.0,0.0,8.0,0.0,0.0,0.0,0.0,0.0,0.0,0.0,0.0,0.0,0.0,0.0,4.0,0.0,0.0,0.0,0.0,0.0,0.0,0.0,0.0,0.0,0.0,0.0,1.0,0.0,0.0,0.0,0.0,-0.004496470411534995,-0.008824278077891224,50.0,100.0,0.0008765315739868049,-0.0017198204583038035,60.0,60.0,-0.004496470411534995,-0.008824278077891224,70.0,90.0,3,5
422,202204040609,1.0,0.0,1.0,8.0,2.0,1.0,2.0,12.0,0.0,0.0,0.0,0.0,1.0,0.0,1.0,2.0,1.0,0.0,1.0,3.0,0.0,0.0,0.0,0.0,1.0,0.0,1.0,0.0,0.0,0.0,0.0,0.0,0.0,0.0,0.0,0.0,0.010733204522552673,0.008432328249226264,7.0,10.0,0.012775736056611444,0.01667506755137623,6.0,1.0,-0.018862281046118184,-0.014830883242870841,3.0,6.0,1,1
423,202204040609,0.0,0.0,0.0,0.0,0.0,1.0,2.0,19.0,0.0,0.0,0.0,0.0,0.0,0.0,0.0,0.0,0.0,1.0,1.0,5.0,0.0,0.0,0.0,0.0,0.0,0.0,0.0,0.0,0.0,1.0,0.0,2.0,0.0,0.0,0.0,0.0,-0.0045058576148993695,-0.008833705725410338,8.0,10.0,-0.005129761148459649,0.0036000639175839152,3.0,1.0,0.0028687126651914955,0.012002357141619149,8.0,4.0,2,4
424,202204040609,0.0,0.0,1.0,5.0,1.0,0.0,0.0,1.0,0.0,0.0,0.0,0.0,0.0,0.0,0.0,1.0,0.0,0.0,0.0,1.0,0.0,0.0,0.0,0.0,0.0,0.0,0.0,0.0,0.0,0.0,0.0,0.0,0.0,0.0,0.0,0.0,0.005932301965802024,0.0016143078655026658,13.0,8.0,-0.05650297462948255,-0.05605985709791938,8.0,11.0,-0.015206150136939947,-0.019615964655154104,9.0,9.0,3,6
425,202204040609,3.0,1.0,0.0,15.0,0.0,0.0,0.0,3.0,0.0,0.0,0.0,1.0,1.0,0.0,0.0,5.0,0.0,0.0,0.0,1.0,0.0,0.0,0.0,1.0,0.0,0.0,0.0,0.0,0.0,0.0,0.0,0.0,0.0,0.0,0.0,0.0,0.00592683425301451,0.003278688524590164,50.0,11.0,0.007306850977004099,0.001525348519025256,50.0,8.0,0.0059825725061776565,0.003334575260804769,40.0,2.0,7,13
426,202204040609,1.0,2.0,2.0,22.0,0.0,0.0,0.0,0.0,0.0,0.0,0.0,0.0,1.0,1.0,1.0,8.0,0.0,0.0,0.0,0.0,0.0,0.0,0.0,0.0,1.0,1.0,0.0,1.0,0.0,0.0,0.0,0.0,0.0,0.0,0.0,0.0,-0.001902538556276539,-0.007737677032873572,11.0,13.0,-0.008890247630693977,-0.013226895916487565,10.0,9.0,0.012281664380429812,0.005579442608159244,12.0,14.0,2,3
427,202204040609,0.0,1.0,0.0,5.0,1.0,3.0,1.0,20.0,0.0,0.0,0.0,0.0,0.0,0.0,0.0,2.0,0.0,1.0,0.0,6.0,0.0,0.0,0.0,0.0,0.0,0.0,0.0,0.0,0.0,0.0,0.0,0.0,0.0,0.0,0.0,0.0,-0.0031466463929717857,-0.002913666786309989,11.0,9.0,-0.02967610885413768,-0.032664508567282466,11.0,15.0,0.0,0.0,6.0,1.0,1,2
