,race_id,f_course1,f_course2,f_course3,f_courseout,mf_course1,mf_course2,mf_course3,mf_courseout,f_mf_course1,f_mf_course2,f_mf_course3,f_mf_courseout,f_len1,f_len2,f_len3,f_lenout,mf_len1,mf_len2,mf_len3,mf_classout,f_mf_len1,f_mf_len2,f_mf_len3,f_mf_classout,f_class1,f_class2,f_class3,f_classout,mf_class1,mf_class2,mf_class3,mf_classout,f_mf_class1,f_mf_class2,f_mf_class3,f_mf_classout,time_df_course1,time_df_class1,ninki_1,result_1,agari_1,margin_1,corner_ratio_1,time_df_course2,time_df_class2,ninki_2,result_2,agari_2,margin_2,corner_ratio_2,time_df_course3,time_df_class3,ninki_3,result_3,agari_3,margin_3,corner_ratio_3,rank_trend,weight_change,dist_change,jockey_win_rate,jockey_place_rate,waku,umaban,current_odds,current_popularity,father_cat,mother_father_cat,paternal_gf_cat,time_df_course4,time_df_class4,ninki_4,result_4,agari_4,margin_4,corner_ratio_4,time_df_course5,time_df_class5,ninki_5,result_5,agari_5,margin_5,corner_ratio_5,rank_trend_5,win_rate_recent5,kinryo,days_since_last_race,n_horses_today,n_horses_1,horse_weight_abs_1,corner_chase_1,corner_chase_2,corner_chase_3,corner_chase_4,corner_chase_5,agari_trend_5,time_diff_trend_5
0,202109010111,1,1,1,16,3,1,1,11,0,1,1,1,0,1,1,3,2,1,1,6,0,1,1,0,0,1,1,0,1,1,1,1,0,1,1,0,0.0,0.0,10.0,7.0,41.9,1.4,0.09090909090909091,0.0,0.0,150.0,16.0,39.7,4.8,0.125,0.0,0.0,150.0,16.0,40.0,2.9,0.25,4.5,18.0,300.0,0.0,0.17647058823529413,8,10,3.6,3.0,1362,225,1263,0.0,0.0,160.0,16.0,39.4,4.4,0.125,0.0,0.0,60.0,6.0,35.6,0.8,0.08333333333333333,-0.2,0.0,56.0,-1232.0,10.0,11.0,522.0,0.0,0.0,0.0,0.3125,0.0,1.2899999999999998,0.0
1,202109010111,15,21,14,131,12,8,12,71,1,2,1,8,8,9,6,47,2,2,1,16,0,0,0,2,1,3,3,15,1,0,1,2,0,0,0,1,0.0,0.0,15.0,13.0,34.2,1.1,0.7222222222222222,0.0,0.0,12.0,12.0,37.1,1.4,0.7142857142857143,0.0,0.0,12.0,12.0,34.8,1.3,0.4117647058823529,-0.5,-4.0,200.0,0.1095890410958904,0.273972602739726,5,5,8.4,4.0,1393,1294,1263,0.0,0.0,7.0,7.0,33.9,0.5,0.25,0.0,0.0,17.0,12.0,34.8,0.7,0.6666666666666666,-0.7,0.0,54.0,-470.0,10.0,18.0,538.0,-0.05555555555555555,0.0,-0.058823529411764705,0.0,0.1111111111111111,0.20000000000000143,0.0
2,202109010111,30,21,26,197,12,8,12,71,2,0,2,4,6,6,8,71,2,2,1,16,0,0,1,1,1,0,1,16,1,0,1,2,0,0,1,0,0.0,0.0,12.0,12.0,36.3,2.3,1.0,0.0,0.0,9.0,12.0,39.4,2.6,1.0,0.0,0.0,13.0,11.0,36.9,1.0,0.6875,-0.5,0.0,-600.0,0.06666666666666667,0.2222222222222222,7,7,2.5,1.0,1716,1294,1167,0.0,0.0,14.0,14.0,33.4,1.2,0.8666666666666667,0.0,0.0,13.0,9.0,34.1,1.0,0.7857142857142857,-0.4,0.0,56.0,-708.0,10.0,14.0,520.0,-0.07142857142857142,-0.14285714285714285,0.125,0.06666666666666667,-0.07142857142857142,1.0399999999999991,0.0
3,202109010111,5,10,9,78,0,0,1,13,0,0,0,3,0,1,1,15,0,0,0,5,0,0,0,1,0,0,0,3,0,0,0,3,0,0,0,1,0.0,0.0,14.0,14.0,36.1,1.5,0.8666666666666667,0.0,0.0,14.0,11.0,34.3,0.8,0.5555555555555556,0.0,0.0,10.0,11.0,34.6,0.7,0.8,-1.5,-2.0,0.0,0.0,0.15384615384615385,8,9,24.2,6.0,1561,1436,1263,0.0,0.0,11.0,7.0,34.1,0.6,0.4375,0.0,0.0,6.0,4.0,32.9,0.1,0.3,-2.4,0.0,52.0,-126.0,10.0,15.0,492.0,0.06666666666666667,0.0,-0.06666666666666667,0.0625,-0.1,0.6600000000000001,0.0
4,202109010111,72,56,56,283,1,0,0,0,1,0,0,0,22,14,20,91,0,0,0,0,0,0,0,0,7,3,5,33,0,0,0,0,0,0,0,0,0.0,0.0,1.0,,,,0.1111111111111111,0.0,0.0,3.0,2.0,13.5,0.1,0.1111111111111111,0.0,0.0,5.0,5.0,13.7,2.0,0.3333333333333333,3.0,0.0,-1310.0,0.3333333333333333,0.6,4,4,3.3,2.0,1428,908,1263,0.0,0.0,18.0,16.0,34.7,1.0,0.5555555555555556,0.0,0.0,17.0,15.0,34.9,1.3,0.6111111111111112,5.0,0.25,55.0,-834.0,10.0,9.0,458.0,0.0,0.0,0.1111111111111111,0.2222222222222222,0.0,-8.52,0.0
5,202109010111,2,0,0,4,15,18,23,125,2,0,0,2,1,0,0,3,5,3,2,28,1,0,0,2,1,0,0,2,2,1,0,8,1,0,0,2,0.0,0.0,15.0,15.0,35.9,1.5,0.2222222222222222,0.0,0.0,15.0,14.0,34.9,1.9,1.0,0.0,0.0,15.0,15.0,35.6,1.5,0.75,0.0,0.0,0.0,0.0625,0.25,1,1,12.5,5.0,1505,1167,201,0.0,0.0,13.0,11.0,34.9,0.9,0.875,0.0,0.0,9.0,7.0,34.4,0.5,0.6666666666666666,-1.9,0.0,55.0,-407.0,10.0,18.0,550.0,-0.05555555555555555,-0.11764705882352941,0.0625,-0.125,0.0,0.3,0.0
6,202109010111,7,10,8,92,2,1,6,24,0,0,0,5,1,1,0,32,1,0,1,11,0,0,0,4,0,1,0,9,0,0,1,5,0,0,0,4,0.0,0.0,40.0,70.0,40.9,3.0,0.5714285714285714,0.0,0.0,100.0,110.0,36.2,2.2,0.3333333333333333,0.0,0.0,150.0,140.0,36.5,2.1,0.625,35.0,-11.0,0.0,0.0,0.09375,7,8,64.1,7.0,1736,1713,1482,0.0,0.0,110.0,80.0,35.3,1.3,0.18181818181818182,0.0,0.0,160.0,140.0,35.9,1.4,0.8125,11.0,0.0,54.0,-932.0,10.0,7.0,485.0,0.0,0.3333333333333333,-0.0625,-0.09090909090909091,0.0,1.0900000000000005,0.0
7,202109010111,1,0,0,6,3,1,0,8,0,0,0,0,0,0,0,2,1,0,0,2,0,0,0,0,0,0,0,1,0,0,0,0,0,0,0,0,0.0,0.0,100.0,30.0,36.2,0.6,0.5,0.0,0.0,160.0,150.0,34.7,1.6,0.5625,0.0,0.0,110.0,110.0,34.5,2.0,0.8181818181818182,40.0,-2.0,0.0,0.0784313725490196,0.1568627450980392,3,3,159.1,10.0,1430,666,1013,0.0,0.0,130.0,130.0,36.3,2.0,0.8571428571428571,0.0,0.0,120.0,140.0,36.6,2.3,1.0,20.0,0.0,53.0,-1254.0,10.0,12.0,474.0,-0.16666666666666666,0.0625,0.0,0.0,-0.07142857142857142,-0.23999999999999916,0.0
8,202109010111,8,8,21,150,15,27,17,118,2,2,3,12,0,3,3,31,1,4,6,32,0,1,1,2,0,0,0,5,0,1,0,6,0,0,0,2,0.0,0.0,15.0,14.0,33.2,0.8,0.9333333333333333,0.0,0.0,16.0,16.0,34.3,1.5,0.9411764705882353,0.0,0.0,10.0,9.0,35.1,1.7,1.0,-2.5,12.0,400.0,0.0,0.0,6,6,68.0,8.0,1506,1428,199,0.0,0.0,18.0,14.0,34.3,0.7,0.8888888888888888,0.0,0.0,12.0,10.0,34.5,0.8,0.8333333333333334,-1.0,0.0,55.0,-695.0,10.0,15.0,462.0,0.0,-0.058823529411764705,0.0,0.0,0.0,-0.25999999999999945,0.0
9,202109010111,5,10,9,78,1,0,1,5,1,0,1,3,0,1,1,15,0,0,0,0,0,0,0,0,0,0,0,3,0,0,0,0,0,0,0,0,0.0,0.0,10.0,7.0,39.2,2.7,0.8181818181818182,0.0,0.0,9.0,10.0,33.9,1.6,0.9,0.0,0.0,16.0,12.0,34.7,0.7,0.375,2.5,9.0,100.0,0.0759493670886076,0.26582278481012656,2,2,73.3,9.0,1561,707,1263,0.0,0.0,13.0,11.0,36.9,1.8,0.8571428571428571,0.0,0.0,13.0,10.0,34.8,0.6,0.5625,0.7,0.0,53.0,-221.0,10.0,11.0,475.0,0.0,0.1,0.1875,0.0,0.0625,0.5800000000000012,0.0
10,202109010205,2,0,2,15,15,27,17,118,0,0,1,1,0,0,1,3,1,4,6,32,0,0,0,0,0,0,0,1,1,2,5,11,0,0,0,0,0.0,0.0,10.0,2.0,36.6,0.6,0.5833333333333334,0.0,0.0,30.0,2.0,36.2,0.4,0.125,0.0,0.0,20.0,3.0,34.9,0.3,0.5,0.5,0.0,-600.0,0.0,0.0,2,4,7.8,4.0,1200,1428,324,0.0,0.0,20.0,5.0,36.5,0.5,0.3125,0.0,0.0,40.0,2.0,34.3,0.0,0.09090909090909091,0.3,0.8,56.0,22.0,16.0,12.0,496.0,-0.08333333333333333,-0.0625,0.0,-0.1875,0.0,0.43000000000000116,0.0
11,202109010205,13,17,22,145,15,27,17,118,2,4,1,16,3,3,6,37,1,4,6,32,0,0,0,4,0,1,2,13,1,2,5,11,0,0,0,2,0.0,0.0,16.0,11.0,34.0,0.5,0.875,0.0,0.0,14.0,15.0,33.6,1.1,1.0,0.0,0.0,14.0,13.0,37.7,2.2,0.7333333333333333,1.0,0.0,400.0,0.06521739130434782,0.2391304347826087,5,10,4.2,2.0,1691,1428,1167,0.0,0.0,16.0,11.0,34.1,1.1,0.6666666666666666,0.0,0.0,15.0,4.0,34.4,0.7,0.4117647058823529,-1.8,0.0,56.0,-1274.0,16.0,16.0,476.0,-0.0625,0.0,0.0,0.0,0.11764705882352941,-0.12999999999999973,0.0
12,202109010205,5,10,9,78,5,8,3,57,0,0,0,3,0,1,1,15,0,1,1,14,0,0,0,0,0,1,1,4,0,0,0,2,0,0,0,0,0.0,0.0,7.0,9.0,13.8,4.1,0.07142857142857142,0.0,0.0,5.0,6.0,13.8,4.7,0.4444444444444444,0.0,0.0,3.0,7.0,13.4,2.1,0.36363636363636365,-1.0,12.0,-1170.0,0.07547169811320754,0.1509433962264151,7,14,185.3,13.0,1561,1235,1263,0.0,0.0,8.0,4.0,13.2,1.7,0.15384615384615385,0.0,0.0,8.0,7.0,13.3,1.9,0.14285714285714285,-0.6,0.0,56.0,-1007.0,16.0,14.0,484.0,0.07142857142857142,0.0,0.09090909090909091,0.0,0.07142857142857142,0.16000000000000014,0.0
13,202109010205,8,16,9,65,15,27,17,118,1,6,2,15,4,4,1,14,1,4,6,32,0,1,0,2,3,2,1,9,1,2,5,11,0,1,0,2,0.0,0.0,10.0,3.0,36.1,0.2,0.3125,0.0,0.0,20.0,2.0,34.1,0.2,0.21428571428571427,0.0,0.0,10.0,2.0,35.6,0.3,0.29411764705882354,-0.5,6.0,0.0,0.12,0.36,5,9,3.2,1.0,1098,1428,1294,,,,,,,,,,,,,,,-0.5,1.0,56.0,29.0,16.0,16.0,472.0,-0.0625,0.0,0.0,,,0.25,0.0
14,202109010205,72,56,56,283,0,0,0,1,0,0,0,0,22,14,20,91,0,0,0,0,0,0,0,0,3,3,4,9,0,0,0,0,0,0,0,0,0.0,0.0,2.0,7.0,35.8,0.7,0.3333333333333333,0.0,0.0,1.0,2.0,33.4,0.1,0.17647058823529413,0.0,0.0,1.0,2.0,34.9,0.7,0.25,-2.5,4.0,-200.0,0.3225806451612903,0.5806451612903226,3,5,8.1,5.0,1428,982,1263,0.0,0.0,1.0,6.0,35.1,1.0,0.5333333333333333,0.0,0.0,2.0,2.0,34.0,0.3,0.6111111111111112,-0.6,0.6,54.0,-196.0,16.0,15.0,448.0,-0.06666666666666667,0.0,-0.125,0.06666666666666667,-0.1111111111111111,0.18999999999999914,0.0
15,202109010205,15,10,14,122,6,7,4,87,0,1,0,5,0,0,2,28,2,1,1,27,0,0,0,1,0,0,0,11,0,1,0,8,0,0,0,1,0.0,0.0,7.0,10.0,36.0,1.5,1.0,0.0,0.0,7.0,5.0,34.0,0.3,0.9375,0.0,0.0,3.0,7.0,37.4,2.3,0.6875,-1.5,12.0,100.0,0.07407407407407407,0.2716049382716049,8,16,13.1,7.0,1127,1558,1328,0.0,0.0,1.0,2.0,37.8,0.5,0.2,0.0,0.0,2.0,9.0,39.8,1.8,0.3125,-0.5,0.2,56.0,-195.0,16.0,14.0,514.0,-0.21428571428571427,-0.0625,0.0,0.0,-0.0625,-1.1399999999999992,0.0
16,202109010205,4,1,0,10,0,0,0,1,0,0,0,1,1,1,0,3,0,0,0,1,0,0,0,1,0,1,0,2,0,0,0,1,0,0,0,1,0.0,0.0,2.0,4.0,39.8,0.6,0.7272727272727273,0.0,0.0,3.0,11.0,35.4,0.5,0.5,0.0,0.0,2.0,3.0,35.3,0.5,0.5555555555555556,-0.5,4.0,100.0,,,2,3,8.9,6.0,314,274,324,0.0,0.0,6.0,7.0,34.4,0.6,0.3125,0.0,0.0,2.0,3.0,37.3,0.5,0.16666666666666666,-0.6,0.4,56.0,-478.0,16.0,11.0,466.0,-0.2727272727272727,0.1875,0.05555555555555555,0.0625,0.0,0.6,0.0
17,202109010205,30,18,29,175,5,8,3,57,0,1,0,4,8,3,6,44,0,1,1,14,0,0,0,3,1,0,1,6,0,0,0,2,0,0,0,1,0.0,0.0,6.0,2.0,39.9,1.4,0.8,0.0,0.0,4.0,7.0,40.3,1.7,0.06666666666666667,0.0,0.0,2.0,4.0,40.2,1.3,0.4,1.0,40.0,400.0,0.0,0.07692307692307693,1,2,83.3,11.0,1503,1235,1263,0.0,0.0,5.0,2.0,39.9,0.5,0.26666666666666666,0.0,0.0,9.0,12.0,38.5,1.6,0.2777777777777778,1.5,0.4,56.0,-1250.0,16.0,10.0,512.0,-0.4,0.0,-0.06666666666666667,-0.06666666666666667,-0.05555555555555555,0.31999999999999956,0.0
18,202109010205,72,56,56,283,3,3,1,18,2,0,0,1,22,14,20,91,1,2,0,5,1,0,0,0,3,3,4,9,1,2,0,4,1,0,0,0,,,,,,,,,,,,,,,,,,,,,,,,,0.11864406779661017,0.3728813559322034,7,13,16.9,8.0,1428,1170,1263,,,,,,,,,,,,,,,,,56.0,,16.0,,,,,,,,,
19,202109010205,72,56,56,283,3,3,4,28,0,1,1,9,22,14,20,91,1,1,1,7,0,0,0,3,3,3,4,9,1,0,0,2,0,0,0,0,0.0,0.0,11.0,13.0,37.9,1.6,0.875,0.0,0.0,12.0,10.0,37.0,1.8,0.9333333333333333,0.0,0.0,13.0,4.0,38.9,0.9,0.25,-4.5,-10.0,-200.0,0.037037037037037035,0.14814814814814814,6,11,104.6,12.0,1428,324,1263,0.0,0.0,16.0,14.0,36.7,2.0,0.5,0.0,0.0,14.0,11.0,39.1,1.7,0.5333333333333333,0.0,0.0,54.0,-1042.0,16.0,16.0,442.0,-0.125,0.0,-0.0625,0.0625,0.2,-0.21000000000000085,0.0
20,202109010205,0,1,0,5,5,8,3,57,0,0,0,0,0,0,0,1,0,1,1,14,0,0,0,0,0,0,0,0,0,0,0,2,0,0,0,0,0.0,0.0,20.0,3.0,36.7,1.1,0.5,0.0,0.0,70.0,2.0,35.6,0.1,0.0625,0.0,0.0,70.0,11.0,37.4,1.4,0.14285714285714285,4.0,19.0,600.0,0.0,0.0,6,12,293.3,15.0,1343,1235,1428,0.0,0.0,130.0,9.0,34.7,0.8,0.8333333333333334,0.0,0.0,110.0,6.0,35.6,0.7,0.375,1.3000000000000003,0.4,54.0,-1240.0,16.0,12.0,467.0,-0.16666666666666666,0.0,0.0,0.0,0.25,0.31000000000000016,0.0
21,202109010205,8,16,9,65,15,27,17,118,1,6,2,15,4,4,1,14,1,4,6,32,0,1,0,2,3,2,1,9,1,2,5,11,0,1,0,2,0.0,0.0,3.0,12.0,34.9,0.9,0.1875,0.0,0.0,8.0,3.0,36.8,0.3,0.125,,,,,,,,-9.0,-4.0,0.0,0.12,0.29333333333333333,4,7,7.7,3.0,1098,1428,1294,,,,,,,,,,,,,,,-9.0,0.5,56.0,0.0,16.0,16.0,474.0,0.0,0.0,,,,-1.8999999999999986,0.0
22,202109010205,3,0,1,13,15,18,23,125,2,0,0,1,1,0,0,7,5,3,2,28,1,0,0,0,1,0,0,4,2,1,1,7,1,0,0,0,0.0,0.0,50.0,15.0,44.2,4.7,0.13333333333333333,0.0,0.0,130.0,10.0,35.8,1.1,0.3333333333333333,,,,,,,,-5.0,-6.0,200.0,0.03571428571428571,0.10714285714285714,3,6,236.4,14.0,1629,1167,1428,,,,,,,,,,,,,,,-5.0,0.0,56.0,99.0,16.0,15.0,478.0,0.13333333333333333,0.05555555555555555,,,,8.400000000000006,0.0
23,202109010205,3,5,4,20,12,8,12,71,0,0,1,0,0,0,3,8,2,2,1,16,0,0,0,0,0,0,1,3,0,0,0,9,0,0,0,0,0.0,0.0,9.0,9.0,43.0,5.3,0.8,0.0,0.0,8.0,9.0,40.9,3.1,0.3333333333333333,0.0,0.0,10.0,14.0,42.3,4.2,0.13333333333333333,2.5,18.0,200.0,0.034482758620689655,0.13793103448275862,4,8,48.6,9.0,1677,1294,1167,0.0,0.0,7.0,11.0,37.1,1.1,0.46153846153846156,0.0,0.0,6.0,13.0,38.3,1.5,0.26666666666666666,1.0,0.0,55.0,-570.0,16.0,10.0,540.0,0.2,0.6666666666666666,0.6666666666666666,0.15384615384615385,0.0,1.3200000000000003,0.0
24,202109010205,2,1,3,26,0,1,1,10,0,0,0,2,0,0,0,7,0,0,0,2,0,0,0,2,0,0,0,4,0,0,0,1,0,0,0,1,0.0,0.0,10.0,4.0,33.5,0.1,0.9411764705882353,0.0,0.0,3.0,4.0,34.5,0.3,0.6666666666666666,0.0,0.0,11.0,8.0,34.4,0.9,0.3888888888888889,2.0,2.0,400.0,0.0,0.2,1,1,51.6,10.0,1396,1433,1556,0.0,0.0,10.0,15.0,34.3,1.4,0.9375,0.0,0.0,7.0,5.0,36.0,0.8,0.5625,1.3000000000000003,0.0,56.0,-202.0,16.0,17.0,462.0,-0.058823529411764705,-0.05555555555555555,0.0,0.0,0.0,-0.4799999999999997,0.0
25,202109010205,0,1,0,15,0,0,0,1,0,0,0,1,0,0,0,3,0,0,0,0,0,0,0,0,0,0,0,2,0,0,0,0,0,0,0,0,0.0,0.0,2.0,,,,,0.0,0.0,16.0,16.0,35.7,2.7,0.875,,,,,,,,,-6.0,200.0,0.058823529411764705,0.08823529411764706,8,15,531.7,16.0,1191,1571,1235,,,,,,,,,,,,,,,,0.0,54.0,-472.0,16.0,10.0,410.0,,0.0,,,,,0.0
26,202109010209,0,2,0,9,12,8,12,71,0,0,0,1,0,0,0,3,2,2,1,16,0,0,0,1,0,0,0,0,1,1,0,2,0,0,0,0,0.0,0.0,8.0,11.0,34.1,0.7,0.4444444444444444,0.0,0.0,7.0,6.0,34.9,0.2,0.7777777777777778,0.0,0.0,2.0,1.0,33.3,0.0,0.5,-5.0,-2.0,200.0,0.10810810810810811,0.28378378378378377,5,5,14.2,6.0,1426,1294,306,0.0,0.0,4.0,2.0,34.4,0.2,0.5555555555555556,0.0,0.0,7.0,3.0,33.9,0.1,0.7333333333333333,-2.0,0.6,54.0,-734.0,9.0,18.0,488.0,0.05555555555555555,-0.16666666666666666,0.0,0.1111111111111111,0.0,0.09000000000000057,0.0
27,202109010209,8,16,9,65,7,5,8,98,1,0,0,4,4,4,1,14,1,2,1,36,1,0,0,3,0,1,0,2,0,0,0,12,0,0,0,1,0.0,0.0,90.0,11.0,35.1,1.3,0.8181818181818182,0.0,0.0,90.0,9.0,33.9,0.6,0.8235294117647058,0.0,0.0,80.0,3.0,34.1,0.8,0.7692307692307693,-4.0,16.0,200.0,0.037037037037037035,0.07407407407407407,7,7,7.4,5.0,1098,1556,1294,0.0,0.0,70.0,7.0,37.4,2.3,0.9,0.0,0.0,20.0,8.0,35.3,0.6,0.42857142857142855,-0.8,0.2,56.0,-1071.0,9.0,11.0,496.0,0.0,-0.058823529411764705,-0.07692307692307693,-0.4,0.0,-0.3899999999999991,0.0
28,202109010209,8,16,9,65,3,3,6,27,0,1,1,1,4,4,1,14,1,2,3,6,0,1,0,0,0,1,0,2,1,0,0,0,0,0,0,0,0.0,0.0,12.0,14.0,35.6,2.2,1.0,0.0,0.0,8.0,8.0,33.5,1.2,1.0,0.0,0.0,7.0,6.0,34.0,0.6,1.0,-4.0,0.0,0.0,0.075,0.2625,6,6,54.3,9.0,1098,1362,1294,0.0,0.0,5.0,7.0,34.0,1.1,0.6,0.0,0.0,7.0,4.0,34.7,0.5,0.9,-2.1,0.0,54.0,-1035.0,9.0,14.0,472.0,0.0,0.0,-0.18181818181818182,0.1,0.1,0.12999999999999973,0.0
29,202109010209,30,18,29,175,10,4,8,94,2,0,0,2,8,3,6,44,2,0,5,21,1,0,0,0,1,1,2,5,2,0,1,4,1,0,0,0,0.0,0.0,9.0,9.0,35.4,1.5,0.8823529411764706,0.0,0.0,6.0,5.0,37.1,1.5,0.6666666666666666,0.0,0.0,8.0,10.0,35.0,0.9,0.9230769230769231,0.5,10.0,-400.0,0.12244897959183673,0.3673469387755102,4,4,15.9,7.0,1503,1183,1263,0.0,0.0,10.0,4.0,36.7,0.9,0.8666666666666667,0.0,0.0,16.0,2.0,36.4,0.3,1.0,-1.5,0.2,54.0,-1021.0,9.0,17.0,464.0,0.0,0.0,-0.23076923076923078,-0.4,-0.5,-0.16000000000000014,0.0
30,202109010209,7,3,4,102,14,5,15,161,2,1,0,16,1,0,1,30,1,0,2,42,0,0,0,5,0,0,0,3,0,0,0,8,0,0,0,1,0.0,0.0,10.0,8.0,37.3,1.1,0.18181818181818182,0.0,0.0,60.0,8.0,35.9,0.7,0.3,0.0,0.0,10.0,1.0,34.9,0.0,0.08333333333333333,-3.5,-6.0,-400.0,0.32786885245901637,0.5901639344262295,8,9,4.2,2.0,1090,1263,1169,0.0,0.0,10.0,3.0,35.5,0.8,0.3333333333333333,0.0,0.0,30.0,2.0,35.9,0.1,0.16666666666666666,-1.7,0.6,56.0,40.0,9.0,11.0,468.0,0.0,0.1,0.0,0.0,-0.08333333333333333,0.31999999999999956,0.0
31,202109010209,7,10,8,92,6,7,4,87,0,0,0,4,1,1,0,32,2,1,1,27,0,0,0,3,0,0,0,8,0,0,0,6,0,0,0,3,0.0,0.0,10.0,12.0,38.5,1.7,0.23076923076923078,0.0,0.0,14.0,9.0,38.0,0.7,0.6666666666666666,0.0,0.0,14.0,11.0,38.2,1.2,0.5,-0.5,8.0,200.0,0.1206896551724138,0.3793103448275862,2,2,2.5,1.0,1736,1558,1482,0.0,0.0,9.0,11.0,38.8,1.9,0.375,0.0,0.0,3.0,9.0,38.1,1.5,0.3125,-0.4,0.0,54.0,-1309.0,9.0,13.0,478.0,0.07692307692307693,0.06666666666666667,0.0,0.0625,0.0,0.0,0.0
32,202109010209,2,1,3,26,3,4,6,48,0,0,0,1,0,0,0,7,0,2,0,8,0,0,0,1,0,0,0,1,0,1,0,3,0,0,0,1,0.0,0.0,8.0,5.0,35.2,0.5,0.6923076923076923,0.0,0.0,5.0,7.0,35.0,0.7,0.8181818181818182,0.0,0.0,9.0,5.0,33.5,0.4,0.5,0.0,-10.0,-200.0,0.07692307692307693,0.15384615384615385,3,3,41.3,8.0,1396,1559,1556,0.0,0.0,5.0,7.0,34.5,0.8,0.6,0.0,0.0,4.0,4.0,34.3,0.3,0.375,-0.2,0.0,54.0,-1092.0,9.0,13.0,424.0,-0.46153846153846156,0.0,0.08333333333333333,-0.1,0.0,0.23000000000000115,0.0
33,202109010209,72,56,56,283,0,0,0,1,0,0,0,1,22,14,20,91,0,0,0,1,0,0,0,1,4,2,3,18,0,0,0,0,0,0,0,0,0.0,0.0,10.0,1.0,34.6,0.0,0.25,0.0,0.0,30.0,4.0,34.0,0.3,0.25,,,,,,,,3.0,0.0,0.0,0.03773584905660377,0.1509433962264151,8,8,5.9,3.0,1428,71,1263,,,,,,,,,,,,,,,3.0,0.5,56.0,71.0,9.0,16.0,508.0,0.0625,-0.125,,,,0.6000000000000014,0.0
34,202109010209,1,0,0,0,1,0,0,0,1,0,0,0,0,0,0,0,0,0,0,0,0,0,0,0,0,0,0,0,0,0,0,0,0,0,0,0,0.0,0.0,4.0,2.0,13.5,0.4,0.1111111111111111,0.0,0.0,6.0,5.0,13.2,2.1,0.5833333333333334,0.0,0.0,3.0,8.0,13.3,2.9,0.6428571428571429,3.0,-10.0,-1400.0,0.03571428571428571,0.14285714285714285,1,1,6.8,4.0,409,6,432,0.0,0.0,8.0,6.0,13.4,2.2,0.5714285714285714,0.0,0.0,13.0,12.0,38.4,1.6,0.5,2.1,0.2,54.0,-1302.0,9.0,9.0,514.0,0.0,-0.16666666666666666,-0.21428571428571427,-0.35714285714285715,0.1875,-5.0,0.0
35,202109010307,15,10,14,122,1,3,5,14,0,1,0,1,0,0,2,28,1,1,0,3,0,0,0,0,0,0,0,5,0,0,0,0,0,0,0,0,0.0,0.0,5.0,13.0,37.2,1.3,0.4666666666666667,0.0,0.0,6.0,6.0,34.0,0.6,0.4444444444444444,0.0,0.0,15.0,10.0,33.6,0.3,0.7222222222222222,-1.5,4.0,200.0,0.03333333333333333,0.13333333333333333,6,11,3.3,2.0,1127,1079,1328,0.0,0.0,3.0,6.0,33.1,0.6,0.4375,0.0,0.0,2.0,1.0,33.5,0.0,0.5555555555555556,-2.4,0.2,56.0,-770.0,15.0,15.0,474.0,0.0,0.1111111111111111,0.05555555555555555,0.0,0.16666666666666666,0.8300000000000004,0.0
36,202109010307,1,0,0,2,2,0,0,3,1,0,0,1,1,0,0,1,1,0,0,1,1,0,0,1,0,0,0,0,0,0,0,0,0,0,0,0,0.0,0.0,12.0,5.0,33.7,0.7,0.7222222222222222,0.0,0.0,5.0,6.0,33.3,0.3,1.0,0.0,0.0,10.0,6.0,34.0,0.2,0.6470588235294118,0.5,4.0,400.0,0.11666666666666667,0.36666666666666664,4,6,2.8,1.0,673,760,248,0.0,0.0,11.0,3.0,33.5,0.2,0.9444444444444444,0.0,0.0,3.0,12.0,34.0,0.8,0.17647058823529413,1.1,0.2,55.0,-1128.0,15.0,18.0,496.0,0.0,0.0,0.058823529411764705,-0.2222222222222222,0.0,-0.07999999999999971,0.0
37,202109010307,19,19,15,86,2,5,8,48,1,1,2,0,3,4,1,29,1,2,2,12,1,1,0,0,1,1,1,4,0,2,0,4,0,1,0,0,0.0,0.0,7.0,13.0,38.9,2.3,0.5,0.0,0.0,3.0,3.0,38.3,0.1,0.4166666666666667,0.0,0.0,11.0,10.0,38.4,2.0,0.26666666666666666,-1.5,5.0,200.0,0.07142857142857142,0.23809523809523808,1,1,6.2,4.0,1167,1482,460,0.0,0.0,11.0,7.0,38.8,1.2,0.375,0.0,0.0,12.0,14.0,41.0,2.4,0.13333333333333333,0.6,0.2,55.0,-659.0,15.0,16.0,480.0,-0.0625,-0.25,0.0,0.125,0.06666666666666667,-0.4700000000000003,0.0
38,202109010307,1,0,0,9,0,0,0,10,0,0,0,0,1,0,0,3,0,0,0,1,0,0,0,0,0,0,0,0,0,0,0,1,0,0,0,0,0.0,0.0,2.0,1.0,37.7,0.0,0.3,0.0,0.0,3.0,8.0,37.6,0.8,0.1875,0.0,0.0,15.0,17.0,33.9,1.1,0.8888888888888888,8.0,7.0,200.0,0.0,0.0,2,2,118.8,9.0,1605,1511,1,0.0,0.0,9.0,8.0,34.3,1.0,0.6153846153846154,0.0,0.0,11.0,10.0,34.7,0.8,0.5,1.8,0.2,55.0,-1249.0,15.0,10.0,457.0,-0.2,0.0,-0.05555555555555555,0.15384615384615385,0.05555555555555555,0.9300000000000004,0.0
39,202109010307,0,1,0,33,1,2,0,15,0,0,0,2,0,0,0,11,0,1,0,6,0,0,0,1,0,0,0,1,0,0,0,0,0,0,0,0,0.0,0.0,14.0,12.0,37.1,2.1,0.8571428571428571,0.0,0.0,14.0,12.0,36.4,1.8,0.875,0.0,0.0,9.0,6.0,36.8,1.0,0.9090909090909091,-3.0,-2.0,0.0,0.0,0.14285714285714285,3,5,180.4,13.0,1611,1124,1263,0.0,0.0,8.0,7.0,35.9,1.2,0.6,0.0,0.0,10.0,12.0,39.4,2.6,1.0,-0.5,0.0,57.0,-596.0,15.0,14.0,520.0,0.0,0.0625,-0.36363636363636365,0.0,-0.07142857142857142,-0.4099999999999994,0.0
40,202109010307,1,0,1,20,0,0,0,0,0,0,0,0,0,0,0,9,0,0,0,0,0,0,0,0,0,0,0,0,0,0,0,0,0,0,0,0,0.0,0.0,5.0,,,,0.8571428571428571,0.0,0.0,12.0,7.0,33.0,0.5,0.7647058823529411,0.0,0.0,5.0,6.0,33.0,0.7,1.0,-1.0,4.0,0.0,0.05555555555555555,0.2222222222222222,5,9,28.9,7.0,1674,798,1428,0.0,0.0,9.0,5.0,33.9,0.8,0.7857142857142857,0.0,0.0,8.0,10.0,34.8,0.8,0.35714285714285715,0.8,0.0,55.0,-981.0,15.0,7.0,508.0,0.0,-0.11764705882352941,-0.07692307692307693,0.0,0.0,-0.629999999999999,0.0
41,202109010307,8,8,21,150,11,8,11,77,0,0,3,5,0,3,3,31,6,3,3,36,0,0,1,1,0,0,1,7,2,1,1,3,0,0,1,0,0.0,0.0,40.0,12.0,14.1,12.5,0.5833333333333334,0.0,0.0,10.0,4.0,13.1,0.7,0.07692307692307693,0.0,0.0,10.0,1.0,13.4,0.0,0.1,-5.5,-6.0,-1510.0,0.07142857142857142,0.32142857142857145,2,3,18.4,5.0,1506,1345,199,0.0,0.0,10.0,1.0,13.1,0.0,0.1111111111111111,0.0,0.0,10.0,2.0,13.1,0.1,0.09090909090909091,-2.3,0.6,57.0,-490.0,15.0,12.0,486.0,0.4166666666666667,0.0,0.0,0.0,0.0,0.2,0.0
42,202109010307,0,1,0,15,3,5,4,33,0,0,0,0,0,0,0,1,0,0,0,3,0,0,0,0,0,0,0,0,0,0,0,0,0,0,0,0,0.0,0.0,11.0,8.0,34.5,1.2,0.6666666666666666,0.0,0.0,9.0,6.0,37.5,0.8,0.18181818181818182,0.0,0.0,17.0,17.0,37.2,2.4,0.3888888888888889,4.5,6.0,0.0,,,4,7,165.6,11.0,1468,1599,1328,0.0,0.0,5.0,9.0,40.5,1.8,0.5714285714285714,0.0,0.0,8.0,7.0,34.5,0.6,0.15384615384615385,0.1,0.0,55.0,0.0,15.0,15.0,494.0,0.0,0.0,0.1111111111111111,0.07142857142857142,0.0,-0.3,0.0
43,202109010307,30,18,29,175,2,1,3,2,2,1,2,1,8,3,6,44,1,0,1,0,1,0,1,0,1,1,2,5,0,0,1,0,0,0,1,0,0.0,0.0,9.0,7.0,37.4,1.4,0.09090909090909091,0.0,0.0,5.0,8.0,36.1,1.0,0.23076923076923078,0.0,0.0,2.0,8.0,36.9,1.5,0.4166666666666667,0.5,-2.0,-400.0,0.11764705882352941,0.35294117647058826,7,12,4.3,3.0,1503,33,1263,0.0,0.0,3.0,9.0,35.2,1.3,0.2,0.0,0.0,4.0,3.0,34.4,0.5,0.07692307692307693,-0.7,0.2,55.0,-134.0,15.0,11.0,490.0,0.09090909090909091,0.0,-0.08333333333333333,0.0,0.0,0.6899999999999998,0.0
44,202109010307,15,21,14,131,1,3,1,12,0,3,1,6,8,9,6,47,0,3,1,4,0,3,1,2,2,0,0,5,0,0,0,0,0,0,0,0,0.0,0.0,12.0,8.0,35.2,0.4,0.75,0.0,0.0,15.0,14.0,35.6,1.0,0.625,0.0,0.0,2.0,8.0,34.8,0.5,0.5,0.0,-4.0,400.0,0.07317073170731707,0.2682926829268293,5,8,29.3,8.0,1393,391,1263,0.0,0.0,3.0,1.0,34.8,0.0,0.375,0.0,0.0,7.0,4.0,35.2,0.7,0.2857142857142857,-2.1,0.2,55.0,-547.0,15.0,16.0,494.0,0.0625,0.0,-0.07142857142857142,0.0,0.0,0.08000000000000043,0.0
45,202109010307,0,3,0,15,7,5,8,98,0,0,0,1,0,2,0,3,1,2,1,36,0,0,0,1,0,0,0,0,0,0,0,12,0,0,0,0,0.0,0.0,10.0,10.0,38.5,2.4,0.9090909090909091,0.0,0.0,15.0,14.0,37.1,2.0,0.9375,0.0,0.0,14.0,11.0,37.7,1.7,0.7333333333333333,0.5,23.0,200.0,0.06060606060606061,0.24242424242424243,8,15,170.7,12.0,1655,1556,239,0.0,0.0,12.0,11.0,34.9,1.6,0.6666666666666666,0.0,0.0,17.0,6.0,35.9,0.7,1.0,-1.1,0.0,57.0,-945.0,15.0,11.0,477.0,0.0,0.0,0.0,0.0,-0.16666666666666666,0.7400000000000005,0.0
46,202109010307,7,10,8,92,0,0,0,4,0,0,0,0,1,1,0,32,0,0,0,1,0,0,0,0,0,0,0,8,0,0,0,0,0,0,0,0,0.0,0.0,15.0,14.0,38.3,2.1,0.9333333333333333,0.0,0.0,15.0,13.0,35.2,2.1,0.9375,0.0,0.0,15.0,14.0,38.7,2.5,0.8125,0.0,-4.0,-400.0,0.0,0.058823529411764705,7,13,137.7,10.0,1736,771,1482,0.0,0.0,6.0,8.0,32.8,0.4,0.8333333333333334,0.0,0.0,16.0,8.0,32.5,0.9,0.8888888888888888,-1.7,0.0,55.0,-784.0,15.0,15.0,486.0,-0.6666666666666666,0.0625,-0.0625,,,1.4,0.0
47,202109010307,1,0,1,1,0,0,0,3,0,0,0,0,0,0,0,0,0,0,0,0,0,0,0,0,0,0,0,0,0,0,0,0,0,0,0,0,0.0,0.0,7.0,2.0,38.6,0.1,0.8181818181818182,0.0,0.0,10.0,15.0,43.1,5.4,0.3125,0.0,0.0,9.0,13.0,14.2,13.4,0.9285714285714286,5.5,-3.0,0.0,0.11842105263157894,0.2894736842105263,8,14,19.8,6.0,882,332,695,0.0,0.0,6.0,12.0,14.6,19.6,0.9166666666666666,0.0,0.0,15.0,8.0,37.9,1.4,0.3125,0.9,0.2,57.0,-1241.0,15.0,11.0,499.0,0.09090909090909091,0.125,0.0,0.08333333333333333,-0.0625,2.9900000000000007,0.0
48,202109010307,0,1,0,15,1,2,1,7,0,0,0,1,0,0,0,1,0,0,0,4,0,0,0,1,0,0,0,0,0,0,0,0,0,0,0,0,0.0,0.0,5.0,5.0,13.3,2.5,0.8888888888888888,0.0,0.0,6.0,10.0,13.6,4.6,0.9285714285714286,0.0,0.0,10.0,8.0,13.6,4.5,0.8181818181818182,1.5,4.0,-2300.0,0.0,0.16666666666666666,6,10,210.9,14.0,1468,1574,1328,0.0,0.0,2.0,,,,0.42857142857142855,0.0,0.0,10.0,3.0,13.6,0.9,0.3076923076923077,-0.8,0.25,57.0,-448.0,15.0,9.0,448.0,-0.2222222222222222,-0.14285714285714285,0.0,-0.14285714285714285,0.0,-0.08999999999999968,0.0
49,202109010307,0,0,0,1,3,2,1,25,0,0,0,1,0,0,0,1,0,0,0,6,0,0,0,1,0,0,0,1,0,0,0,1,0,0,0,1,0.0,0.0,80.0,80.0,40.7,2.8,1.0,0.0,0.0,110.0,110.0,39.4,4.5,0.18181818181818182,0.0,0.0,140.0,110.0,13.6,3.3,0.6428571428571429,15.0,40.0,200.0,0.034482758620689655,0.10344827586206896,3,4,557.3,15.0,1042,1104,488,0.0,0.0,130.0,120.0,37.6,2.5,0.6153846153846154,0.0,0.0,120.0,100.0,13.8,5.3,0.8333333333333334,5.0,0.0,55.0,-399.0,15.0,9.0,482.0,0.0,0.45454545454545453,0.07142857142857142,0.23076923076923078,0.0,5.5600000000000005,0.0
50,202109010408,0,2,0,3,1,7,1,7,0,2,0,2,0,2,0,3,1,4,1,3,0,2,0,2,0,0,0,0,0,2,0,0,0,0,0,0,0.0,0.0,10.0,1.0,34.1,0.0,0.875,0.0,0.0,10.0,4.0,33.7,0.0,0.9333333333333333,0.0,0.0,30.0,2.0,34.5,0.2,0.7777777777777778,0.5,0.0,0.0,0.03636363636363636,0.14545454545454545,2,2,1.7,1.0,1500,1110,1263,0.0,0.0,20.0,2.0,33.5,0.5,0.5714285714285714,0.0,0.0,30.0,4.0,34.8,0.4,0.3333333333333333,0.4,0.6,57.0,22.0,8.0,8.0,462.0,0.125,-0.13333333333333333,-0.1111111111111111,0.0,-0.1111111111111111,-0.11999999999999886,0.0
51,202109010408,15,21,14,131,0,0,0,4,0,0,0,1,8,9,6,47,0,0,0,1,0,0,0,1,1,3,0,4,0,0,0,0,0,0,0,0,0.0,0.0,6.0,10.0,13.8,8.2,1.0,0.0,0.0,9.0,10.0,35.3,0.8,0.5714285714285714,0.0,0.0,4.0,11.0,34.6,1.2,0.9285714285714286,0.5,2.0,-1170.0,0.11538461538461539,0.34615384615384615,6,6,3.9,2.0,1393,771,1263,0.0,0.0,3.0,10.0,42.4,5.2,0.1,0.0,0.0,4.0,9.0,35.1,0.6,0.75,-0.2,0.0,57.0,-510.0,8.0,12.0,518.0,-0.16666666666666666,0.0,0.0,0.1,-0.4166666666666667,-4.970000000000001,0.0
52,202109010408,30,18,29,175,1,0,2,12,1,0,2,4,8,3,6,44,0,0,1,2,0,0,1,0,1,0,1,5,0,0,0,0,0,0,0,0,0.0,0.0,6.0,6.0,41.4,1.2,0.6,0.0,0.0,17.0,16.0,36.5,1.8,0.16666666666666666,0.0,0.0,15.0,16.0,43.7,7.6,0.6875,5.0,5.0,100.0,0.07228915662650602,0.26506024096385544,3,3,4.0,3.0,1503,1525,1263,0.0,0.0,10.0,15.0,39.8,4.3,0.9375,0.0,0.0,10.0,8.0,36.1,1.5,0.09090909090909091,0.3,0.0,57.0,-1253.0,8.0,10.0,497.0,-0.2,-0.05555555555555555,0.25,0.0,0.0,0.7299999999999998,0.0
53,202109010408,15,21,14,131,9,3,4,53,3,1,0,12,8,9,6,47,4,1,0,18,3,0,0,7,1,3,0,4,0,0,0,3,0,0,0,3,0.0,0.0,20.0,2.0,34.1,0.2,0.125,0.0,0.0,50.0,3.0,34.0,0.4,0.25,0.0,0.0,,,,,,1.0,-6.0,0.0,0.0,0.0,8,8,9.1,4.0,1393,1306,1263,0.0,0.0,40.0,4.0,36.0,0.4,0.2857142857142857,0.0,0.0,80.0,8.0,33.6,1.0,0.875,1.9,0.5,56.0,-440.0,8.0,8.0,516.0,0.0,0.0,,0.0,0.0,-0.05,0.0
54,202109010408,6,0,4,61,3,1,0,7,0,0,0,0,1,0,0,10,0,0,0,3,0,0,0,0,0,0,0,0,0,0,0,0,0,0,0,0,0.0,0.0,7.0,6.0,34.4,0.6,0.2222222222222222,0.0,0.0,5.0,5.0,34.4,0.5,0.5,0.0,0.0,10.0,11.0,34.4,0.7,0.375,2.5,-6.0,0.0,0.0,0.05555555555555555,5,5,33.9,5.0,1489,118,565,0.0,0.0,4.0,10.0,36.5,1.5,0.16666666666666666,0.0,0.0,7.0,8.0,36.3,1.6,0.07692307692307693,0.9,0.0,54.0,-84.0,8.0,9.0,488.0,0.0,-0.125,0.0,0.0,0.0,-0.5899999999999999,0.0
55,202109010408,0,0,0,1,0,0,0,3,0,0,0,1,0,0,0,1,0,0,0,2,0,0,0,1,0,0,0,1,0,0,0,1,0,0,0,1,0.0,0.0,80.0,9.0,34.9,2.0,0.5555555555555556,0.0,0.0,80.0,5.0,42.3,0.9,0.38461538461538464,0.0,0.0,70.0,7.0,36.6,2.1,0.6666666666666666,-1.0,-1.0,-200.0,0.0,0.0,4,4,104.2,8.0,1312,1070,1263,0.0,0.0,80.0,9.0,34.7,1.5,0.8181818181818182,0.0,0.0,110.0,7.0,33.9,1.0,0.5454545454545454,0.0,0.0,56.0,-174.0,8.0,9.0,506.0,0.1111111111111111,-0.07692307692307693,0.0,-0.09090909090909091,0.0,0.9599999999999994,0.0
56,202109010408,1,0,0,15,15,18,23,125,0,0,0,0,0,0,0,1,5,3,2,28,0,0,0,0,0,0,0,1,0,0,0,1,0,0,0,0,0.0,0.0,70.0,9.0,40.2,1.5,0.5454545454545454,0.0,0.0,70.0,7.0,35.1,1.6,0.875,0.0,0.0,50.0,12.0,37.6,2.0,0.16666666666666666,1.5,4.0,200.0,0.0,0.0,1,1,77.2,7.0,1665,1167,1577,0.0,0.0,70.0,5.0,37.3,0.5,0.3333333333333333,0.0,0.0,30.0,2.0,35.3,0.1,0.75,-1.6,0.2,57.0,-977.0,8.0,11.0,470.0,0.09090909090909091,0.0,0.0,-0.16666666666666666,-0.125,0.7600000000000016,0.0
57,202109010408,7,3,4,102,14,5,15,161,2,1,0,16,1,0,1,30,1,0,2,42,0,0,0,5,0,0,0,2,0,0,0,0,0,0,0,0,0.0,0.0,10.0,2.0,39.9,1.0,0.6,0.0,0.0,14.0,15.0,40.9,2.7,0.125,0.0,0.0,14.0,12.0,37.1,2.8,0.6428571428571429,5.0,2.0,300.0,0.05714285714285714,0.08571428571428572,7,7,60.7,6.0,1090,1263,1169,0.0,0.0,17.0,16.0,35.6,1.4,0.16666666666666666,0.0,0.0,5.0,7.0,35.5,2.1,1.0,1.1,0.2,57.0,-1239.0,8.0,10.0,450.0,-0.3,0.0625,0.21428571428571427,0.05555555555555555,-0.14285714285714285,1.4099999999999995,0.0
58,202109010505,3,5,4,20,8,16,10,107,0,1,0,3,0,0,3,8,2,6,1,33,0,0,0,0,0,0,1,3,1,1,1,7,0,0,0,0,0.0,0.0,150.0,12.0,34.7,1.0,0.9375,0.0,0.0,80.0,12.0,34.1,1.3,0.9444444444444444,0.0,0.0,90.0,3.0,34.9,0.5,0.8333333333333334,-4.5,2.0,400.0,0.136986301369863,0.4657534246575342,6,12,3.1,1.0,1677,1013,1167,0.0,0.0,130.0,18.0,33.8,1.1,0.6111111111111112,0.0,0.0,110.0,8.0,33.1,0.4,0.9333333333333333,-0.2,0.2,56.0,-1358.0,16.0,16.0,512.0,0.0,0.05555555555555555,-0.05555555555555555,0.0,0.0,0.3500000000000007,0.0
59,202109010505,30,21,26,197,0,0,1,13,0,0,0,1,6,6,8,71,0,0,0,5,0,0,0,0,2,3,5,23,0,0,0,1,0,0,0,0,0.0,0.0,2.0,1.0,36.8,0.0,0.0625,0.0,0.0,1.0,3.0,36.8,0.4,0.6666666666666666,0.0,0.0,2.0,1.0,36.2,0.0,0.125,0.0,20.0,200.0,0.08108108108108109,0.24324324324324326,8,16,7.8,4.0,1716,1436,1167,0.0,0.0,3.0,14.0,37.6,2.1,0.4375,0.0,0.0,1.0,6.0,35.8,0.7,0.16666666666666666,2.1,0.6,56.0,-589.0,16.0,16.0,488.0,0.0,0.13333333333333333,-0.0625,-0.25,0.0,0.11999999999999958,0.0
60,202109010505,5,10,9,78,5,8,3,57,0,0,0,3,0,1,1,15,0,1,1,14,0,0,0,0,0,1,1,4,0,0,0,2,0,0,0,0,0.0,0.0,7.0,9.0,13.8,4.1,0.07142857142857142,0.0,0.0,5.0,6.0,13.8,4.7,0.4444444444444444,0.0,0.0,3.0,7.0,13.4,2.1,0.36363636363636365,-1.0,12.0,-1170.0,0.07407407407407407,0.16666666666666666,7,14,6.5,3.0,1561,1235,1263,0.0,0.0,8.0,4.0,13.2,1.7,0.15384615384615385,0.0,0.0,8.0,7.0,13.3,1.9,0.14285714285714285,-0.6,0.0,56.0,-994.0,16.0,14.0,484.0,0.07142857142857142,0.0,0.09090909090909091,0.0,0.07142857142857142,0.16000000000000014,0.0
61,202109010505,7,1,2,25,0,2,0,2,0,0,0,0,1,0,0,10,0,1,0,1,0,0,0,0,0,0,0,2,0,0,0,1,0,0,0,0,0.0,0.0,7.0,7.0,36.5,1.5,1.0,0.0,0.0,14.0,5.0,35.3,0.6,0.8235294117647058,0.0,0.0,7.0,6.0,34.1,0.5,0.5555555555555556,-0.5,4.0,-400.0,0.04081632653061224,0.1836734693877551,4,8,103.7,13.0,1463,987,1167,0.0,0.0,7.0,7.0,39.4,1.3,0.75,0.0,0.0,3.0,4.0,34.0,0.5,0.9,-0.4,0.0,56.0,-1057.0,16.0,17.0,448.0,-0.35294117647058826,-0.17647058823529413,0.0,-0.25,-0.1,0.08999999999999986,0.0
62,202109010505,18,18,14,110,0,0,0,6,0,0,0,3,6,4,2,33,0,0,0,4,0,0,0,2,2,2,0,17,0,0,0,3,0,0,0,2,0.0,0.0,15.0,15.0,38.1,2.7,0.25,0.0,0.0,8.0,11.0,37.4,3.2,0.09090909090909091,0.0,0.0,10.0,12.0,40.3,3.0,0.42857142857142855,-1.5,2.0,-200.0,0.0,0.14814814814814814,6,11,60.6,12.0,1152,1199,1428,0.0,0.0,4.0,13.0,42.5,2.9,0.3333333333333333,0.0,0.0,13.0,4.0,39.5,0.3,0.06666666666666667,-2.0,0.0,54.0,-862.0,16.0,16.0,482.0,0.625,0.0,0.42857142857142855,0.3333333333333333,0.0,-0.7899999999999998,0.0
63,202109010505,5,4,5,33,0,0,0,1,0,0,0,1,2,1,1,10,0,0,0,0,0,0,0,0,1,0,1,2,0,0,0,0,0,0,0,0,0.0,0.0,6.0,4.0,41.4,0.6,0.5,0.0,0.0,8.0,12.0,35.9,0.9,0.058823529411764705,0.0,0.0,4.0,3.0,35.6,0.2,0.05555555555555555,-0.5,9.0,200.0,0.05357142857142857,0.16071428571428573,8,15,31.5,9.0,1657,975,1317,0.0,0.0,2.0,6.0,35.3,0.2,0.05555555555555555,0.0,0.0,4.0,11.0,41.0,2.1,0.0625,0.8,0.2,56.0,-656.0,16.0,10.0,473.0,0.0,0.0,0.0,0.0,0.0,0.13999999999999985,0.0
64,202109010505,15,21,14,131,3,4,6,48,0,0,0,4,8,9,6,47,0,2,0,8,0,0,0,1,4,0,1,10,0,0,0,3,0,0,0,1,0.0,0.0,11.0,14.0,34.9,1.1,0.3125,0.0,0.0,14.0,9.0,35.1,0.5,0.6666666666666666,0.0,0.0,10.0,11.0,36.0,1.4,0.2727272727272727,-1.5,8.0,400.0,0.11475409836065574,0.3770491803278688,2,3,8.8,5.0,1393,1559,1263,0.0,0.0,8.0,12.0,36.5,1.5,0.26666666666666666,0.0,0.0,1.0,1.0,35.1,0.0,0.3,-2.3,0.2,54.0,-749.0,16.0,16.0,482.0,0.0,-0.1111111111111111,0.0,0.0,0.1,-0.18000000000000044,0.0
65,202109010505,72,56,56,283,0,1,0,0,0,1,0,0,22,14,20,91,0,0,0,0,0,0,0,0,3,3,4,9,0,0,0,0,0,0,0,0,0.0,0.0,8.0,3.0,40.3,2.1,0.5555555555555556,0.0,0.0,10.0,14.0,44.3,6.9,0.14285714285714285,0.0,0.0,5.0,12.0,34.9,0.9,0.2222222222222222,4.5,10.0,200.0,0.06382978723404255,0.2553191489361702,1,1,3.6,2.0,1428,693,1263,0.0,0.0,8.0,4.0,37.9,0.6,0.6875,0.0,0.0,10.0,10.0,35.6,0.7,0.16666666666666666,0.4,0.2,54.0,-949.0,16.0,9.0,470.0,-0.2222222222222222,0.07142857142857142,0.0,-0.125,0.0,1.579999999999999,0.0
66,202109010505,1,0,0,13,0,0,0,4,0,0,0,1,0,0,0,0,0,0,0,2,0,0,0,0,0,0,0,0,0,0,0,0,0,0,0,0,0.0,0.0,1.0,5.0,40.5,1.0,0.18181818181818182,0.0,0.0,10.0,10.0,36.5,1.0,0.7692307692307693,0.0,0.0,13.0,7.0,37.6,1.4,0.46153846153846156,1.0,5.0,0.0,,,4,7,105.6,14.0,1714,1189,1167,0.0,0.0,13.0,9.0,37.9,1.1,0.4666666666666667,0.0,0.0,15.0,15.0,41.9,4.3,0.25,1.9,0.0,56.0,-430.0,16.0,11.0,503.0,-0.09090909090909091,0.0,0.07692307692307693,-0.06666666666666667,0.375,-0.4199999999999996,0.0
67,202109010505,15,21,14,131,0,0,0,0,0,0,0,0,8,9,6,47,0,0,0,0,0,0,0,0,4,0,1,10,0,0,0,0,0,0,0,0,0.0,0.0,11.0,8.0,40.3,2.6,0.8333333333333334,0.0,0.0,6.0,10.0,41.2,3.6,0.6363636363636364,0.0,0.0,3.0,9.0,40.5,4.1,0.6,0.5,0.0,-200.0,0.07142857142857142,0.27380952380952384,1,2,40.6,10.0,1393,473,1263,0.0,0.0,4.0,11.0,39.2,1.6,0.5625,0.0,0.0,10.0,5.0,37.9,0.8,0.5,-0.5,0.0,56.0,-239.0,16.0,12.0,490.0,-0.25,0.2727272727272727,0.4,0.1875,-0.0625,0.6799999999999997,0.0
68,202109010505,8,16,9,65,15,27,17,118,1,6,2,15,4,4,1,14,1,4,6,32,0,1,0,2,3,2,1,9,1,2,5,11,0,1,0,2,0.0,0.0,2.0,11.0,40.2,1.7,0.25,0.0,0.0,5.0,3.0,39.3,0.3,0.1875,0.0,0.0,7.0,4.0,39.5,1.7,0.14285714285714285,-3.5,2.0,-200.0,0.1,0.3333333333333333,5,10,19.9,7.0,1098,1428,1294,0.0,0.0,7.0,11.0,34.7,0.9,0.3125,0.0,0.0,2.0,10.0,41.6,4.3,0.2727272727272727,0.6,0.2,54.0,-84.0,16.0,16.0,420.0,0.0,0.0625,0.0,0.0,0.0,0.17999999999999972,0.0
69,202109010505,30,21,26,197,15,27,17,118,3,2,5,16,6,6,8,71,1,4,6,32,0,0,4,6,2,3,5,23,1,2,5,11,0,0,3,2,0.0,0.0,90.0,10.0,37.1,1.5,0.9166666666666666,0.0,0.0,90.0,9.0,35.5,0.8,0.5555555555555556,0.0,0.0,110.0,9.0,36.6,1.3,0.75,-0.5,5.0,780.0,0.11688311688311688,0.2857142857142857,2,4,55.1,11.0,1716,1428,1167,0.0,0.0,110.0,12.0,34.6,1.0,0.5625,0.0,0.0,40.0,8.0,36.6,2.3,0.7692307692307693,-0.1,0.0,54.0,-279.0,16.0,12.0,409.0,0.0,-0.05555555555555555,-0.4375,0.0,0.0,0.18999999999999986,0.0
70,202109010505,18,18,14,110,0,1,0,15,0,0,0,1,6,4,2,33,0,1,0,4,0,0,0,0,2,2,0,17,0,0,0,1,0,0,0,0,,,,,,,,,,,,,,,,,,,,,,,,,0.07058823529411765,0.24705882352941178,3,5,16.9,6.0,1152,1039,1428,,,,,,,,,,,,,,,,,56.0,,16.0,,,,,,,,,
71,202109010505,2,10,8,65,0,0,0,3,0,0,0,2,0,2,0,11,0,0,0,1,0,0,0,1,0,0,0,4,0,0,0,1,0,0,0,1,0.0,0.0,12.0,9.0,39.0,2.2,0.5384615384615384,0.0,0.0,6.0,12.0,36.6,1.9,0.5,0.0,0.0,3.0,8.0,40.0,2.7,0.46153846153846156,-0.5,2.0,-100.0,0.06451612903225806,0.16129032258064516,5,9,30.5,8.0,1172,319,1556,0.0,0.0,8.0,14.0,35.0,1.3,0.5,0.0,0.0,5.0,6.0,34.4,0.4,0.9,-0.4,0.0,53.0,-112.0,16.0,13.0,486.0,0.46153846153846156,0.07142857142857142,-0.07692307692307693,0.0,0.0,1.0800000000000005,0.0
72,202109010505,15,10,14,122,0,0,1,13,0,0,1,2,0,0,2,28,0,0,0,5,0,0,0,0,0,0,0,11,0,0,0,1,0,0,0,0,0.0,0.0,6.0,15.0,36.8,2.8,0.5625,0.0,0.0,6.0,4.0,37.6,0.5,0.45454545454545453,0.0,0.0,15.0,15.0,34.2,1.3,1.0,0.0,-10.0,-1000.0,0.06896551724137931,0.3103448275862069,7,13,121.2,15.0,1127,1436,1328,,,,,,,,,,,,,,,0.0,0.0,56.0,-134.0,16.0,16.0,460.0,0.3125,-0.09090909090909091,0.0,,,1.2999999999999972,0.0
73,202109010505,30,18,29,175,5,4,5,51,0,0,0,0,8,3,6,44,1,1,2,13,0,0,0,0,1,0,1,6,0,1,1,3,0,0,0,0,0.0,0.0,3.0,7.0,40.7,1.7,0.9,0.0,0.0,14.0,11.0,35.6,1.6,0.9375,0.0,0.0,12.0,8.0,40.7,2.8,0.3125,0.5,26.0,200.0,0.05555555555555555,0.08333333333333333,3,6,214.2,16.0,1503,1366,1263,0.0,0.0,16.0,16.0,34.7,1.6,0.9375,0.0,0.0,9.0,14.0,40.9,2.8,0.6,1.9,0.0,56.0,-258.0,16.0,10.0,460.0,-0.3,0.0,-0.0625,-0.0625,0.0,0.05000000000000071,0.0
74,202109010704,0,0,0,4,1,0,0,1,0,0,0,0,0,0,0,2,0,0,0,0,0,0,0,0,0,0,0,1,0,0,0,0,0,0,0,0,0.0,0.0,12.0,6.0,36.4,0.6,0.4666666666666667,0.0,0.0,6.0,6.0,34.5,0.6,0.5384615384615384,0.0,0.0,10.0,5.0,35.5,0.6,0.375,-0.5,4.0,-200.0,0.06896551724137931,0.26436781609195403,2,3,45.1,8.0,1605,1511,1,0.0,0.0,11.0,12.0,34.6,1.0,0.23529411764705882,0.0,0.0,2.0,1.0,34.2,0.0,0.25,-0.4,0.2,56.0,-561.0,16.0,15.0,536.0,-0.06666666666666667,0.0,0.1875,0.0,0.0,0.429999999999999,0.0
75,202109010704,4,5,5,21,0,0,0,0,0,0,0,0,0,1,1,6,0,0,0,0,0,0,0,0,0,0,0,1,0,0,0,0,0,0,0,0,0.0,0.0,10.0,3.0,36.9,0.0,0.13333333333333333,0.0,0.0,20.0,2.0,36.1,0.0,0.1875,0.0,0.0,40.0,3.0,35.4,0.1,0.05555555555555555,0.0,-6.0,0.0,0.14666666666666667,0.4666666666666667,7,14,2.4,1.0,1393,302,1263,0.0,0.0,50.0,4.0,36.5,0.5,0.0625,0.0,0.0,30.0,3.0,33.9,0.5,0.8571428571428571,0.2,0.8,56.0,28.0,16.0,15.0,488.0,-0.06666666666666667,0.0,0.0,0.0,0.0,0.5600000000000002,0.0
76,202109010704,1,1,3,23,0,1,0,3,0,0,0,0,0,0,0,8,0,0,0,1,0,0,0,0,0,0,0,6,0,0,0,1,0,0,0,0,0.0,0.0,50.0,2.0,35.0,0.1,0.3125,0.0,0.0,40.0,2.0,34.8,0.0,0.4,0.0,0.0,60.0,5.0,34.0,0.4,0.5,1.5,-8.0,-200.0,0.05714285714285714,0.2571428571428571,3,5,6.1,4.0,1561,1124,1263,0.0,0.0,50.0,7.0,36.6,1.6,0.7692307692307693,0.0,0.0,70.0,6.0,34.8,0.6,1.0,1.3,0.4,54.0,13.0,16.0,16.0,428.0,0.0,0.0,0.0,-0.07692307692307693,-0.125,-0.13999999999999985,0.0
77,202109010704,9,20,10,89,0,2,1,5,0,0,1,0,5,5,3,21,0,0,0,1,0,0,0,0,2,3,1,12,0,0,0,1,0,0,0,0,0.0,0.0,1.0,7.0,40.4,1.3,0.375,0.0,0.0,8.0,14.0,36.7,1.2,0.625,0.0,0.0,7.0,7.0,34.9,1.1,0.9375,0.0,23.0,200.0,0.3230769230769231,0.5692307692307692,1,2,5.3,3.0,1428,324,1263,0.0,0.0,5.0,9.0,37.1,1.8,0.5882352941176471,0.0,0.0,3.0,14.0,35.9,1.5,0.9444444444444444,0.9,0.0,54.0,-396.0,16.0,8.0,425.0,0.375,0.125,0.0,0.058823529411764705,-0.05555555555555555,0.8600000000000001,0.0
78,202109010704,2,2,3,24,4,3,3,24,0,0,0,1,1,0,2,7,1,0,2,4,0,0,0,0,0,0,1,7,0,0,2,2,0,0,0,0,0.0,0.0,2.0,5.0,35.9,0.7,0.3125,0.0,0.0,2.0,4.0,34.8,0.3,0.3888888888888889,0.0,0.0,2.0,2.0,34.2,0.1,0.5294117647058824,-1.5,8.0,0.0,0.0,0.2857142857142857,8,16,4.7,2.0,1152,1558,1428,0.0,0.0,3.0,5.0,35.5,0.4,0.05555555555555555,,,,,,,,-0.2,0.25,54.0,0.0,16.0,16.0,478.0,-0.0625,0.05555555555555555,-0.058823529411764705,0.05555555555555555,,0.179999999999999,0.0
79,202109010704,0,0,0,5,2,0,2,19,0,0,0,1,0,0,0,1,1,0,2,6,0,0,0,1,0,0,0,0,1,0,1,4,0,0,0,0,0.0,0.0,20.0,3.0,36.7,1.1,0.5,0.0,0.0,70.0,2.0,35.6,0.1,0.0625,0.0,0.0,70.0,11.0,37.4,1.4,0.14285714285714285,4.0,19.0,600.0,,,1,1,57.0,11.0,1343,1235,1428,0.0,0.0,130.0,9.0,34.7,0.8,0.8333333333333334,0.0,0.0,110.0,6.0,35.6,0.7,0.375,1.3000000000000003,0.4,50.0,-1220.0,16.0,12.0,467.0,-0.16666666666666666,0.0,0.0,0.0,0.25,0.31000000000000016,0.0
80,202109010704,0,1,1,4,0,0,0,1,0,0,0,0,0,0,1,1,0,0,0,1,0,0,0,0,0,0,0,1,0,0,0,1,0,0,0,0,0.0,0.0,3.0,3.0,38.2,1.4,0.36363636363636365,0.0,0.0,2.0,5.0,38.6,0.9,0.3333333333333333,0.0,0.0,5.0,9.0,34.7,0.6,0.38461538461538464,3.0,4.0,-200.0,0.058823529411764705,0.17647058823529413,5,9,114.4,13.0,1674,121,1428,0.0,0.0,3.0,5.0,35.3,1.2,0.8571428571428571,0.0,0.0,1.0,4.0,36.4,0.3,0.8571428571428571,0.2,0.2,53.0,-623.0,16.0,11.0,510.0,-0.09090909090909091,-0.2,0.0,-0.07142857142857142,-0.2857142857142857,0.6900000000000013,0.0
81,202109010704,0,0,0,2,3,4,1,17,0,0,0,0,0,0,0,0,1,1,1,6,0,0,0,0,0,0,0,0,0,0,1,5,0,0,0,0,0.0,0.0,1.0,8.0,38.9,1.6,0.5555555555555556,0.0,0.0,11.0,11.0,40.4,2.3,0.4166666666666667,0.0,0.0,12.0,13.0,35.0,1.1,0.9285714285714286,2.5,3.0,400.0,0.12698412698412698,0.38095238095238093,8,15,10.5,5.0,1677,1294,1167,0.0,0.0,10.0,9.0,35.2,1.0,0.8571428571428571,0.0,0.0,11.0,14.0,34.7,1.2,1.0,1.0,0.0,56.0,-1228.0,16.0,9.0,503.0,0.0,0.16666666666666666,0.07142857142857142,-0.07142857142857142,0.0,1.3599999999999988,0.0
82,202109010704,0,0,2,1,0,1,0,3,0,0,0,0,0,0,1,0,0,0,0,1,0,0,0,0,0,0,0,0,0,0,0,0,0,0,0,0,0.0,0.0,50.0,11.0,44.1,3.8,0.5454545454545454,0.0,0.0,80.0,10.0,41.1,1.9,0.46153846153846156,0.0,0.0,70.0,9.0,35.4,0.8,0.25,-1.0,-7.0,300.0,0.08,0.26,3,6,46.8,9.0,1657,225,1317,0.0,0.0,30.0,8.0,38.0,2.0,0.2,0.0,0.0,20.0,9.0,38.9,1.2,0.5714285714285714,-0.6,0.0,56.0,-1239.0,16.0,11.0,485.0,0.09090909090909091,-0.15384615384615385,-0.08333333333333333,0.06666666666666667,-0.07142857142857142,1.3500000000000008,0.0
83,202109010704,0,0,2,1,2,2,1,18,0,0,1,0,0,0,1,0,2,0,0,6,0,0,0,0,0,0,0,0,0,0,0,0,0,0,0,0,0.0,0.0,5.0,5.0,39.8,1.4,0.9,0.0,0.0,11.0,,,,1.0,0.0,0.0,9.0,11.0,13.8,4.6,1.0,6.0,-1.0,200.0,0.07692307692307693,0.2564102564102564,4,8,18.4,6.0,1657,1345,1317,0.0,0.0,10.0,7.0,13.6,2.1,0.4166666666666667,0.0,0.0,7.0,,,,0.6428571428571429,1.0,0.0,56.0,-874.0,16.0,10.0,483.0,-0.2,0.0,0.0,0.0,,13.099999999999998,0.0
84,202109010704,0,0,2,1,0,2,1,5,0,0,0,0,0,0,1,0,0,0,0,1,0,0,0,0,0,0,0,0,0,0,0,1,0,0,0,0,0.0,0.0,14.0,14.0,38.2,1.9,0.75,0.0,0.0,6.0,5.0,36.2,0.7,0.42857142857142855,0.0,0.0,14.0,9.0,35.5,0.7,1.0,-2.5,-2.0,-400.0,0.07142857142857142,0.17857142857142858,7,13,475.7,15.0,1657,324,1317,0.0,0.0,15.0,5.0,37.0,0.6,0.9375,0.0,0.0,15.0,9.0,35.1,0.7,0.8,-1.0,0.0,54.0,-182.0,16.0,16.0,418.0,0.125,0.0,0.0,-0.1875,-0.06666666666666667,0.5400000000000006,0.0
85,202109010704,3,3,5,28,4,3,3,24,0,0,0,1,1,1,0,14,1,0,2,4,0,0,0,0,1,0,0,5,0,0,2,2,0,0,0,0,0.0,0.0,6.0,5.0,13.7,2.4,0.8333333333333334,0.0,0.0,16.0,15.0,40.8,3.6,0.6875,0.0,0.0,11.0,12.0,39.4,3.8,0.75,3.5,4.0,-1260.0,0.05405405405405406,0.08108108108108109,2,4,408.6,14.0,1090,1558,1169,0.0,0.0,14.0,12.0,36.4,1.6,0.9375,,,,,,,,1.8,0.0,56.0,-120.0,16.0,6.0,474.0,0.0,0.0,0.0,-0.3125,,-6.669999999999999,0.0
86,202109010704,4,4,5,38,4,5,3,30,0,0,0,3,1,0,2,9,2,1,0,6,0,0,0,0,0,0,0,7,0,0,0,3,0,0,0,0,0.0,0.0,,,,,,0.0,0.0,100.0,12.0,36.2,1.7,0.5555555555555556,0.0,0.0,120.0,12.0,37.0,2.2,0.2777777777777778,0.0,,700.0,0.05084745762711865,0.15254237288135594,5,10,53.1,10.0,1716,1428,1167,0.0,0.0,130.0,14.0,36.2,1.3,0.5,0.0,0.0,30.0,7.0,39.1,2.3,0.875,-1.3,0.0,56.0,-438.0,16.0,11.0,,,0.0,0.0,0.0,-0.125,-0.7899999999999998,0.0
87,202109010704,2,1,2,12,5,5,2,41,0,0,0,0,0,0,0,1,4,1,0,11,0,0,0,0,0,0,0,1,3,1,0,6,0,0,0,0,0.0,0.0,13.0,10.0,35.8,0.9,0.23076923076923078,0.0,0.0,10.0,11.0,42.8,2.7,0.3076923076923077,0.0,0.0,4.0,1.0,39.1,0.0,0.1,-4.5,6.0,400.0,0.06818181818181818,0.25,4,7,106.8,12.0,1317,1167,1186,0.0,0.0,13.0,10.0,35.7,0.9,0.3888888888888889,0.0,0.0,5.0,8.0,39.1,1.8,0.3333333333333333,-0.5,0.2,54.0,-799.0,16.0,13.0,466.0,0.0,0.3076923076923077,0.0,0.0,0.06666666666666667,0.04999999999999858,0.0
88,202109010704,0,3,2,29,0,0,0,0,0,0,0,0,0,2,2,5,0,0,0,0,0,0,0,0,0,1,1,2,0,0,0,0,0,0,0,0,0.0,0.0,90.0,9.0,39.5,1.6,0.6666666666666666,0.0,0.0,120.0,10.0,35.2,1.1,0.7777777777777778,0.0,0.0,90.0,7.0,37.5,1.5,0.6666666666666666,-1.0,11.0,200.0,0.0,0.0,6,12,33.2,7.0,1736,1332,1482,0.0,0.0,70.0,15.0,37.2,2.0,0.5,0.0,0.0,70.0,8.0,34.3,0.8,0.75,0.3,0.0,51.0,-805.0,16.0,12.0,451.0,0.25,0.0,0.0,-0.25,0.0,0.8400000000000005,0.0
89,202109010704,0,0,2,1,5,5,2,41,0,0,0,1,0,0,1,0,4,1,0,11,0,0,0,0,0,0,0,0,3,1,0,6,0,0,0,0,0.0,0.0,12.0,13.0,38.7,1.9,0.4,0.0,0.0,16.0,16.0,37.2,2.1,0.5,0.0,0.0,13.0,8.0,37.3,1.3,0.6666666666666666,-2.5,-12.0,400.0,0.0,0.0,6,11,520.7,16.0,1657,1167,1317,0.0,0.0,11.0,11.0,39.5,2.9,0.25,0.0,0.0,14.0,9.0,37.3,2.0,0.5625,-1.3,0.0,56.0,-36.0,16.0,15.0,448.0,-0.06666666666666667,-0.125,-0.13333333333333333,0.0,-0.3125,0.05000000000000142,0.0
90,202109010709,1,6,3,35,2,2,1,18,0,0,0,7,0,4,1,7,2,0,0,6,0,0,0,2,0,2,0,0,0,0,0,1,0,0,0,0,0.0,0.0,2.0,3.0,33.9,0.2,0.16666666666666666,0.0,0.0,5.0,1.0,34.3,0.0,0.14285714285714285,0.0,0.0,7.0,6.0,33.8,0.5,0.07142857142857142,1.5,-4.0,200.0,0.0625,0.25,7,8,18.9,5.0,1167,1345,460,0.0,0.0,5.0,5.0,33.7,0.5,0.16666666666666666,0.0,0.0,3.0,5.0,34.9,0.5,0.09090909090909091,0.8,0.4,55.0,-350.0,10.0,18.0,482.0,-0.05555555555555555,0.0,0.07142857142857142,0.08333333333333333,0.0,-0.14000000000000057,0.0
91,202109010709,7,4,4,40,0,1,0,8,0,0,0,1,3,1,0,6,0,1,0,2,0,0,0,0,1,0,0,1,0,0,0,0,0,0,0,0,0.0,0.0,8.0,9.0,34.1,0.5,0.9090909090909091,0.0,0.0,8.0,3.0,34.8,0.6,0.7142857142857143,0.0,0.0,7.0,6.0,36.5,0.6,0.5833333333333334,-1.5,-4.0,200.0,0.058823529411764705,0.23529411764705882,6,6,82.2,9.0,1506,1376,199,0.0,0.0,5.0,7.0,34.9,0.6,0.9090909090909091,0.0,0.0,6.0,7.0,33.9,0.9,0.625,0.0,0.2,57.0,-406.0,10.0,11.0,484.0,-0.09090909090909091,-0.14285714285714285,-0.3333333333333333,-0.18181818181818182,-0.25,0.030000000000000426,0.0
92,202109010709,4,4,6,34,0,1,2,2,0,0,0,0,1,1,2,10,0,1,2,0,0,0,0,0,1,0,0,0,0,0,0,0,0,0,0,0,0.0,0.0,5.0,13.0,37.2,1.3,0.4666666666666667,0.0,0.0,6.0,6.0,34.0,0.6,0.4444444444444444,0.0,0.0,15.0,10.0,33.6,0.3,0.7222222222222222,-1.5,4.0,200.0,0.0625,0.15625,8,10,2.0,1.0,1127,1079,1328,0.0,0.0,3.0,6.0,33.1,0.6,0.4375,0.0,0.0,2.0,1.0,33.5,0.0,0.5555555555555556,-2.4,0.2,57.0,-756.0,10.0,15.0,474.0,0.0,0.1111111111111111,0.05555555555555555,0.0,0.16666666666666666,0.8300000000000004,0.0
93,202109010709,9,20,10,89,3,2,1,4,0,0,0,2,5,5,3,21,0,2,0,2,0,0,0,1,0,0,0,2,0,2,0,0,0,0,0,0,0.0,0.0,60.0,7.0,34.2,0.5,0.8571428571428571,0.0,0.0,60.0,5.0,34.8,0.9,0.6666666666666666,0.0,0.0,90.0,4.0,33.4,0.4,1.0,-1.5,-2.0,0.0,0.31746031746031744,0.5714285714285714,2,2,4.0,3.0,1428,565,1263,0.0,0.0,60.0,7.0,34.5,1.7,0.5555555555555556,0.0,0.0,30.0,5.0,33.8,0.4,0.75,-0.2,0.0,55.0,-791.0,10.0,14.0,476.0,0.0,0.0,0.0,0.0,-0.25,0.11000000000000085,0.0
94,202109010709,1,0,0,5,0,2,1,13,0,0,0,2,1,0,0,4,0,0,0,7,0,0,0,2,0,0,0,2,0,0,0,2,0,0,0,2,0.0,0.0,110.0,7.0,34.1,1.5,0.9090909090909091,0.0,0.0,100.0,12.0,35.1,1.2,0.7692307692307693,0.0,0.0,100.0,9.0,34.6,0.4,0.9090909090909091,1.0,10.0,-200.0,0.07272727272727272,0.18181818181818182,4,4,84.9,10.0,1453,1482,1428,0.0,0.0,110.0,6.0,34.3,0.6,0.8333333333333334,0.0,0.0,130.0,7.0,34.3,0.6,0.7058823529411765,-0.6,0.0,57.0,-1134.0,10.0,11.0,502.0,0.0,-0.15384615384615385,0.0,0.0,0.23529411764705882,0.04000000000000128,0.0
95,202109010709,3,4,1,53,1,0,0,8,1,0,0,0,1,1,0,10,1,0,0,1,1,0,0,0,0,0,0,1,0,0,0,0,0,0,0,0,0.0,0.0,4.0,7.0,36.8,1.0,0.7857142857142857,0.0,0.0,2.0,1.0,33.6,0.0,0.5714285714285714,0.0,0.0,4.0,2.0,34.2,0.2,0.9090909090909091,-2.5,4.0,-1400.0,,,8,9,16.4,4.0,1503,460,1263,0.0,0.0,4.0,6.0,34.6,1.0,0.9166666666666666,0.0,0.0,4.0,2.0,33.6,0.2,0.625,-0.5,0.6,57.0,-603.0,10.0,14.0,494.0,-0.07142857142857142,-0.14285714285714285,0.0,0.0,0.0,0.5399999999999991,0.0
96,202109010709,0,1,7,18,0,0,1,4,0,0,1,1,0,1,1,5,0,0,0,1,0,0,0,1,0,0,0,0,0,0,0,0,0,0,0,0,0.0,0.0,120.0,9.0,33.8,1.1,0.9230769230769231,0.0,0.0,14.0,9.0,34.0,0.7,0.875,0.0,0.0,17.0,4.0,34.0,0.5,0.8333333333333334,-2.5,6.0,0.0,0.06976744186046512,0.2441860465116279,1,1,3.4,2.0,1172,1301,1556,0.0,0.0,16.0,10.0,35.2,0.7,0.6666666666666666,0.0,0.0,17.0,10.0,33.5,0.5,0.7058823529411765,0.3,0.0,57.0,-1359.0,10.0,13.0,482.0,0.0,-0.0625,0.0,0.0,-0.058823529411764705,-0.06000000000000085,0.0
97,202109010709,3,3,5,28,0,1,0,1,0,1,0,1,1,1,0,14,0,1,0,1,0,1,0,1,0,1,0,4,0,1,0,1,0,1,0,1,0.0,0.0,6.0,11.0,41.3,3.6,0.8333333333333334,0.0,0.0,9.0,9.0,37.6,2.5,0.5454545454545454,0.0,0.0,15.0,9.0,38.1,1.0,1.0,-1.0,7.0,300.0,0.07058823529411765,0.27058823529411763,5,5,32.4,7.0,1090,1266,1169,0.0,0.0,4.0,9.0,37.7,1.6,0.2,0.0,0.0,4.0,6.0,37.8,0.8,0.2857142857142857,-1.0,0.0,57.0,-575.0,10.0,12.0,481.0,0.08333333333333333,0.09090909090909091,-0.5625,0.0,-0.14285714285714285,0.6899999999999998,0.0
98,202109010709,4,5,5,21,0,0,2,17,0,0,1,1,0,1,1,6,0,0,0,6,0,0,0,1,0,0,1,2,0,0,0,3,0,0,0,1,0.0,0.0,20.0,2.0,34.1,0.2,0.125,0.0,0.0,50.0,3.0,34.0,0.4,0.25,0.0,0.0,,,,,,1.0,-6.0,0.0,0.05263157894736842,0.15789473684210525,3,3,24.1,6.0,1393,1306,1263,0.0,0.0,40.0,4.0,36.0,0.4,0.2857142857142857,0.0,0.0,80.0,8.0,33.6,1.0,0.875,1.9,0.5,57.0,-427.0,10.0,8.0,516.0,0.0,0.0,,0.0,0.0,-0.05,0.0
99,202109010709,0,0,0,4,0,0,0,4,0,0,0,1,0,0,0,4,0,0,0,1,0,0,0,1,0,0,0,1,0,0,0,1,0,0,0,1,0.0,0.0,16.0,17.0,35.3,1.6,0.5,0.0,0.0,11.0,10.0,34.8,0.7,0.7272727272727273,0.0,0.0,13.0,13.0,36.9,2.0,0.3076923076923077,-2.0,2.0,200.0,0.11538461538461539,0.28205128205128205,7,7,53.9,8.0,1687,1058,1345,0.0,0.0,13.0,7.0,35.7,1.4,0.5,0.0,0.0,10.0,8.0,34.7,0.6,0.4,-2.1,0.0,57.0,-245.0,10.0,18.0,500.0,0.0,0.18181818181818182,-0.07692307692307693,0.07142857142857142,0.0,0.029999999999998295,0.0
100,202109010711,0,0,0,0,0,0,0,1,0,0,0,0,0,0,0,0,0,0,0,1,0,0,0,0,0,0,0,0,0,0,0,0,0,0,0,0,0.0,0.0,10.0,9.0,34.7,1.1,0.3333333333333333,0.0,0.0,3.0,10.0,34.6,0.6,0.3888888888888889,0.0,0.0,6.0,9.0,,,,0.0,-8.0,400.0,0.11290322580645161,0.3709677419354839,1,1,1.6,1.0,1629,1506,1428,0.0,0.0,5.0,5.0,34.8,0.4,0.3125,0.0,0.0,12.0,15.0,34.4,1.3,0.5,0.7,0.0,54.0,-1114.0,12.0,18.0,486.0,-0.05555555555555555,0.0,,-0.0625,0.0,0.0700000000000017,0.0
101,202109010711,0,0,0,0,0,0,0,0,0,0,0,0,0,0,0,0,0,0,0,0,0,0,0,0,0,0,0,0,0,0,0,0,0,0,0,0,0.0,0.0,5.0,13.0,45.0,6.4,0.2857142857142857,0.0,0.0,1.0,6.0,35.3,0.6,0.38461538461538464,0.0,0.0,6.0,13.0,34.7,1.5,0.4444444444444444,0.0,16.0,-200.0,0.3125,0.5625,5,5,8.0,3.0,461,232,432,0.0,0.0,3.0,1.0,34.3,0.0,0.3333333333333333,0.0,0.0,1.0,9.0,33.8,0.5,0.8333333333333334,-1.3,0.2,54.0,-270.0,12.0,14.0,526.0,0.2857142857142857,0.0,0.16666666666666666,-0.08333333333333333,0.08333333333333333,2.3400000000000007,0.0
102,202109010711,0,0,2,1,3,0,1,9,0,0,0,0,0,0,1,0,2,0,0,1,0,0,0,0,0,0,0,0,0,0,0,0,0,0,0,0,0.0,0.0,15.0,9.0,35.5,0.5,0.06666666666666667,0.0,0.0,7.0,15.0,39.2,2.7,0.25,0.0,0.0,9.0,15.0,37.4,1.7,0.25,3.0,-4.0,-200.0,0.06896551724137931,0.2413793103448276,2,2,8.4,4.0,1657,1362,1317,0.0,0.0,3.0,7.0,37.0,0.6,0.06666666666666667,0.0,0.0,4.0,8.0,36.3,0.6,0.125,-1.0,0.0,54.0,-777.0,12.0,15.0,448.0,0.0,0.0,-0.125,0.0,0.0,0.06000000000000085,0.0
103,202109010711,0,0,0,2,4,5,3,30,0,0,0,0,0,0,0,0,2,1,0,6,0,0,0,0,0,0,0,0,0,0,0,0,0,0,0,0,0.0,0.0,8.0,11.0,35.0,0.7,0.75,0.0,0.0,14.0,5.0,34.6,0.2,0.8235294117647058,0.0,0.0,13.0,7.0,33.3,0.8,0.6153846153846154,-2.0,6.0,0.0,0.11392405063291139,0.27848101265822783,8,12,7.8,2.0,1677,1428,1167,0.0,0.0,9.0,9.0,34.6,0.9,0.9230769230769231,0.0,0.0,9.0,4.0,33.5,0.6,0.8,-1.0,0.0,54.0,-1050.0,12.0,16.0,482.0,0.0,-0.058823529411764705,0.0,0.0,0.0,0.3,0.0
104,202109010711,0,0,0,0,5,5,2,41,0,0,0,0,0,0,0,0,4,1,0,11,0,0,0,0,0,0,0,0,1,0,0,1,0,0,0,0,0.0,0.0,11.0,10.0,35.7,1.1,0.1875,0.0,0.0,9.0,13.0,41.1,4.7,0.07692307692307693,0.0,0.0,10.0,10.0,35.2,1.1,0.14285714285714285,0.0,0.0,-400.0,0.14864864864864866,0.47297297297297297,4,4,14.0,5.0,1629,1167,1428,0.0,0.0,16.0,11.0,34.8,0.9,0.5625,0.0,0.0,9.0,11.0,34.5,0.6,0.5625,0.0,0.0,54.0,-987.0,12.0,16.0,452.0,0.125,0.23076923076923078,0.21428571428571427,0.25,0.125,0.870000000000001,0.0
105,202109010711,3,4,1,53,2,3,2,18,0,1,0,0,1,1,0,10,1,2,1,5,0,0,0,0,0,0,0,1,0,0,0,0,0,0,0,0,0.0,0.0,9.0,9.0,35.4,1.5,0.8823529411764706,0.0,0.0,6.0,5.0,37.1,1.5,0.6666666666666666,0.0,0.0,8.0,10.0,35.0,0.9,0.9230769230769231,0.5,10.0,-400.0,0.05172413793103448,0.15517241379310345,7,9,103.0,11.0,1503,1183,1263,0.0,0.0,10.0,4.0,36.7,0.9,0.8666666666666667,0.0,0.0,16.0,2.0,36.4,0.3,1.0,-1.5,0.2,54.0,-1001.0,12.0,17.0,464.0,0.0,0.0,-0.23076923076923078,-0.4,-0.5,-0.16000000000000014,0.0
106,202109010711,2,0,1,14,3,2,4,39,0,0,0,1,0,0,0,6,0,0,1,14,0,0,0,1,0,0,0,0,0,0,1,3,0,0,0,0,0.0,0.0,6.0,7.0,35.0,0.6,0.4,0.0,0.0,5.0,12.0,35.7,1.0,0.06666666666666667,0.0,0.0,3.0,9.0,35.6,0.7,0.18181818181818182,1.0,-10.0,200.0,,,6,7,16.5,7.0,1489,1263,565,0.0,0.0,4.0,7.0,34.3,0.7,0.125,0.0,0.0,3.0,4.0,33.7,0.6,0.2,-1.1,0.0,54.0,-729.0,12.0,10.0,512.0,0.0,0.0,0.0,0.0625,0.0,0.4,0.0
107,202109010711,2,2,3,24,0,2,1,5,0,0,0,2,1,0,2,7,0,0,0,1,0,0,0,0,0,0,0,0,0,0,0,0,0,0,0,0,0.0,0.0,4.0,8.0,35.5,0.5,0.3333333333333333,0.0,0.0,4.0,6.0,35.8,0.1,0.375,0.0,0.0,1.0,7.0,34.9,0.2,0.25,-0.5,-2.0,400.0,0.08163265306122448,0.2653061224489796,7,10,30.7,8.0,1152,324,1428,0.0,0.0,2.0,5.0,34.2,0.4,0.15384615384615385,0.0,0.0,4.0,6.0,34.9,0.8,0.16666666666666666,-0.5,0.0,54.0,-504.0,12.0,15.0,440.0,0.0,0.0,0.0,0.07692307692307693,0.0,0.2799999999999997,0.0
108,202109010711,3,3,3,23,3,0,1,9,0,0,0,2,2,1,1,11,2,0,0,1,0,0,0,0,0,0,0,1,0,0,0,0,0,0,0,0,0.0,0.0,12.0,14.0,35.6,2.2,1.0,0.0,0.0,8.0,8.0,33.5,1.2,1.0,0.0,0.0,7.0,6.0,34.0,0.6,1.0,-4.0,0.0,0.0,0.06976744186046512,0.26744186046511625,3,3,66.7,9.0,1098,1362,1294,0.0,0.0,5.0,7.0,34.0,1.1,0.6,0.0,0.0,7.0,4.0,34.7,0.5,0.9,-2.1,0.0,54.0,-1015.0,12.0,14.0,472.0,0.0,0.0,-0.18181818181818182,0.1,0.1,0.12999999999999973,0.0
109,202109010711,3,3,3,23,0,1,0,8,0,0,0,0,2,1,1,11,0,1,0,2,0,0,0,0,0,0,0,1,0,0,0,0,0,0,0,0,0.0,0.0,6.0,7.0,33.6,0.5,0.5555555555555556,0.0,0.0,14.0,1.0,33.9,0.0,0.6666666666666666,0.0,0.0,9.0,6.0,33.2,0.4,0.6363636363636364,-0.5,8.0,400.0,0.07894736842105263,0.2631578947368421,6,8,14.1,6.0,1098,1376,1294,0.0,0.0,8.0,7.0,33.6,0.3,0.8888888888888888,0.0,0.0,3.0,1.0,33.5,0.0,0.47058823529411764,-0.6,0.4,54.0,-1282.0,12.0,18.0,466.0,0.0,-0.13333333333333333,0.0,-0.1111111111111111,-0.058823529411764705,0.05,0.0
110,202109010711,0,0,0,1,4,3,3,24,0,0,0,0,0,0,0,0,1,0,2,4,0,0,0,0,0,0,0,0,1,0,0,0,0,0,0,0,0.0,0.0,11.0,12.0,36.7,1.9,0.25,0.0,0.0,4.0,2.0,36.7,0.7,0.4,0.0,0.0,4.0,3.0,38.1,0.7,0.2727272727272727,-4.5,0.0,-200.0,0.0,0.0,8,11,94.8,10.0,1074,1558,1503,0.0,0.0,3.0,5.0,36.4,1.3,0.7142857142857143,0.0,0.0,9.0,13.0,32.8,0.9,0.8333333333333334,0.5,0.4,54.0,-827.0,12.0,16.0,486.0,0.0,-0.1,0.0,-0.2857142857142857,0.16666666666666666,0.8100000000000016,0.0
111,202109010711,3,3,3,23,0,0,0,0,0,0,0,0,2,1,1,11,0,0,0,0,0,0,0,0,0,0,0,1,0,0,0,0,0,0,0,0,0.0,0.0,3.0,4.0,38.3,1.1,0.375,0.0,0.0,4.0,16.0,37.0,2.6,0.17647058823529413,0.0,0.0,3.0,16.0,36.4,1.7,0.05555555555555555,6.0,-2.0,200.0,0.06060606060606061,0.18181818181818182,5,6,181.4,12.0,1098,187,1294,0.0,0.0,3.0,7.0,39.2,1.2,0.6,0.0,0.0,6.0,9.0,35.7,1.1,0.16666666666666666,0.1,0.0,54.0,-1010.0,12.0,8.0,466.0,0.0,-0.058823529411764705,0.05555555555555555,0.06666666666666667,0.0,0.2999999999999986,0.0
112,202109010810,19,19,15,86,11,8,11,77,4,5,3,10,3,4,1,29,6,3,3,36,2,1,0,5,0,1,0,8,0,1,0,2,0,1,0,2,0.0,0.0,2.0,1.0,33.6,0.0,0.15384615384615385,0.0,0.0,2.0,2.0,34.5,0.3,0.16666666666666666,0.0,0.0,3.0,4.0,33.9,0.0,0.18181818181818182,1.5,10.0,0.0,0.06741573033707865,0.24719101123595505,6,9,4.2,2.0,1167,1345,460,0.0,0.0,4.0,6.0,35.7,0.9,0.14285714285714285,0.0,0.0,2.0,4.0,39.0,1.3,0.13333333333333333,1.0,0.4,55.0,0.0,13.0,13.0,492.0,0.0,0.0,0.0,0.07142857142857142,0.0,-1.2,0.0
113,202109010810,2,10,8,65,0,1,0,10,0,1,0,2,0,2,0,11,0,0,0,3,0,0,0,2,0,0,0,1,0,0,0,1,0,0,0,1,0.0,0.0,80.0,8.0,40.2,2.0,0.6,0.0,0.0,140.0,13.0,36.7,1.6,0.375,0.0,0.0,140.0,12.0,35.9,1.1,0.625,2.0,-1.0,100.0,0.07017543859649122,0.17543859649122806,5,7,20.5,7.0,1172,212,1556,0.0,0.0,160.0,8.0,35.0,0.4,0.375,0.0,0.0,130.0,12.0,35.0,1.6,0.5,0.3,0.0,55.0,-1103.0,13.0,10.0,465.0,0.2,0.0,0.25,-0.0625,0.0,1.2100000000000009,0.0
114,202109010810,6,6,3,68,15,18,23,125,0,0,0,7,2,2,1,26,5,3,2,28,0,0,0,1,0,0,0,4,0,0,1,2,0,0,0,0,0.0,0.0,5.0,3.0,33.9,0.2,0.07692307692307693,0.0,0.0,5.0,7.0,34.8,0.7,0.5454545454545454,0.0,0.0,7.0,4.0,33.7,0.0,0.6363636363636364,0.5,-2.0,0.0,0.075,0.25,2,2,13.1,5.0,1431,1167,1428,0.0,0.0,10.0,17.0,37.5,2.3,0.3888888888888889,0.0,0.0,6.0,9.0,40.0,2.7,0.2,2.2,0.2,55.0,0.0,13.0,13.0,464.0,0.0,-0.18181818181818182,0.0,-0.1111111111111111,0.0,-1.4900000000000007,0.0
115,202109010810,8,16,9,65,15,18,23,125,3,3,2,5,4,4,1,14,5,3,2,28,1,0,0,3,0,0,0,0,0,0,1,2,0,0,0,0,0.0,0.0,9.0,3.0,34.8,0.2,0.7692307692307693,0.0,0.0,13.0,8.0,34.4,0.5,0.9333333333333333,0.0,0.0,9.0,9.0,33.3,0.6,0.6923076923076923,3.0,2.0,-400.0,0.14473684210526316,0.47368421052631576,4,4,2.3,1.0,1098,1167,1294,0.0,0.0,10.0,7.0,36.6,1.8,1.0,0.0,0.0,8.0,5.0,34.7,0.4,0.9285714285714286,0.3,0.2,55.0,-1000.0,13.0,13.0,468.0,-0.38461538461538464,-0.13333333333333333,-0.07692307692307693,-0.3333333333333333,-0.14285714285714285,-0.20000000000000143,0.0
116,202109010810,2,3,2,25,3,2,4,21,1,1,0,0,1,1,1,7,0,1,0,4,0,1,0,0,0,0,0,0,0,0,0,0,0,0,0,0,0.0,0.0,6.0,5.0,34.7,0.3,0.18181818181818182,0.0,0.0,3.0,8.0,36.0,0.5,0.5,0.0,0.0,3.0,7.0,39.0,1.1,0.14285714285714285,1.0,-10.0,0.0,0.1125,0.275,1,1,14.0,6.0,1183,1393,1558,0.0,0.0,7.0,4.0,35.7,0.4,0.5,0.0,0.0,6.0,14.0,33.9,0.9,0.6111111111111112,1.4,0.0,55.0,-266.0,13.0,11.0,462.0,0.09090909090909091,-0.07142857142857142,0.0,-0.4375,0.1111111111111111,0.19000000000000056,0.0
117,202109010810,1,4,0,13,15,27,17,118,0,1,0,3,0,2,0,6,1,4,6,32,0,0,0,1,0,0,0,0,0,0,0,1,0,0,0,0,0.0,0.0,14.0,6.0,33.6,0.5,1.0,0.0,0.0,9.0,16.0,34.2,0.9,1.0,0.0,0.0,9.0,3.0,32.9,0.1,0.9411764705882353,-1.5,-16.0,200.0,0.05555555555555555,0.2777777777777778,3,3,59.3,12.0,1383,1428,246,0.0,0.0,12.0,6.0,33.6,0.4,0.6153846153846154,0.0,0.0,5.0,12.0,33.7,0.7,0.875,0.2,0.2,55.0,-223.0,13.0,18.0,442.0,-0.05555555555555555,0.0,-0.058823529411764705,0.0,0.0625,0.039999999999999855,0.0
118,202109010810,72,56,56,283,1,1,0,8,1,1,0,7,22,14,20,91,0,0,0,5,0,0,0,5,1,1,3,7,0,0,0,1,0,0,0,1,0.0,0.0,8.0,7.0,33.7,0.5,0.6153846153846154,0.0,0.0,7.0,2.0,34.4,0.1,0.6666666666666666,0.0,0.0,5.0,7.0,35.2,1.6,0.5714285714285714,0.0,-12.0,0.0,0.05,0.15,7,11,24.5,8.0,1428,816,1263,0.0,0.0,1.0,9.0,33.7,0.6,0.7692307692307693,0.0,0.0,8.0,4.0,34.7,0.2,0.5555555555555556,0.1,0.2,55.0,0.0,13.0,13.0,456.0,0.0,-0.4444444444444444,0.0,0.0,0.0,-0.13000000000000042,0.0
119,202109010810,3,3,1,46,3,3,4,29,0,2,0,2,0,0,0,16,2,1,0,5,0,0,0,1,0,0,0,1,0,0,0,2,0,0,0,1,0.0,0.0,15.0,9.0,35.5,0.8,0.875,0.0,0.0,13.0,10.0,33.6,0.3,0.8888888888888888,0.0,0.0,10.0,1.0,33.7,0.0,0.6666666666666666,-4.0,0.0,0.0,0.0,0.05263157894736842,5,6,11.9,4.0,1036,460,1108,0.0,0.0,7.0,8.0,33.7,0.8,0.6875,0.0,0.0,4.0,8.0,33.7,0.5,0.6153846153846154,-0.4,0.2,55.0,-286.0,13.0,16.0,470.0,0.125,0.05555555555555555,-0.1111111111111111,0.0625,0.0,0.3499999999999993,0.0
120,202109010810,7,10,8,92,0,1,0,5,0,0,0,3,1,1,0,32,0,1,0,4,0,0,0,3,0,0,0,2,0,0,0,1,0,0,0,1,0.0,0.0,11.0,13.0,34.8,1.7,0.7777777777777778,0.0,0.0,6.0,16.0,38.4,2.7,0.1875,0.0,0.0,3.0,14.0,37.6,1.8,0.3888888888888889,0.5,4.0,200.0,0.05714285714285714,0.17142857142857143,8,13,8.1,3.0,1736,34,1482,0.0,0.0,2.0,2.0,33.0,0.1,0.1875,0.0,0.0,2.0,1.0,33.9,0.0,0.46153846153846156,-3.8,0.4,55.0,-349.0,13.0,18.0,436.0,-0.16666666666666666,0.1875,0.0,0.0,0.0,0.7199999999999995,0.0
121,202109010810,30,18,29,175,4,3,1,7,0,1,0,3,8,3,6,44,2,1,0,4,0,0,0,1,0,0,1,2,0,0,0,1,0,0,0,1,0.0,0.0,10.0,10.0,33.7,0.7,0.8461538461538461,0.0,0.0,7.0,5.0,33.7,0.5,0.4444444444444444,0.0,0.0,9.0,7.0,33.3,0.4,0.9090909090909091,-1.5,2.0,0.0,0.125,0.375,4,5,25.1,10.0,1503,607,1263,0.0,0.0,4.0,9.0,36.1,0.8,0.42857142857142855,0.0,0.0,5.0,3.0,34.9,0.1,0.6428571428571429,-1.0,0.2,55.0,0.0,13.0,13.0,520.0,0.07692307692307693,0.0,0.0,-0.07142857142857142,-0.14285714285714285,-0.479999999999999,0.0
122,202109010810,30,21,26,197,3,2,4,21,0,0,3,6,6,6,8,71,0,1,0,4,0,0,0,2,2,0,0,4,0,0,0,0,0,0,0,0,0.0,0.0,5.0,9.0,34.7,0.3,0.5714285714285714,0.0,0.0,4.0,3.0,34.2,0.4,0.3888888888888889,0.0,0.0,11.0,11.0,34.2,0.8,0.46153846153846156,1.0,-6.0,400.0,0.07954545454545454,0.2727272727272727,6,8,26.7,11.0,1716,1393,1167,0.0,0.0,11.0,2.0,33.9,0.0,0.25,0.0,0.0,7.0,9.0,36.2,0.7,0.4375,-0.1,0.4,55.0,-118.0,13.0,14.0,458.0,0.07142857142857142,0.0,-0.15384615384615385,0.0,-0.0625,-0.2699999999999996,0.0
123,202109010810,0,0,0,15,0,0,0,7,0,0,0,0,0,0,0,1,0,0,0,2,0,0,0,0,0,0,0,0,0,0,0,0,0,0,0,0,0.0,0.0,15.0,14.0,36.6,2.3,1.0,0.0,0.0,12.0,13.0,38.4,2.4,0.07692307692307693,0.0,0.0,16.0,9.0,35.9,1.0,0.9375,-2.5,4.0,200.0,0.0,0.09090909090909091,8,12,184.9,13.0,1482,1541,1263,0.0,0.0,15.0,11.0,35.8,1.8,1.0,0.0,0.0,15.0,13.0,36.4,1.5,1.0,-0.4,0.0,55.0,-678.0,13.0,16.0,498.0,0.0,0.07692307692307693,0.0625,-0.0625,0.0,0.3000000000000007,0.0
124,202109010810,0,1,1,3,1,1,1,2,0,1,1,1,0,0,1,0,0,0,1,0,0,0,1,0,0,0,0,0,0,0,0,0,0,0,0,0,0.0,0.0,8.0,10.0,34.9,0.8,0.5454545454545454,0.0,0.0,7.0,8.0,34.7,1.4,0.7777777777777778,0.0,0.0,5.0,8.0,34.9,0.4,0.4,-1.0,-2.0,200.0,0.11320754716981132,0.3584905660377358,7,10,24.9,9.0,1017,448,1589,0.0,0.0,10.0,9.0,34.7,1.3,0.875,0.0,0.0,2.0,11.0,34.0,0.6,0.5714285714285714,0.3,0.0,55.0,-364.0,13.0,11.0,460.0,0.18181818181818182,-0.1111111111111111,0.0,-0.0625,-0.07142857142857142,0.17999999999999972,0.0
125,202109010906,2,2,3,24,0,0,0,0,0,0,0,0,1,0,2,7,0,0,0,0,0,0,0,0,0,0,0,0,0,0,0,0,0,0,0,0,0.0,0.0,12.0,17.0,35.0,1.2,0.11764705882352941,0.0,0.0,9.0,16.0,41.2,3.5,0.125,0.0,0.0,6.0,7.0,41.3,2.1,0.3333333333333333,-5.0,-2.0,0.0,0.0,0.0,7,7,1.9,1.0,1152,599,1428,0.0,0.0,14.0,15.0,36.4,2.1,0.0625,0.0,0.0,4.0,4.0,35.5,0.2,0.16666666666666666,-2.7,0.0,52.0,-1316.0,10.0,17.0,494.0,0.0,0.125,0.08333333333333333,0.0,0.05555555555555555,0.38000000000000045,0.0
126,202109010906,3,3,5,28,3,2,4,39,0,1,0,3,1,1,0,14,0,0,1,14,0,0,0,2,0,0,0,1,0,0,0,0,0,0,0,0,0.0,0.0,20.0,5.0,35.0,0.4,0.1111111111111111,0.0,0.0,10.0,8.0,37.3,1.1,0.18181818181818182,0.0,0.0,60.0,8.0,35.9,0.7,0.3,1.5,2.0,0.0,0.0,0.0,7,8,14.2,6.0,1090,1263,1169,0.0,0.0,10.0,1.0,34.9,0.0,0.08333333333333333,0.0,0.0,10.0,3.0,35.5,0.8,0.3333333333333333,-1.1,0.4,56.0,27.0,10.0,9.0,470.0,0.0,0.0,0.1,0.0,0.0,0.13999999999999985,0.0
127,202109010906,0,0,0,2,2,1,1,24,0,0,0,0,0,0,0,0,0,0,0,6,0,0,0,0,0,0,0,0,0,0,0,0,0,0,0,0,0.0,0.0,30.0,4.0,34.2,0.3,0.5,0.0,0.0,60.0,6.0,37.0,1.6,0.18181818181818182,0.0,0.0,10.0,1.0,34.4,0.0,0.2222222222222222,-1.5,-4.0,-200.0,0.07317073170731707,0.2682926829268293,6,6,5.3,3.0,1677,1556,1167,0.0,0.0,50.0,2.0,34.1,0.0,0.3076923076923077,0.0,0.0,30.0,2.0,36.2,0.8,0.38461538461538464,-0.8,0.6,56.0,21.0,10.0,10.0,514.0,-0.1,0.0,-0.1111111111111111,-0.07692307692307693,-0.15384615384615385,-0.11000000000000014,0.0
128,202109010906,3,4,1,53,0,1,2,2,0,0,0,1,1,1,0,10,0,1,2,0,0,0,0,0,1,1,0,1,0,0,0,0,0,0,0,0,0.0,0.0,50.0,10.0,34.9,1.1,0.9333333333333333,0.0,0.0,10.0,1.0,33.4,0.0,0.125,,,,,,,,-9.0,4.0,0.0,0.3181818181818182,0.5606060606060606,8,9,4.2,2.0,1503,1079,1263,,,,,,,,,,,,,,,-9.0,0.5,56.0,62.0,10.0,15.0,460.0,0.0,0.25,,,,1.5,0.0
129,202109010906,4,4,6,34,2,0,2,19,0,0,0,0,1,1,2,10,1,0,2,6,0,0,0,0,0,0,0,1,0,0,0,0,0,0,0,0,0.0,0.0,9.0,8.0,33.1,0.9,0.8888888888888888,0.0,0.0,13.0,13.0,34.3,1.1,1.0,0.0,0.0,12.0,11.0,33.8,1.6,1.0,1.5,2.0,-200.0,0.0,0.0,2,2,12.2,5.0,1127,1235,1328,0.0,0.0,7.0,10.0,13.7,7.6,0.9166666666666666,0.0,0.0,9.0,13.0,13.6,4.2,0.7857142857142857,0.7,0.0,56.0,-1275.0,10.0,9.0,460.0,-0.2222222222222222,0.0,0.0,0.0,0.0,5.96,0.0
130,202109010906,0,0,0,1,0,1,0,8,0,0,0,0,0,0,0,1,0,1,0,2,0,0,0,0,0,0,0,0,0,1,0,0,0,0,0,0,0.0,0.0,110.0,9.0,33.8,0.5,0.4117647058823529,0.0,0.0,160.0,9.0,33.3,0.5,0.5,0.0,0.0,70.0,9.0,37.7,0.6,0.21428571428571427,0.0,2.0,200.0,0.0967741935483871,0.3225806451612903,5,5,112.4,8.0,1397,1376,1428,0.0,0.0,60.0,1.0,35.9,0.0,0.5454545454545454,0.0,0.0,20.0,7.0,35.2,0.4,0.3076923076923077,-1.2,0.2,56.0,-1197.0,10.0,17.0,464.0,0.0,0.05555555555555555,0.0,-0.09090909090909091,0.0,-0.5400000000000013,0.0
131,202109010906,0,3,2,29,4,3,3,24,0,0,0,2,0,2,2,5,1,0,2,4,0,0,0,1,0,0,1,1,0,0,0,1,0,0,0,1,0.0,0.0,10.0,12.0,38.5,1.7,0.23076923076923078,0.0,0.0,14.0,9.0,38.0,0.7,0.6666666666666666,0.0,0.0,14.0,11.0,38.2,1.2,0.5,-0.5,8.0,200.0,0.1111111111111111,0.1111111111111111,4,4,7.0,4.0,1736,1558,1482,0.0,0.0,9.0,11.0,38.8,1.9,0.375,0.0,0.0,3.0,9.0,38.1,1.5,0.3125,-0.4,0.0,54.0,-1282.0,10.0,13.0,478.0,0.07692307692307693,0.06666666666666667,0.0,0.0625,0.0,0.0,0.0
132,202109010906,0,0,0,2,0,1,1,2,0,0,0,0,0,0,0,1,0,0,1,2,0,0,0,0,0,0,0,0,0,0,0,1,0,0,0,0,0.0,0.0,10.0,10.0,43.9,2.9,0.6363636363636364,0.0,0.0,130.0,15.0,41.6,3.0,0.1875,0.0,0.0,80.0,7.0,37.3,1.3,0.875,-1.5,1.0,0.0,0.0,0.0,3,3,85.8,7.0,1463,1505,1167,0.0,0.0,70.0,9.0,40.3,2.9,0.6,0.0,0.0,50.0,11.0,39.3,2.6,0.6363636363636364,-0.4,0.0,56.0,-1033.0,10.0,11.0,519.0,0.09090909090909091,0.4375,0.125,-0.2,0.18181818181818182,1.0500000000000007,0.0
133,202109010906,7,4,4,40,4,5,3,30,0,0,0,5,3,1,0,6,2,1,0,6,0,0,0,1,1,0,0,1,1,0,0,1,0,0,0,1,0.0,0.0,10.0,10.0,36.9,1.8,1.0,0.0,0.0,16.0,15.0,36.3,1.2,0.2777777777777778,0.0,0.0,17.0,13.0,34.9,1.1,0.7222222222222222,1.5,15.0,750.0,0.0,0.0,8,10,212.5,9.0,1506,1428,199,0.0,0.0,17.0,14.0,35.5,1.1,0.5,0.0,0.0,13.0,9.0,34.8,0.8,0.7692307692307693,-0.3,0.0,54.0,-638.0,10.0,10.0,445.0,0.0,-0.05555555555555555,0.0,0.0,-0.15384615384615385,0.5,0.0
134,202109010906,0,0,0,0,0,0,0,3,0,0,0,0,0,0,0,0,0,0,0,0,0,0,0,0,0,0,0,0,0,0,0,0,0,0,0,0,0.0,0.0,4.0,4.0,41.4,1.3,0.1111111111111111,0.0,0.0,18.0,17.0,35.0,1.5,0.2777777777777778,0.0,0.0,9.0,12.0,38.4,2.7,0.6875,4.0,36.0,-100.0,0.0,1.0,1,1,422.7,10.0,1060,1208,1186,0.0,0.0,10.0,10.0,36.4,2.7,0.7,0.0,0.0,11.0,9.0,36.4,1.3,0.5454545454545454,0.3,0.0,54.0,-690.0,10.0,9.0,498.0,0.0,0.05555555555555555,-0.0625,0.1,0.18181818181818182,0.8600000000000001,0.0
135,202109011005,6,5,4,32,4,5,3,30,0,3,0,2,2,2,0,12,2,1,0,6,0,1,0,0,1,1,0,1,0,0,0,3,0,0,0,0,0.0,0.0,16.0,11.0,34.0,0.5,0.875,0.0,0.0,14.0,15.0,33.6,1.1,1.0,0.0,0.0,14.0,13.0,37.7,2.2,0.7333333333333333,1.0,0.0,400.0,0.0784313725490196,0.2549019607843137,5,9,3.1,1.0,1691,1428,1167,0.0,0.0,16.0,11.0,34.1,1.1,0.6666666666666666,0.0,0.0,15.0,4.0,34.4,0.7,0.4117647058823529,-1.8,0.0,56.0,-1246.0,16.0,16.0,476.0,-0.0625,0.0,0.0,0.0,0.11764705882352941,-0.12999999999999973,0.0
136,202109011005,0,0,0,1,0,1,1,13,0,0,0,0,0,0,0,0,0,0,1,4,0,0,0,0,0,0,0,0,0,0,1,2,0,0,0,0,0.0,0.0,30.0,12.0,41.5,3.8,0.1875,0.0,0.0,70.0,10.0,36.7,1.1,0.23076923076923078,0.0,0.0,80.0,6.0,36.0,0.8,0.5,-3.0,2.0,-200.0,0.0,0.08823529411764706,3,5,69.1,11.0,1186,1328,792,,,,,,,,,,,,,,,-3.0,0.0,56.0,21.0,16.0,16.0,460.0,0.125,-0.07692307692307693,0.125,,,2.75,0.0
137,202109011005,0,0,2,1,8,4,3,21,0,0,0,0,0,0,1,0,2,0,0,5,0,0,0,0,0,0,0,0,1,0,0,0,0,0,0,0,0.0,0.0,9.0,3.0,34.6,0.4,0.3076923076923077,0.0,0.0,11.0,17.0,38.4,3.0,0.2222222222222222,0.0,0.0,4.0,4.0,34.2,0.2,0.4375,0.5,0.0,200.0,0.03333333333333333,0.1,3,6,7.7,4.0,1657,1405,1317,0.0,0.0,6.0,6.0,34.8,0.4,0.1111111111111111,0.0,0.0,7.0,8.0,34.3,0.5,0.29411764705882354,-0.1,0.2,54.0,-1259.0,16.0,13.0,496.0,0.0,0.2222222222222222,-0.0625,0.0,0.0,0.420000000000001,0.0
138,202109011005,6,5,4,32,0,0,0,0,0,0,0,0,2,2,0,12,0,0,0,0,0,0,0,0,1,1,0,1,0,0,0,0,0,0,0,0,0.0,0.0,70.0,7.0,34.5,0.6,1.0,,,,,,,,,,,,,,,,,0.0,0.1111111111111111,0.2716049382716049,1,2,13.8,5.0,1691,796,1167,,,,,,,,,,,,,,,,0.0,56.0,64.0,16.0,16.0,474.0,-0.0625,,,,,,
139,202109011005,4,4,5,38,0,0,0,6,0,0,0,0,1,0,2,9,0,0,0,0,0,0,0,0,0,0,0,7,0,0,0,0,0,0,0,0,0.0,0.0,2.0,1.0,36.8,0.0,0.0625,0.0,0.0,1.0,3.0,36.8,0.4,0.6666666666666666,0.0,0.0,2.0,1.0,36.2,0.0,0.125,0.0,20.0,200.0,0.07142857142857142,0.2857142857142857,7,13,3.2,2.0,1716,1436,1167,0.0,0.0,3.0,14.0,37.6,2.1,0.4375,0.0,0.0,1.0,6.0,35.8,0.7,0.16666666666666666,2.1,0.6,56.0,-574.0,16.0,16.0,488.0,0.0,0.13333333333333333,-0.0625,-0.25,0.0,0.11999999999999958,0.0
140,202109011005,0,0,0,2,0,0,2,2,0,0,0,0,0,0,0,1,0,0,0,0,0,0,0,0,0,0,0,0,0,0,0,0,0,0,0,0,0.0,0.0,7.0,7.0,36.5,1.5,1.0,0.0,0.0,14.0,5.0,35.3,0.6,0.8235294117647058,0.0,0.0,7.0,6.0,34.1,0.5,0.5555555555555556,-0.5,4.0,-400.0,0.04,0.18,8,16,16.7,7.0,1463,987,1167,0.0,0.0,7.0,7.0,39.4,1.3,0.75,0.0,0.0,3.0,4.0,34.0,0.5,0.9,-0.4,0.0,56.0,-1042.0,16.0,17.0,448.0,-0.35294117647058826,-0.17647058823529413,0.0,-0.25,-0.1,0.08999999999999986,0.0
141,202109011005,0,0,0,2,0,0,0,0,0,0,0,0,0,0,0,0,0,0,0,0,0,0,0,0,0,0,0,0,0,0,0,0,0,0,0,0,0.0,0.0,11.0,7.0,37.5,0.7,0.0625,0.0,0.0,9.0,6.0,37.5,0.6,0.0625,0.0,0.0,4.0,5.0,36.6,0.5,0.07692307692307693,-1.0,6.0,-400.0,0.125,0.25,1,1,447.6,16.0,1672,1571,1167,0.0,0.0,7.0,4.0,35.6,0.4,0.06666666666666667,0.0,0.0,8.0,6.0,35.8,0.8,0.08333333333333333,-0.4,0.0,56.0,-146.0,16.0,16.0,488.0,0.0,0.1875,0.0,0.0,0.25,0.5300000000000005,0.0
142,202109011005,4,4,6,34,4,3,3,24,1,0,2,2,1,1,2,10,1,0,2,4,0,0,1,0,0,0,1,8,0,0,2,2,0,0,1,0,0.0,0.0,100.0,8.0,36.8,1.0,0.6363636363636364,0.0,0.0,100.0,11.0,37.1,1.3,0.9285714285714286,0.0,0.0,110.0,7.0,36.6,0.5,1.0,-0.5,-10.0,200.0,0.05555555555555555,0.16666666666666666,6,11,15.0,6.0,1127,1558,1328,0.0,0.0,80.0,8.0,37.7,1.1,0.5625,0.0,0.0,120.0,8.0,36.4,0.8,0.9375,-0.3,0.0,56.0,-958.0,16.0,11.0,438.0,0.0,0.0,-0.0625,0.0625,0.0,0.019999999999999574,0.0
143,202109011005,6,5,4,32,2,1,1,24,1,0,0,4,2,2,0,12,0,0,0,6,0,0,0,0,1,1,0,1,0,0,0,5,0,0,0,0,0.0,0.0,1.0,11.0,42.8,3.1,0.5,0.0,0.0,5.0,8.0,40.6,2.1,0.07692307692307693,0.0,0.0,5.0,2.0,40.5,1.4,0.06666666666666667,-4.5,-3.0,200.0,0.2,0.25,5,10,30.3,9.0,1691,1556,1167,0.0,0.0,9.0,9.0,35.6,0.9,0.4375,0.0,0.0,9.0,4.0,33.9,0.6,0.7222222222222222,-1.3,0.2,54.0,-199.0,16.0,12.0,473.0,0.08333333333333333,0.07692307692307693,0.0,0.0625,0.05555555555555555,2.28,0.0
144,202109011005,0,0,2,1,4,5,3,30,0,0,0,0,0,0,1,0,2,1,0,6,0,0,0,0,0,0,0,0,0,0,0,3,0,0,0,0,0.0,0.0,40.0,,,,0.6,0.0,0.0,90.0,10.0,43.9,6.2,1.0,0.0,0.0,170.0,18.0,38.9,3.6,0.5,8.0,4.0,100.0,0.0,0.043478260869565216,4,8,17.5,8.0,1657,1428,1317,0.0,0.0,80.0,11.0,35.7,1.1,0.5,0.0,0.0,60.0,11.0,40.5,2.1,0.4,-0.4,0.0,56.0,-1149.0,16.0,10.0,450.0,,0.0,0.2777777777777778,0.07142857142857142,-0.06666666666666667,1.3399999999999992,0.0
145,202109011005,2,2,3,24,0,0,0,1,0,0,0,0,1,0,2,7,0,0,0,0,0,0,0,0,0,0,1,7,0,0,0,0,0,0,0,0,0.0,0.0,4.0,14.0,37.4,2.2,0.125,0.0,0.0,2.0,1.0,33.4,0.0,0.125,0.0,0.0,3.0,2.0,34.8,0.1,0.09090909090909091,-6.0,0.0,-400.0,0.12307692307692308,0.36923076923076925,8,15,6.8,3.0,1152,1592,1428,0.0,0.0,2.0,2.0,33.5,0.1,0.1111111111111111,0.0,0.0,2.0,2.0,33.9,0.2,0.125,-2.3,0.8,54.0,-972.0,16.0,16.0,470.0,0.1875,0.0,0.0,0.0,0.0,0.6899999999999998,0.0
146,202109011005,4,4,5,38,4,5,3,30,0,0,0,3,1,0,2,9,2,1,0,6,0,0,0,0,0,0,0,7,0,0,0,3,0,0,0,0,0.0,0.0,5.0,9.0,38.8,1.5,0.7142857142857143,0.0,0.0,3.0,8.0,35.4,0.6,0.4375,0.0,0.0,1.0,3.0,35.7,0.3,0.4375,-3.0,0.0,-100.0,0.04918032786885246,0.14754098360655737,7,14,33.9,10.0,1716,1428,1167,0.0,0.0,3.0,3.0,36.1,0.2,0.25,0.0,0.0,12.0,7.0,35.7,0.6,0.2777777777777778,-0.9,0.4,54.0,-168.0,16.0,14.0,424.0,0.0,0.0625,0.0,0.0625,0.0,0.5499999999999986,0.0
147,202109011005,7,4,4,40,3,4,1,17,1,0,0,4,3,1,0,6,1,1,1,6,1,0,0,2,1,1,0,3,0,0,1,5,0,0,0,2,0.0,0.0,5.0,6.0,39.9,1.6,0.8888888888888888,0.0,0.0,15.0,13.0,36.1,1.7,0.75,0.0,0.0,11.0,13.0,38.1,1.9,0.29411764705882354,3.5,17.0,300.0,0.0,0.05,2,4,423.0,15.0,1506,1294,199,0.0,0.0,13.0,10.0,35.0,0.8,0.7222222222222222,0.0,0.0,11.0,8.0,37.1,1.9,0.21428571428571427,0.1,0.0,53.0,-98.0,16.0,9.0,441.0,0.0,-0.0625,0.058823529411764705,-0.05555555555555555,0.0,0.6699999999999996,0.0
148,202109011005,0,0,0,0,1,1,2,7,0,0,0,0,0,0,0,0,0,0,0,3,0,0,0,0,0,0,0,0,0,0,0,3,0,0,0,0,0.0,0.0,60.0,50.0,40.1,1.7,1.0,0.0,0.0,150.0,120.0,36.7,1.8,0.4375,0.0,0.0,120.0,140.0,35.6,1.8,1.0,45.0,2.0,300.0,0.06896551724137931,0.1896551724137931,2,3,136.6,12.0,1629,1036,1428,0.0,0.0,100.0,120.0,41.4,4.3,0.6153846153846154,0.0,0.0,70.0,100.0,33.8,1.3,1.0,10.0,0.0,56.0,-171.0,16.0,10.0,446.0,-0.4,0.0,0.0,0.23076923076923078,-0.16666666666666666,0.7900000000000013,0.0
149,202109011005,0,0,0,13,0,0,0,2,0,0,0,0,0,0,0,5,0,0,0,0,0,0,0,0,0,0,0,3,0,0,0,0,0,0,0,0,0.0,0.0,70.0,5.0,40.3,1.8,1.0,0.0,0.0,130.0,15.0,36.1,2.0,0.875,0.0,0.0,110.0,8.0,39.8,2.8,0.6923076923076923,1.5,37.0,300.0,0.05263157894736842,0.21052631578947367,6,12,246.5,13.0,1036,118,1108,0.0,0.0,70.0,5.0,38.3,2.0,0.7,,,,,,,,-0.7,0.0,54.0,-904.0,16.0,7.0,495.0,-0.14285714285714285,0.0,-0.07692307692307693,0.0,,0.23000000000000043,0.0
150,202109011005,0,1,2,11,0,0,0,0,0,0,0,0,0,1,0,3,0,0,0,0,0,0,0,0,0,0,0,2,0,0,0,0,0,0,0,0,0.0,0.0,9.0,9.0,44.8,5.8,0.7777777777777778,0.0,0.0,18.0,17.0,35.6,1.9,0.7777777777777778,0.0,0.0,14.0,16.0,38.9,4.1,0.25,3.5,20.0,200.0,,,4,7,288.9,14.0,1431,1645,1428,,,,,,,,,,,,,,,3.5,0.0,51.0,-132.0,16.0,9.0,428.0,0.2222222222222222,0.05555555555555555,0.1875,,,2.9499999999999993,0.0
151,202109011110,19,19,15,86,5,4,3,28,1,1,1,0,3,4,1,29,1,1,0,10,0,0,0,0,0,1,0,8,0,0,0,0,0,0,0,0,0.0,0.0,10.0,1.0,34.5,0.0,0.38461538461538464,0.0,0.0,10.0,1.0,33.7,0.0,0.47058823529411764,0.0,0.0,20.0,2.0,33.7,0.3,0.6923076923076923,0.5,-2.0,0.0,0.07777777777777778,0.25555555555555554,8,14,2.2,1.0,1167,1708,460,0.0,0.0,20.0,3.0,33.0,0.1,1.0,0.0,0.0,20.0,5.0,35.3,0.3,0.3333333333333333,1.0,0.8,57.0,62.0,14.0,13.0,492.0,-0.23076923076923078,0.0,-0.15384615384615385,0.0,0.0,-0.08999999999999915,0.0
152,202109011110,8,16,9,65,10,8,11,109,0,0,0,1,4,4,1,14,2,2,3,30,0,0,0,0,0,0,0,0,0,0,0,2,0,0,0,0,0.0,0.0,10.0,10.0,46.7,7.5,0.3,0.0,0.0,6.0,12.0,41.6,5.2,0.08333333333333333,0.0,0.0,15.0,15.0,34.3,1.3,0.35294117647058826,2.5,6.0,-100.0,0.0392156862745098,0.17647058823529413,1,1,4.5,2.0,1098,1405,1294,0.0,0.0,9.0,13.0,37.2,1.8,0.07692307692307693,0.0,0.0,4.0,12.0,37.6,2.2,0.21428571428571427,0.5,0.0,57.0,-1180.0,14.0,10.0,506.0,0.7,0.75,0.0,0.0,0.0,2.2600000000000002,0.0
153,202109011110,8,8,21,150,7,5,8,98,1,1,1,5,0,3,3,31,1,2,1,36,0,1,0,2,0,1,0,5,0,1,0,2,0,1,0,1,0.0,0.0,2.0,10.0,33.8,0.6,0.6111111111111112,0.0,0.0,3.0,3.0,33.3,0.1,0.35714285714285715,0.0,0.0,5.0,2.0,33.5,0.0,0.45454545454545453,-4.0,-2.0,0.0,0.05405405405405406,0.16216216216216217,2,2,6.3,3.0,1506,1556,199,0.0,0.0,10.0,5.0,34.4,0.6,0.5,0.0,0.0,4.0,12.0,36.4,1.5,0.6111111111111112,0.6,0.4,55.0,-42.0,14.0,18.0,450.0,-0.05555555555555555,0.0,0.0,-0.05555555555555555,0.0,-0.6300000000000004,0.0
154,202109011110,1,2,0,4,1,1,0,5,1,1,0,0,0,1,0,1,0,1,0,0,0,1,0,0,0,0,0,0,0,0,0,0,0,0,0,0,0.0,0.0,10.0,,,,0.23076923076923078,0.0,0.0,4.0,13.0,35.6,1.1,0.14285714285714285,0.0,0.0,7.0,7.0,38.1,0.5,0.1875,-6.0,0.0,-200.0,0.12121212121212122,0.36363636363636365,6,9,8.5,5.0,1698,1412,1366,0.0,0.0,7.0,5.0,35.1,0.5,0.25,0.0,0.0,6.0,5.0,33.8,0.4,0.16666666666666666,-2.6,0.0,57.0,-785.0,14.0,13.0,484.0,0.07692307692307693,0.0,0.0,0.1875,0.0,0.8400000000000013,0.0
155,202109011110,2,10,8,65,0,1,0,10,0,1,0,2,0,2,0,11,0,0,0,3,0,0,0,2,0,0,0,1,0,0,0,1,0,0,0,1,0.0,0.0,80.0,8.0,40.2,2.0,0.6,0.0,0.0,140.0,13.0,36.7,1.6,0.375,0.0,0.0,140.0,12.0,35.9,1.1,0.625,2.0,-1.0,100.0,0.09615384615384616,0.2692307692307692,5,7,7.6,4.0,1172,212,1556,0.0,0.0,160.0,8.0,35.0,0.4,0.375,0.0,0.0,130.0,12.0,35.0,1.6,0.5,0.3,0.0,55.0,-1090.0,14.0,10.0,465.0,0.2,0.0,0.25,-0.0625,0.0,1.2100000000000009,0.0
156,202109011110,30,21,26,197,0,0,0,1,0,0,0,1,6,6,8,71,0,0,0,0,0,0,0,0,2,0,0,4,0,0,0,0,0,0,0,0,0.0,0.0,9.0,15.0,33.8,1.5,0.9444444444444444,0.0,0.0,4.0,7.0,33.9,0.5,0.9230769230769231,0.0,0.0,2.0,12.0,37.8,1.1,0.4666666666666667,-1.5,-8.0,200.0,0.10975609756097561,0.2682926829268293,3,3,17.6,6.0,1716,258,1167,0.0,0.0,4.0,6.0,34.8,0.5,0.7777777777777778,0.0,0.0,6.0,6.0,33.6,0.6,0.5714285714285714,-1.9,0.0,57.0,-399.0,14.0,18.0,508.0,0.0,0.0,0.0,0.05555555555555555,0.0,-0.05000000000000071,0.0
157,202109011110,15,21,14,131,1,3,2,16,0,2,0,3,8,9,6,47,0,2,1,9,0,2,0,3,0,1,0,4,0,0,0,2,0,0,0,2,0.0,0.0,5.0,12.0,43.0,7.0,0.08333333333333333,0.0,0.0,12.0,11.0,37.3,1.4,0.8461538461538461,0.0,0.0,16.0,12.0,34.6,0.7,0.7058823529411765,0.0,20.0,0.0,0.05405405405405406,0.2702702702702703,7,11,43.5,8.0,1393,1103,1263,0.0,0.0,14.0,13.0,35.1,1.1,0.5333333333333333,0.0,0.0,10.0,7.0,34.7,0.4,0.7272727272727273,-0.8,0.0,57.0,-1214.0,14.0,12.0,478.0,0.9166666666666666,-0.07692307692307693,0.0,-0.06666666666666667,0.0,1.879999999999999,0.0
158,202109011110,0,1,1,3,1,1,1,2,0,1,1,1,0,0,1,0,0,0,1,0,0,0,1,0,0,0,0,0,0,0,0,0,0,0,0,0,0.0,0.0,8.0,10.0,34.9,0.8,0.5454545454545454,0.0,0.0,7.0,8.0,34.7,1.4,0.7777777777777778,0.0,0.0,5.0,8.0,34.9,0.4,0.4,-1.0,-2.0,200.0,0.0,0.14285714285714285,3,4,81.6,12.0,1017,448,1589,0.0,0.0,10.0,9.0,34.7,1.3,0.875,0.0,0.0,2.0,11.0,34.0,0.6,0.5714285714285714,0.3,0.0,55.0,-351.0,14.0,11.0,460.0,0.18181818181818182,-0.1111111111111111,0.0,-0.0625,-0.07142857142857142,0.17999999999999972,0.0
159,202109011110,3,4,5,61,5,3,0,20,0,1,0,8,1,1,1,19,4,1,0,12,0,0,0,5,0,0,0,2,1,0,0,3,0,0,0,2,0.0,0.0,7.0,10.0,40.3,3.2,1.0,0.0,0.0,13.0,12.0,34.0,1.1,0.6153846153846154,0.0,0.0,11.0,8.0,34.4,0.9,0.875,-1.0,19.0,0.0,0.19047619047619047,0.23809523809523808,6,10,26.6,7.0,1328,1292,1263,0.0,0.0,13.0,11.0,34.1,1.5,0.9375,0.0,0.0,7.0,4.0,33.7,0.5,0.5454545454545454,-1.3,0.0,57.0,-1178.0,14.0,10.0,497.0,-0.1,-0.07692307692307693,-0.125,0.0625,0.18181818181818182,1.3099999999999987,0.0
160,202109011110,30,21,26,197,0,1,0,16,0,0,0,2,6,6,8,71,0,0,0,4,0,0,0,1,2,0,0,4,0,0,0,2,0,0,0,1,0.0,0.0,10.0,8.0,34.4,0.7,0.36363636363636365,0.0,0.0,10.0,15.0,33.3,1.0,0.6875,0.0,0.0,12.0,12.0,34.1,1.3,0.8461538461538461,2.0,-8.0,400.0,0.1111111111111111,0.2222222222222222,4,5,205.5,14.0,1716,1032,1167,0.0,0.0,7.0,13.0,34.4,1.2,0.7777777777777778,0.0,0.0,13.0,4.0,34.2,0.3,0.8,-1.0,0.0,57.0,-469.0,14.0,11.0,490.0,-0.09090909090909091,,0.0,0.05555555555555555,-0.06666666666666667,-0.07000000000000099,0.0
161,202109011110,0,0,0,15,12,8,12,71,0,0,0,1,0,0,0,3,2,2,1,16,0,0,0,1,0,0,0,1,0,0,0,1,0,0,0,1,0.0,0.0,4.0,4.0,13.6,1.2,0.08333333333333333,0.0,0.0,5.0,6.0,13.6,4.6,0.75,0.0,0.0,5.0,3.0,13.2,0.9,0.4444444444444444,-0.5,8.0,-1260.0,0.13725490196078433,0.29411764705882354,4,6,44.0,9.0,1287,1294,1235,0.0,0.0,5.0,8.0,13.2,2.8,0.8461538461538461,0.0,0.0,6.0,7.0,13.6,2.8,0.5,0.8,0.2,57.0,-343.0,14.0,12.0,514.0,0.0,0.125,-0.1111111111111111,-0.07692307692307693,0.3,0.040000000000000036,0.0
162,202109011110,3,4,5,61,1,3,0,4,0,0,0,0,1,1,1,19,0,0,0,0,0,0,0,0,0,0,0,2,0,0,0,0,0,0,0,0,0.0,0.0,11.0,12.0,33.6,1.2,1.0,0.0,0.0,5.0,6.0,34.6,1.2,0.5555555555555556,0.0,0.0,4.0,7.0,34.0,0.8,0.7272727272727273,-2.5,0.0,0.0,0.1111111111111111,0.35185185185185186,5,8,71.4,11.0,1328,382,1263,0.0,0.0,1.0,1.0,34.4,0.0,0.4444444444444444,0.0,0.0,5.0,3.0,35.7,0.2,0.5555555555555556,-2.3,0.4,57.0,0.0,14.0,14.0,448.0,0.0,0.0,-0.09090909090909091,0.0,0.0,-0.4,0.0
163,202109011110,72,56,56,283,5,8,3,57,0,0,2,7,22,14,20,91,0,1,1,14,0,0,1,2,1,1,3,7,0,0,0,2,0,0,0,0,0.0,0.0,70.0,2.0,13.5,0.1,0.3,0.0,0.0,50.0,8.0,13.5,2.2,0.6428571428571429,0.0,0.0,130.0,13.0,34.1,1.3,0.7142857142857143,5.5,2.0,-1400.0,0.0,0.0,7,12,202.0,13.0,1428,1235,1263,0.0,0.0,90.0,9.0,13.8,3.0,0.6666666666666666,0.0,0.0,110.0,13.0,34.1,1.6,0.9375,2.3,0.2,57.0,-92.0,14.0,10.0,490.0,-0.1,0.21428571428571427,0.0,0.16666666666666666,0.0,-4.15,0.0
164,202109011110,0,1,2,13,1,1,4,15,0,0,0,0,0,1,0,5,1,0,1,3,0,0,0,0,0,1,0,1,0,0,0,0,0,0,0,0,0.0,0.0,2.0,4.0,38.1,1.5,0.875,0.0,0.0,15.0,7.0,35.5,0.5,0.4375,0.0,0.0,18.0,12.0,34.0,0.6,0.8888888888888888,4.0,10.0,200.0,0.06779661016949153,0.1864406779661017,8,13,62.8,10.0,1583,1592,118,0.0,0.0,16.0,11.0,35.2,0.9,0.6875,0.0,0.0,16.0,16.0,35.8,2.0,0.3125,2.8,0.0,57.0,-738.0,14.0,8.0,468.0,-0.125,0.1875,-0.05555555555555555,0.125,-0.125,0.49000000000000055,0.0
165,202109020102,30,21,26,197,1,2,2,3,0,2,0,1,6,6,8,71,0,2,1,1,0,2,0,1,2,3,5,23,0,2,1,0,0,2,0,0,0.0,0.0,10.0,4.0,36.2,0.4,0.4,0.0,0.0,10.0,2.0,35.2,0.1,0.16666666666666666,0.0,0.0,40.0,2.0,33.8,0.1,0.3125,-1.0,-2.0,0.0,0.2222222222222222,0.5185185185185185,7,14,1.5,1.0,1716,152,1167,0.0,0.0,30.0,6.0,36.8,1.2,0.625,0.0,0.0,30.0,4.0,35.0,0.6,0.2,0.4,0.4,56.0,13.0,17.0,15.0,462.0,0.06666666666666667,0.0,0.0,0.0625,0.0,0.08000000000000114,0.0
166,202109020102,0,0,0,13,1,1,6,35,0,0,0,3,0,0,0,4,0,1,2,8,0,0,0,2,0,0,0,3,0,0,0,6,0,0,0,2,0.0,0.0,110.0,2.0,34.5,0.0,0.75,0.0,0.0,30.0,12.0,41.5,3.8,0.1875,0.0,0.0,70.0,10.0,36.7,1.1,0.23076923076923078,4.0,-6.0,0.0,0.0,0.11428571428571428,6,11,6.5,2.0,1186,1328,792,0.0,0.0,80.0,6.0,36.0,0.8,0.5,,,,,,,,1.0,0.25,56.0,13.0,17.0,16.0,454.0,-0.0625,0.125,-0.07692307692307693,0.125,,0.029999999999999714,0.0
167,202109020102,8,8,21,150,15,18,23,125,0,0,1,12,0,3,3,31,5,3,2,28,0,0,0,1,0,1,1,9,2,1,1,7,0,0,0,1,0.0,0.0,6.0,13.0,38.9,2.1,0.5333333333333333,0.0,0.0,2.0,11.0,43.8,2.4,0.125,0.0,0.0,7.0,6.0,34.9,0.8,0.2222222222222222,-3.5,-4.0,400.0,0.0,0.05555555555555555,4,8,29.1,7.0,1506,1167,199,0.0,0.0,7.0,3.0,34.0,0.9,0.4117647058823529,0.0,0.0,16.0,4.0,35.7,0.3,0.7777777777777778,-2.6,0.2,54.0,-70.0,17.0,15.0,436.0,-0.06666666666666667,0.0,-0.05555555555555555,-0.11764705882352941,0.0,1.6199999999999988,0.0
168,202109020102,6,6,3,68,0,1,0,4,0,0,0,2,2,2,1,26,0,1,0,2,0,0,0,2,0,0,0,7,0,0,0,1,0,0,0,1,0.0,0.0,8.0,5.0,42.4,0.9,0.6,0.0,0.0,4.0,17.0,36.4,1.8,0.3888888888888889,0.0,0.0,8.0,9.0,35.3,1.5,0.16666666666666666,2.0,-5.0,200.0,0.0,0.0,7,13,266.3,16.0,1431,1210,1428,0.0,0.0,5.0,4.0,35.9,0.6,0.06666666666666667,0.0,0.0,9.0,7.0,35.3,0.5,0.6111111111111112,-0.9,0.0,54.0,-969.0,17.0,10.0,443.0,0.0,0.16666666666666666,0.05555555555555555,0.0,0.1111111111111111,1.4700000000000002,0.0
169,202109020102,13,17,22,145,1,0,0,5,0,0,0,0,3,3,6,37,0,0,0,1,0,0,0,0,0,1,2,13,0,0,0,1,0,0,0,0,0.0,0.0,50.0,4.0,35.6,0.6,0.25,0.0,0.0,70.0,7.0,34.5,0.6,1.0,,,,,,,,3.0,-12.0,0.0,0.09259259259259259,0.25925925925925924,8,16,9.7,4.0,1691,796,1167,,,,,,,,,,,,,,,3.0,0.0,56.0,13.0,17.0,16.0,462.0,0.0,-0.0625,,,,1.1000000000000014,0.0
170,202109020102,0,2,3,12,1,3,4,29,0,0,0,2,0,1,1,3,0,1,1,6,0,0,0,0,0,0,0,0,0,0,0,2,0,0,0,0,0.0,0.0,4.0,8.0,41.2,1.5,0.23076923076923078,0.0,0.0,9.0,14.0,41.1,5.0,0.25,0.0,0.0,4.0,10.0,37.9,1.4,0.42857142857142855,1.0,19.0,100.0,0.05128205128205128,0.20512820512820512,5,10,11.5,5.0,1507,1376,593,0.0,0.0,6.0,2.0,36.9,0.3,0.0625,0.0,0.0,4.0,5.0,35.2,0.6,0.14285714285714285,-1.8,0.2,56.0,-538.0,17.0,13.0,485.0,0.15384615384615385,0.625,0.0,0.0,0.0,1.6200000000000003,0.0
171,202109020102,8,16,9,65,0,0,0,2,0,0,0,0,4,4,1,14,0,0,0,0,0,0,0,0,3,2,1,9,0,0,0,0,0,0,0,0,0.0,0.0,4.0,9.0,43.6,2.9,0.1111111111111111,0.0,0.0,17.0,14.0,35.9,1.2,0.9444444444444444,0.0,0.0,16.0,16.0,38.3,1.9,0.5,3.5,13.0,200.0,0.0,0.125,3,5,115.3,10.0,1098,1324,1294,0.0,0.0,15.0,11.0,34.2,1.5,0.6111111111111112,0.0,0.0,12.0,6.0,34.7,0.8,0.23076923076923078,-0.9,0.0,54.0,-1165.0,17.0,9.0,463.0,0.1111111111111111,0.0,0.0625,,0.0,1.9499999999999993,0.0
172,202109020102,30,21,26,197,7,5,8,98,0,1,4,19,6,6,8,71,1,2,1,36,0,0,1,8,2,3,5,23,1,0,1,10,0,0,1,3,0.0,0.0,9.0,10.0,40.2,3.1,0.35714285714285715,0.0,0.0,1.0,13.0,42.6,2.1,0.14285714285714285,0.0,0.0,2.0,3.0,38.7,0.4,0.35714285714285715,-3.5,0.0,-100.0,0.14102564102564102,0.46153846153846156,8,17,8.4,3.0,1716,1556,1167,0.0,0.0,1.0,3.0,40.7,0.9,0.07142857142857142,0.0,0.0,1.0,3.0,40.4,0.5,0.14285714285714285,-2.4,0.6,56.0,-161.0,17.0,14.0,498.0,0.14285714285714285,0.0,-0.14285714285714285,0.0,0.0,0.15000000000000072,0.0
173,202109020102,13,17,22,145,14,5,15,161,2,0,2,15,3,3,6,37,1,0,2,42,0,0,0,2,0,1,2,13,0,0,1,8,0,0,0,0,0.0,0.0,15.0,9.0,34.2,1.4,0.6470588235294118,0.0,0.0,12.0,13.0,39.9,2.4,0.8125,0.0,0.0,8.0,12.0,37.0,2.2,0.5,1.5,2.0,0.0,0.0,0.0,8,15,245.2,15.0,1691,1263,1167,0.0,0.0,16.0,5.0,35.9,0.7,0.75,0.0,0.0,16.0,13.0,35.8,1.3,0.9444444444444444,0.0,0.0,54.0,0.0,17.0,17.0,406.0,-0.058823529411764705,0.0,-0.125,0.0,0.0,0.08000000000000114,0.0
174,202109020102,0,0,1,24,15,18,23,125,0,0,0,1,0,0,1,7,5,3,2,28,0,0,0,1,0,0,0,0,2,1,1,7,0,0,0,0,0.0,0.0,90.0,9.0,36.7,1.4,0.8181818181818182,0.0,0.0,160.0,12.0,35.4,1.6,0.875,0.0,0.0,120.0,12.0,37.2,2.1,1.0,1.5,-12.0,700.0,,,3,6,150.9,11.0,1712,1167,1292,0.0,0.0,140.0,12.0,35.1,1.2,0.7857142857142857,0.0,0.0,90.0,12.0,40.1,3.4,0.7857142857142857,0.6,0.0,51.0,-1219.0,17.0,11.0,444.0,0.09090909090909091,0.0625,0.0,0.21428571428571427,0.07142857142857142,-0.65,0.0
175,202109020102,6,6,3,68,1,7,1,7,0,0,0,0,2,2,1,26,1,4,1,3,0,0,0,0,0,0,0,7,0,0,0,0,0,0,0,0,0.0,0.0,8.0,7.0,38.3,1.2,0.8888888888888888,0.0,0.0,10.0,13.0,45.2,6.1,0.6153846153846154,0.0,0.0,10.0,13.0,34.8,1.2,0.75,3.0,17.0,600.0,0.03225806451612903,0.12903225806451613,1,1,172.8,13.0,1431,1110,1428,0.0,0.0,13.0,11.0,34.8,1.5,0.058823529411764705,0.0,0.0,10.0,16.0,40.7,4.3,0.29411764705882354,1.6,0.0,54.0,-1211.0,17.0,9.0,463.0,0.1111111111111111,0.3076923076923077,0.0,0.058823529411764705,0.47058823529411764,0.5599999999999994,0.0
176,202109020102,15,21,14,131,6,7,4,87,0,0,0,4,8,9,6,47,2,1,1,27,0,0,0,0,4,0,1,10,0,1,0,8,0,0,0,0,0.0,0.0,11.0,15.0,38.5,1.8,0.375,0.0,0.0,11.0,8.0,35.7,1.4,0.08333333333333333,0.0,0.0,7.0,12.0,40.4,3.4,0.9166666666666666,-1.5,0.0,-200.0,0.0,0.041666666666666664,4,7,38.4,8.0,1393,1558,1263,0.0,0.0,15.0,12.0,42.1,4.0,0.6,0.0,0.0,10.0,10.0,40.9,2.9,0.3076923076923077,-0.6,0.0,54.0,-329.0,17.0,16.0,458.0,0.125,0.16666666666666666,0.08333333333333333,0.0,0.15384615384615385,-1.1199999999999997,0.0
177,202109020102,0,3,0,15,15,27,17,118,0,0,0,0,0,2,0,3,1,4,6,32,0,0,0,0,0,0,0,1,1,2,5,11,0,0,0,0,0.0,0.0,10.0,10.0,40.9,2.6,0.5454545454545454,0.0,0.0,7.0,11.0,39.3,2.6,0.5833333333333334,0.0,0.0,11.0,10.0,35.0,2.8,0.75,0.0,-6.0,300.0,0.0,0.0,2,4,385.9,17.0,1655,1428,239,0.0,0.0,11.0,8.0,35.0,1.0,0.6875,0.0,0.0,15.0,7.0,35.9,1.8,0.4666666666666667,-0.9,0.0,53.0,-883.0,17.0,11.0,442.0,0.45454545454545453,0.0,-0.0625,-0.0625,0.0,1.4299999999999997,0.0
178,202109020102,8,8,21,150,0,0,0,2,0,0,0,0,0,3,3,31,0,0,0,2,0,0,0,0,0,1,1,9,0,0,0,1,0,0,0,0,0.0,0.0,4.0,4.0,39.9,1.3,0.2857142857142857,0.0,0.0,11.0,6.0,38.1,1.9,0.4375,0.0,0.0,12.0,8.0,40.3,2.5,0.4,2.0,10.0,200.0,0.0,0.07407407407407407,2,3,233.0,14.0,1506,1021,199,0.0,0.0,14.0,5.0,39.2,0.4,0.4,0.0,0.0,14.0,14.0,35.1,2.1,0.23529411764705882,1.9,0.0,54.0,-986.0,17.0,7.0,462.0,0.0,-0.0625,-0.06666666666666667,0.13333333333333333,0.17647058823529413,0.8499999999999993,0.0
179,202109020102,19,19,15,86,0,0,0,15,0,0,0,4,3,4,1,29,0,0,0,2,0,0,0,0,1,0,0,2,0,0,0,1,0,0,0,0,0.0,0.0,4.0,5.0,39.9,1.0,0.1111111111111111,0.0,0.0,12.0,14.0,35.4,1.6,0.7777777777777778,0.0,0.0,11.0,10.0,39.0,2.8,0.5333333333333333,2.5,16.0,200.0,0.0,0.0,6,12,160.2,12.0,1167,1438,460,0.0,0.0,12.0,15.0,35.4,2.3,0.23529411764705882,0.0,0.0,12.0,14.0,37.5,2.5,0.375,1.9,0.0,54.0,-1215.0,17.0,9.0,426.0,0.1111111111111111,0.0,0.06666666666666667,0.058823529411764705,0.0,0.4799999999999997,0.0
180,202109020102,6,0,4,61,14,5,15,161,0,0,1,6,1,0,0,10,1,0,2,42,0,0,0,1,0,0,0,4,0,0,1,8,0,0,0,1,0.0,0.0,9.0,9.0,42.9,2.6,0.7,0.0,0.0,15.0,16.0,40.9,3.8,0.6875,0.0,0.0,9.0,13.0,41.8,3.7,0.7333333333333333,2.0,22.0,200.0,0.06818181818181818,0.2727272727272727,1,2,28.5,6.0,1489,1263,565,0.0,0.0,6.0,16.0,34.8,2.4,0.5294117647058824,0.0,0.0,7.0,16.0,36.0,1.9,0.9444444444444444,1.4,0.0,56.0,-742.0,17.0,10.0,460.0,0.1,0.0,0.06666666666666667,0.23529411764705882,0.05555555555555555,1.9899999999999998,0.0
181,202109020102,30,21,26,197,10,8,11,109,3,1,1,6,6,6,8,71,2,2,3,30,1,0,0,3,2,3,5,23,0,0,1,10,0,0,0,1,0.0,0.0,9.0,16.0,44.5,6.1,0.125,0.0,0.0,10.0,14.0,42.6,4.9,0.06666666666666667,0.0,0.0,9.0,17.0,35.0,3.5,1.0,0.5,-6.0,200.0,0.05660377358490566,0.20754716981132076,5,9,43.1,9.0,1716,1405,1167,0.0,0.0,7.0,11.0,37.7,1.1,0.0625,,,,,,,,-1.2,0.0,54.0,-91.0,17.0,16.0,468.0,0.3125,0.0,0.0,0.0,,2.7999999999999994,0.0
182,202109020110,30,21,26,197,2,5,8,48,0,1,0,4,6,6,8,71,1,2,2,12,0,0,0,1,0,0,1,3,0,0,0,0,0,0,0,0,0.0,0.0,15.0,14.0,33.2,0.8,0.9444444444444444,0.0,0.0,17.0,17.0,34.0,1.6,0.6666666666666666,0.0,0.0,9.0,12.0,34.4,1.3,0.625,-1.0,6.0,400.0,0.038461538461538464,0.19230769230769232,7,9,2.7,1.0,1716,1482,1167,0.0,0.0,11.0,9.0,33.4,0.7,0.6,0.0,0.0,14.0,15.0,35.8,2.2,0.25,-0.6,0.0,55.0,-1288.0,11.0,18.0,510.0,0.0,0.0,-0.0625,0.0,0.375,-0.45999999999999874,0.0
183,202109020110,72,56,56,283,0,0,0,1,0,0,0,0,22,14,20,91,0,0,0,1,0,0,0,0,1,0,0,6,0,0,0,0,0,0,0,0,0.0,0.0,1.0,5.0,38.6,1.3,0.5,0.0,0.0,8.0,11.0,39.1,1.6,0.9375,0.0,0.0,13.0,8.0,38.4,1.0,0.875,1.5,8.0,200.0,0.23076923076923078,0.5,7,8,4.9,2.0,1428,12,1263,0.0,0.0,10.0,7.0,36.7,0.9,0.8,0.0,0.0,6.0,9.0,34.2,1.8,1.0,0.4,0.0,55.0,-1214.0,11.0,10.0,472.0,0.0,-0.375,0.0625,-0.2,0.0,1.1199999999999997,0.0
184,202109020110,18,18,14,110,0,0,1,6,0,0,1,6,6,4,2,33,0,0,0,0,0,0,0,0,0,0,0,1,0,0,0,0,0,0,0,0,0.0,0.0,2.0,2.0,13.4,0.0,0.18181818181818182,0.0,0.0,2.0,3.0,13.4,0.5,0.16666666666666666,0.0,0.0,5.0,4.0,13.5,1.5,0.2727272727272727,1.0,0.0,-1250.0,0.05263157894736842,0.18421052631578946,8,10,9.8,4.0,1152,507,1428,0.0,0.0,9.0,8.0,34.2,1.1,0.7,0.0,0.0,3.0,7.0,13.9,4.5,0.2222222222222222,1.5,0.4,54.0,-946.0,11.0,11.0,476.0,0.0,0.16666666666666666,0.09090909090909091,-0.1,0.2222222222222222,-2.1800000000000006,0.0
185,202109020110,72,56,56,283,5,3,0,20,2,0,0,2,22,14,20,91,4,1,0,12,2,0,0,1,1,0,0,6,1,0,0,1,1,0,0,0,0.0,0.0,60.0,8.0,39.2,1.5,1.0,0.0,0.0,70.0,8.0,13.7,3.0,0.75,0.0,0.0,20.0,7.0,13.6,4.1,0.6666666666666666,-0.5,-13.0,-100.0,0.14285714285714285,0.4675324675324675,5,5,10.3,5.0,1428,1292,1263,0.0,0.0,20.0,4.0,13.6,1.0,0.625,0.0,0.0,50.0,3.0,13.1,2.4,0.14285714285714285,-1.4,0.2,54.0,-1216.0,11.0,12.0,477.0,-0.08333333333333333,-0.08333333333333333,0.0,-0.125,0.0,5.230000000000001,0.0
186,202109020110,8,8,21,150,1,3,4,29,0,0,0,2,0,3,3,31,0,1,1,6,0,0,0,0,0,1,0,3,0,0,0,0,0,0,0,0,0.0,0.0,8.0,9.0,34.1,0.5,0.9090909090909091,0.0,0.0,8.0,3.0,34.8,0.6,0.7142857142857143,0.0,0.0,7.0,6.0,36.5,0.6,0.5833333333333334,-1.5,-4.0,200.0,0.09433962264150944,0.2641509433962264,6,6,5.6,3.0,1506,1376,199,0.0,0.0,5.0,7.0,34.9,0.6,0.9090909090909091,0.0,0.0,6.0,7.0,33.9,0.9,0.625,0.0,0.2,55.0,-385.0,11.0,11.0,484.0,-0.09090909090909091,-0.14285714285714285,-0.3333333333333333,-0.18181818181818182,-0.25,0.030000000000000426,0.0
187,202109020110,15,21,14,131,9,3,4,53,3,1,0,12,8,9,6,47,4,1,0,18,3,0,0,7,1,3,0,4,0,0,0,3,0,0,0,3,0.0,0.0,20.0,2.0,34.1,0.2,0.125,0.0,0.0,50.0,3.0,34.0,0.4,0.25,0.0,0.0,,,,,,1.0,-6.0,0.0,0.1346153846153846,0.28846153846153844,2,2,11.6,6.0,1393,1306,1263,0.0,0.0,40.0,4.0,36.0,0.4,0.2857142857142857,0.0,0.0,80.0,8.0,33.6,1.0,0.875,1.9,0.5,54.0,-406.0,11.0,8.0,516.0,0.0,0.0,,0.0,0.0,-0.05,0.0
188,202109020110,0,0,0,1,0,0,0,3,0,0,0,1,0,0,0,1,0,0,0,2,0,0,0,1,0,0,0,1,0,0,0,1,0,0,0,1,0.0,0.0,80.0,9.0,34.9,2.0,0.5555555555555556,0.0,0.0,80.0,5.0,42.3,0.9,0.38461538461538464,0.0,0.0,70.0,7.0,36.6,2.1,0.6666666666666666,-1.0,-1.0,-200.0,0.0,0.0,4,4,63.5,11.0,1312,1070,1263,0.0,0.0,80.0,9.0,34.7,1.5,0.8181818181818182,0.0,0.0,110.0,7.0,33.9,1.0,0.5454545454545454,0.0,0.0,52.0,-140.0,11.0,9.0,506.0,0.1111111111111111,-0.07692307692307693,0.0,-0.09090909090909091,0.0,0.9599999999999994,0.0
189,202109020110,0,3,1,19,2,5,8,48,0,0,1,3,0,1,0,7,1,2,2,12,0,0,0,3,0,0,0,1,0,0,0,0,0,0,0,0,0.0,0.0,110.0,7.0,34.1,1.5,0.9090909090909091,0.0,0.0,100.0,12.0,35.1,1.2,0.7692307692307693,0.0,0.0,100.0,9.0,34.6,0.4,0.9090909090909091,1.0,10.0,-200.0,0.0,0.043478260869565216,1,1,22.4,10.0,1453,1482,1428,0.0,0.0,110.0,6.0,34.3,0.6,0.8333333333333334,0.0,0.0,130.0,7.0,34.3,0.6,0.7058823529411765,-0.6,0.0,54.0,-1113.0,11.0,11.0,502.0,0.0,-0.15384615384615385,0.0,0.0,0.23529411764705882,0.04000000000000128,0.0
190,202109020110,4,10,9,68,1,3,1,28,0,0,1,2,1,1,3,24,0,0,1,11,0,0,1,1,0,0,1,1,0,0,1,1,0,0,1,1,0.0,0.0,80.0,9.0,41.2,3.4,0.8,0.0,0.0,80.0,9.0,37.0,1.1,0.1,0.0,0.0,110.0,8.0,34.7,0.9,0.7857142857142857,-0.5,12.0,300.0,0.05,0.2,8,11,14.0,7.0,1304,1186,1503,0.0,0.0,70.0,8.0,35.5,0.6,0.875,0.0,0.0,60.0,7.0,34.7,1.0,0.2,-0.5,0.0,54.0,-1141.0,11.0,10.0,488.0,0.2,0.0,0.0,0.125,-0.1,1.45,0.0
191,202109020110,1,1,0,20,6,7,4,87,0,0,0,12,0,0,0,4,2,1,1,27,0,0,0,2,0,0,0,0,0,0,0,2,0,0,0,0,0.0,0.0,7.0,10.0,35.2,0.9,0.8333333333333334,0.0,0.0,9.0,10.0,35.5,1.0,1.0,0.0,0.0,10.0,8.0,33.5,0.7,0.9166666666666666,-1.0,-2.0,200.0,0.0,0.0,3,3,18.3,8.0,1321,1558,1263,0.0,0.0,10.0,15.0,34.7,0.8,0.8125,0.0,0.0,12.0,11.0,36.6,0.8,0.9375,0.7,0.0,52.0,-659.0,11.0,12.0,454.0,-0.08333333333333333,0.0,0.0,0.0,0.0,-0.2,0.0
192,202109020110,15,21,14,131,3,1,4,18,0,0,1,1,8,9,6,47,2,0,2,7,0,0,1,1,1,3,0,4,0,0,0,0,0,0,0,0,0.0,0.0,10.0,10.0,35.0,1.2,0.7,0.0,0.0,8.0,6.0,34.9,0.8,0.4444444444444444,0.0,0.0,12.0,11.0,34.7,0.7,0.75,0.5,6.0,0.0,0.06976744186046512,0.27906976744186046,6,7,22.3,9.0,1393,199,1263,0.0,0.0,9.0,11.0,37.9,2.2,1.0,0.0,0.0,8.0,2.0,35.0,0.0,0.75,-1.1,0.2,52.0,-309.0,11.0,10.0,462.0,0.1,0.0,0.08333333333333333,0.0,0.0,-0.3,0.0
193,202109020207,0,0,0,0,0,0,0,0,0,0,0,0,0,0,0,0,0,0,0,0,0,0,0,0,0,0,0,0,0,0,0,0,0,0,0,0,0.0,0.0,12.0,5.0,33.7,0.7,0.7222222222222222,0.0,0.0,5.0,6.0,33.3,0.3,1.0,0.0,0.0,10.0,6.0,34.0,0.2,0.6470588235294118,0.5,4.0,400.0,0.02857142857142857,0.14285714285714285,7,9,1.6,1.0,673,760,248,0.0,0.0,11.0,3.0,33.5,0.2,0.9444444444444444,0.0,0.0,3.0,12.0,34.0,0.8,0.17647058823529413,1.1,0.2,55.0,-1092.0,11.0,18.0,496.0,0.0,0.0,0.058823529411764705,-0.2222222222222222,0.0,-0.07999999999999971,0.0
194,202109020207,7,4,4,40,2,2,1,18,0,1,0,2,3,1,0,6,2,0,0,6,0,0,0,0,1,0,0,1,0,0,0,1,0,0,0,0,0.0,0.0,40.0,12.0,14.1,12.5,0.5833333333333334,0.0,0.0,10.0,4.0,13.1,0.7,0.07692307692307693,0.0,0.0,10.0,1.0,13.4,0.0,0.1,-5.5,-6.0,-1510.0,0.06666666666666667,0.3,7,8,34.8,6.0,1506,1345,199,0.0,0.0,10.0,1.0,13.1,0.0,0.1111111111111111,0.0,0.0,10.0,2.0,13.1,0.1,0.09090909090909091,-2.3,0.6,57.0,-454.0,11.0,12.0,486.0,0.4166666666666667,0.0,0.0,0.0,0.0,0.2,0.0
195,202109020207,9,20,10,89,2,3,2,18,1,1,0,3,5,5,3,21,1,2,1,5,1,1,0,1,0,0,1,4,0,0,1,0,0,0,0,0,0.0,0.0,4.0,1.0,36.0,0.0,0.6875,0.0,0.0,6.0,13.0,36.3,1.3,0.2777777777777778,0.0,0.0,1.0,4.0,36.4,0.3,0.6428571428571429,1.5,-2.0,-200.0,0.05,0.2,5,5,6.5,3.0,1428,1183,1263,0.0,0.0,1.0,2.0,34.7,0.0,0.42857142857142855,0.0,0.0,1.0,4.0,34.6,0.7,0.2727272727272727,-0.4999999999999999,0.4,55.0,-602.0,11.0,16.0,426.0,-0.125,-0.2222222222222222,-0.07142857142857142,-0.21428571428571427,0.0,0.43999999999999917,0.0
196,202109020207,2,0,0,0,2,2,1,18,2,0,0,0,2,0,0,0,2,0,0,6,2,0,0,0,0,0,0,0,0,0,0,1,0,0,0,0,0.0,0.0,2.0,1.0,13.0,0.0,0.35714285714285715,0.0,0.0,4.0,2.0,13.2,0.1,0.14285714285714285,0.0,0.0,9.0,4.0,13.2,0.5,0.7857142857142857,1.5,6.0,-1250.0,0.0,0.047619047619047616,6,6,97.0,8.0,1383,1345,246,0.0,0.0,7.0,7.0,13.5,3.3,0.8571428571428571,0.0,0.0,7.0,4.0,13.6,1.9,0.7272727272727273,1.1,0.4,54.0,-504.0,11.0,14.0,458.0,-0.2857142857142857,0.0,-0.21428571428571427,-0.2857142857142857,0.0,-0.15,0.0
197,202109020207,0,3,0,14,1,1,2,7,0,1,0,2,0,0,0,2,0,0,0,3,0,0,0,0,0,0,0,0,0,0,0,0,0,0,0,0,0.0,0.0,6.0,7.0,13.8,9.5,0.5,0.0,0.0,11.0,15.0,34.6,1.4,0.625,0.0,0.0,3.0,8.0,35.2,0.5,0.8235294117647058,0.5,2.0,-1260.0,0.04838709677419355,0.14516129032258066,1,1,5.3,2.0,1465,1036,1328,0.0,0.0,6.0,4.0,34.1,0.3,0.6111111111111112,0.0,0.0,10.0,6.0,34.5,0.3,0.8333333333333334,-1.3,0.0,57.0,-468.0,11.0,10.0,498.0,0.1,0.125,-0.11764705882352941,0.0,0.05555555555555555,-4.09,0.0
198,202109020207,0,0,0,0,0,0,0,0,0,0,0,0,0,0,0,0,0,0,0,0,0,0,0,0,0,0,0,0,0,0,0,0,0,0,0,0,0.0,0.0,9.0,10.0,41.4,3.3,0.9,0.0,0.0,11.0,11.0,36.8,1.4,0.08333333333333333,0.0,0.0,12.0,11.0,40.0,2.5,0.3333333333333333,0.5,11.0,200.0,0.0,0.0,4,4,117.8,9.0,762,430,764,0.0,0.0,14.0,12.0,36.1,1.5,0.2857142857142857,0.0,0.0,15.0,17.0,35.7,2.1,0.1111111111111111,1.5,0.0,56.0,-1194.0,11.0,10.0,493.0,0.1,0.0,0.16666666666666666,-0.07142857142857142,0.0,1.2099999999999986,0.0
199,202109020207,1,1,3,23,0,0,0,1,0,0,0,0,0,0,0,8,0,0,0,1,0,0,0,0,0,0,0,0,0,0,0,0,0,0,0,0,0.0,0.0,14.0,12.0,36.7,1.0,0.5333333333333333,0.0,0.0,10.0,11.0,13.8,8.4,0.5,0.0,0.0,18.0,17.0,36.6,1.9,0.9444444444444444,2.5,-2.0,-400.0,0.0,0.1388888888888889,3,3,265.5,11.0,1561,1039,1263,0.0,0.0,13.0,7.0,35.6,0.6,0.625,0.0,0.0,11.0,8.0,35.4,1.4,0.8181818181818182,-1.2,0.0,55.0,-587.0,11.0,15.0,466.0,-0.26666666666666666,0.25,-0.05555555555555555,-0.125,-0.09090909090909091,-1.9199999999999993,0.0
200,202109020207,4,4,6,34,0,0,0,0,0,0,0,0,1,1,2,10,0,0,0,0,0,0,0,0,0,0,0,1,0,0,0,0,0,0,0,0,0.0,0.0,,,,,,0.0,0.0,140.0,13.0,39.9,2.8,0.6428571428571429,0.0,0.0,90.0,11.0,35.4,1.1,0.7857142857142857,-2.0,,300.0,0.0,0.04,2,2,36.6,7.0,1127,287,1328,0.0,0.0,90.0,10.0,37.3,1.4,0.9333333333333333,0.0,0.0,70.0,8.0,34.9,1.1,0.75,-1.6,0.0,55.0,-560.0,11.0,10.0,,,0.2857142857142857,0.07142857142857142,-0.06666666666666667,-0.0625,1.31,0.0
201,202109020207,4,4,5,38,4,5,3,30,0,0,0,3,1,0,2,9,2,1,0,6,0,0,0,0,0,0,0,0,1,0,0,1,0,0,0,0,0.0,0.0,8.0,8.0,36.1,0.8,0.7692307692307693,0.0,0.0,5.0,13.0,37.1,1.1,0.9333333333333333,0.0,0.0,8.0,5.0,34.6,1.2,0.9090909090909091,-1.5,-10.0,-200.0,0.09375,0.3125,8,11,7.7,4.0,1716,1428,1167,0.0,0.0,7.0,5.0,35.7,1.3,1.0,0.0,0.0,5.0,7.0,34.9,1.2,0.7777777777777778,-1.0,0.0,55.0,-1050.0,11.0,13.0,480.0,0.07692307692307693,-0.13333333333333333,0.0,-0.1,-0.1111111111111111,0.38000000000000045,0.0
202,202109020207,2,0,0,4,0,0,0,4,0,0,0,0,0,0,0,1,0,0,0,1,0,0,0,0,0,0,0,0,0,0,0,1,0,0,0,0,0.0,0.0,5.0,10.0,35.6,1.2,0.2727272727272727,0.0,0.0,1.0,3.0,35.4,0.3,0.4,0.0,0.0,8.0,9.0,35.0,0.7,0.4375,-0.5,-6.0,0.0,0.09090909090909091,0.2545454545454545,8,10,10.3,5.0,1376,351,1559,0.0,0.0,6.0,7.0,34.4,0.7,0.5625,0.0,0.0,2.0,8.0,33.9,0.5,0.3888888888888889,0.0,0.2,57.0,0.0,11.0,11.0,478.0,0.18181818181818182,0.1,0.1875,0.1875,0.0,0.44000000000000056,0.0
203,202109020207,4,5,5,21,3,4,1,17,0,1,0,0,0,1,1,6,1,1,1,6,0,0,0,0,0,1,0,0,0,0,0,1,0,0,0,0,0.0,0.0,,,,,,0.0,0.0,100.0,11.0,36.7,2.0,0.18181818181818182,0.0,0.0,170.0,18.0,38.4,2.4,0.2222222222222222,7.0,,200.0,0.0,0.0,6,7,219.8,10.0,1393,1294,1263,0.0,0.0,130.0,11.0,35.2,1.6,0.9375,0.0,0.0,150.0,6.0,33.5,0.6,0.5625,-2.2,0.0,55.0,-1094.0,11.0,11.0,,,0.0,0.1111111111111111,,,1.2800000000000005,0.0
204,202109020211,2,2,3,24,2,3,2,18,0,0,0,2,1,0,2,7,1,2,1,5,0,0,0,2,0,0,0,0,0,0,0,0,0,0,0,0,0.0,0.0,4.0,6.0,44.0,2.6,0.14285714285714285,0.0,0.0,10.0,16.0,34.0,1.5,0.1111111111111111,0.0,0.0,12.0,15.0,37.4,2.9,0.1875,4.5,13.0,-400.0,0.0,0.0,1,1,5.0,2.0,1152,1183,1428,0.0,0.0,11.0,12.0,34.3,0.9,0.6666666666666666,0.0,0.0,6.0,7.0,35.2,0.5,0.09090909090909091,-0.2,0.0,54.0,-535.0,15.0,7.0,493.0,0.0,,0.125,-0.08333333333333333,0.0,1.7299999999999998,0.0
205,202109020211,0,0,1,4,2,1,8,23,0,0,0,0,0,0,0,1,0,1,2,5,0,0,0,0,0,0,0,0,0,0,0,0,0,0,0,0,0.0,0.0,16.0,15.0,35.1,1.3,0.8125,0.0,0.0,11.0,10.0,36.1,1.7,0.8333333333333334,0.0,0.0,11.0,9.0,34.2,0.8,1.0,-3.0,4.0,-200.0,0.06451612903225806,0.3225806451612903,7,13,7.3,4.0,1655,1013,239,0.0,0.0,6.0,9.0,33.6,0.9,0.9,0.0,0.0,10.0,4.0,33.6,0.2,0.8125,-2.3,0.0,57.0,-945.0,15.0,16.0,476.0,0.0,0.16666666666666666,0.0,-0.1,-0.0625,0.55,0.0
206,202109020211,0,0,1,6,0,1,1,19,0,0,1,1,0,0,1,1,0,0,1,6,0,0,1,0,0,0,1,0,0,0,1,1,0,0,1,0,0.0,0.0,8.0,10.0,41.2,3.7,0.21428571428571427,0.0,0.0,2.0,9.0,34.7,0.8,0.5,0.0,0.0,14.0,11.0,34.9,0.6,0.1875,0.5,-13.0,-400.0,0.0,0.2,8,14,16.8,9.0,1333,1618,1294,0.0,0.0,2.0,1.0,33.9,0.0,0.5882352941176471,0.0,0.0,4.0,1.0,34.2,0.0,0.375,-2.6,0.4,56.0,-1197.0,15.0,14.0,457.0,0.2857142857142857,-0.0625,0.0625,-0.058823529411764705,0.0,1.4800000000000004,0.0
207,202109020211,1,6,3,35,0,0,0,2,0,0,0,0,0,4,1,7,0,0,0,1,0,0,0,0,0,0,0,2,0,0,0,0,0,0,0,0,0.0,0.0,11.0,14.0,36.7,2.2,0.75,0.0,0.0,7.0,8.0,35.0,1.4,0.875,0.0,0.0,6.0,1.0,35.4,0.0,0.8666666666666667,-6.5,2.0,200.0,0.08928571428571429,0.25,4,6,16.6,8.0,1167,1404,460,0.0,0.0,12.0,2.0,35.2,0.0,0.625,0.0,0.0,12.0,3.0,35.8,0.7,0.6875,-2.8000000000000003,0.6,56.0,-1309.0,15.0,16.0,518.0,0.0,0.0,-0.06666666666666667,-0.0625,0.0625,0.16000000000000086,0.0
208,202109020211,0,0,0,1,5,5,2,41,0,0,0,0,0,0,0,0,4,1,0,11,0,0,0,0,0,0,0,0,1,0,0,1,0,0,0,0,0.0,0.0,15.0,15.0,35.9,1.5,0.2222222222222222,0.0,0.0,15.0,14.0,34.9,1.9,1.0,0.0,0.0,15.0,15.0,35.6,1.5,0.75,0.0,0.0,0.0,0.0,0.07142857142857142,7,12,31.1,11.0,1505,1167,201,0.0,0.0,13.0,11.0,34.9,0.9,0.875,0.0,0.0,9.0,7.0,34.4,0.5,0.6666666666666666,-1.9,0.0,58.0,-364.0,15.0,18.0,550.0,-0.05555555555555555,-0.11764705882352941,0.0625,-0.125,0.0,0.3,0.0
209,202109020211,0,1,2,11,0,3,2,18,0,0,0,1,0,1,0,3,0,0,0,4,0,0,0,0,0,0,0,0,0,0,0,0,0,0,0,0,0.0,0.0,9.0,13.0,36.5,1.5,0.3076923076923077,0.0,0.0,8.0,15.0,36.1,1.5,0.625,0.0,0.0,9.0,17.0,36.6,1.9,0.16666666666666666,2.0,0.0,-2000.0,0.04878048780487805,0.21951219512195122,3,4,6.0,3.0,1431,1559,1428,0.0,0.0,3.0,6.0,35.3,0.4,0.13333333333333333,0.0,0.0,1.0,1.0,34.6,0.0,0.125,-3.3,0.2,57.0,-251.0,15.0,13.0,530.0,0.0,0.1875,0.0,0.0,0.0,0.46000000000000013,0.0
210,202109020211,0,1,2,11,0,0,0,7,0,0,0,0,0,1,0,3,0,0,0,0,0,0,0,0,0,0,0,0,0,0,0,0,0,0,0,0,0.0,0.0,18.0,12.0,34.7,0.5,0.5,0.0,0.0,14.0,13.0,33.9,1.1,1.0,0.0,0.0,11.0,11.0,34.6,1.2,0.9166666666666666,-0.5,-2.0,200.0,0.0,0.0,6,11,58.9,13.0,1431,1104,1428,0.0,0.0,11.0,12.0,33.8,0.7,1.0,0.0,0.0,13.0,7.0,34.7,0.6,0.4666666666666667,-1.1,0.0,54.0,-231.0,15.0,18.0,456.0,0.0,0.0,0.0,0.0,0.0,0.010000000000000142,0.0
211,202109020211,6,5,4,32,2,1,1,24,1,0,0,4,2,2,0,12,0,0,0,6,0,0,0,0,0,0,0,1,0,0,0,0,0,0,0,0,0.0,0.0,8.0,10.0,36.7,2.3,0.8,0.0,0.0,18.0,18.0,35.1,2.1,0.2222222222222222,0.0,0.0,18.0,16.0,34.1,1.3,0.8333333333333334,3.0,2.0,200.0,0.05555555555555555,0.16666666666666666,3,5,3.9,1.0,1691,1556,1167,0.0,0.0,8.0,7.0,34.2,1.1,0.45454545454545453,0.0,0.0,12.0,2.0,34.3,0.0,0.6,-2.7,0.2,56.0,-1259.0,15.0,10.0,454.0,0.2,0.0,0.16666666666666666,0.0,0.0,0.570000000000001,0.0
212,202109020211,0,3,2,29,2,0,0,4,0,0,0,0,0,2,2,5,1,0,0,1,0,0,0,0,0,0,0,0,0,0,0,0,0,0,0,0,0.0,0.0,40.0,70.0,40.9,3.0,0.5714285714285714,0.0,0.0,100.0,110.0,36.2,2.2,0.3333333333333333,0.0,0.0,150.0,140.0,36.5,2.1,0.625,35.0,-11.0,0.0,0.0,0.13513513513513514,5,9,14.0,7.0,1736,1713,1482,0.0,0.0,110.0,80.0,35.3,1.3,0.18181818181818182,0.0,0.0,160.0,140.0,35.9,1.4,0.8125,11.0,0.0,56.0,-889.0,15.0,7.0,485.0,0.0,0.3333333333333333,-0.0625,-0.09090909090909091,0.0,1.0900000000000005,0.0
213,202109020211,1,0,0,11,0,1,1,19,0,0,0,0,0,0,0,1,0,0,1,6,0,0,0,0,0,0,0,0,0,0,1,1,0,0,0,0,0.0,0.0,10.0,10.0,33.8,0.8,0.25,0.0,0.0,6.0,10.0,35.1,0.7,0.26666666666666666,0.0,0.0,12.0,7.0,35.4,0.8,0.3125,-1.5,-4.0,0.0,0.0,0.0,2,3,13.3,6.0,1642,1618,1124,0.0,0.0,12.0,2.0,33.7,0.2,0.47058823529411764,0.0,0.0,11.0,8.0,35.3,0.7,0.2222222222222222,-1.2,0.2,55.0,-13.0,15.0,12.0,456.0,-0.08333333333333333,0.0,0.125,0.0,0.0,-0.16000000000000014,0.0
214,202109020211,1,1,3,23,0,0,0,6,0,0,0,1,0,0,0,8,0,0,0,0,0,0,0,0,0,0,0,0,0,0,0,0,0,0,0,0,0.0,0.0,14.0,14.0,36.1,1.5,0.8666666666666667,0.0,0.0,14.0,11.0,34.3,0.8,0.5555555555555556,0.0,0.0,10.0,11.0,34.6,0.7,0.8,-1.5,-2.0,0.0,0.0,0.13793103448275862,2,2,26.8,10.0,1561,1436,1263,0.0,0.0,11.0,7.0,34.1,0.6,0.4375,0.0,0.0,6.0,4.0,32.9,0.1,0.3,-2.4,0.0,54.0,-83.0,15.0,15.0,492.0,0.06666666666666667,0.0,-0.06666666666666667,0.0625,-0.1,0.6600000000000001,0.0
215,202109020211,4,4,5,38,2,1,1,24,0,0,0,3,1,0,2,9,0,0,0,6,0,0,0,2,0,0,0,0,0,0,0,0,0,0,0,0,0.0,0.0,13.0,15.0,36.5,2.0,0.875,0.0,0.0,12.0,12.0,33.3,1.2,1.0,0.0,0.0,15.0,12.0,34.1,0.8,1.0,-1.5,-2.0,400.0,0.0,0.045454545454545456,5,8,172.4,15.0,1716,1556,1167,0.0,0.0,16.0,12.0,33.7,0.7,0.8888888888888888,0.0,0.0,14.0,15.0,35.4,1.5,0.3125,0.0,0.0,54.0,-273.0,15.0,16.0,464.0,0.0,0.0,0.0,-0.1111111111111111,0.0,0.17999999999999972,0.0
216,202109020211,0,0,1,4,0,1,1,1,0,0,1,0,0,0,0,1,0,1,0,0,0,0,0,0,0,0,0,0,0,0,0,0,0,0,0,0,0.0,0.0,17.0,14.0,38.0,2.4,0.29411764705882354,0.0,0.0,7.0,6.0,36.4,0.7,0.14285714285714285,0.0,0.0,13.0,14.0,34.6,1.2,0.6666666666666666,0.0,-2.0,-600.0,0.2,0.2,6,10,41.7,12.0,1655,1649,239,0.0,0.0,12.0,9.0,34.8,1.1,0.35714285714285715,0.0,0.0,12.0,13.0,34.9,1.1,0.4666666666666667,0.1,0.0,54.0,-231.0,15.0,17.0,474.0,0.5882352941176471,0.0,-0.06666666666666667,-0.07142857142857142,0.4,0.7800000000000005,0.0
217,202109020211,9,20,10,89,4,3,3,24,2,1,0,5,5,5,3,21,1,0,2,4,1,0,0,1,2,2,1,2,1,0,0,0,1,0,0,0,0.0,0.0,14.0,15.0,36.5,1.9,0.125,0.0,0.0,10.0,14.0,35.0,1.5,0.25,0.0,0.0,12.0,7.0,34.6,0.7,0.1111111111111111,-4.0,14.0,0.0,0.047619047619047616,0.14285714285714285,4,7,10.2,5.0,1428,1558,1263,0.0,0.0,14.0,14.0,35.5,1.3,0.35294117647058826,0.0,0.0,8.0,14.0,35.1,1.5,0.35714285714285715,-0.2,0.0,57.0,-561.0,15.0,16.0,496.0,0.0,0.0,0.0,0.0,0.14285714285714285,0.2299999999999997,0.0
218,202109020211,0,0,1,12,0,0,0,0,0,0,0,0,0,0,0,3,0,0,0,0,0,0,0,0,0,0,0,0,0,0,0,0,0,0,0,0,0.0,0.0,6.0,11.0,41.7,3.4,0.14285714285714285,0.0,0.0,14.0,15.0,35.4,1.3,0.4666666666666667,0.0,0.0,11.0,12.0,35.8,1.8,0.6428571428571429,0.5,4.0,-800.0,0.0,0.10526315789473684,8,15,63.4,14.0,1306,792,1445,0.0,0.0,13.0,13.0,38.8,2.0,0.5294117647058824,0.0,0.0,14.0,8.0,34.6,0.4,0.3888888888888889,-0.8,0.0,57.0,-490.0,15.0,14.0,508.0,-0.07142857142857142,0.0,-0.14285714285714285,0.17647058823529413,0.0,1.0800000000000005,0.0
219,202109020405,7,1,2,25,3,3,6,27,0,0,0,1,1,0,0,10,1,2,3,6,0,0,0,1,0,0,0,1,1,0,0,0,0,0,0,0,0.0,0.0,16.0,18.0,43.9,9.7,0.9444444444444444,0.0,0.0,8.0,9.0,38.8,4.4,0.6666666666666666,0.0,0.0,7.0,11.0,34.3,2.0,0.9090909090909091,-3.5,-2.0,-400.0,0.31343283582089554,0.5522388059701493,2,3,2.7,1.0,1463,1362,1167,0.0,0.0,4.0,10.0,34.5,1.2,0.8666666666666667,0.0,0.0,6.0,3.0,34.3,0.2,0.9090909090909091,-2.9,0.2,56.0,-1204.0,16.0,18.0,450.0,0.05555555555555555,0.3333333333333333,0.09090909090909091,0.06666666666666667,0.09090909090909091,2.35,0.0
220,202109020405,3,5,4,20,7,5,8,98,1,1,0,0,0,0,3,8,1,2,1,36,0,0,0,0,0,0,0,1,0,0,0,12,0,0,0,0,0.0,0.0,30.0,3.0,34.8,0.4,0.3,0.0,0.0,30.0,4.0,34.2,0.3,0.5,0.0,0.0,60.0,6.0,37.0,1.6,0.18181818181818182,1.5,0.0,0.0,0.18181818181818182,0.22727272727272727,6,11,8.8,4.0,1677,1556,1167,0.0,0.0,10.0,1.0,34.4,0.0,0.2222222222222222,0.0,0.0,50.0,2.0,34.1,0.0,0.3076923076923077,-0.5,0.6,56.0,22.0,16.0,10.0,514.0,0.0,-0.1,0.0,-0.1111111111111111,-0.07692307692307693,0.11999999999999958,0.0
221,202109020405,30,21,26,197,15,27,17,118,3,2,5,16,6,6,8,71,1,4,6,32,0,0,4,6,0,1,1,9,0,0,1,2,0,0,1,1,0.0,0.0,1.0,5.0,37.4,1.2,0.8571428571428571,0.0,0.0,6.0,15.0,35.2,2.0,0.4444444444444444,0.0,0.0,6.0,9.0,36.4,1.7,0.2222222222222222,2.0,3.0,200.0,0.06666666666666667,0.26666666666666666,1,1,16.5,9.0,1716,1428,1167,0.0,0.0,5.0,5.0,35.7,0.6,0.14285714285714285,0.0,0.0,6.0,12.0,36.2,1.9,0.1875,0.4,0.0,56.0,-1205.0,16.0,7.0,501.0,-0.2857142857142857,0.0,0.0,0.0,0.375,0.18999999999999914,0.0
222,202109020405,4,4,6,75,0,1,0,4,0,1,0,0,0,2,1,20,0,1,0,2,0,1,0,0,0,0,0,4,0,0,0,0,0,0,0,0,0.0,0.0,3.0,7.0,13.5,2.4,0.25,0.0,0.0,4.0,4.0,13.5,1.0,0.5833333333333334,0.0,0.0,11.0,10.0,37.9,1.7,0.6666666666666666,1.5,2.0,-1260.0,0.08791208791208792,0.26373626373626374,4,7,16.4,8.0,1317,1210,1186,0.0,0.0,10.0,15.0,37.5,2.2,0.8,0.0,0.0,7.0,15.0,39.4,2.1,0.0625,2.7,0.0,56.0,-1064.0,16.0,12.0,506.0,0.08333333333333333,-0.16666666666666666,-0.08333333333333333,-0.06666666666666667,0.0,-7.58,0.0
223,202109020405,30,18,29,175,0,0,0,2,0,0,0,1,8,3,6,44,0,0,0,0,0,0,0,0,1,1,2,5,0,0,0,0,0,0,0,0,0.0,0.0,3.0,3.0,13.0,0.3,0.21428571428571427,0.0,0.0,4.0,1.0,13.3,0.0,0.18181818181818182,0.0,0.0,5.0,,,,,-2.0,-6.0,-1150.0,0.0,0.0,7,13,168.9,14.0,1503,35,1263,0.0,0.0,8.0,12.0,39.7,3.0,1.0,0.0,0.0,9.0,10.0,33.6,1.2,0.9,3.2,0.5,56.0,-1182.0,16.0,14.0,442.0,-0.07142857142857142,0.18181818181818182,,0.0,0.0,-8.82,0.0
224,202109020405,18,18,14,110,5,4,3,28,0,0,0,3,6,4,2,33,1,1,0,10,0,0,0,1,1,0,0,1,0,0,0,1,0,0,0,0,0.0,0.0,10.0,11.0,39.0,2.5,0.3333333333333333,0.0,0.0,14.0,6.0,36.1,0.6,0.9333333333333333,0.0,0.0,13.0,11.0,36.5,1.3,0.25,0.0,10.0,200.0,0.05405405405405406,0.16216216216216217,5,10,124.4,13.0,1152,1708,1428,0.0,0.0,12.0,8.0,38.2,1.4,0.625,0.0,0.0,10.0,10.0,36.7,0.9,0.6666666666666666,0.0,0.0,56.0,-1295.0,16.0,12.0,464.0,0.16666666666666666,-0.06666666666666667,-0.0625,0.0,0.0,0.24999999999999928,0.0
225,202109020405,3,5,4,20,8,16,10,107,0,1,0,3,0,0,3,8,2,6,1,33,0,0,0,0,0,0,0,1,0,0,0,10,0,0,0,0,0.0,0.0,150.0,12.0,34.7,1.0,0.9375,0.0,0.0,80.0,12.0,34.1,1.3,0.9444444444444444,0.0,0.0,90.0,3.0,34.9,0.5,0.8333333333333334,-4.5,2.0,400.0,0.13924050632911392,0.45569620253164556,8,15,6.5,3.0,1677,1013,1167,0.0,0.0,130.0,18.0,33.8,1.1,0.6111111111111112,0.0,0.0,110.0,8.0,33.1,0.4,0.9333333333333333,-0.2,0.2,56.0,-1322.0,16.0,16.0,512.0,0.0,0.05555555555555555,-0.05555555555555555,0.0,0.0,0.3500000000000007,0.0
226,202109020405,18,18,14,110,0,0,1,0,0,0,1,0,6,4,2,33,0,0,0,0,0,0,0,0,1,0,0,1,0,0,0,0,0,0,0,0,0.0,0.0,140.0,16.0,37.3,3.3,0.3125,0.0,0.0,10.0,12.0,35.3,1.6,0.3333333333333333,0.0,0.0,11.0,16.0,42.1,4.5,0.125,0.0,0.0,-200.0,0.046875,0.140625,3,6,6.1,2.0,1152,891,1428,0.0,0.0,13.0,15.0,36.7,2.1,0.13333333333333333,0.0,0.0,9.0,11.0,36.3,1.5,0.125,-0.7,0.0,56.0,-1351.0,16.0,16.0,478.0,0.25,0.0,0.3125,0.0,0.0,0.05999999999999943,0.0
227,202109020405,7,3,4,102,14,5,15,161,2,1,0,16,1,0,1,30,1,0,2,42,0,0,0,5,0,0,0,3,0,0,0,8,0,0,0,1,0.0,0.0,60.0,2.0,34.8,0.4,0.3,0.0,0.0,20.0,5.0,35.0,0.4,0.1111111111111111,0.0,0.0,10.0,8.0,37.3,1.1,0.18181818181818182,3.0,2.0,0.0,0.0,0.041666666666666664,5,9,13.2,6.0,1090,1263,1169,0.0,0.0,60.0,8.0,35.9,0.7,0.3,0.0,0.0,10.0,1.0,34.9,0.0,0.08333333333333333,0.1,0.4,56.0,22.0,16.0,10.0,472.0,0.0,0.0,0.0,0.1,0.0,-0.11000000000000014,0.0
228,202109020405,5,4,5,33,1,0,0,3,0,0,0,0,2,1,1,10,0,0,0,0,0,0,0,0,0,0,0,0,0,0,0,0,0,0,0,0,0.0,0.0,11.0,12.0,41.3,3.8,0.9285714285714286,0.0,0.0,14.0,6.0,37.4,1.0,0.6875,0.0,0.0,6.0,8.0,34.3,1.5,1.0,-2.0,-1.0,0.0,0.0,0.0,1,2,37.0,11.0,1657,1487,1317,0.0,0.0,3.0,4.0,34.7,0.6,0.2,0.0,0.0,9.0,6.0,33.9,0.4,0.5,-1.4,0.0,56.0,-1118.0,16.0,14.0,481.0,0.0,0.0,-0.1,0.0,-0.08333333333333333,1.7499999999999993,0.0
229,202109020405,15,10,14,122,5,8,3,57,0,0,0,2,0,0,2,28,0,1,1,14,0,0,0,0,0,0,0,5,0,0,0,1,0,0,0,0,0.0,0.0,9.0,8.0,33.1,0.9,0.8888888888888888,0.0,0.0,13.0,13.0,34.3,1.1,1.0,0.0,0.0,12.0,11.0,33.8,1.6,1.0,1.5,2.0,-200.0,0.10843373493975904,0.26506024096385544,8,16,16.1,7.0,1127,1235,1328,0.0,0.0,7.0,10.0,13.7,7.6,0.9166666666666666,0.0,0.0,9.0,13.0,13.6,4.2,0.7857142857142857,0.7,0.0,56.0,-1253.0,16.0,9.0,460.0,-0.2222222222222222,0.0,0.0,0.0,0.0,5.96,0.0
230,202109020405,0,1,0,25,0,0,0,2,0,0,0,1,0,1,0,5,0,0,0,0,0,0,0,0,0,0,0,0,0,0,0,0,0,0,0,0,0.0,0.0,1.0,,,,,0.0,0.0,1.0,5.0,13.8,0.5,0.08333333333333333,0.0,0.0,5.0,2.0,13.4,0.2,0.25,-3.0,-16.0,-1260.0,0.06666666666666667,0.18333333333333332,2,4,283.0,16.0,1687,1430,1345,0.0,0.0,16.0,17.0,34.1,1.9,0.7222222222222222,0.0,0.0,14.0,11.0,34.9,0.7,0.7142857142857143,3.3,0.25,56.0,-657.0,16.0,12.0,486.0,,0.0,0.125,,0.0,-8.4,0.0
231,202109020405,0,0,0,8,8,16,10,107,0,0,0,1,0,0,0,0,2,6,1,33,0,0,0,0,0,0,0,0,0,0,0,10,0,0,0,0,0.0,0.0,12.0,5.0,38.9,1.0,0.21428571428571427,0.0,0.0,16.0,15.0,35.0,1.4,0.875,0.0,0.0,17.0,14.0,34.9,1.1,0.4444444444444444,4.5,4.0,-100.0,0.0,0.2222222222222222,4,8,67.1,12.0,1601,1013,239,0.0,0.0,14.0,9.0,34.5,0.7,0.4375,0.0,0.0,7.0,7.0,36.0,1.4,0.3333333333333333,-0.2,0.0,54.0,-860.0,16.0,14.0,462.0,0.0,0.0,0.0,0.0625,0.0,0.6299999999999997,0.0
232,202109020405,30,18,29,175,1,3,5,14,1,0,0,3,8,3,6,44,1,1,0,3,1,0,0,0,1,1,2,5,0,0,0,0,0,0,0,0,0.0,0.0,20.0,4.0,34.8,0.6,0.6,0.0,0.0,50.0,10.0,34.9,1.1,0.9333333333333333,0.0,0.0,10.0,1.0,33.4,0.0,0.125,-1.5,0.0,0.0,0.25,0.5357142857142857,6,12,9.4,5.0,1503,1079,1263,,,,,,,,,,,,,,,-1.5,0.3333333333333333,56.0,22.0,16.0,10.0,460.0,-0.1,0.0,0.25,,,0.6999999999999993,0.0
233,202109020405,8,16,9,65,15,27,17,118,1,6,2,15,4,4,1,14,1,4,6,32,0,1,0,2,0,1,0,2,0,0,1,2,0,0,0,0,0.0,0.0,1.0,5.0,35.1,0.5,0.7,0.0,0.0,6.0,3.0,35.2,0.8,0.3333333333333333,0.0,0.0,1.0,1.0,34.4,0.0,0.3333333333333333,-2.0,10.0,-1600.0,0.047619047619047616,0.21428571428571427,7,14,36.4,10.0,1098,1428,1294,0.0,0.0,1.0,1.0,34.0,0.0,0.4,0.0,0.0,5.0,5.0,36.7,0.7,0.18181818181818182,-0.2,0.6,54.0,-329.0,16.0,10.0,494.0,-0.2,0.0,0.0,-0.1,-0.09090909090909091,-0.2,0.0
234,202109020405,1,0,0,9,4,1,6,49,0,0,0,0,1,0,0,3,1,0,2,16,0,0,0,0,0,0,0,0,0,0,0,0,0,0,0,0,0.0,0.0,90.0,70.0,40.1,1.2,0.6363636363636364,0.0,0.0,100.0,120.0,41.1,4.8,0.4166666666666667,0.0,0.0,150.0,160.0,35.6,1.1,0.125,45.0,14.0,200.0,0.1111111111111111,0.1111111111111111,3,5,240.1,15.0,1605,1618,1,0.0,0.0,110.0,80.0,40.0,1.2,0.13333333333333333,0.0,0.0,40.0,130.0,39.6,1.8,0.4666666666666667,8.0,0.0,56.0,-792.0,16.0,11.0,494.0,0.18181818181818182,0.5,0.0625,0.0,-0.06666666666666667,0.21000000000000013,0.0
235,202109020511,72,56,56,283,1,1,0,2,1,0,0,0,22,14,20,91,0,0,0,1,0,0,0,0,7,3,5,33,0,0,0,0,0,0,0,0,0.0,0.0,9.0,15.0,33.6,1.0,0.6666666666666666,0.0,0.0,2.0,3.0,33.7,0.2,0.7272727272727273,0.0,0.0,6.0,3.0,34.2,0.0,0.6875,-6.0,-2.0,0.0,0.3235294117647059,0.5588235294117647,7,10,3.1,1.0,1428,484,1263,0.0,0.0,8.0,8.0,36.3,0.6,0.6470588235294118,0.0,0.0,2.0,16.0,35.2,1.3,0.2222222222222222,0.7,0.4,54.0,-400.0,12.0,18.0,482.0,0.0,0.0,-0.125,0.058823529411764705,0.0,-0.5799999999999997,0.0
236,202109020511,72,56,56,283,12,8,12,71,1,0,0,2,22,14,20,91,2,2,1,16,0,0,0,0,7,3,5,33,1,0,1,2,0,0,0,0,0.0,0.0,10.0,13.0,34.4,1.0,0.9285714285714286,0.0,0.0,11.0,17.0,33.9,1.3,0.6666666666666666,0.0,0.0,4.0,5.0,33.6,0.4,0.9090909090909091,-4.0,-8.0,-200.0,0.0,0.0,4,4,4.3,2.0,1428,1294,1263,0.0,0.0,4.0,9.0,34.5,0.6,0.8125,0.0,0.0,1.0,15.0,34.5,1.2,0.5555555555555556,-0.4,0.0,54.0,-477.0,12.0,14.0,434.0,0.07142857142857142,0.0,-0.09090909090909091,0.0,0.05555555555555555,-0.08000000000000043,0.0
237,202109020511,30,21,26,197,15,27,17,118,3,2,5,16,6,6,8,71,1,4,6,32,0,0,4,6,1,0,1,16,0,1,0,6,0,0,0,2,0.0,0.0,6.0,8.0,34.4,0.9,0.5,0.0,0.0,7.0,11.0,35.9,1.0,0.5,0.0,0.0,4.0,1.0,35.5,0.0,0.6666666666666666,-3.5,4.0,200.0,0.10714285714285714,0.2619047619047619,1,1,24.1,8.0,1716,1428,1167,0.0,0.0,8.0,3.0,33.0,0.1,0.25,0.0,0.0,12.0,13.0,36.7,1.5,0.6666666666666666,0.2,0.4,54.0,-315.0,12.0,18.0,464.0,-0.1111111111111111,0.375,-0.05555555555555555,0.08333333333333333,-0.05555555555555555,-0.17000000000000098,0.0
238,202109020511,0,0,0,3,1,0,2,4,0,0,0,2,0,0,0,2,0,0,1,3,0,0,0,2,0,0,0,2,0,0,1,3,0,0,0,2,0.0,0.0,80.0,7.0,34.2,0.8,0.3888888888888889,0.0,0.0,20.0,4.0,34.1,0.2,0.7777777777777778,0.0,0.0,,,,,,-3.0,20.0,200.0,0.1,0.1,8,11,24.3,9.0,484,454,612,0.0,0.0,110.0,17.0,34.1,1.8,0.6111111111111112,0.0,0.0,90.0,4.0,32.9,0.1,0.5,0.4,0.0,54.0,-315.0,12.0,18.0,466.0,0.1111111111111111,-0.05555555555555555,,0.05555555555555555,-0.08333333333333333,0.3900000000000013,0.0
239,202109020511,4,10,9,68,1,0,1,6,0,0,0,0,1,1,3,24,1,0,1,3,0,0,0,0,1,0,0,4,0,0,0,2,0,0,0,0,0.0,0.0,4.0,6.0,33.8,0.3,0.5,0.0,0.0,1.0,1.0,33.8,0.0,0.4375,0.0,0.0,7.0,7.0,33.7,0.5,0.17647058823529413,0.5,-4.0,400.0,0.08771929824561403,0.24561403508771928,8,12,23.8,7.0,1304,815,1503,0.0,0.0,7.0,5.0,33.3,0.2,0.16666666666666666,0.0,0.0,11.0,9.0,38.0,1.2,0.5555555555555556,1.0,0.2,54.0,-295.0,12.0,18.0,466.0,0.1111111111111111,0.1875,0.0,0.0,-0.05555555555555555,-0.7900000000000006,0.0
240,202109020511,30,21,26,197,1,1,4,15,1,0,1,4,6,6,8,71,1,0,1,3,1,0,0,1,1,0,1,16,1,0,0,2,1,0,0,1,0.0,0.0,14.0,6.0,36.6,0.6,0.0625,0.0,0.0,10.0,12.0,37.3,1.3,0.2777777777777778,0.0,0.0,16.0,18.0,38.5,5.5,0.16666666666666666,6.0,12.0,0.0,0.05263157894736842,0.2631578947368421,6,7,6.5,4.0,1716,1592,1167,0.0,0.0,4.0,6.0,33.5,0.3,0.08333333333333333,0.0,0.0,3.0,1.0,34.3,0.0,0.0625,-1.6,0.2,54.0,-252.0,12.0,16.0,484.0,0.0625,-0.05555555555555555,0.05555555555555555,0.0,0.0,0.8400000000000005,0.0
241,202109020511,15,10,14,122,4,0,1,5,1,0,0,2,0,0,2,28,1,0,0,3,0,0,0,2,0,0,0,5,1,0,0,3,0,0,0,2,0.0,0.0,2.0,2.0,35.0,0.1,0.625,0.0,0.0,2.0,1.0,34.8,0.0,0.4375,0.0,0.0,5.0,2.0,34.1,0.1,0.4375,0.0,6.0,200.0,0.06521739130434782,0.2826086956521739,2,2,8.7,5.0,1127,910,1328,0.0,0.0,5.0,1.0,35.9,0.0,0.5333333333333333,0.0,0.0,6.0,9.0,33.5,0.5,0.9166666666666666,1.4,0.8,54.0,-659.0,12.0,16.0,496.0,0.0625,0.0,0.0,-0.06666666666666667,0.0,0.18999999999999986,0.0
242,202109020511,30,21,26,197,5,3,0,20,2,0,0,4,6,6,8,71,4,1,0,12,1,0,0,4,1,0,1,16,0,0,0,3,0,0,0,3,0.0,0.0,17.0,8.0,34.3,0.8,0.7777777777777778,0.0,0.0,12.0,10.0,34.0,0.9,1.0,0.0,0.0,11.0,10.0,35.6,0.5,0.8888888888888888,1.0,10.0,0.0,0.046511627906976744,0.20930232558139536,3,3,14.5,6.0,1716,1292,1167,0.0,0.0,13.0,12.0,34.0,0.7,0.6470588235294118,0.0,0.0,4.0,4.0,33.4,0.3,0.7222222222222222,-0.6,0.0,54.0,-351.0,12.0,18.0,466.0,0.0,0.0,0.05555555555555555,0.11764705882352941,0.0,0.17999999999999972,0.0
243,202109020511,72,56,56,283,1,1,0,9,1,0,0,5,22,14,20,91,1,0,0,3,1,0,0,2,7,3,5,33,0,0,0,1,0,0,0,1,0.0,0.0,14.0,15.0,35.8,2.3,0.9333333333333333,0.0,0.0,7.0,13.0,35.1,1.2,0.4,0.0,0.0,7.0,6.0,32.9,0.6,0.5714285714285714,-4.5,12.0,-400.0,0.1375,0.45,6,8,4.5,3.0,1428,734,1263,0.0,0.0,13.0,4.0,35.5,0.4,0.125,0.0,0.0,10.0,17.0,34.0,1.3,1.0,-0.5,0.0,55.0,-644.0,12.0,15.0,512.0,-0.3333333333333333,-0.13333333333333333,0.0,0.0,-0.05555555555555555,0.31999999999999956,0.0
244,202109020511,0,1,0,22,4,1,6,49,0,0,0,0,0,0,0,2,1,0,2,16,0,0,0,0,0,0,0,0,0,0,0,5,0,0,0,0,0.0,0.0,10.0,10.0,33.8,0.8,0.25,0.0,0.0,6.0,10.0,35.1,0.7,0.26666666666666666,0.0,0.0,12.0,7.0,35.4,0.8,0.3125,-1.5,-4.0,0.0,0.1320754716981132,0.2830188679245283,5,6,55.7,10.0,1642,1618,1124,0.0,0.0,12.0,2.0,33.7,0.2,0.47058823529411764,0.0,0.0,11.0,8.0,35.3,0.7,0.2222222222222222,-1.2,0.2,54.0,0.0,12.0,12.0,456.0,-0.08333333333333333,0.0,0.125,0.0,0.0,-0.16000000000000014,0.0
245,202109020511,30,21,26,197,15,27,17,118,3,2,5,16,6,6,8,71,1,4,6,32,0,0,4,6,1,0,1,16,0,1,0,6,0,0,0,2,0.0,0.0,5.0,3.0,38.2,1.0,0.7777777777777778,0.0,0.0,14.0,12.0,34.9,0.9,0.75,0.0,0.0,16.0,7.0,34.0,0.3,0.7222222222222222,2.0,8.0,400.0,0.07865168539325842,0.2696629213483146,7,9,129.4,11.0,1716,1428,1167,0.0,0.0,15.0,13.0,34.6,1.0,0.875,0.0,0.0,14.0,8.0,33.2,0.7,0.4375,1.1,0.2,54.0,-1195.0,12.0,9.0,500.0,-0.3333333333333333,-0.0625,0.05555555555555555,0.0,0.0,1.0299999999999998,0.0
246,202109020511,30,21,26,197,7,5,8,98,0,1,4,19,6,6,8,71,1,2,1,36,0,0,1,8,1,0,1,16,0,0,0,5,0,0,0,1,0.0,0.0,13.0,15.0,36.5,2.0,0.875,0.0,0.0,12.0,12.0,33.3,1.2,1.0,0.0,0.0,15.0,12.0,34.1,0.8,1.0,-1.5,-2.0,400.0,0.05263157894736842,0.15789473684210525,5,5,273.1,12.0,1716,1556,1167,0.0,0.0,16.0,12.0,33.7,0.7,0.8888888888888888,0.0,0.0,14.0,15.0,35.4,1.5,0.3125,0.0,0.0,54.0,-260.0,12.0,16.0,464.0,0.0,0.0,0.0,-0.1111111111111111,0.0,0.17999999999999972,0.0
247,202109020607,30,21,26,197,0,0,0,0,0,0,0,0,6,6,8,71,0,0,0,0,0,0,0,0,0,0,1,3,0,0,0,0,0,0,0,0,0.0,0.0,2.0,1.0,13.3,0.0,0.75,0.0,0.0,3.0,3.0,13.8,1.1,0.2857142857142857,0.0,0.0,7.0,14.0,36.6,1.3,0.25,6.5,-6.0,-1250.0,0.32857142857142857,0.5571428571428572,8,8,2.2,1.0,1716,1505,1167,0.0,0.0,3.0,11.0,33.6,0.8,0.42857142857142855,0.0,0.0,1.0,3.0,34.6,0.1,0.3888888888888889,1.2,0.6,57.0,-566.0,9.0,12.0,508.0,-0.5,0.2857142857142857,0.0,0.0,-0.05555555555555555,-6.24,0.0
248,202109020607,15,21,14,131,0,0,0,4,0,0,0,1,8,9,6,47,0,0,0,1,0,0,0,1,1,3,0,4,0,0,0,0,0,0,0,0,0.0,0.0,6.0,10.0,13.8,8.2,1.0,0.0,0.0,9.0,10.0,35.3,0.8,0.5714285714285714,0.0,0.0,4.0,11.0,34.6,1.2,0.9285714285714286,0.5,2.0,-1170.0,0.0,0.0,5,5,4.2,2.0,1393,771,1263,0.0,0.0,3.0,10.0,42.4,5.2,0.1,0.0,0.0,4.0,9.0,35.1,0.6,0.75,-0.2,0.0,57.0,-461.0,9.0,12.0,518.0,-0.16666666666666666,0.0,0.0,0.1,-0.4166666666666667,-4.970000000000001,0.0
249,202109020607,30,18,29,175,3,3,4,29,0,0,2,5,8,3,6,44,2,1,0,5,0,0,0,0,1,0,1,5,0,0,0,0,0,0,0,0,0.0,0.0,4.0,7.0,36.8,1.0,0.7857142857142857,0.0,0.0,2.0,1.0,33.6,0.0,0.5714285714285714,0.0,0.0,4.0,2.0,34.2,0.2,0.9090909090909091,-2.5,4.0,-1400.0,0.2413793103448276,0.5172413793103449,7,7,7.1,5.0,1503,460,1263,0.0,0.0,4.0,6.0,34.6,1.0,0.9166666666666666,0.0,0.0,4.0,2.0,33.6,0.2,0.625,-0.5,0.6,57.0,-567.0,9.0,14.0,494.0,-0.07142857142857142,-0.14285714285714285,0.0,0.0,0.0,0.5399999999999991,0.0
250,202109020607,15,10,14,122,1,3,2,16,1,0,2,1,0,0,2,28,0,2,1,9,0,0,1,1,0,0,0,1,0,1,0,0,0,0,0,0,0.0,0.0,8.0,13.0,35.7,1.3,0.26666666666666666,0.0,0.0,3.0,9.0,34.9,0.6,0.2727272727272727,0.0,0.0,4.0,12.0,35.1,1.2,0.5,-0.5,-2.0,200.0,0.10588235294117647,0.27058823529411763,4,4,6.5,3.0,1127,1103,1328,0.0,0.0,4.0,3.0,33.8,0.1,0.8181818181818182,0.0,0.0,2.0,1.0,34.4,0.0,0.2727272727272727,-3.0,0.4,55.0,-357.0,9.0,15.0,472.0,0.0,0.09090909090909091,0.0,-0.09090909090909091,0.09090909090909091,0.370000000000001,0.0
251,202109020607,13,17,22,145,5,4,3,28,0,0,0,3,3,3,6,37,1,1,0,10,0,0,0,2,1,0,1,4,1,0,0,0,0,0,0,0,0.0,0.0,9.0,,,,0.2857142857142857,0.0,0.0,8.0,6.0,36.5,0.8,0.5454545454545454,0.0,0.0,13.0,9.0,36.7,0.6,0.5714285714285714,3.0,2.0,-200.0,0.0,0.0,1,1,35.4,7.0,1691,1708,1167,0.0,0.0,12.0,12.0,37.6,2.4,0.8,0.0,0.0,8.0,5.0,36.1,0.6,0.8,0.0,0.0,55.0,-868.0,9.0,14.0,446.0,0.21428571428571427,0.09090909090909091,0.07142857142857142,-0.06666666666666667,-0.2,0.029999999999999714,0.0
252,202109020607,4,2,3,33,0,0,0,2,0,0,0,2,1,1,1,14,0,0,0,1,0,0,0,1,0,0,0,1,0,0,0,1,0,0,0,1,0.0,0.0,4.0,4.0,35.0,0.4,1.0,0.0,0.0,4.0,6.0,34.0,0.8,0.25,0.0,0.0,3.0,5.0,34.1,0.7,1.0,0.5,-2.0,-200.0,0.13580246913580246,0.4444444444444444,2,2,6.8,4.0,1729,614,1428,0.0,0.0,1.0,5.0,33.9,0.4,0.9090909090909091,0.0,0.0,1.0,6.0,33.7,1.0,1.0,0.3,0.0,57.0,-76.0,9.0,7.0,456.0,0.0,0.0,0.0,0.0,-0.125,0.2699999999999996,0.0
253,202109020607,8,8,21,150,1,3,4,29,0,0,0,2,0,3,3,31,0,1,1,6,0,0,0,0,0,1,0,3,0,0,0,0,0,0,0,0,0.0,0.0,8.0,9.0,34.1,0.5,0.9090909090909091,0.0,0.0,8.0,3.0,34.8,0.6,0.7142857142857143,0.0,0.0,7.0,6.0,36.5,0.6,0.5833333333333334,-1.5,-4.0,200.0,0.045454545454545456,0.20454545454545456,6,6,12.6,6.0,1506,1376,199,0.0,0.0,5.0,7.0,34.9,0.6,0.9090909090909091,0.0,0.0,6.0,7.0,33.9,0.9,0.625,0.0,0.2,57.0,-370.0,9.0,11.0,484.0,-0.09090909090909091,-0.14285714285714285,-0.3333333333333333,-0.18181818181818182,-0.25,0.030000000000000426,0.0
254,202109020607,15,21,14,131,9,3,4,53,3,1,0,12,8,9,6,47,4,1,0,18,3,0,0,7,1,3,0,4,0,0,0,3,0,0,0,3,0.0,0.0,20.0,2.0,34.1,0.2,0.125,0.0,0.0,50.0,3.0,34.0,0.4,0.25,0.0,0.0,,,,,,1.0,-6.0,0.0,0.05555555555555555,0.2037037037037037,8,9,53.5,8.0,1393,1306,1263,0.0,0.0,40.0,4.0,36.0,0.4,0.2857142857142857,0.0,0.0,80.0,8.0,33.6,1.0,0.875,1.9,0.5,57.0,-391.0,9.0,8.0,516.0,0.0,0.0,,0.0,0.0,-0.05,0.0
255,202109020607,4,10,9,68,1,3,1,28,0,0,1,2,1,1,3,24,0,0,1,11,0,0,1,1,0,0,1,1,0,0,1,1,0,0,1,1,0.0,0.0,80.0,9.0,41.2,3.4,0.8,0.0,0.0,80.0,9.0,37.0,1.1,0.1,0.0,0.0,110.0,8.0,34.7,0.9,0.7857142857142857,-0.5,12.0,300.0,,,3,3,,,1304,1186,1503,0.0,0.0,70.0,8.0,35.5,0.6,0.875,0.0,0.0,60.0,7.0,34.7,1.0,0.2,-0.5,0.0,57.0,-1126.0,9.0,10.0,488.0,0.2,0.0,0.0,0.125,-0.1,1.45,0.0
256,202109020611,2,3,2,25,15,18,23,125,1,0,0,0,1,1,1,7,5,3,2,28,1,0,0,0,1,0,0,2,2,1,0,8,1,0,0,0,0.0,0.0,2.0,7.0,34.2,0.6,0.1111111111111111,0.0,0.0,3.0,2.0,33.6,0.0,0.125,0.0,0.0,2.0,3.0,33.8,0.3,0.23529411764705882,-2.0,-2.0,0.0,0.17391304347826086,0.2608695652173913,2,4,3.6,2.0,1183,1167,1558,0.0,0.0,1.0,2.0,33.8,0.0,0.2,0.0,0.0,1.0,5.0,37.5,0.6,0.3125,-0.4,0.6,55.0,-784.0,18.0,18.0,486.0,0.05555555555555555,0.0,0.0,0.13333333333333333,-0.125,-0.679999999999999,0.0
257,202109020611,72,56,56,283,4,3,1,7,3,2,1,4,22,14,20,91,2,1,0,4,1,1,0,3,7,3,5,33,1,1,0,2,1,1,0,2,0.0,0.0,2.0,5.0,34.0,0.2,0.4117647058823529,0.0,0.0,1.0,2.0,32.9,0.0,0.8333333333333334,0.0,0.0,2.0,2.0,33.9,0.0,0.5,-1.5,0.0,-800.0,0.23333333333333334,0.5333333333333333,8,18,3.3,1.0,1428,607,1263,0.0,0.0,1.0,1.0,34.0,0.0,0.9090909090909091,0.0,0.0,1.0,1.0,34.1,0.0,0.5555555555555556,-0.9,0.8,55.0,-49.0,18.0,17.0,474.0,-0.29411764705882354,0.05555555555555555,-0.05555555555555555,-0.09090909090909091,0.0,-0.13000000000000042,0.0
258,202109020611,18,18,14,110,1,1,4,15,0,1,1,2,6,4,2,33,1,0,1,3,0,0,0,1,1,1,1,8,1,0,0,2,0,0,0,0,0.0,0.0,3.0,5.0,33.5,0.2,0.2777777777777778,0.0,0.0,3.0,2.0,33.4,0.3,0.3333333333333333,0.0,0.0,1.0,2.0,34.0,0.3,0.4666666666666667,-1.5,0.0,0.0,0.13414634146341464,0.43902439024390244,1,2,15.3,8.0,1152,1592,1428,0.0,0.0,2.0,2.0,35.5,0.1,0.6875,0.0,0.0,2.0,1.0,34.2,0.0,0.3333333333333333,-0.8,0.8,55.0,-420.0,18.0,18.0,500.0,-0.1111111111111111,0.0,0.06666666666666667,-0.0625,-0.05555555555555555,-0.3500000000000007,0.0
259,202109020611,72,56,56,283,15,18,23,125,1,3,3,12,22,14,20,91,5,3,2,28,0,1,0,3,7,3,5,33,2,1,0,8,0,0,0,0,0.0,0.0,,,,,,0.0,0.0,20.0,7.0,36.7,0.5,0.29411764705882354,0.0,0.0,40.0,1.0,35.9,0.0,0.375,-6.0,2.0,0.0,0.0,0.0,3,5,10.5,4.0,1428,1167,1263,0.0,0.0,20.0,2.0,34.4,0.1,0.2777777777777778,0.0,0.0,40.0,4.0,33.9,0.2,0.16666666666666666,-0.8,0.5,55.0,-363.0,18.0,11.0,454.0,,-0.11764705882352941,-0.125,0.2777777777777778,0.16666666666666666,0.9900000000000013,0.0
260,202109020611,19,19,15,86,15,27,17,118,3,6,1,7,3,4,1,29,1,4,6,32,0,1,0,2,0,1,0,8,0,1,0,6,0,0,0,0,0.0,0.0,2.0,1.0,34.4,0.0,0.46153846153846156,0.0,0.0,2.0,6.0,34.8,0.5,0.46153846153846156,0.0,0.0,1.0,3.0,33.9,0.1,0.3333333333333333,1.0,6.0,0.0,0.0,0.2727272727272727,5,10,11.8,5.0,1167,1428,460,0.0,0.0,2.0,4.0,33.6,0.5,0.8571428571428571,0.0,0.0,6.0,7.0,36.7,0.6,0.1875,1.0,0.4,55.0,-595.0,18.0,13.0,438.0,0.0,0.0,0.0,0.0,0.0,-0.3400000000000013,0.0
261,202109020611,19,19,15,86,15,27,17,118,3,6,1,7,3,4,1,29,1,4,6,32,0,1,0,2,0,1,0,8,0,1,0,6,0,0,0,0,0.0,0.0,4.0,2.0,35.8,0.1,0.75,0.0,0.0,8.0,2.0,34.1,0.1,0.5294117647058824,0.0,0.0,14.0,10.0,34.7,0.5,0.7333333333333333,4.0,2.0,-200.0,0.05454545454545454,0.2,4,7,41.9,9.0,1167,1428,460,0.0,0.0,4.0,6.0,35.8,1.1,0.5625,0.0,0.0,9.0,2.0,34.9,0.2,0.1875,0.4,0.6,55.0,-1063.0,18.0,16.0,470.0,-0.375,0.058823529411764705,-0.2,-0.25,0.0625,0.010000000000000142,0.0
262,202109020611,5,4,5,33,3,3,6,27,0,0,1,1,2,1,1,10,1,2,3,6,0,0,0,0,0,0,0,5,0,0,0,1,0,0,0,0,0.0,0.0,15.0,9.0,35.5,0.5,0.06666666666666667,0.0,0.0,7.0,15.0,39.2,2.7,0.25,0.0,0.0,9.0,15.0,37.4,1.7,0.25,3.0,-4.0,-200.0,0.08620689655172414,0.2413793103448276,3,6,84.8,14.0,1657,1362,1317,0.0,0.0,3.0,7.0,37.0,0.6,0.06666666666666667,0.0,0.0,4.0,8.0,36.3,0.6,0.125,-1.0,0.0,55.0,-741.0,18.0,15.0,448.0,0.0,0.0,-0.125,0.0,0.0,0.06000000000000085,0.0
263,202109020611,72,56,56,283,5,9,8,39,3,6,3,16,22,14,20,91,0,1,0,8,0,1,0,4,7,3,5,33,0,1,0,1,0,1,0,1,0.0,0.0,8.0,11.0,37.8,2.5,0.09090909090909091,0.0,0.0,12.0,16.0,40.1,3.5,0.5625,0.0,0.0,6.0,13.0,35.0,1.2,0.4375,1.0,2.0,-600.0,0.046153846153846156,0.13846153846153847,5,9,106.6,15.0,1428,848,1263,0.0,0.0,16.0,14.0,36.4,1.5,0.8125,0.0,0.0,13.0,7.0,34.0,0.7,0.6666666666666666,-1.0,0.0,55.0,-517.0,18.0,11.0,436.0,0.0,0.1875,0.0625,0.0625,0.1111111111111111,1.1299999999999997,0.0
264,202109020611,13,17,22,145,11,8,11,77,3,1,1,5,3,3,6,37,6,3,3,36,2,1,1,3,0,0,1,2,0,1,0,13,0,0,0,0,0.0,0.0,9.0,5.0,35.0,0.4,0.8461538461538461,0.0,0.0,12.0,14.0,34.5,1.4,0.5,0.0,0.0,9.0,8.0,34.6,0.4,0.8,1.5,2.0,-600.0,,,8,17,111.4,16.0,1691,1345,1167,0.0,0.0,9.0,11.0,35.3,1.6,0.3333333333333333,0.0,0.0,6.0,2.0,34.7,0.1,0.7857142857142857,-0.9,0.2,55.0,-924.0,18.0,13.0,444.0,-0.15384615384615385,0.05555555555555555,-0.06666666666666667,0.0,-0.42857142857142855,-0.020000000000000285,0.0
265,202109020611,3,0,1,13,0,0,0,2,0,0,0,1,1,0,0,7,0,0,0,0,0,0,0,0,0,0,0,1,0,0,0,0,0,0,0,0,0.0,0.0,5.0,8.0,34.2,0.4,0.4444444444444444,0.0,0.0,6.0,7.0,35.0,0.5,0.2727272727272727,0.0,0.0,1.0,7.0,34.4,0.2,0.5294117647058824,-0.5,4.0,400.0,0.05128205128205128,0.15384615384615385,7,14,163.0,17.0,1629,660,1428,0.0,0.0,3.0,4.0,34.8,0.5,0.6666666666666666,0.0,0.0,17.0,10.0,34.6,1.4,0.7222222222222222,0.1,0.0,55.0,-307.0,18.0,18.0,494.0,0.0,-0.09090909090909091,-0.058823529411764705,0.0,-0.1111111111111111,-0.05999999999999943,0.0
266,202109020611,30,21,26,197,14,5,15,161,0,1,3,15,6,6,8,71,1,0,2,42,0,0,1,5,1,0,1,16,0,0,0,11,0,0,0,1,0.0,0.0,4.0,13.0,36.0,1.1,0.2857142857142857,0.0,0.0,5.0,4.0,34.5,0.2,0.5333333333333333,0.0,0.0,1.0,1.0,35.4,0.0,0.125,-6.0,10.0,-200.0,0.0,0.0,6,11,61.3,12.0,1716,1263,1167,0.0,0.0,2.0,2.0,34.3,0.0,0.08333333333333333,0.0,0.0,13.0,4.0,34.2,0.1,0.0625,-2.0,0.4,55.0,-840.0,18.0,14.0,460.0,-0.14285714285714285,0.06666666666666667,0.125,0.0,0.0,0.3799999999999997,0.0
267,202109020611,13,17,22,145,3,2,4,21,1,0,0,3,3,3,6,37,0,1,0,4,0,0,0,1,0,0,1,2,0,0,0,0,0,0,0,0,0.0,0.0,10.0,12.0,35.2,2.7,0.8333333333333334,0.0,0.0,18.0,17.0,38.7,4.0,0.2777777777777778,0.0,0.0,13.0,12.0,34.6,1.5,0.8333333333333334,0.0,12.0,0.0,0.2,0.4,1,1,63.6,13.0,1691,1393,1167,0.0,0.0,1.0,1.0,33.1,0.0,0.3,0.0,0.0,7.0,4.0,34.0,0.1,0.3888888888888889,-3.2,0.2,55.0,-658.0,18.0,12.0,518.0,0.0,-0.16666666666666666,-0.05555555555555555,0.1,0.05555555555555555,0.8000000000000007,0.0
268,202109020611,1,0,0,3,1,0,0,1,1,0,0,0,1,0,0,0,1,0,0,0,1,0,0,0,0,0,0,0,0,0,0,0,0,0,0,0,0.0,0.0,5.0,13.0,45.0,6.4,0.2857142857142857,0.0,0.0,1.0,6.0,35.3,0.6,0.38461538461538464,0.0,0.0,6.0,13.0,34.7,1.5,0.4444444444444444,0.0,16.0,-200.0,0.3333333333333333,0.5652173913043478,7,13,12.5,6.0,461,232,432,0.0,0.0,3.0,1.0,34.3,0.0,0.3333333333333333,0.0,0.0,1.0,9.0,33.8,0.5,0.8333333333333334,-1.3,0.2,55.0,-234.0,18.0,14.0,526.0,0.2857142857142857,0.0,0.16666666666666666,-0.08333333333333333,0.08333333333333333,2.3400000000000007,0.0
269,202109020611,0,1,0,25,0,2,0,3,0,0,0,0,0,1,0,5,0,1,0,1,0,0,0,0,0,1,0,1,0,0,0,0,0,0,0,0,0.0,0.0,9.0,14.0,43.4,5.4,0.2857142857142857,0.0,0.0,13.0,14.0,34.9,1.7,0.3333333333333333,0.0,0.0,10.0,11.0,36.8,1.5,0.6923076923076923,-1.5,8.0,-100.0,0.3333333333333333,0.6666666666666666,2,3,266.6,18.0,1687,260,1345,0.0,0.0,12.0,12.0,34.5,1.7,0.7857142857142857,0.0,0.0,11.0,9.0,35.3,1.5,0.6153846153846154,-1.2,0.0,55.0,-140.0,18.0,14.0,434.0,0.7142857142857143,0.0,-0.15384615384615385,0.0,0.0,1.6600000000000001,0.0
270,202109020611,18,18,14,110,12,8,12,71,1,2,0,6,6,4,2,33,2,2,1,16,0,1,0,1,1,1,1,8,1,0,1,2,0,0,0,0,0.0,0.0,1.0,5.0,,,,0.0,0.0,1.0,2.0,33.5,0.0,0.3333333333333333,0.0,0.0,4.0,1.0,33.1,0.0,0.6111111111111112,-2.0,,0.0,0.06382978723404255,0.2765957446808511,8,16,14.7,7.0,1152,1294,1428,0.0,0.0,4.0,1.0,33.2,0.0,0.5,0.0,0.0,2.0,5.0,33.1,0.7,0.6923076923076923,-0.1,0.6,55.0,-937.0,18.0,13.0,,,0.16666666666666666,-0.1111111111111111,-0.125,0.0,0.10999999999999943,0.0
271,202109020611,5,4,5,33,1,3,1,12,1,0,0,1,2,1,1,10,0,3,1,4,0,0,0,1,0,0,0,5,0,3,1,4,0,0,0,1,0.0,0.0,7.0,16.0,37.1,1.4,0.125,0.0,0.0,9.0,7.0,35.1,0.5,0.2,0.0,0.0,14.0,15.0,34.2,1.0,0.7777777777777778,-0.5,-6.0,400.0,0.10465116279069768,0.26744186046511625,7,15,56.0,10.0,1657,391,1317,0.0,0.0,13.0,8.0,34.3,0.5,0.1111111111111111,0.0,0.0,7.0,10.0,33.8,1.2,0.6666666666666666,-1.1,0.0,55.0,-938.0,18.0,16.0,472.0,0.0625,0.0,0.0,0.0,0.0,0.7400000000000013,0.0
272,202109020611,0,0,0,2,1,0,1,17,0,0,0,2,0,0,0,1,0,0,0,5,0,0,0,1,0,0,0,1,0,0,0,2,0,0,0,1,0.0,0.0,5.0,1.0,34.4,0.0,0.16666666666666666,0.0,0.0,1.0,5.0,33.8,0.4,0.38461538461538464,0.0,0.0,3.0,2.0,34.0,0.0,0.5882352941176471,0.5,4.0,400.0,0.07777777777777778,0.26666666666666666,6,12,57.2,11.0,1318,197,535,0.0,0.0,11.0,17.0,36.7,2.9,0.16666666666666666,0.0,0.0,2.0,2.0,35.3,0.1,0.2777777777777778,1.4,0.6,55.0,-133.0,18.0,18.0,458.0,0.0,-0.15384615384615385,-0.17647058823529413,0.0,-0.05555555555555555,-0.4700000000000003,0.0
273,202109020611,3,0,1,13,2,1,0,5,1,0,0,1,1,0,0,7,0,0,0,2,0,0,0,1,0,0,0,1,0,0,0,2,0,0,0,1,0.0,0.0,10.0,9.0,34.7,1.1,0.3333333333333333,0.0,0.0,3.0,10.0,34.6,0.6,0.3888888888888889,0.0,0.0,6.0,9.0,,,,0.0,-8.0,400.0,0.0,0.2222222222222222,4,8,6.4,3.0,1629,1506,1428,0.0,0.0,5.0,5.0,34.8,0.4,0.3125,0.0,0.0,12.0,15.0,34.4,1.3,0.5,0.7,0.0,55.0,-1078.0,18.0,18.0,486.0,-0.05555555555555555,0.0,,-0.0625,0.0,0.0700000000000017,0.0
274,202109020711,1,1,0,4,2,2,0,5,1,0,0,1,1,0,0,0,1,0,0,1,1,0,0,0,0,0,0,0,0,0,0,0,0,0,0,0,0.0,0.0,11.0,11.0,37.0,2.2,0.2727272727272727,0.0,0.0,13.0,13.0,37.5,2.1,0.8571428571428571,0.0,0.0,10.0,11.0,35.1,1.4,0.38461538461538464,0.0,0.0,-400.0,0.3380281690140845,0.5633802816901409,5,9,3.4,1.0,1167,1013,460,0.0,0.0,14.0,16.0,35.4,1.9,0.3125,0.0,0.0,8.0,,,,,1.3,0.0,56.0,-1219.0,18.0,11.0,524.0,0.2727272727272727,0.07142857142857142,0.3076923076923077,0.125,,0.7200000000000003,0.0
275,202109020711,1,1,1,8,0,0,0,0,0,0,0,0,0,0,0,3,0,0,0,0,0,0,0,0,0,0,0,1,0,0,0,0,0,0,0,0,0.0,0.0,10.0,1.0,33.4,0.0,0.4117647058823529,0.0,0.0,10.0,4.0,36.2,0.4,0.4,0.0,0.0,10.0,2.0,35.2,0.1,0.16666666666666666,0.5,4.0,0.0,0.07692307692307693,0.26373626373626374,5,10,43.2,10.0,1716,152,1167,0.0,0.0,40.0,2.0,33.8,0.1,0.3125,0.0,0.0,30.0,6.0,36.8,1.2,0.625,0.8,0.6,56.0,21.0,18.0,17.0,466.0,-0.35294117647058826,0.06666666666666667,0.0,0.0,0.0625,-0.43999999999999917,0.0
276,202109020711,1,0,1,7,0,0,0,0,0,0,0,0,0,0,0,1,0,0,0,0,0,0,0,0,0,0,0,0,0,0,0,0,0,0,0,0,0.0,0.0,11.0,14.0,33.9,0.8,0.6666666666666666,0.0,0.0,4.0,9.0,33.4,0.8,0.4666666666666667,0.0,0.0,11.0,5.0,33.0,0.3,0.5,-4.5,4.0,200.0,0.12962962962962962,0.2777777777777778,6,12,25.5,7.0,1736,548,1482,0.0,0.0,9.0,16.0,38.9,3.2,0.625,0.0,0.0,7.0,12.0,34.4,0.7,0.5,0.3,0.0,56.0,-939.0,18.0,18.0,500.0,0.0,0.06666666666666667,0.0,0.0,0.05555555555555555,-0.65,0.0
277,202109020711,0,0,0,3,0,0,1,1,0,0,0,0,0,0,0,2,0,0,0,0,0,0,0,0,0,0,0,0,0,0,0,0,0,0,0,0,0.0,0.0,6.0,15.0,35.9,0.9,0.11764705882352941,0.0,0.0,7.0,8.0,34.6,0.6,0.5,0.0,0.0,4.0,8.0,32.9,0.5,0.7333333333333333,-3.5,2.0,200.0,0.13253012048192772,0.4457831325301205,4,8,4.3,2.0,1657,1170,1317,0.0,0.0,5.0,8.0,33.5,0.4,0.2777777777777778,0.0,0.0,8.0,13.0,36.4,1.4,0.7222222222222222,-0.4,0.0,56.0,-980.0,18.0,17.0,532.0,0.0,0.0,-0.06666666666666667,0.0,-0.1111111111111111,0.010000000000000142,0.0
278,202109020711,0,0,0,0,1,0,1,3,0,0,0,0,0,0,0,0,0,0,0,0,0,0,0,0,0,0,0,0,0,0,0,0,0,0,0,0,0.0,0.0,9.0,6.0,37.5,1.1,0.06666666666666667,0.0,0.0,10.0,11.0,34.5,1.0,0.5,0.0,0.0,4.0,5.0,34.3,0.2,0.25,-0.5,4.0,-200.0,0.10344827586206896,0.26436781609195403,7,14,26.8,8.0,1426,1428,306,0.0,0.0,7.0,3.0,33.9,0.4,0.3333333333333333,0.0,0.0,7.0,13.0,34.8,1.8,0.9230769230769231,0.6,0.2,56.0,-785.0,18.0,15.0,468.0,0.13333333333333333,-0.05555555555555555,0.0,0.0,0.07692307692307693,0.6000000000000008,0.0
279,202109020711,1,0,3,18,1,0,0,2,0,0,0,0,0,0,2,6,0,0,0,1,0,0,0,0,0,0,1,5,0,0,0,1,0,0,0,0,0.0,0.0,30.0,7.0,35.0,0.8,0.5,0.0,0.0,10.0,1.0,35.6,0.0,0.1875,0.0,0.0,30.0,2.0,35.9,0.1,0.16666666666666666,-2.5,-4.0,0.0,0.05,0.15,2,3,138.0,15.0,1428,334,1263,0.0,0.0,20.0,3.0,34.1,0.5,0.3125,0.0,0.0,10.0,6.0,34.0,0.8,0.3888888888888889,0.0,0.6,56.0,28.0,18.0,16.0,468.0,-0.0625,0.0625,0.0,0.1875,0.0,0.35,0.0
280,202109020711,0,1,1,7,1,0,1,3,0,0,0,0,0,1,0,1,0,0,0,0,0,0,0,0,0,0,0,0,0,0,0,0,0,0,0,0,0.0,0.0,16.0,11.0,34.0,0.5,0.875,0.0,0.0,14.0,15.0,33.6,1.1,1.0,0.0,0.0,14.0,13.0,37.7,2.2,0.7333333333333333,1.0,0.0,400.0,0.0847457627118644,0.23728813559322035,7,13,32.4,9.0,1691,1428,1167,0.0,0.0,16.0,11.0,34.1,1.1,0.6666666666666666,0.0,0.0,15.0,4.0,34.4,0.7,0.4117647058823529,-1.8,0.0,56.0,-1212.0,18.0,16.0,476.0,-0.0625,0.0,0.0,0.0,0.11764705882352941,-0.12999999999999973,0.0
281,202109020711,0,0,0,1,1,2,1,10,0,0,0,0,0,0,0,0,1,0,1,1,0,0,0,0,0,0,0,0,1,0,0,1,0,0,0,0,0.0,0.0,6.0,12.0,36.1,1.0,0.38461538461538464,0.0,0.0,8.0,12.0,37.3,1.5,0.6428571428571429,0.0,0.0,4.0,17.0,34.7,0.7,0.2777777777777778,2.5,2.0,200.0,0.044444444444444446,0.2,7,15,6.5,4.0,1629,1167,1428,0.0,0.0,3.0,7.0,33.9,0.3,0.5,0.0,0.0,2.0,7.0,33.2,0.7,0.5,-1.5,0.0,56.0,-995.0,18.0,13.0,512.0,0.0,-0.14285714285714285,0.05555555555555555,0.1111111111111111,0.2,0.9199999999999996,0.0
282,202109020711,1,2,0,0,0,0,0,0,0,0,0,0,1,1,0,0,0,0,0,0,0,0,0,0,0,0,0,0,0,0,0,0,0,0,0,0,0.0,0.0,2.0,1.0,33.1,0.0,0.375,0.0,0.0,5.0,3.0,34.5,0.4,0.5714285714285714,0.0,0.0,11.0,9.0,34.9,1.0,0.7222222222222222,4.0,0.0,-200.0,0.0625,0.2708333333333333,1,2,57.5,11.0,1463,118,1167,0.0,0.0,2.0,6.0,38.4,1.3,0.8571428571428571,0.0,0.0,6.0,10.0,37.9,1.7,0.4666666666666667,2.1,0.4,56.0,-490.0,18.0,8.0,500.0,0.125,-0.14285714285714285,0.0,-0.14285714285714285,0.0,-1.3499999999999992,0.0
283,202109020711,1,1,1,8,1,0,1,3,0,0,0,1,0,0,0,3,0,0,0,0,0,0,0,0,0,0,0,1,0,0,0,0,0,0,0,0,0.0,0.0,1.0,5.0,37.4,1.2,0.8571428571428571,0.0,0.0,6.0,15.0,35.2,2.0,0.4444444444444444,0.0,0.0,6.0,9.0,36.4,1.7,0.2222222222222222,2.0,3.0,200.0,0.0,0.043478260869565216,2,4,79.9,13.0,1716,1428,1167,0.0,0.0,5.0,5.0,35.7,0.6,0.14285714285714285,0.0,0.0,6.0,12.0,36.2,1.9,0.1875,0.4,0.0,56.0,-1192.0,18.0,7.0,501.0,-0.2857142857142857,0.0,0.0,0.0,0.375,0.18999999999999914,0.0
284,202109020711,0,0,1,1,0,0,1,3,0,0,0,0,0,0,0,1,0,0,1,1,0,0,0,0,0,0,0,0,0,0,0,0,0,0,0,0,0.0,0.0,4.0,10.0,37.1,2.2,0.4375,0.0,0.0,1.0,8.0,36.8,1.2,0.4375,0.0,0.0,2.0,1.0,35.7,0.0,0.9285714285714286,-4.5,-4.0,200.0,0.22580645161290322,0.5483870967741935,6,11,10.6,5.0,1677,1482,1167,0.0,0.0,2.0,4.0,35.2,0.9,0.9285714285714286,0.0,0.0,5.0,11.0,35.4,1.2,0.4444444444444444,-0.2,0.2,56.0,-372.0,18.0,16.0,508.0,-0.125,0.1875,-0.07142857142857142,-0.5714285714285714,0.1111111111111111,0.5,0.0
285,202109020711,0,0,0,0,1,1,0,3,0,0,0,0,0,0,0,0,0,0,0,0,0,0,0,0,0,0,0,0,0,0,0,0,0,0,0,0,0.0,0.0,50.0,3.0,37.7,0.3,0.1111111111111111,0.0,0.0,40.0,1.0,35.5,0.0,0.0625,0.0,0.0,30.0,2.0,34.9,0.1,0.0625,-0.5,-10.0,0.0,0.0,0.13157894736842105,1,1,63.3,12.0,1460,1235,1345,0.0,0.0,100.0,2.0,35.1,0.3,0.6153846153846154,0.0,0.0,40.0,4.0,38.2,0.6,0.38461538461538464,0.3,0.8,56.0,27.0,18.0,9.0,432.0,0.0,0.0,0.0,-0.07692307692307693,0.0,-0.060000000000000143,0.0
286,202109020711,1,0,1,7,0,0,0,0,0,0,0,0,1,0,1,1,0,0,0,0,0,0,0,0,1,0,0,0,0,0,0,0,0,0,0,0,0.0,0.0,2.0,12.0,33.8,1.1,0.8125,0.0,0.0,7.0,3.0,33.6,0.1,0.5625,0.0,0.0,3.0,7.0,33.2,0.5,1.0,-2.5,2.0,0.0,0.10909090909090909,0.34545454545454546,8,16,4.9,3.0,1098,1728,1294,0.0,0.0,1.0,1.0,34.3,0.0,0.8823529411764706,0.0,0.0,2.0,2.0,33.4,0.1,0.5625,-2.2,0.6,56.0,-1023.0,18.0,16.0,506.0,0.0,0.125,0.0,-0.23529411764705882,-0.125,0.010000000000000142,0.0
287,202109020711,0,0,1,2,0,0,0,0,0,0,0,0,0,0,0,1,0,0,0,0,0,0,0,0,0,0,0,0,0,0,0,0,0,0,0,0,0.0,0.0,7.0,5.0,34.7,0.3,0.875,0.0,0.0,2.0,12.0,36.2,2.0,1.0,0.0,0.0,3.0,1.0,35.6,0.0,0.8125,-2.0,14.0,-400.0,0.0,0.07142857142857142,3,6,341.4,18.0,1548,1079,1328,0.0,0.0,3.0,2.0,36.2,0.2,0.1,0.0,0.0,9.0,4.0,35.3,0.6,0.9230769230769231,-1.2,0.4,56.0,-329.0,18.0,16.0,476.0,0.0,-0.5833333333333334,-0.6875,0.0,-0.07692307692307693,-0.11999999999999886,0.0
288,202109020711,0,0,0,2,0,1,0,5,0,0,0,0,0,0,0,0,0,0,0,0,0,0,0,0,0,0,0,0,0,0,0,0,0,0,0,0,0.0,0.0,8.0,10.0,37.4,1.9,0.9375,0.0,0.0,13.0,8.0,37.1,1.4,0.8,0.0,0.0,11.0,14.0,37.4,1.5,0.5625,2.0,-10.0,400.0,0.023809523809523808,0.19047619047619047,3,5,152.9,17.0,1576,1263,1577,0.0,0.0,12.0,8.0,37.0,1.1,0.9375,0.0,0.0,10.0,4.0,37.9,1.0,1.0,-1.2,0.0,56.0,-875.0,18.0,16.0,504.0,0.0,0.0,0.0,0.0,-0.07142857142857142,-0.08999999999999986,0.0
289,202109020711,0,0,0,0,1,0,1,3,0,0,0,0,0,0,0,0,0,0,0,0,0,0,0,0,0,0,0,0,0,0,0,0,0,0,0,0,0.0,0.0,40.0,5.0,34.6,0.6,0.42857142857142855,0.0,0.0,40.0,1.0,33.7,0.0,0.5,0.0,0.0,10.0,2.0,36.6,0.6,0.5833333333333334,-1.5,-2.0,0.0,0.02702702702702703,0.02702702702702703,4,7,142.6,16.0,1200,1428,324,0.0,0.0,30.0,2.0,36.2,0.4,0.125,0.0,0.0,20.0,3.0,34.9,0.3,0.5,-0.3,0.8,56.0,48.0,18.0,7.0,494.0,0.42857142857142855,0.0,-0.08333333333333333,-0.0625,0.0,-0.30999999999999944,0.0
290,202109020711,1,0,3,18,0,0,0,0,0,0,0,0,0,0,2,6,0,0,0,0,0,0,0,0,0,0,1,5,0,0,0,0,0,0,0,0,0.0,0.0,10.0,1.0,34.4,0.0,0.45454545454545453,0.0,0.0,10.0,3.0,35.0,0.2,0.7777777777777778,0.0,0.0,10.0,1.0,34.6,0.0,0.23076923076923078,0.0,-8.0,200.0,0.045454545454545456,0.13636363636363635,8,18,14.1,6.0,1428,156,1263,,,,,,,,,,,,,,,0.0,1.0,56.0,55.0,18.0,11.0,486.0,0.09090909090909091,-0.4444444444444444,0.0,,,-0.10000000000000142,0.0
291,202109020711,1,1,0,6,0,0,0,0,0,0,0,0,0,1,0,2,0,0,0,0,0,0,0,0,0,1,0,1,0,0,0,0,0,0,0,0,0.0,0.0,6.0,5.0,37.4,1.3,0.75,0.0,0.0,7.0,7.0,38.3,2.9,0.8571428571428571,0.0,0.0,11.0,7.0,38.1,2.0,1.0,1.0,-17.0,400.0,0.0,0.04,8,17,117.6,14.0,1393,107,1263,0.0,0.0,11.0,11.0,35.4,1.3,1.0,0.0,0.0,8.0,9.0,36.6,2.7,0.8,1.2,0.0,56.0,-1282.0,18.0,12.0,465.0,-0.16666666666666666,0.14285714285714285,-0.3333333333333333,-0.09090909090909091,0.0,0.4499999999999993,0.0
292,202109020803,2,0,1,3,2,1,0,5,0,0,0,0,1,0,0,0,0,0,0,2,0,0,0,0,0,0,0,0,0,0,0,0,0,0,0,0,0.0,0.0,9.0,10.0,35.9,3.2,1.0,0.0,0.0,15.0,16.0,44.9,8.0,0.3125,0.0,0.0,12.0,13.0,37.8,2.8,0.38461538461538464,1.5,-6.0,-200.0,0.0,0.038461538461538464,4,8,3.1,1.0,1507,1393,593,0.0,0.0,7.0,13.0,35.4,1.8,0.6153846153846154,0.0,0.0,1.0,1.0,34.2,0.0,0.4,-2.1,0.2,56.0,-1056.0,18.0,10.0,462.0,0.0,0.625,0.0,-0.07692307692307693,0.0,1.2899999999999991,0.0
293,202109020803,4,5,5,21,0,0,0,0,0,0,0,0,0,1,1,6,0,0,0,0,0,0,0,0,0,0,0,1,0,0,0,0,0,0,0,0,0.0,0.0,10.0,3.0,35.9,0.4,0.2777777777777778,0.0,0.0,10.0,2.0,35.6,0.2,0.125,0.0,0.0,10.0,3.0,36.9,0.0,0.13333333333333333,0.0,0.0,200.0,0.0,0.2,6,11,3.4,2.0,1393,302,1263,0.0,0.0,20.0,2.0,36.1,0.0,0.1875,0.0,0.0,40.0,3.0,35.4,0.1,0.05555555555555555,0.0,1.0,56.0,21.0,18.0,18.0,482.0,-0.1111111111111111,0.0,-0.06666666666666667,0.0,0.0,0.05,0.0
294,202109020803,0,0,0,0,1,0,1,5,0,0,0,0,0,0,0,0,1,0,0,2,0,0,0,0,0,0,0,0,0,0,0,1,0,0,0,0,0.0,0.0,110.0,5.0,34.4,0.6,0.9090909090909091,0.0,0.0,70.0,6.0,34.3,1.4,0.875,,,,,,,,1.0,-2.0,-200.0,0.0,0.13333333333333333,7,15,37.1,8.0,1629,1589,1428,,,,,,,,,,,,,,,1.0,0.0,56.0,134.0,18.0,11.0,484.0,-0.18181818181818182,0.0,,,,0.10000000000000142,0.0
295,202109020803,1,0,1,8,0,0,0,0,0,0,0,0,0,0,1,1,0,0,0,0,0,0,0,0,0,0,1,1,0,0,0,0,0,0,0,0,0.0,0.0,60.0,5.0,36.4,0.3,0.1111111111111111,0.0,0.0,60.0,7.0,36.0,1.0,0.8461538461538461,0.0,0.0,150.0,6.0,37.4,1.1,0.5882352941176471,0.5,0.0,-600.0,0.12727272727272726,0.2909090909090909,2,3,14.9,5.0,1729,1028,1428,,,,,,,,,,,,,,,0.5,0.0,56.0,35.0,18.0,9.0,460.0,0.0,-0.07692307692307693,-0.058823529411764705,,,-0.5,0.0
296,202109020803,0,0,0,1,0,1,1,13,0,0,0,0,0,0,0,0,0,0,1,4,0,0,0,0,0,0,0,0,0,0,1,2,0,0,0,0,0.0,0.0,20.0,2.0,33.1,0.1,0.7647058823529411,0.0,0.0,110.0,2.0,34.5,0.0,0.75,0.0,0.0,30.0,12.0,41.5,3.8,0.1875,5.0,0.0,0.0,0.0,0.1282051282051282,1,1,3.4,3.0,1186,1328,792,0.0,0.0,70.0,10.0,36.7,1.1,0.23076923076923078,0.0,0.0,80.0,6.0,36.0,0.8,0.5,1.6,0.4,56.0,22.0,18.0,17.0,454.0,-0.35294117647058826,-0.0625,0.125,-0.07692307692307693,0.125,-0.8,0.0
297,202109020803,9,20,10,89,0,1,0,0,0,1,0,0,5,5,3,21,0,0,0,0,0,0,0,0,2,3,1,12,0,0,0,0,0,0,0,0,0.0,0.0,12.0,14.0,37.8,1.9,0.875,0.0,0.0,12.0,7.0,39.7,1.0,0.1875,0.0,0.0,4.0,7.0,40.2,1.4,0.38461538461538464,-3.5,4.0,-200.0,0.1,0.1,4,7,25.1,7.0,1428,908,1263,0.0,0.0,13.0,11.0,37.2,0.8,0.25,0.0,0.0,10.0,7.0,37.8,0.7,0.15384615384615385,-1.0,0.0,54.0,-917.0,18.0,16.0,492.0,0.125,0.0,0.0,0.6875,0.0,0.25,0.0
298,202109020803,0,1,2,11,0,0,0,0,0,0,0,0,0,1,0,3,0,0,0,0,0,0,0,0,0,0,0,2,0,0,0,0,0,0,0,0,0.0,0.0,8.0,5.0,42.4,0.9,0.6,0.0,0.0,4.0,17.0,36.4,1.8,0.3888888888888889,0.0,0.0,8.0,9.0,35.3,1.5,0.16666666666666666,2.0,-5.0,200.0,0.0,0.0,2,4,52.9,9.0,1431,1210,1428,0.0,0.0,5.0,4.0,35.9,0.6,0.06666666666666667,0.0,0.0,9.0,7.0,35.3,0.5,0.6111111111111112,-0.9,0.0,54.0,-947.0,18.0,10.0,443.0,0.0,0.16666666666666666,0.05555555555555555,0.0,0.1111111111111111,1.4700000000000002,0.0
299,202109020803,0,0,0,3,0,0,0,1,0,0,0,1,0,0,0,0,0,0,0,0,0,0,0,0,0,0,0,0,0,0,0,0,0,0,0,0,0.0,0.0,2.0,3.0,40.0,1.5,0.2727272727272727,0.0,0.0,8.0,11.0,35.3,1.2,0.6666666666666666,0.0,0.0,11.0,7.0,37.6,0.7,0.3125,2.0,-5.0,200.0,0.04878048780487805,0.14634146341463414,3,5,64.6,10.0,1611,388,1263,0.0,0.0,8.0,8.0,38.9,1.7,0.4,0.0,0.0,10.0,7.0,35.8,0.5,0.2777777777777778,0.5,0.2,56.0,-227.0,18.0,11.0,511.0,-0.09090909090909091,0.0,-0.0625,-0.06666666666666667,0.05555555555555555,0.4800000000000004,0.0
300,202109020803,3,4,1,53,0,1,0,1,0,0,0,0,1,1,0,10,0,1,0,1,0,0,0,0,0,0,0,6,0,0,0,1,0,0,0,0,0.0,0.0,5.0,10.0,39.8,2.7,0.75,0.0,0.0,6.0,11.0,36.8,2.2,0.5,0.0,0.0,14.0,9.0,36.1,0.6,0.16666666666666666,-0.5,20.0,200.0,0.0,0.06896551724137931,5,10,189.7,14.0,1503,428,1263,0.0,0.0,3.0,10.0,41.2,2.5,0.3076923076923077,0.0,0.0,3.0,12.0,37.6,1.7,1.0,0.3,0.0,56.0,-279.0,18.0,12.0,474.0,-0.08333333333333333,0.0,0.0,0.07692307692307693,0.0,-1.4210854715202005e-15,0.0
301,202109020803,0,3,2,29,1,1,2,7,0,0,0,0,0,2,2,5,0,0,0,3,0,0,0,0,0,1,1,2,0,0,0,3,0,0,0,0,0.0,0.0,70.0,7.0,39.3,1.2,0.4166666666666667,0.0,0.0,150.0,14.0,40.0,3.7,0.875,0.0,0.0,130.0,15.0,35.6,1.1,1.0,4.0,-12.0,-400.0,0.03125,0.125,7,13,372.9,18.0,1736,1036,1482,0.0,0.0,100.0,13.0,37.1,1.7,0.7142857142857143,0.0,0.0,180.0,10.0,35.8,0.6,0.5,0.5,0.0,56.0,-1181.0,18.0,12.0,466.0,0.08333333333333333,0.0,0.0,-0.2857142857142857,-0.1111111111111111,0.9899999999999999,0.0
302,202109020803,9,20,10,89,0,0,0,2,0,0,0,1,5,5,3,21,0,0,0,0,0,0,0,0,2,3,1,12,0,0,0,0,0,0,0,0,0.0,0.0,7.0,5.0,36.5,0.7,0.7272727272727273,0.0,0.0,4.0,9.0,36.4,1.1,0.3,0.0,0.0,9.0,5.0,35.6,0.7,0.625,0.0,-2.0,-1000.0,0.0,0.0,8,16,10.5,4.0,1428,382,1263,0.0,0.0,7.0,4.0,36.3,0.2,0.3888888888888889,0.0,0.0,3.0,7.0,35.9,1.1,0.7777777777777778,-0.1,0.0,54.0,-315.0,18.0,11.0,416.0,-0.2727272727272727,0.3,-0.0625,-0.1111111111111111,-0.2777777777777778,0.13000000000000042,0.0
303,202109020803,2,2,3,24,0,0,0,0,0,0,0,0,1,0,2,7,0,0,0,0,0,0,0,0,0,0,1,7,0,0,0,0,0,0,0,0,0.0,0.0,9.0,11.0,39.9,2.8,0.6666666666666666,0.0,0.0,10.0,9.0,35.2,0.8,0.3888888888888889,0.0,0.0,5.0,14.0,34.7,0.7,0.5555555555555556,1.5,12.0,400.0,0.2,0.2,6,12,21.9,6.0,1152,494,1428,0.0,0.0,6.0,12.0,39.6,2.2,0.25,0.0,0.0,6.0,12.0,36.1,0.7,0.2777777777777778,0.5,0.0,54.0,-507.0,18.0,12.0,428.0,0.0,0.2222222222222222,0.05555555555555555,0.125,-0.1111111111111111,0.31999999999999956,0.0
304,202109020803,0,3,0,14,0,3,2,18,0,0,0,0,0,0,0,2,0,0,0,4,0,0,0,0,0,0,0,2,0,0,0,1,0,0,0,0,0.0,0.0,14.0,11.0,34.3,1.2,0.7777777777777778,0.0,0.0,12.0,10.0,35.8,0.9,0.2857142857142857,0.0,0.0,15.0,13.0,35.9,0.9,0.3888888888888889,1.0,6.0,400.0,0.047619047619047616,0.19047619047619047,1,2,208.0,15.0,1465,1559,1328,0.0,0.0,13.0,8.0,35.3,0.8,0.6666666666666666,0.0,0.0,11.0,14.0,35.8,1.4,0.5555555555555556,0.4,0.0,56.0,-132.0,18.0,18.0,442.0,-0.05555555555555555,0.0,0.1111111111111111,-0.1111111111111111,0.0,-0.25,0.0
305,202109020803,4,4,5,38,4,5,3,30,0,0,0,3,1,0,2,9,2,1,0,6,0,0,0,0,0,0,0,7,0,0,0,3,0,0,0,0,0.0,0.0,,,,,,0.0,0.0,100.0,12.0,36.2,1.7,0.5555555555555556,0.0,0.0,120.0,12.0,37.0,2.2,0.2777777777777778,0.0,,700.0,0.02631578947368421,0.02631578947368421,3,6,174.9,13.0,1716,1428,1167,0.0,0.0,130.0,14.0,36.2,1.3,0.5,0.0,0.0,30.0,7.0,39.1,2.3,0.875,-1.3,0.0,55.0,-395.0,18.0,11.0,,,0.0,0.0,0.0,-0.125,-0.7899999999999998,0.0
306,202109020803,4,4,5,38,0,1,1,19,0,0,0,2,1,0,2,9,0,0,1,6,0,0,0,1,0,0,0,7,0,0,0,4,0,0,0,1,0.0,0.0,10.0,10.0,38.6,1.6,0.25,0.0,0.0,9.0,7.0,36.5,0.9,0.2857142857142857,0.0,0.0,5.0,4.0,35.4,0.3,0.07142857142857142,-3.0,5.0,700.0,,,7,14,290.9,16.0,1716,1618,1167,0.0,0.0,6.0,2.0,35.2,0.1,0.21428571428571427,0.0,0.0,13.0,5.0,35.6,0.6,0.2857142857142857,-1.5,0.2,51.0,-936.0,18.0,12.0,437.0,0.08333333333333333,0.07142857142857142,0.0,-0.07142857142857142,0.0,0.7299999999999998,0.0
307,202109020803,4,4,5,38,0,0,2,17,0,0,0,0,1,0,2,9,0,0,0,6,0,0,0,0,0,0,0,7,0,0,0,3,0,0,0,0,0.0,0.0,60.0,12.0,35.1,1.4,0.8333333333333334,,,,,,,,,,,,,,,,,200.0,0.05357142857142857,0.19642857142857142,5,9,98.2,11.0,1716,1306,1167,,,,,,,,,,,,,,,,0.0,56.0,21.0,18.0,18.0,438.0,0.0,,,,,,
308,202109020803,6,3,1,20,0,0,0,0,0,0,0,0,0,0,0,3,0,0,0,0,0,0,0,0,0,0,0,2,0,0,0,0,0,0,0,0,0.0,0.0,10.0,2.0,41.3,0.7,0.09090909090909091,0.0,0.0,110.0,10.0,35.3,0.8,0.1111111111111111,0.0,0.0,70.0,5.0,37.4,0.7,0.07142857142857142,1.5,10.0,200.0,0.06557377049180328,0.18032786885245902,8,18,357.8,17.0,1304,1144,1503,0.0,0.0,90.0,5.0,36.7,0.9,0.21428571428571427,0.0,0.0,120.0,5.0,38.0,0.8,0.26666666666666666,0.1,0.2,54.0,-1192.0,18.0,11.0,472.0,0.0,0.0,0.0,0.0,0.0,0.5199999999999989,0.0
309,202109020803,0,0,0,13,0,0,0,2,0,0,0,0,0,0,0,5,0,0,0,0,0,0,0,0,0,0,0,3,0,0,0,0,0,0,0,0,0.0,0.0,10.0,10.0,40.4,2.7,0.8333333333333334,0.0,0.0,12.0,5.0,38.9,1.9,0.21428571428571427,0.0,0.0,3.0,8.0,36.3,2.1,0.5,-1.0,-4.0,100.0,0.0,0.0,8,17,141.6,12.0,1036,1260,1108,0.0,0.0,8.0,2.0,36.5,0.1,0.3333333333333333,0.0,0.0,12.0,18.0,38.5,3.4,0.3888888888888889,1.3,0.2,54.0,-733.0,18.0,12.0,406.0,-0.08333333333333333,0.07142857142857142,0.25,0.0,0.0,0.6199999999999996,0.0
310,202109020910,13,17,22,145,3,3,6,27,1,0,3,8,3,3,6,37,1,2,3,6,0,0,2,0,1,0,1,4,0,1,1,1,0,0,0,0,0.0,0.0,10.0,1.0,34.9,0.0,0.5714285714285714,0.0,0.0,10.0,3.0,36.7,0.4,0.18181818181818182,0.0,0.0,20.0,2.0,34.7,0.0,0.35714285714285715,0.5,0.0,-200.0,0.061224489795918366,0.2653061224489796,8,11,1.7,1.0,1691,1362,1167,0.0,0.0,10.0,2.0,32.7,0.2,0.8888888888888888,0.0,0.0,10.0,2.0,35.5,0.2,0.4166666666666667,0.1,1.0,57.0,167.0,11.0,14.0,502.0,-0.07142857142857142,0.18181818181818182,-0.14285714285714285,-0.05555555555555555,0.0,0.2799999999999997,0.0
311,202109020910,72,56,56,283,2,0,1,3,2,0,1,0,22,14,20,91,0,0,0,2,0,0,0,0,1,0,0,6,0,0,0,0,0,0,0,0,0.0,0.0,2.0,2.0,34.3,0.8,0.5454545454545454,0.0,0.0,1.0,1.0,35.1,0.0,0.2,0.0,0.0,2.0,3.0,33.8,0.2,0.26666666666666666,0.5,-4.0,0.0,0.04477611940298507,0.13432835820895522,7,8,3.9,2.0,1428,259,1263,0.0,0.0,1.0,5.0,35.2,0.6,0.3333333333333333,0.0,0.0,1.0,4.0,35.1,0.6,0.375,0.8,0.6,57.0,0.0,11.0,11.0,560.0,-0.09090909090909091,0.0,0.06666666666666667,0.16666666666666666,0.0,-0.17000000000000098,0.0
312,202109020910,2,10,8,65,3,3,4,28,0,1,0,1,0,2,0,11,1,1,1,7,0,0,0,0,0,1,0,1,0,0,0,0,0,0,0,0,0.0,0.0,15.0,13.0,36.8,1.3,0.8125,0.0,0.0,16.0,7.0,34.3,1.3,0.7222222222222222,0.0,0.0,15.0,6.0,36.9,0.7,0.625,-3.5,-10.0,200.0,0.0,0.125,8,10,79.4,9.0,1172,324,1556,0.0,0.0,15.0,15.0,35.7,1.6,0.4,0.0,0.0,7.0,7.0,38.2,1.2,0.42857142857142855,-0.4,0.0,57.0,-1254.0,11.0,16.0,482.0,-0.125,0.0,-0.0625,0.0,0.0,-0.4200000000000017,0.0
313,202109020910,0,2,0,0,1,2,1,7,0,2,0,0,0,0,0,0,0,0,0,4,0,0,0,0,0,0,0,0,0,0,0,1,0,0,0,0,0.0,0.0,3.0,4.0,34.9,1.0,0.18181818181818182,0.0,0.0,2.0,9.0,36.7,0.7,0.3,0.0,0.0,4.0,4.0,37.3,1.6,0.2,0.0,-8.0,0.0,0.047619047619047616,0.14285714285714285,7,9,6.6,3.0,1225,1574,1263,0.0,0.0,3.0,2.0,35.3,0.0,0.3333333333333333,0.0,0.0,6.0,8.0,37.3,1.1,0.08333333333333333,0.1,0.2,57.0,0.0,11.0,11.0,494.0,0.0,0.0,0.0,0.0,0.0,-0.33999999999999914,0.0
314,202109020910,30,18,29,175,3,2,1,25,1,0,1,2,8,3,6,44,0,0,0,6,0,0,0,0,1,0,1,5,0,0,0,0,0,0,0,0,0.0,0.0,14.0,12.0,38.8,1.7,0.2,0.0,0.0,8.0,9.0,33.8,1.0,0.8888888888888888,0.0,0.0,12.0,10.0,34.8,1.0,0.16666666666666666,-1.0,-6.0,-200.0,0.0,0.06666666666666667,1,1,23.6,6.0,1503,1104,1263,0.0,0.0,9.0,10.0,34.6,1.5,0.7,0.0,0.0,16.0,16.0,35.7,2.5,0.9375,0.9,0.0,55.0,-483.0,11.0,15.0,498.0,0.06666666666666667,0.0,0.0,0.1,0.0625,0.5399999999999985,0.0
315,202109020910,6,6,3,68,0,0,0,1,0,0,0,1,2,2,1,26,0,0,0,1,0,0,0,1,0,1,0,1,0,0,0,0,0,0,0,0,0.0,0.0,12.0,11.0,35.7,1.8,0.4166666666666667,0.0,0.0,13.0,11.0,36.3,1.0,0.8461538461538461,0.0,0.0,15.0,12.0,36.7,1.6,0.5333333333333333,0.5,6.0,-400.0,0.13095238095238096,0.44047619047619047,4,4,10.1,4.0,1431,697,1428,0.0,0.0,9.0,12.0,38.8,3.5,0.75,0.0,0.0,12.0,12.0,34.1,0.7,0.8333333333333334,0.3,0.0,55.0,-308.0,11.0,12.0,490.0,0.08333333333333333,0.07692307692307693,0.13333333333333333,0.08333333333333333,-0.16666666666666666,0.07000000000000028,0.0
316,202109020910,15,21,14,131,3,1,4,18,0,0,1,1,8,9,6,47,2,0,2,7,0,0,1,1,1,3,0,4,0,0,0,0,0,0,0,0,0.0,0.0,10.0,10.0,35.0,1.2,0.7,0.0,0.0,8.0,6.0,34.9,0.8,0.4444444444444444,0.0,0.0,12.0,11.0,34.7,0.7,0.75,0.5,6.0,0.0,0.08333333333333333,0.23333333333333334,6,6,55.5,7.0,1393,199,1263,0.0,0.0,9.0,11.0,37.9,2.2,1.0,0.0,0.0,8.0,2.0,35.0,0.0,0.75,-1.1,0.2,55.0,-281.0,11.0,10.0,462.0,0.1,0.0,0.08333333333333333,0.0,0.0,-0.3,0.0
317,202109020910,1,1,0,14,0,0,0,1,0,0,0,0,1,1,0,3,0,0,0,0,0,0,0,0,0,0,0,0,0,0,0,0,0,0,0,0,0.0,0.0,11.0,16.0,34.9,2.0,0.5,0.0,0.0,13.0,2.0,34.4,0.4,0.5,0.0,0.0,14.0,16.0,35.8,2.0,0.375,0.0,-2.0,200.0,0.10714285714285714,0.3392857142857143,6,7,15.0,5.0,1548,124,1328,0.0,0.0,12.0,7.0,35.0,0.9,0.7692307692307693,0.0,0.0,10.0,11.0,35.6,1.3,0.8181818181818182,-0.5,0.2,55.0,-287.0,11.0,16.0,476.0,0.125,-0.14285714285714285,0.1875,0.07692307692307693,0.09090909090909091,-0.2000000000000007,0.0
318,202109020910,0,0,0,1,0,0,0,3,0,0,0,1,0,0,0,1,0,0,0,2,0,0,0,1,0,0,0,1,0,0,0,1,0,0,0,1,0.0,0.0,80.0,9.0,34.9,2.0,0.5555555555555556,0.0,0.0,80.0,5.0,42.3,0.9,0.38461538461538464,0.0,0.0,70.0,7.0,36.6,2.1,0.6666666666666666,-1.0,-1.0,-200.0,0.0,0.0,5,5,57.3,8.0,1312,1070,1263,0.0,0.0,80.0,9.0,34.7,1.5,0.8181818181818182,0.0,0.0,110.0,7.0,33.9,1.0,0.5454545454545454,0.0,0.0,57.0,-112.0,11.0,9.0,506.0,0.1111111111111111,-0.07692307692307693,0.0,-0.09090909090909091,0.0,0.9599999999999994,0.0
319,202109020910,7,10,8,92,1,0,1,12,0,0,0,1,1,1,0,32,0,0,0,3,0,0,0,0,0,0,0,1,0,0,0,1,0,0,0,0,0.0,0.0,7.0,9.0,44.3,7.9,0.8888888888888888,0.0,0.0,16.0,16.0,35.8,2.2,1.0,0.0,0.0,13.0,12.0,34.8,1.7,0.9230769230769231,1.5,36.0,0.0,0.07608695652173914,0.2717391304347826,2,2,174.4,10.0,1736,1650,1482,0.0,0.0,12.0,9.0,34.4,0.7,0.8461538461538461,0.0,0.0,10.0,10.0,35.7,2.0,0.2727272727272727,-0.5,0.0,57.0,-625.0,11.0,9.0,514.0,0.1111111111111111,0.0,0.0,0.0,0.0,1.8599999999999988,0.0
320,202109020910,0,3,0,15,1,3,1,28,0,1,0,4,0,2,0,3,0,0,1,11,0,0,0,0,0,0,0,0,0,0,1,1,0,0,0,0,0.0,0.0,11.0,11.0,35.9,1.3,0.7272727272727273,0.0,0.0,10.0,12.0,39.9,3.4,0.4166666666666667,0.0,0.0,8.0,5.0,34.2,0.6,0.6666666666666666,-3.0,6.0,-400.0,0.0,0.0,3,3,227.9,11.0,1655,1186,239,0.0,0.0,10.0,9.0,34.7,0.9,0.6,0.0,0.0,13.0,14.0,37.8,3.4,0.5,0.3,0.0,57.0,-393.0,11.0,11.0,540.0,0.09090909090909091,0.0,-0.1111111111111111,0.4,0.35714285714285715,0.13999999999999985,0.0
321,202109021004,19,19,15,86,15,27,17,118,3,6,1,7,3,4,1,29,1,4,6,32,0,1,0,2,1,0,0,2,1,2,5,11,0,0,0,1,0.0,0.0,9.0,10.0,35.7,1.0,0.8888888888888888,0.0,0.0,7.0,6.0,33.3,0.3,0.3076923076923077,0.0,0.0,13.0,11.0,33.5,0.8,0.6875,0.5,12.0,0.0,0.12790697674418605,0.4418604651162791,6,12,1.7,1.0,1167,1428,460,0.0,0.0,7.0,5.0,33.6,0.4,0.8333333333333334,0.0,0.0,8.0,9.0,34.8,1.6,0.6,-0.3,0.0,54.0,-986.0,18.0,18.0,464.0,0.05555555555555555,0.0,0.125,0.08333333333333333,0.3333333333333333,0.15000000000000072,0.0
322,202109021004,72,56,56,283,0,0,0,1,0,0,0,0,22,14,20,91,0,0,0,0,0,0,0,0,3,3,4,9,0,0,0,0,0,0,0,0,0.0,0.0,2.0,7.0,35.8,0.7,0.3333333333333333,0.0,0.0,1.0,2.0,33.4,0.1,0.17647058823529413,0.0,0.0,1.0,2.0,34.9,0.7,0.25,-2.5,4.0,-200.0,0.05172413793103448,0.1896551724137931,5,10,5.9,2.0,1428,982,1263,0.0,0.0,1.0,6.0,35.1,1.0,0.5333333333333333,0.0,0.0,2.0,2.0,34.0,0.3,0.6111111111111112,-0.6,0.6,54.0,-126.0,18.0,15.0,448.0,-0.06666666666666667,0.0,-0.125,0.06666666666666667,-0.1111111111111111,0.18999999999999914,0.0
323,202109021004,72,56,56,283,0,1,0,3,0,0,0,0,22,14,20,91,0,0,0,2,0,0,0,0,3,3,4,9,0,0,0,2,0,0,0,0,0.0,0.0,8.0,9.0,34.4,0.8,0.8571428571428571,0.0,0.0,15.0,12.0,34.7,0.8,0.5625,0.0,0.0,10.0,9.0,36.1,0.8,0.3125,0.0,2.0,0.0,0.10344827586206896,0.3275862068965517,7,15,6.7,3.0,1428,79,1263,0.0,0.0,9.0,4.0,34.0,0.9,0.6153846153846154,0.0,0.0,6.0,7.0,33.4,0.6,0.5,-1.2,0.0,54.0,-741.0,18.0,14.0,472.0,0.07142857142857142,-0.0625,0.125,0.0,0.2,0.2700000000000003,0.0
324,202109021004,4,10,9,68,0,0,1,1,0,0,1,1,1,1,3,24,0,0,1,0,0,0,1,0,0,1,0,8,0,0,0,0,0,0,0,0,0.0,0.0,5.0,9.0,35.4,1.6,0.8888888888888888,0.0,0.0,6.0,5.0,34.6,0.4,0.3,0.0,0.0,7.0,6.0,35.0,0.8,0.4166666666666667,-1.5,0.0,200.0,0.07446808510638298,0.26595744680851063,1,2,11.2,4.0,1304,1465,1503,0.0,0.0,7.0,11.0,34.5,1.8,0.7272727272727273,0.0,0.0,16.0,15.0,34.9,1.1,0.4444444444444444,1.8,0.0,54.0,-371.0,18.0,9.0,448.0,0.0,0.0,0.0,0.0,-0.1111111111111111,0.11000000000000014,0.0
325,202109021004,4,10,9,68,4,0,1,5,0,0,0,0,1,1,3,24,1,0,0,3,0,0,0,0,0,1,0,8,0,0,0,0,0,0,0,0,0.0,0.0,3.0,1.0,41.2,0.0,0.25,0.0,0.0,1.0,3.0,35.2,0.3,0.4,0.0,0.0,1.0,3.0,34.3,0.2,0.9285714285714286,1.0,-4.0,-270.0,0.023255813953488372,0.18604651162790697,3,6,13.4,6.0,1304,910,1503,0.0,0.0,2.0,2.0,34.5,0.3,0.1111111111111111,0.0,0.0,4.0,2.0,34.1,0.2,0.16666666666666666,0.1,1.0,54.0,-359.0,18.0,8.0,504.0,0.0,0.0,0.07142857142857142,0.05555555555555555,-0.05555555555555555,1.4900000000000007,0.0
326,202109021004,8,8,21,150,15,18,23,125,0,0,1,12,0,3,3,31,5,3,2,28,0,0,0,1,0,1,1,9,2,1,1,7,0,0,0,1,0.0,0.0,6.0,13.0,38.9,2.1,0.5333333333333333,0.0,0.0,2.0,11.0,43.8,2.4,0.125,0.0,0.0,7.0,6.0,34.9,0.8,0.2222222222222222,-3.5,-4.0,400.0,0.0,0.1,8,18,29.5,7.0,1506,1167,199,0.0,0.0,7.0,3.0,34.0,0.9,0.4117647058823529,0.0,0.0,16.0,4.0,35.7,0.3,0.7777777777777778,-2.6,0.2,54.0,-41.0,18.0,15.0,436.0,-0.06666666666666667,0.0,-0.05555555555555555,-0.11764705882352941,0.0,1.6199999999999988,0.0
327,202109021004,72,56,56,283,3,3,4,28,0,1,1,9,22,14,20,91,1,1,1,7,0,0,0,3,3,3,4,9,1,0,0,2,0,0,0,0,0.0,0.0,13.0,11.0,36.6,1.1,0.4375,0.0,0.0,11.0,8.0,37.5,0.9,0.25,0.0,0.0,13.0,14.0,38.0,1.3,0.1875,1.5,6.0,-200.0,0.030303030303030304,0.12121212121212122,4,8,188.2,14.0,1428,324,1263,0.0,0.0,14.0,15.0,36.6,1.0,0.3125,0.0,0.0,5.0,11.0,38.5,1.9,0.14285714285714285,0.7,0.0,54.0,-664.0,18.0,16.0,420.0,-0.0625,0.0,0.125,0.1875,0.07142857142857142,-0.28999999999999987,0.0
328,202109021004,0,0,1,1,0,0,0,2,0,0,0,0,0,0,0,1,0,0,0,0,0,0,0,0,0,0,0,0,0,0,0,0,0,0,0,0,0.0,0.0,3.0,6.0,38.7,0.6,0.75,0.0,0.0,4.0,13.0,36.7,1.4,0.2222222222222222,0.0,0.0,7.0,3.0,35.5,0.4,0.5,-1.5,10.0,400.0,0.08823529411764706,0.29411764705882354,6,11,75.6,9.0,338,35,324,0.0,0.0,8.0,8.0,36.1,1.3,0.13333333333333333,0.0,0.0,9.0,8.0,35.0,1.2,0.3888888888888889,-0.1,0.2,54.0,-219.0,18.0,12.0,494.0,-0.08333333333333333,0.3888888888888889,0.05555555555555555,0.2,0.1111111111111111,0.8000000000000007,0.0
329,202109021004,72,56,56,283,3,3,4,28,0,1,1,9,22,14,20,91,1,1,1,7,0,0,0,3,3,3,4,9,1,0,0,2,0,0,0,0,0.0,0.0,11.0,13.0,37.9,1.6,0.875,0.0,0.0,12.0,10.0,37.0,1.8,0.9333333333333333,0.0,0.0,13.0,4.0,38.9,0.9,0.25,-4.5,-10.0,-200.0,0.0,0.0,5,9,136.7,10.0,1428,324,1263,0.0,0.0,16.0,14.0,36.7,2.0,0.5,0.0,0.0,14.0,11.0,39.1,1.7,0.5333333333333333,0.0,0.0,51.0,-972.0,18.0,16.0,442.0,-0.125,0.0,-0.0625,0.0625,0.2,-0.21000000000000085,0.0
330,202109021004,4,10,9,68,9,3,4,53,2,0,0,1,1,1,3,24,4,1,0,18,1,0,0,0,0,1,0,8,1,1,0,4,0,0,0,0,0.0,0.0,6.0,5.0,42.4,1.8,0.25,0.0,0.0,12.0,13.0,38.6,3.8,0.7692307692307693,0.0,0.0,8.0,10.0,39.9,2.1,0.2,2.5,25.0,100.0,0.0784313725490196,0.27450980392156865,8,16,74.7,8.0,1304,1306,1503,0.0,0.0,15.0,16.0,34.3,1.3,0.7777777777777778,0.0,0.0,14.0,14.0,34.7,0.7,0.4444444444444444,2.1,0.0,54.0,-879.0,18.0,12.0,477.0,-0.08333333333333333,0.0,0.0,0.1111111111111111,-0.05555555555555555,1.9699999999999995,0.0
331,202109021004,8,16,9,65,8,16,10,107,0,1,1,7,4,4,1,14,2,6,1,33,0,1,1,3,3,2,1,9,1,1,1,7,0,0,1,2,0.0,0.0,7.0,3.0,40.4,0.7,0.25,0.0,0.0,12.0,11.0,40.6,3.1,0.5,0.0,0.0,10.0,9.0,35.0,0.6,0.8125,3.0,0.0,100.0,0.08695652173913043,0.21739130434782608,2,4,12.0,5.0,1098,1013,1294,0.0,0.0,7.0,12.0,40.4,2.7,0.8125,0.0,0.0,5.0,11.0,35.5,1.4,0.2777777777777778,1.7,0.2,54.0,-606.0,18.0,12.0,442.0,0.0,0.35714285714285715,-0.0625,-0.0625,-0.1111111111111111,1.0,0.0
332,202109021004,8,16,9,65,15,18,23,125,3,3,2,5,4,4,1,14,5,3,2,28,1,0,0,3,3,2,1,9,2,1,1,7,1,0,0,1,0.0,0.0,12.0,10.0,34.8,0.7,0.7222222222222222,0.0,0.0,14.0,13.0,37.3,1.4,0.9375,0.0,0.0,12.0,12.0,35.8,1.7,0.2777777777777778,1.0,-2.0,400.0,0.06060606060606061,0.3333333333333333,4,7,155.1,12.0,1098,1167,1294,0.0,0.0,8.0,10.0,35.9,0.9,0.625,0.0,0.0,4.0,6.0,37.6,1.6,0.7,-1.1,0.0,54.0,-118.0,18.0,18.0,390.0,-0.16666666666666666,0.0,-0.1111111111111111,0.25,-0.1,-0.420000000000001,0.0
333,202109021004,4,1,0,10,0,0,2,4,0,0,0,0,1,1,0,3,0,0,0,0,0,0,0,0,0,1,0,2,0,0,0,0,0,0,0,0,0.0,0.0,3.0,8.0,42.1,1.9,0.18181818181818182,0.0,0.0,4.0,11.0,38.9,1.4,0.0625,0.0,0.0,4.0,4.0,39.1,0.5,0.0625,-2.0,10.0,-200.0,0.045454545454545456,0.13636363636363635,2,3,150.7,11.0,314,61,324,0.0,0.0,6.0,2.0,36.4,0.2,0.0625,0.0,0.0,4.0,7.0,37.0,0.8,0.375,-1.1,0.2,54.0,-527.0,18.0,11.0,502.0,0.0,0.0,0.0,0.0,0.0625,1.2700000000000002,0.0
334,202109021004,4,2,3,33,1,0,2,7,0,0,1,0,1,1,1,14,0,0,0,2,0,0,0,0,1,1,0,5,0,0,0,1,0,0,0,0,0.0,0.0,8.0,8.0,42.9,3.3,0.4,0.0,0.0,13.0,8.0,36.7,2.0,0.2777777777777778,0.0,0.0,15.0,14.0,35.5,2.0,0.7222222222222222,3.0,-2.0,200.0,0.0,0.0,7,14,190.3,15.0,1729,1221,1428,0.0,0.0,8.0,12.0,36.0,1.4,0.75,0.0,0.0,16.0,3.0,34.5,0.5,0.7058823529411765,-0.6,0.2,54.0,-186.0,18.0,10.0,390.0,0.2,0.1111111111111111,-0.1111111111111111,-0.0625,-0.23529411764705882,1.75,0.0
335,202109021004,0,0,0,8,8,16,10,107,0,0,0,1,0,0,0,0,2,6,1,33,0,0,0,0,0,0,0,0,1,1,1,7,0,0,0,0,0.0,0.0,13.0,15.0,35.5,2.2,1.0,,,,,,,,,,,,,,,,,0.0,0.0425531914893617,0.19148936170212766,1,1,170.6,13.0,1601,1013,239,,,,,,,,,,,,,,,,0.0,54.0,0.0,18.0,18.0,420.0,-0.1111111111111111,,,,,,
336,202109021004,5,4,5,33,1,0,0,1,0,0,0,0,2,1,1,10,0,0,0,0,0,0,0,0,1,0,1,2,0,0,0,0,0,0,0,0,0.0,0.0,16.0,16.0,35.7,2.2,0.7222222222222222,0.0,0.0,14.0,16.0,35.9,3.5,0.8125,,,,,,,,0.0,-8.0,0.0,0.0,0.0,3,5,194.4,16.0,1657,1322,1317,,,,,,,,,,,,,,,0.0,0.0,54.0,0.0,18.0,18.0,424.0,-0.1111111111111111,0.125,,,,-0.19999999999999574,0.0
337,202109021004,2,10,8,65,5,8,3,57,0,0,0,1,0,2,0,11,0,1,1,14,0,0,0,0,0,0,0,4,0,0,0,2,0,0,0,0,0.0,0.0,9.0,9.0,41.3,1.4,0.5833333333333334,0.0,0.0,13.0,16.0,37.8,2.6,0.5882352941176471,0.0,0.0,12.0,11.0,39.0,1.7,0.6875,1.0,4.0,200.0,0.0,0.14634146341463414,8,17,287.9,18.0,1172,1235,1556,0.0,0.0,15.0,6.0,38.7,0.9,0.875,0.0,0.0,11.0,6.0,39.8,1.3,1.0,-1.6,0.0,54.0,-1172.0,18.0,12.0,444.0,0.08333333333333333,0.29411764705882354,0.0,0.0,-0.07692307692307693,0.20999999999999944,0.0
338,202109021004,7,1,2,25,0,0,0,5,0,0,0,1,1,0,0,10,0,0,0,0,0,0,0,0,0,0,0,2,0,0,0,0,0,0,0,0,0.0,0.0,9.0,11.0,44.9,6.3,0.8333333333333334,0.0,0.0,17.0,18.0,36.9,3.9,0.8888888888888888,0.0,0.0,8.0,18.0,36.4,2.8,0.8888888888888888,3.5,0.0,-200.0,0.0,0.0,7,13,225.7,17.0,1463,791,1167,,,,,,,,,,,,,,,3.5,0.0,54.0,-6.0,18.0,12.0,464.0,0.16666666666666666,0.1111111111111111,0.0,,,4.25,0.0
339,202109021011,30,21,26,197,0,1,0,35,0,0,0,12,6,6,8,71,0,1,0,10,0,0,0,5,1,0,1,16,0,0,0,3,0,0,0,3,0.0,0.0,16.0,16.0,36.9,2.3,0.4375,0.0,0.0,15.0,14.0,34.3,1.2,0.9444444444444444,0.0,0.0,14.0,14.0,38.1,2.4,0.6875,-1.0,-4.0,0.0,0.045454545454545456,0.18181818181818182,3,5,5.2,2.0,1716,1503,1167,0.0,0.0,12.0,15.0,46.2,12.0,0.4666666666666667,0.0,0.0,13.0,13.0,36.0,1.8,0.13333333333333333,-0.5,0.0,56.0,-566.0,16.0,16.0,474.0,0.1875,0.0,0.25,0.26666666666666666,0.0,-1.010000000000001,0.0
340,202109021011,72,56,56,283,1,0,0,0,1,0,0,0,22,14,20,91,0,0,0,0,0,0,0,0,7,3,5,33,0,0,0,0,0,0,0,0,0.0,0.0,1.0,,,,0.1111111111111111,0.0,0.0,3.0,2.0,13.5,0.1,0.1111111111111111,0.0,0.0,5.0,5.0,13.7,2.0,0.3333333333333333,3.0,0.0,-1310.0,0.12941176470588237,0.43529411764705883,3,6,5.8,3.0,1428,908,1263,0.0,0.0,18.0,16.0,34.7,1.0,0.5555555555555556,0.0,0.0,17.0,15.0,34.9,1.3,0.6111111111111112,5.0,0.25,56.0,-763.0,16.0,9.0,458.0,0.0,0.0,0.1111111111111111,0.2222222222222222,0.0,-8.52,0.0
341,202109021011,30,21,26,197,1,0,1,6,0,0,0,0,6,6,8,71,1,0,1,3,0,0,0,0,1,0,1,16,0,0,0,2,0,0,0,0,0.0,0.0,18.0,16.0,34.0,1.1,0.9444444444444444,0.0,0.0,15.0,11.0,36.1,1.1,0.1875,0.0,0.0,7.0,15.0,33.8,1.8,0.9333333333333333,-0.5,10.0,200.0,0.0,0.06666666666666667,2,4,27.6,9.0,1716,815,1167,0.0,0.0,16.0,12.0,34.1,0.7,0.625,0.0,0.0,15.0,5.0,34.5,0.3,0.5625,-2.1,0.0,56.0,-916.0,16.0,18.0,468.0,0.05555555555555555,0.0625,-0.13333333333333333,0.0,0.0625,0.1,0.0
342,202109021011,19,19,15,86,14,5,15,161,6,1,2,20,3,4,1,29,1,0,2,42,0,0,0,6,0,1,0,8,0,0,0,11,0,0,0,0,0.0,0.0,12.0,14.0,36.7,1.7,0.125,0.0,0.0,9.0,14.0,35.6,1.7,0.2,0.0,0.0,9.0,13.0,36.9,1.9,0.26666666666666666,-0.5,6.0,0.0,0.07526881720430108,0.26881720430107525,4,8,34.7,11.0,1167,1263,460,0.0,0.0,13.0,15.0,36.0,1.9,0.3125,0.0,0.0,11.0,2.0,35.0,0.1,0.1875,-2.3,0.2,56.0,-620.0,16.0,16.0,504.0,0.0,0.0,-0.06666666666666667,0.0625,-0.0625,0.3000000000000007,0.0
343,202109021011,19,19,15,86,5,4,3,28,1,1,1,0,3,4,1,29,1,1,0,10,0,0,0,0,0,1,0,8,0,1,0,2,0,0,0,0,0.0,0.0,10.0,1.0,33.1,0.0,0.5,0.0,0.0,10.0,1.0,34.5,0.0,0.38461538461538464,0.0,0.0,10.0,1.0,33.7,0.0,0.47058823529411764,0.0,6.0,0.0,0.08,0.28,5,10,2.7,1.0,1167,1708,460,0.0,0.0,20.0,2.0,33.7,0.3,0.6923076923076923,0.0,0.0,20.0,3.0,33.0,0.1,1.0,0.5,1.0,56.0,36.0,16.0,14.0,498.0,0.0,-0.23076923076923078,0.0,-0.15384615384615385,0.0,0.1,0.0
344,202109021011,1,7,4,31,10,4,8,94,0,0,0,0,1,2,3,4,2,0,5,21,0,0,0,0,0,0,1,0,0,0,1,3,0,0,0,0,0.0,0.0,130.0,8.0,33.8,0.8,0.8823529411764706,0.0,0.0,170.0,8.0,34.0,0.6,0.7777777777777778,0.0,0.0,120.0,8.0,33.9,0.8,0.6875,0.0,-4.0,200.0,0.10526315789473684,0.3333333333333333,7,14,71.1,12.0,1465,1183,1328,0.0,0.0,50.0,11.0,34.0,0.5,0.8235294117647058,0.0,0.0,60.0,1.0,34.9,0.0,0.7222222222222222,-1.1,0.2,56.0,56.0,16.0,17.0,430.0,0.0,-0.1111111111111111,0.0,0.0,0.05555555555555555,-0.22000000000000028,0.0
345,202109021011,72,56,56,283,0,0,0,3,0,0,0,2,22,14,20,91,0,0,0,0,0,0,0,0,7,3,5,33,0,0,0,0,0,0,0,0,0.0,0.0,7.0,13.0,35.8,0.7,0.05555555555555555,0.0,0.0,6.0,16.0,50.4,13.3,0.1875,0.0,0.0,17.0,10.0,37.2,1.7,0.35294117647058826,-1.5,8.0,-400.0,0.09090909090909091,0.30303030303030304,8,16,14.4,6.0,1428,332,1263,0.0,0.0,7.0,4.0,34.3,0.2,0.3,0.0,0.0,12.0,5.0,35.2,0.8,0.23076923076923078,-2.8,0.0,57.0,-594.0,16.0,18.0,514.0,0.0,0.75,0.11764705882352941,0.0,-0.07692307692307693,1.729999999999999,0.0
346,202109021011,19,19,15,86,14,5,15,161,6,1,2,20,3,4,1,29,1,0,2,42,0,0,0,6,0,1,0,8,0,0,0,11,0,0,0,0,0.0,0.0,11.0,10.0,35.8,1.3,0.6875,0.0,0.0,7.0,9.0,38.2,2.0,0.5,0.0,0.0,8.0,9.0,34.9,1.2,0.8125,-0.5,11.0,0.0,0.0,0.038461538461538464,1,2,7.1,4.0,1167,1263,460,0.0,0.0,11.0,9.0,37.1,1.7,0.5,0.0,0.0,2.0,2.0,36.5,0.2,0.3125,-1.6,0.2,56.0,-566.0,16.0,16.0,488.0,0.0625,0.0,-0.0625,0.0,0.0,-0.030000000000000426,0.0
347,202109021011,13,17,22,145,7,5,8,98,0,0,2,18,3,3,6,37,1,2,1,36,0,0,0,6,0,0,1,2,0,0,0,5,0,0,0,1,0.0,0.0,8.0,10.0,36.7,2.3,0.8,0.0,0.0,18.0,18.0,35.1,2.1,0.2222222222222222,0.0,0.0,18.0,16.0,34.1,1.3,0.8333333333333334,3.0,2.0,200.0,0.046511627906976744,0.13953488372093023,7,13,34.3,10.0,1691,1556,1167,0.0,0.0,8.0,7.0,34.2,1.1,0.45454545454545453,0.0,0.0,12.0,2.0,34.3,0.0,0.6,-2.7,0.2,56.0,-1231.0,16.0,10.0,454.0,0.2,0.0,0.16666666666666666,0.0,0.0,0.570000000000001,0.0
348,202109021011,3,3,1,46,1,3,1,13,0,0,0,3,0,0,0,16,0,2,0,3,0,0,0,2,0,0,0,6,0,0,0,2,0,0,0,2,0.0,0.0,3.0,8.0,41.9,1.3,0.8181818181818182,0.0,0.0,8.0,5.0,13.3,0.8,0.5,0.0,0.0,8.0,1.0,13.5,0.0,0.35714285714285715,-3.5,25.0,0.0,0.043478260869565216,0.1956521739130435,6,11,127.4,15.0,1036,1301,1108,0.0,0.0,3.0,6.0,13.9,5.4,0.6666666666666666,0.0,0.0,16.0,15.0,37.0,3.2,0.9375,1.5,0.2,56.0,-426.0,16.0,11.0,517.0,0.0,-0.08333333333333333,-0.14285714285714285,0.0,0.0625,0.9199999999999996,0.0
349,202109021011,0,3,0,15,8,16,10,107,0,2,0,2,0,2,0,3,2,6,1,33,0,2,0,2,0,2,0,1,0,3,0,7,0,2,0,1,0.0,0.0,16.0,15.0,35.1,1.3,0.8125,0.0,0.0,11.0,10.0,36.1,1.7,0.8333333333333334,0.0,0.0,11.0,9.0,34.2,0.8,1.0,-3.0,4.0,-200.0,0.0625,0.34375,6,12,14.2,5.0,1655,1013,239,0.0,0.0,6.0,9.0,33.6,0.9,0.9,0.0,0.0,10.0,4.0,33.6,0.2,0.8125,-2.3,0.0,56.0,-917.0,16.0,16.0,476.0,0.0,0.16666666666666666,0.0,-0.1,-0.0625,0.55,0.0
350,202109021011,15,21,14,131,0,0,0,4,0,0,0,1,8,9,6,47,0,0,0,0,0,0,0,0,1,3,3,15,0,0,0,0,0,0,0,0,0.0,0.0,11.0,12.0,34.6,0.8,0.375,0.0,0.0,7.0,13.0,35.6,1.0,0.125,0.0,0.0,5.0,1.0,34.1,0.0,0.14285714285714285,-5.5,-6.0,400.0,0.06451612903225806,0.1774193548387097,4,7,16.9,7.0,1393,1239,1263,0.0,0.0,10.0,3.0,35.5,0.1,0.0625,0.0,0.0,14.0,15.0,36.3,1.8,0.11764705882352941,-0.4,0.4,56.0,-413.0,16.0,16.0,486.0,0.3125,0.125,0.0,0.0,0.0,-0.329999999999999,0.0
351,202109021011,2,10,8,65,15,18,23,125,0,1,0,4,0,2,0,11,5,3,2,28,0,0,0,1,0,0,0,3,2,1,0,8,0,0,0,0,0.0,0.0,11.0,2.0,35.6,0.2,0.75,0.0,0.0,12.0,12.0,35.1,1.4,0.4666666666666667,0.0,0.0,8.0,11.0,34.2,0.6,0.6153846153846154,4.5,6.0,200.0,0.04411764705882353,0.14705882352941177,5,9,21.1,8.0,1172,1167,1556,0.0,0.0,13.0,12.0,34.6,0.8,0.42857142857142855,0.0,0.0,15.0,14.0,36.8,2.6,1.0,2.4,0.2,56.0,-658.0,16.0,16.0,496.0,0.0,-0.13333333333333333,0.23076923076923078,-0.14285714285714285,0.0,-0.18999999999999914,0.0
352,202109021011,72,56,56,283,6,7,4,87,1,2,2,11,22,14,20,91,2,1,1,27,1,0,1,4,7,3,5,33,0,0,0,1,0,0,0,0,0.0,0.0,12.0,14.0,35.5,1.0,0.125,0.0,0.0,7.0,10.0,34.6,0.8,0.0625,0.0,0.0,14.0,14.0,36.6,1.7,0.13333333333333333,0.0,0.0,0.0,0.05263157894736842,0.19298245614035087,8,15,110.8,14.0,1428,1558,1263,0.0,0.0,9.0,1.0,35.4,0.0,0.1,0.0,0.0,15.0,14.0,35.8,1.2,0.05555555555555555,-0.9,0.2,56.0,-161.0,16.0,16.0,482.0,0.0,0.0,0.0,0.0,0.0,-0.13999999999999915,0.0
353,202109021011,0,0,2,23,11,8,11,77,0,0,0,4,0,0,1,4,6,3,3,36,0,0,0,3,0,0,0,2,0,1,0,13,0,0,0,2,0.0,0.0,17.0,17.0,34.4,1.7,1.0,0.0,0.0,18.0,11.0,34.5,0.9,0.7222222222222222,0.0,0.0,14.0,15.0,35.6,1.3,0.1875,-1.0,4.0,0.0,0.125,0.2857142857142857,1,1,91.3,13.0,1366,1345,216,0.0,0.0,14.0,4.0,36.2,0.4,0.06666666666666667,0.0,0.0,10.0,16.0,36.0,2.1,0.17647058823529413,-0.9,0.0,56.0,-574.0,16.0,17.0,526.0,0.0,0.05555555555555555,0.1875,0.0,0.0,-0.49000000000000055,0.0
354,202109021011,30,21,26,197,1,1,1,12,1,1,0,5,6,6,8,71,0,0,1,3,0,0,0,1,1,0,1,16,0,0,1,1,0,0,0,0,0.0,0.0,70.0,12.0,38.7,2.2,0.05555555555555555,0.0,0.0,20.0,10.0,,,,0.0,0.0,70.0,2.0,36.8,0.1,0.06666666666666667,-5.0,,-800.0,,,2,3,,,1716,1654,1167,0.0,0.0,20.0,2.0,37.7,0.0,0.0625,0.0,0.0,60.0,8.0,37.4,1.1,0.058823529411764705,-1.6,0.4,56.0,-945.0,16.0,18.0,480.0,0.0,,0.0,0.0,0.0,0.3000000000000007,0.0
355,202109021103,0,0,0,13,1,1,6,35,0,0,0,3,0,0,0,4,0,1,2,8,0,0,0,2,0,0,0,3,0,0,0,6,0,0,0,2,0.0,0.0,30.0,5.0,35.0,0.5,1.0,0.0,0.0,20.0,2.0,33.1,0.1,0.7647058823529411,0.0,0.0,110.0,2.0,34.5,0.0,0.75,-1.5,0.0,0.0,0.0,0.14285714285714285,5,10,3.4,1.0,1186,1328,792,0.0,0.0,30.0,12.0,41.5,3.8,0.1875,0.0,0.0,70.0,10.0,36.7,1.1,0.23076923076923078,2.0,0.4,56.0,13.0,18.0,18.0,454.0,-0.05555555555555555,-0.35294117647058826,-0.0625,0.125,-0.07692307692307693,-1.1800000000000004,0.0
356,202109021103,7,3,4,102,11,8,11,77,1,0,1,6,1,0,1,30,6,3,3,36,1,0,1,4,0,0,0,14,0,0,0,9,0,0,0,2,0.0,0.0,10.0,10.0,34.9,0.7,0.5333333333333333,0.0,0.0,6.0,1.0,34.8,0.0,0.3333333333333333,0.0,0.0,4.0,7.0,35.0,0.9,0.5625,-1.5,20.0,400.0,0.07291666666666667,0.2604166666666667,3,6,16.1,6.0,1090,1345,1169,0.0,0.0,4.0,9.0,35.0,1.0,0.5882352941176471,0.0,0.0,5.0,5.0,34.9,1.3,0.5555555555555556,-0.2,0.2,56.0,-777.0,18.0,15.0,510.0,0.06666666666666667,0.08333333333333333,0.0,0.0,-0.05555555555555555,-0.020000000000000285,0.0
357,202109021103,5,10,9,78,1,2,0,15,0,1,0,1,0,1,1,15,0,1,0,6,0,1,0,1,0,1,1,4,0,1,0,5,0,1,0,1,0.0,0.0,40.0,3.0,35.0,0.2,0.6875,0.0,0.0,50.0,2.0,35.0,0.1,0.3125,0.0,0.0,40.0,2.0,34.8,0.0,0.4,-0.5,0.0,0.0,0.05,0.25,8,17,4.4,2.0,1561,1124,1263,0.0,0.0,60.0,5.0,34.0,0.4,0.5,0.0,0.0,50.0,7.0,36.6,1.6,0.7692307692307693,1.1,0.6,54.0,56.0,18.0,16.0,428.0,-0.0625,0.0,0.0,0.0,-0.07692307692307693,-0.22000000000000028,0.0
358,202109021103,7,1,2,25,3,3,1,18,0,0,0,1,1,0,0,10,1,2,0,5,0,0,0,0,0,0,0,2,1,2,0,4,0,0,0,0,0.0,0.0,13.0,12.0,35.1,0.8,0.7857142857142857,0.0,0.0,7.0,7.0,33.3,0.5,0.8571428571428571,0.0,0.0,12.0,14.0,34.2,1.5,1.0,1.0,0.0,-400.0,0.04285714285714286,0.15714285714285714,4,7,164.7,13.0,1463,1170,1167,0.0,0.0,13.0,11.0,33.5,1.1,0.875,0.0,0.0,8.0,4.0,34.0,0.6,0.5833333333333334,-1.2,0.0,54.0,-1288.0,18.0,14.0,504.0,0.07142857142857142,0.0,0.0,-0.125,0.0,0.2,0.0
359,202109021103,15,21,14,131,0,1,0,1,0,1,0,0,8,9,6,47,0,0,0,1,0,0,0,0,4,0,1,10,0,0,0,1,0,0,0,0,0.0,0.0,2.0,2.0,35.6,0.4,0.5,0.0,0.0,1.0,2.0,34.5,0.0,0.5294117647058824,0.0,0.0,1.0,2.0,33.7,0.0,0.1111111111111111,0.0,-9.0,700.0,0.04081632653061224,0.1836734693877551,3,5,5.3,3.0,1393,173,1263,0.0,0.0,2.0,2.0,35.3,0.0,0.1111111111111111,0.0,0.0,5.0,10.0,38.7,1.9,0.5333333333333333,1.6,0.8,54.0,-183.0,18.0,10.0,471.0,-0.2,-0.17647058823529413,0.0,0.0,-0.06666666666666667,-0.7,0.0
360,202109021103,4,2,3,33,0,1,3,7,0,0,0,0,1,1,1,14,0,0,2,2,0,0,0,0,1,1,0,5,0,0,0,0,0,0,0,0,0.0,0.0,50.0,4.0,35.3,0.3,0.7222222222222222,0.0,0.0,60.0,5.0,36.4,0.3,0.1111111111111111,0.0,0.0,60.0,7.0,36.0,1.0,0.8461538461538461,1.5,-4.0,0.0,0.1206896551724138,0.27586206896551724,7,15,5.8,4.0,1729,1028,1428,0.0,0.0,150.0,6.0,37.4,1.1,0.5882352941176471,,,,,,,,0.8,0.0,56.0,13.0,18.0,18.0,456.0,-0.2222222222222222,0.0,-0.07692307692307693,-0.058823529411764705,,-0.5900000000000005,0.0
361,202109021103,30,21,26,197,7,5,8,98,0,1,4,19,6,6,8,71,1,2,1,36,0,0,1,8,2,3,5,23,1,0,1,10,0,0,1,3,0.0,0.0,1.0,5.0,41.7,0.9,0.3333333333333333,0.0,0.0,4.0,11.0,36.5,1.3,0.75,0.0,0.0,5.0,4.0,37.2,0.6,0.4375,-0.5,20.0,200.0,0.0,0.09375,5,9,21.6,8.0,1716,1556,1167,0.0,0.0,5.0,2.0,37.6,0.2,0.13333333333333333,0.0,0.0,8.0,7.0,34.4,0.7,0.4444444444444444,-0.5,0.2,54.0,-1055.0,18.0,12.0,484.0,0.0,0.0625,-0.0625,0.0,0.05555555555555555,1.3500000000000008,0.0
362,202109021103,30,18,29,175,2,0,0,14,0,0,0,3,8,3,6,44,0,0,0,4,0,0,0,1,1,0,1,6,0,0,0,1,0,0,0,0,0.0,0.0,14.0,14.0,39.4,2.8,0.875,0.0,0.0,8.0,11.0,35.5,0.8,0.6666666666666666,0.0,0.0,5.0,10.0,36.2,1.5,0.2,-2.0,0.0,-200.0,0.0,0.0,2,4,37.8,9.0,1503,857,1263,0.0,0.0,1.0,10.0,34.3,1.6,0.8333333333333334,0.0,0.0,5.0,5.0,34.1,0.5,0.35714285714285715,-1.9,0.0,54.0,-875.0,18.0,16.0,486.0,0.0,0.06666666666666667,0.0,0.0,0.07142857142857142,1.1799999999999997,0.0
363,202109021103,7,3,4,102,5,8,3,57,0,0,0,0,1,0,1,30,0,1,1,14,0,0,0,0,0,0,0,14,0,0,0,2,0,0,0,0,0.0,0.0,6.0,7.0,13.6,1.9,0.3333333333333333,0.0,0.0,1.0,7.0,13.7,2.8,0.5833333333333334,0.0,0.0,6.0,3.0,13.4,2.5,0.25,-2.0,-6.0,-1260.0,0.0625,0.171875,7,13,315.2,15.0,1090,1235,1169,0.0,0.0,1.0,4.0,13.4,2.2,0.25,0.0,0.0,6.0,4.0,13.1,0.7,0.21428571428571427,-0.9,0.2,56.0,-665.0,18.0,12.0,456.0,0.08333333333333333,0.08333333333333333,0.0,0.08333333333333333,-0.07142857142857142,0.1299999999999999,0.0
364,202109021103,72,56,56,283,0,1,1,3,0,0,0,1,22,14,20,91,0,0,0,1,0,0,0,1,3,3,4,9,0,0,0,0,0,0,0,0,0.0,0.0,8.0,10.0,42.2,3.2,0.4375,0.0,0.0,2.0,3.0,36.8,0.6,0.7272727272727273,0.0,0.0,5.0,7.0,34.8,1.3,0.625,-1.5,1.0,-100.0,0.13636363636363635,0.4431818181818182,6,12,8.2,5.0,1428,740,1263,0.0,0.0,5.0,10.0,34.6,1.2,0.7777777777777778,0.0,0.0,2.0,7.0,35.3,0.7,0.6875,0.1,0.2,54.0,-112.0,18.0,16.0,406.0,0.0625,-0.36363636363636365,-0.25,-0.16666666666666666,0.0,1.6000000000000008,0.0
365,202109021103,2,10,8,65,0,0,0,0,0,0,0,0,0,2,0,11,0,0,0,0,0,0,0,0,0,0,0,4,0,0,0,0,0,0,0,0,0.0,0.0,9.0,14.0,39.4,1.9,0.375,0.0,0.0,8.0,13.0,38.0,1.7,0.625,0.0,0.0,8.0,3.0,39.2,1.1,0.15384615384615385,-5.5,-16.0,-100.0,0.0,0.0,8,18,140.5,12.0,1172,597,1556,0.0,0.0,11.0,8.0,37.4,0.7,0.3125,0.0,0.0,3.0,6.0,37.8,1.8,0.5714285714285714,-2.1,0.2,51.0,-987.0,18.0,16.0,490.0,0.3125,-0.125,0.07692307692307693,0.125,-0.14285714285714285,0.38000000000000045,0.0
366,202109021103,7,3,4,102,3,2,4,21,0,0,0,3,1,0,1,30,0,1,0,4,0,0,0,1,0,0,0,14,0,0,0,2,0,0,0,1,0.0,0.0,12.0,5.0,42.0,0.7,0.16666666666666666,0.0,0.0,15.0,17.0,35.6,2.1,0.3333333333333333,0.0,0.0,9.0,11.0,37.5,1.9,0.2,3.0,5.0,200.0,0.043478260869565216,0.13043478260869565,2,3,43.5,10.0,1090,1393,1169,0.0,0.0,10.0,12.0,35.0,1.3,0.4444444444444444,0.0,0.0,4.0,6.0,36.8,0.5,0.125,-0.3,0.0,54.0,-1167.0,18.0,12.0,415.0,0.0,0.1111111111111111,0.0,0.05555555555555555,0.0625,1.1000000000000008,0.0
367,202109021103,7,1,2,25,10,8,11,109,0,0,0,0,1,0,0,10,2,2,3,30,0,0,0,0,0,0,0,2,0,0,1,10,0,0,0,0,0.0,0.0,1.0,1.0,40.2,0.0,0.1,0.0,0.0,9.0,10.0,35.8,1.1,0.25,0.0,0.0,4.0,15.0,37.4,1.4,0.25,7.0,5.0,200.0,0.1,0.3333333333333333,7,14,20.2,7.0,1463,1405,1167,0.0,0.0,5.0,10.0,37.3,2.5,0.07692307692307693,0.0,0.0,7.0,13.0,35.5,1.4,0.2777777777777778,2.4,0.2,54.0,-311.0,18.0,10.0,449.0,0.0,0.125,-0.0625,0.0,0.05555555555555555,0.7900000000000006,0.0
368,202109021103,18,18,14,110,3,4,6,48,0,0,0,2,6,4,2,33,0,2,0,8,0,0,0,0,2,2,0,17,0,0,0,3,0,0,0,0,0.0,0.0,30.0,60.0,41.0,1.3,0.3,0.0,0.0,140.0,130.0,34.8,1.5,0.9444444444444444,0.0,0.0,160.0,140.0,35.0,1.5,0.7222222222222222,40.0,12.0,200.0,0.0,0.0,8,16,351.6,16.0,1152,1559,1428,0.0,0.0,130.0,120.0,38.2,2.0,0.2,0.0,0.0,180.0,160.0,35.4,0.9,0.8888888888888888,19.0,0.0,54.0,-1184.0,18.0,10.0,428.0,-0.1,0.0,-0.1111111111111111,0.26666666666666666,0.1111111111111111,0.7799999999999997,0.0
369,202109021103,6,6,3,68,3,3,1,28,0,0,0,0,2,2,1,26,2,2,0,7,0,0,0,0,0,0,0,7,2,1,0,4,0,0,0,0,0.0,0.0,60.0,6.0,37.4,1.7,1.0,0.0,0.0,180.0,15.0,35.0,1.5,0.6111111111111112,0.0,0.0,70.0,12.0,35.1,2.1,0.9375,3.0,4.0,750.0,0.0,0.04,1,2,427.2,18.0,1431,1036,1428,,,,,,,,,,,,,,,3.0,0.0,53.0,-612.0,18.0,6.0,458.0,0.0,0.0,-0.0625,,,1.1499999999999986,0.0
370,202109021103,0,1,0,22,3,3,6,27,0,0,0,1,0,0,0,2,1,2,3,6,0,0,0,0,0,0,0,1,0,1,1,3,0,0,0,0,0.0,0.0,2.0,3.0,40.9,1.8,0.5555555555555556,0.0,0.0,11.0,17.0,37.6,2.7,1.0,0.0,0.0,7.0,9.0,39.5,2.5,0.9333333333333333,3.0,-1.0,200.0,0.029411764705882353,0.11764705882352941,4,8,231.9,14.0,1642,1362,1124,0.0,0.0,14.0,3.0,39.4,0.4,0.8125,0.0,0.0,12.0,5.0,39.0,1.3,0.8461538461538461,-1.0,0.4,54.0,-1174.0,18.0,9.0,459.0,-0.1111111111111111,-0.058823529411764705,-0.26666666666666666,-0.1875,-0.46153846153846156,0.2,0.0
371,202109021103,3,5,4,20,10,4,8,94,0,0,0,2,0,0,3,8,2,0,5,21,0,0,0,1,0,0,1,3,0,0,2,7,0,0,0,1,0.0,0.0,40.0,8.0,41.8,1.8,0.14285714285714285,0.0,0.0,60.0,11.0,39.8,1.9,0.9375,0.0,0.0,40.0,9.0,34.6,1.0,0.7142857142857143,0.5,0.0,-200.0,0.06666666666666667,0.21666666666666667,1,1,48.9,11.0,1677,1183,1167,0.0,0.0,70.0,4.0,35.8,0.5,0.05555555555555555,,,,,,,,-1.4,0.0,56.0,35.0,18.0,14.0,472.0,0.0,-0.5,-0.21428571428571427,0.0,,2.3199999999999994,0.0
372,202109021103,0,1,0,5,3,4,6,48,0,0,0,0,0,0,0,1,0,2,0,8,0,0,0,0,0,0,0,0,0,0,0,3,0,0,0,0,0.0,0.0,,,,,,0.0,0.0,80.0,7.0,34.5,2.0,1.0,0.0,0.0,120.0,12.0,37.7,3.3,0.3333333333333333,5.0,15.0,200.0,0.0,0.0,6,11,410.4,17.0,1343,1559,1428,0.0,0.0,130.0,12.0,36.9,2.5,0.8571428571428571,0.0,0.0,160.0,13.0,37.4,2.2,0.9375,1.8,0.0,51.0,-645.0,18.0,11.0,485.0,,0.0,0.5,0.14285714285714285,0.0625,-0.7899999999999991,0.0
373,202109021110,4,4,5,38,0,2,1,13,0,0,0,1,1,0,2,9,0,0,0,7,0,0,0,0,0,0,0,1,0,0,0,0,0,0,0,0,0.0,0.0,15.0,14.0,33.2,0.8,0.9444444444444444,0.0,0.0,17.0,17.0,34.0,1.6,0.6666666666666666,0.0,0.0,9.0,12.0,34.4,1.3,0.625,-1.0,6.0,400.0,0.05084745762711865,0.2033898305084746,5,9,3.3,1.0,1716,1482,1167,0.0,0.0,11.0,9.0,33.4,0.7,0.6,0.0,0.0,14.0,15.0,35.8,2.2,0.25,-0.6,0.0,55.0,-1253.0,18.0,18.0,510.0,0.0,0.0,-0.0625,0.0,0.375,-0.45999999999999874,0.0
374,202109021110,0,3,2,29,0,0,0,0,0,0,0,0,0,2,2,5,0,0,0,0,0,0,0,0,0,0,0,0,0,0,0,0,0,0,0,0,0.0,0.0,11.0,13.0,34.8,1.7,0.7777777777777778,0.0,0.0,6.0,16.0,38.4,2.7,0.1875,0.0,0.0,3.0,14.0,37.6,1.8,0.3888888888888889,0.5,4.0,200.0,0.043478260869565216,0.14492753623188406,3,5,18.2,8.0,1736,34,1482,0.0,0.0,2.0,2.0,33.0,0.1,0.1875,0.0,0.0,2.0,1.0,33.9,0.0,0.46153846153846156,-3.8,0.4,54.0,-294.0,18.0,18.0,436.0,-0.16666666666666666,0.1875,0.0,0.0,0.0,0.7199999999999995,0.0
375,202109021110,0,0,0,2,0,0,0,3,0,0,0,2,0,0,0,1,0,0,0,1,0,0,0,1,0,0,0,1,0,0,0,1,0,0,0,1,0.0,0.0,9.0,11.0,35.7,0.9,0.11764705882352941,0.0,0.0,14.0,15.0,39.5,2.7,0.125,0.0,0.0,11.0,9.0,35.7,1.3,0.16666666666666666,-1.0,0.0,-400.0,0.0,0.06451612903225806,8,17,215.3,18.0,603,391,760,0.0,0.0,14.0,15.0,41.9,5.5,0.06666666666666667,0.0,0.0,8.0,12.0,37.6,1.0,0.0625,0.2,0.0,54.0,-952.0,18.0,17.0,532.0,0.0,0.0,0.0,0.7333333333333333,0.0,-0.6199999999999996,0.0
376,202109021110,3,4,1,53,0,0,0,0,0,0,0,0,1,1,0,10,0,0,0,0,0,0,0,0,0,0,0,1,0,0,0,0,0,0,0,0,0.0,0.0,2.0,8.0,35.1,0.7,0.7,0.0,0.0,5.0,4.0,35.9,0.5,0.5,0.0,0.0,9.0,4.0,33.7,0.2,0.3888888888888889,-2.0,-2.0,-200.0,0.044444444444444446,0.13333333333333333,4,7,23.7,9.0,1503,416,1263,0.0,0.0,6.0,4.0,32.5,0.2,0.5833333333333334,0.0,0.0,6.0,3.0,35.4,0.1,0.42857142857142855,-1.0,0.2,56.0,-77.0,18.0,10.0,506.0,0.2,0.1111111111111111,-0.1111111111111111,-0.08333333333333333,-0.14285714285714285,0.2800000000000004,0.0
377,202109021110,0,0,0,3,0,0,0,3,0,0,0,1,0,0,0,2,0,0,0,2,0,0,0,1,0,0,0,0,0,0,0,0,0,0,0,0,0.0,0.0,10.0,1.0,33.4,0.0,0.875,0.0,0.0,10.0,1.0,34.1,0.0,0.875,0.0,0.0,10.0,4.0,33.7,0.0,0.9333333333333333,1.5,-4.0,0.0,0.13793103448275862,0.4482758620689655,7,14,8.7,4.0,1500,1110,1263,0.0,0.0,30.0,2.0,34.5,0.2,0.7777777777777778,0.0,0.0,20.0,2.0,33.5,0.5,0.5714285714285714,0.3,0.8,55.0,69.0,18.0,8.0,458.0,0.0,0.125,-0.13333333333333333,-0.1111111111111111,0.0,-0.060000000000000143,0.0
378,202109021110,2,2,3,24,5,5,2,41,0,0,0,1,1,0,2,7,4,1,0,11,0,0,0,0,0,0,0,0,0,0,0,0,0,0,0,0,0.0,0.0,2.0,8.0,33.6,0.8,0.9411764705882353,0.0,0.0,2.0,2.0,34.3,0.2,0.7142857142857143,0.0,0.0,5.0,6.0,33.1,0.4,0.7777777777777778,-1.0,6.0,-200.0,0.0,0.0,1,1,11.7,5.0,1152,1167,1428,0.0,0.0,5.0,3.0,31.9,0.1,0.9166666666666666,0.0,0.0,1.0,6.0,33.3,0.5,0.6666666666666666,-0.3,0.4,56.0,-91.0,18.0,17.0,510.0,0.0,0.0,0.1111111111111111,-0.08333333333333333,0.0,0.3000000000000007,0.0
379,202109021110,7,4,4,40,8,4,3,21,2,1,1,2,3,1,0,6,2,0,0,5,1,0,0,0,0,0,0,0,0,0,0,0,0,0,0,0,0.0,0.0,14.0,11.0,35.5,1.5,0.9285714285714286,0.0,0.0,15.0,13.0,37.4,1.4,0.875,0.0,0.0,11.0,8.0,34.2,0.4,1.0,-1.5,6.0,200.0,0.0,0.16129032258064516,4,8,128.8,14.0,1506,1405,199,0.0,0.0,8.0,7.0,34.0,0.7,0.7777777777777778,0.0,0.0,13.0,13.0,33.2,1.1,0.9285714285714286,-0.2,0.0,54.0,-420.0,18.0,14.0,484.0,-0.07142857142857142,0.0625,-0.09090909090909091,-0.1111111111111111,0.0,0.7999999999999993,0.0
380,202109021110,0,0,0,0,0,0,0,1,0,0,0,0,0,0,0,0,0,0,0,0,0,0,0,0,0,0,0,0,0,0,0,0,0,0,0,0,0.0,0.0,10.0,,,,0.23076923076923078,0.0,0.0,4.0,13.0,35.6,1.1,0.14285714285714285,0.0,0.0,7.0,7.0,38.1,0.5,0.1875,-6.0,0.0,-200.0,0.07368421052631578,0.2631578947368421,6,12,14.2,7.0,1698,1412,1366,0.0,0.0,7.0,5.0,35.1,0.5,0.25,0.0,0.0,6.0,5.0,33.8,0.4,0.16666666666666666,-2.6,0.0,56.0,-743.0,18.0,13.0,484.0,0.07692307692307693,0.0,0.0,0.1875,0.0,0.8400000000000013,0.0
381,202109021110,4,5,5,21,0,0,2,17,0,0,1,1,0,1,1,6,0,0,0,6,0,0,0,1,0,0,0,0,0,0,0,0,0,0,0,0,0.0,0.0,40.0,6.0,33.0,0.4,0.08333333333333333,0.0,0.0,40.0,8.0,34.3,0.6,0.6666666666666666,0.0,0.0,40.0,5.0,36.0,0.3,0.07142857142857142,-0.5,0.0,-200.0,0.0,0.09523809523809523,7,13,31.4,11.0,1393,1306,1263,0.0,0.0,50.0,6.0,34.7,0.6,0.13333333333333333,0.0,0.0,10.0,1.0,34.9,0.0,0.25,-1.2,0.2,55.0,21.0,18.0,12.0,470.0,0.0,0.0,0.0,0.0,0.0,-0.42000000000000026,0.0
382,202109021110,7,4,4,40,2,1,1,24,1,0,0,3,3,1,0,6,0,0,0,6,0,0,0,1,0,0,0,0,0,0,0,0,0,0,0,0,0.0,0.0,2.0,10.0,33.8,0.6,0.6111111111111112,0.0,0.0,3.0,3.0,33.3,0.1,0.35714285714285715,0.0,0.0,5.0,2.0,33.5,0.0,0.45454545454545453,-4.0,-2.0,0.0,0.041666666666666664,0.1875,6,11,4.7,2.0,1506,1556,199,0.0,0.0,10.0,5.0,34.4,0.6,0.5,0.0,0.0,4.0,12.0,36.4,1.5,0.6111111111111112,0.6,0.4,54.0,0.0,18.0,18.0,450.0,-0.05555555555555555,0.0,0.0,-0.05555555555555555,0.0,-0.6300000000000004,0.0
383,202109021110,1,6,3,35,2,2,1,18,0,0,0,7,0,4,1,7,2,0,0,6,0,0,0,2,0,0,0,1,0,0,0,1,0,0,0,1,0.0,0.0,2.0,3.0,33.9,0.2,0.16666666666666666,0.0,0.0,5.0,1.0,34.3,0.0,0.14285714285714285,0.0,0.0,7.0,6.0,33.8,0.5,0.07142857142857142,1.5,-4.0,200.0,0.1016949152542373,0.3389830508474576,1,2,6.4,3.0,1167,1345,460,0.0,0.0,5.0,5.0,33.7,0.5,0.16666666666666666,0.0,0.0,3.0,5.0,34.9,0.5,0.09090909090909091,0.8,0.4,53.0,-294.0,18.0,18.0,482.0,-0.05555555555555555,0.0,0.07142857142857142,0.08333333333333333,0.0,-0.14000000000000057,0.0
384,202109021110,0,1,7,18,0,0,1,0,0,0,1,0,0,1,1,5,0,0,0,0,0,0,0,0,0,0,0,0,0,0,0,0,0,0,0,0,0.0,0.0,80.0,8.0,40.2,2.0,0.6,0.0,0.0,140.0,13.0,36.7,1.6,0.375,0.0,0.0,140.0,12.0,35.9,1.1,0.625,2.0,-1.0,100.0,0.06349206349206349,0.1746031746031746,2,4,26.3,10.0,1172,212,1556,0.0,0.0,160.0,8.0,35.0,0.4,0.375,0.0,0.0,130.0,12.0,35.0,1.6,0.5,0.3,0.0,54.0,-1048.0,18.0,10.0,465.0,0.2,0.0,0.25,-0.0625,0.0,1.2100000000000009,0.0
385,202109021110,0,0,0,5,0,0,0,2,0,0,0,0,0,0,0,1,0,0,0,1,0,0,0,0,0,0,0,0,0,0,0,0,0,0,0,0,0.0,0.0,16.0,16.0,35.2,1.4,0.1875,0.0,0.0,18.0,16.0,33.5,0.8,1.0,0.0,0.0,16.0,14.0,38.6,2.4,0.9375,-1.0,-14.0,400.0,0.0,0.0,8,16,149.9,15.0,1321,1417,1263,0.0,0.0,13.0,13.0,35.9,1.7,0.9230769230769231,0.0,0.0,15.0,14.0,34.2,1.3,1.0,-0.7,0.0,55.0,-1148.0,18.0,16.0,476.0,0.125,0.0,0.0625,-0.07692307692307693,0.0,-0.039999999999999855,0.0
386,202109021110,1,0,0,11,2,1,0,5,1,0,0,1,0,0,0,5,0,0,0,2,0,0,0,1,0,0,0,1,0,0,0,0,0,0,0,0,0.0,0.0,6.0,5.0,34.7,0.3,0.18181818181818182,0.0,0.0,3.0,8.0,36.0,0.5,0.5,0.0,0.0,3.0,7.0,39.0,1.1,0.14285714285714285,1.0,-10.0,0.0,0.05128205128205128,0.2564102564102564,3,6,13.5,6.0,1183,1393,1558,0.0,0.0,7.0,4.0,35.7,0.4,0.5,0.0,0.0,6.0,14.0,33.9,0.9,0.6111111111111112,1.4,0.0,52.0,-211.0,18.0,11.0,462.0,0.09090909090909091,-0.07142857142857142,0.0,-0.4375,0.1111111111111111,0.19000000000000056,0.0
387,202109021110,4,4,5,38,8,4,3,21,0,0,0,0,1,0,2,9,2,0,0,5,0,0,0,0,0,0,0,1,0,0,0,0,0,0,0,0,0.0,0.0,16.0,15.0,36.4,1.4,0.2222222222222222,0.0,0.0,16.0,14.0,40.1,2.7,0.625,0.0,0.0,15.0,13.0,37.5,1.9,0.5,-1.0,-4.0,200.0,0.0,0.125,2,3,188.1,17.0,1716,1405,1167,0.0,0.0,13.0,13.0,38.7,2.7,0.25,0.0,0.0,6.0,7.0,34.0,1.4,0.5,-1.7,0.0,54.0,-462.0,18.0,18.0,504.0,0.0,0.125,0.0,0.1875,0.0,0.6199999999999996,0.0
388,202109021110,6,5,4,32,2,2,1,18,0,0,0,2,2,2,0,12,2,0,0,6,0,0,0,2,0,1,0,0,0,0,0,1,0,0,0,0,0.0,0.0,70.0,8.0,41.4,2.6,0.8,0.0,0.0,140.0,9.0,36.7,0.8,0.6875,0.0,0.0,140.0,10.0,36.8,1.6,0.75,1.0,1.0,200.0,0.11940298507462686,0.3582089552238806,7,15,47.4,12.0,1691,1345,1167,0.0,0.0,140.0,12.0,37.2,1.7,0.9375,0.0,0.0,120.0,3.0,35.2,0.6,0.8461538461538461,-0.7,0.2,54.0,-1268.0,18.0,10.0,473.0,-0.1,-0.125,0.0625,0.0,-0.15384615384615385,1.189999999999999,0.0
389,202109021110,4,5,5,21,0,2,1,5,0,0,0,0,0,1,1,6,0,0,0,1,0,0,0,0,0,0,0,0,0,0,0,0,0,0,0,0,0.0,0.0,110.0,2.0,40.9,0.1,0.5,0.0,0.0,140.0,16.0,38.0,1.9,0.625,0.0,0.0,130.0,15.0,37.1,3.7,1.0,6.5,8.0,0.0,0.0,0.041666666666666664,5,10,49.9,13.0,1393,324,1263,0.0,0.0,110.0,5.0,36.1,0.6,0.7333333333333333,0.0,0.0,80.0,10.0,35.9,1.1,0.5625,0.5,0.2,55.0,-956.0,18.0,14.0,478.0,-0.21428571428571427,0.0,0.0,0.0,0.0625,1.19,0.0
390,202109021110,1,6,3,35,3,2,4,39,0,0,1,4,0,4,1,7,0,0,1,14,0,0,0,1,0,0,0,1,0,0,0,0,0,0,0,0,0.0,0.0,14.0,12.0,37.2,1.0,0.8125,0.0,0.0,15.0,8.0,36.2,1.3,1.0,0.0,0.0,12.0,8.0,36.1,0.6,0.7333333333333333,-2.0,-8.0,-100.0,0.12280701754385964,0.2807017543859649,8,18,168.8,16.0,1167,1263,460,0.0,0.0,16.0,18.0,35.2,1.8,0.5555555555555556,0.0,0.0,8.0,7.0,36.0,0.9,0.6,0.0,0.0,55.0,-113.0,18.0,16.0,450.0,0.0,0.0,0.0,-0.1111111111111111,-0.2,0.3400000000000006,0.0
391,202109030109,2,0,0,8,0,1,1,5,0,0,0,1,1,0,0,4,0,0,0,1,0,0,0,0,0,0,0,0,0,0,0,0,0,0,0,0,0.0,0.0,12.0,8.0,33.9,1.0,1.0,0.0,0.0,17.0,11.0,36.3,2.2,0.8235294117647058,0.0,0.0,9.0,4.0,33.6,0.3,0.8571428571428571,-2.0,0.0,-400.0,0.08196721311475409,0.22950819672131148,1,1,5.8,3.0,1503,1183,1263,0.0,0.0,11.0,4.0,34.1,0.4,0.9333333333333333,0.0,0.0,13.0,16.0,38.1,3.5,0.375,0.9,0.0,57.0,-1078.0,7.0,13.0,464.0,0.0,0.058823529411764705,-0.07142857142857142,0.0,0.625,-0.620000000000001,0.0
392,202109030109,0,0,0,0,1,0,1,3,0,0,0,0,0,0,0,0,0,0,0,0,0,0,0,0,0,0,0,0,0,0,0,0,0,0,0,0,0.0,0.0,9.0,6.0,37.5,1.1,0.06666666666666667,0.0,0.0,10.0,11.0,34.5,1.0,0.5,0.0,0.0,4.0,5.0,34.3,0.2,0.25,-0.5,4.0,-200.0,0.10227272727272728,0.26136363636363635,2,2,1.8,1.0,1426,1428,306,0.0,0.0,7.0,3.0,33.9,0.4,0.3333333333333333,0.0,0.0,7.0,13.0,34.8,1.8,0.9230769230769231,0.6,0.2,54.0,-722.0,7.0,15.0,468.0,0.13333333333333333,-0.05555555555555555,0.0,0.0,0.07692307692307693,0.6000000000000008,0.0
393,202109030109,1,0,3,18,0,0,0,0,0,0,0,0,0,0,2,6,0,0,0,0,0,0,0,0,0,0,0,0,0,0,0,0,0,0,0,0,0.0,0.0,3.0,6.0,34.7,1.1,0.3333333333333333,0.0,0.0,8.0,13.0,36.0,1.2,0.3333333333333333,0.0,0.0,5.0,3.0,34.2,0.6,0.46153846153846156,-1.5,0.0,0.0,0.08571428571428572,0.2857142857142857,4,4,3.8,2.0,1428,1079,1263,0.0,0.0,5.0,2.0,32.9,0.1,0.36363636363636365,0.0,0.0,2.0,8.0,34.8,0.7,0.3,-0.7,0.4,55.0,-603.0,7.0,12.0,458.0,0.0,0.0,0.0,0.09090909090909091,0.2,0.29000000000000126,0.0
394,202109030109,1,1,0,6,0,0,0,3,0,0,0,0,0,1,0,2,0,0,0,0,0,0,0,0,0,0,0,0,0,0,0,0,0,0,0,0,0.0,0.0,20.0,2.0,34.1,0.2,0.125,0.0,0.0,50.0,3.0,34.0,0.4,0.25,0.0,0.0,,,,,,1.0,-6.0,0.0,0.11864406779661017,0.2711864406779661,5,5,6.9,4.0,1393,1306,1263,0.0,0.0,40.0,4.0,36.0,0.4,0.2857142857142857,0.0,0.0,80.0,8.0,33.6,1.0,0.875,1.9,0.5,57.0,-322.0,7.0,8.0,516.0,0.0,0.0,,0.0,0.0,-0.05,0.0
395,202109030109,1,0,3,18,0,0,0,0,0,0,0,0,0,0,2,6,0,0,0,0,0,0,0,0,0,0,0,0,0,0,0,0,0,0,0,0,0.0,0.0,16.0,10.0,35.0,1.0,0.3888888888888889,0.0,0.0,13.0,9.0,34.0,0.9,0.8888888888888888,0.0,0.0,11.0,6.0,35.0,0.9,0.5,-2.0,-2.0,0.0,0.04225352112676056,0.15492957746478872,6,6,12.3,5.0,1428,581,1263,0.0,0.0,11.0,6.0,34.4,0.6,0.5714285714285714,0.0,0.0,9.0,9.0,34.3,0.6,0.6428571428571429,-0.5,0.0,55.0,-161.0,7.0,18.0,458.0,0.0,0.0,0.0,-0.07142857142857142,0.0,0.10000000000000071,0.0
396,202109030109,0,1,0,3,0,1,0,4,0,0,0,0,0,0,0,0,0,1,0,1,0,0,0,0,0,0,0,0,0,0,0,0,0,0,0,0,0.0,0.0,40.0,7.0,40.6,2.0,0.7777777777777778,0.0,0.0,160.0,13.0,38.8,1.5,0.75,0.0,0.0,140.0,5.0,37.5,1.2,0.4666666666666667,-1.0,-2.0,0.0,0.0425531914893617,0.1276595744680851,7,7,35.4,6.0,1728,1362,1169,0.0,0.0,140.0,11.0,38.4,1.6,0.75,0.0,0.0,100.0,11.0,38.6,2.2,0.9090909090909091,0.6,0.0,57.0,-876.0,7.0,9.0,456.0,0.1111111111111111,0.0,0.0,0.0,-0.2727272727272727,0.43999999999999984,0.0
397,202109030109,1,1,0,4,1,2,1,10,0,1,0,0,0,0,0,0,1,0,1,1,0,0,0,0,0,0,0,0,0,0,0,0,0,0,0,0,0.0,0.0,70.0,12.0,37.6,2.0,0.5833333333333334,0.0,0.0,110.0,14.0,37.9,2.8,0.14285714285714285,0.0,0.0,70.0,10.0,36.7,1.3,0.18181818181818182,-1.0,-12.0,-100.0,0.02564102564102564,0.02564102564102564,3,3,72.2,7.0,1090,1167,1169,0.0,0.0,60.0,5.0,35.7,0.6,0.1,0.0,0.0,100.0,11.0,35.5,1.1,0.08333333333333333,-1.1,0.0,57.0,-1122.0,7.0,12.0,474.0,0.3333333333333333,0.0,0.0,0.0,0.0,0.6399999999999999,0.0
398,202109030111,0,0,0,0,0,0,0,0,0,0,0,0,0,0,0,0,0,0,0,0,0,0,0,0,0,0,0,0,0,0,0,0,0,0,0,0,0.0,0.0,12.0,5.0,33.7,0.7,0.7222222222222222,0.0,0.0,5.0,6.0,33.3,0.3,1.0,0.0,0.0,10.0,6.0,34.0,0.2,0.6470588235294118,0.5,4.0,400.0,0.041666666666666664,0.1527777777777778,7,13,3.9,2.0,673,760,248,0.0,0.0,11.0,3.0,33.5,0.2,0.9444444444444444,0.0,0.0,3.0,12.0,34.0,0.8,0.17647058823529413,1.1,0.2,54.0,-1009.0,16.0,18.0,496.0,0.0,0.0,0.058823529411764705,-0.2222222222222222,0.0,-0.07999999999999971,0.0
399,202109030111,0,1,0,8,0,0,0,2,0,0,0,0,0,1,0,2,0,0,0,1,0,0,0,0,0,0,0,2,0,0,0,1,0,0,0,0,0.0,0.0,140.0,4.0,33.8,0.2,0.7222222222222222,0.0,0.0,140.0,10.0,32.8,0.7,0.6666666666666666,0.0,0.0,130.0,15.0,34.3,1.0,0.7777777777777778,5.5,2.0,200.0,0.07216494845360824,0.26804123711340205,4,7,3.5,1.0,1152,577,1428,0.0,0.0,80.0,4.0,33.6,0.2,0.6666666666666666,0.0,0.0,50.0,1.0,34.4,0.0,0.4375,-1.2,0.2,54.0,-973.0,16.0,18.0,482.0,0.05555555555555555,0.0,0.1111111111111111,0.0,-0.0625,-0.2000000000000007,0.0
400,202109030111,2,0,0,8,1,0,0,2,0,0,0,1,1,0,0,4,0,0,0,1,0,0,0,1,0,0,0,3,0,0,0,1,0,0,0,1,0.0,0.0,80.0,3.0,34.0,0.3,0.75,0.0,0.0,60.0,14.0,35.5,1.5,0.2222222222222222,0.0,0.0,30.0,8.0,34.6,1.0,0.47058823529411764,2.5,-4.0,0.0,0.3472222222222222,0.5694444444444444,8,16,8.4,4.0,1503,334,1263,0.0,0.0,30.0,2.0,33.3,0.1,0.3333333333333333,0.0,0.0,30.0,6.0,34.8,0.7,0.8888888888888888,-0.6,0.4,54.0,-364.0,16.0,16.0,466.0,-0.0625,0.16666666666666666,-0.11764705882352941,0.0,0.05555555555555555,0.06000000000000085,0.0
401,202109030111,0,0,0,0,0,0,0,4,0,0,0,0,0,0,0,0,0,0,0,1,0,0,0,0,0,0,0,0,0,0,0,0,0,0,0,0,0.0,0.0,17.0,17.0,34.4,1.7,1.0,0.0,0.0,18.0,11.0,34.5,0.9,0.7222222222222222,0.0,0.0,14.0,15.0,35.6,1.3,0.1875,-1.0,4.0,0.0,0.08695652173913043,0.2608695652173913,3,6,35.1,10.0,1366,1345,216,0.0,0.0,14.0,4.0,36.2,0.4,0.06666666666666667,0.0,0.0,10.0,16.0,36.0,2.1,0.17647058823529413,-0.9,0.0,59.0,-519.0,16.0,17.0,526.0,0.0,0.05555555555555555,0.1875,0.0,0.0,-0.49000000000000055,0.0
402,202109030111,0,0,0,0,1,2,1,10,0,0,0,0,0,0,0,0,1,0,1,1,0,0,0,0,0,0,0,0,1,0,0,1,0,0,0,0,0.0,0.0,15.0,15.0,35.9,1.5,0.2222222222222222,0.0,0.0,15.0,14.0,34.9,1.9,1.0,0.0,0.0,15.0,15.0,35.6,1.5,0.75,0.0,0.0,0.0,0.04878048780487805,0.2682926829268293,5,9,35.2,11.0,1505,1167,201,0.0,0.0,13.0,11.0,34.9,0.9,0.875,0.0,0.0,9.0,7.0,34.4,0.5,0.6666666666666666,-1.9,0.0,58.0,-281.0,16.0,18.0,550.0,-0.05555555555555555,-0.11764705882352941,0.0625,-0.125,0.0,0.3,0.0
403,202109030111,0,0,0,2,0,0,0,5,0,0,0,0,0,0,0,0,0,0,0,2,0,0,0,0,0,0,0,0,0,0,0,0,0,0,0,0,0.0,0.0,8.0,10.0,41.2,3.7,0.21428571428571427,0.0,0.0,2.0,9.0,34.7,0.8,0.5,0.0,0.0,14.0,11.0,34.9,0.6,0.1875,0.5,-13.0,-400.0,0.06153846153846154,0.16923076923076924,8,15,15.9,8.0,1333,1618,1294,0.0,0.0,2.0,1.0,33.9,0.0,0.5882352941176471,0.0,0.0,4.0,1.0,34.2,0.0,0.375,-2.6,0.4,56.0,-1114.0,16.0,14.0,457.0,0.2857142857142857,-0.0625,0.0625,-0.058823529411764705,0.0,1.4800000000000004,0.0
404,202109030111,1,1,0,6,0,0,0,5,0,0,0,0,0,1,0,2,0,0,0,2,0,0,0,0,0,1,0,1,0,0,0,1,0,0,0,0,0.0,0.0,15.0,13.0,34.2,1.1,0.7222222222222222,0.0,0.0,12.0,12.0,37.1,1.4,0.7142857142857143,0.0,0.0,12.0,12.0,34.8,1.3,0.4117647058823529,-0.5,-4.0,200.0,0.08333333333333333,0.3055555555555556,5,10,23.2,9.0,1393,1294,1263,0.0,0.0,7.0,7.0,33.9,0.5,0.25,0.0,0.0,17.0,12.0,34.8,0.7,0.6666666666666666,-0.7,0.0,56.0,-344.0,16.0,18.0,538.0,-0.05555555555555555,0.0,-0.058823529411764705,0.0,0.1111111111111111,0.20000000000000143,0.0
405,202109030111,0,0,0,0,2,2,0,5,0,0,0,0,0,0,0,0,1,0,0,1,0,0,0,0,0,0,0,0,0,0,0,0,0,0,0,0,0.0,0.0,16.0,15.0,35.1,1.3,0.8125,0.0,0.0,11.0,10.0,36.1,1.7,0.8333333333333334,0.0,0.0,11.0,9.0,34.2,0.8,1.0,-3.0,4.0,-200.0,0.058823529411764705,0.3235294117647059,3,5,12.9,7.0,1655,1013,239,0.0,0.0,6.0,9.0,33.6,0.9,0.9,0.0,0.0,10.0,4.0,33.6,0.2,0.8125,-2.3,0.0,57.0,-862.0,16.0,16.0,476.0,0.0,0.16666666666666666,0.0,-0.1,-0.0625,0.55,0.0
406,202109030111,0,0,0,1,0,0,0,9,0,0,0,0,0,0,0,0,0,0,0,0,0,0,0,0,0,0,0,0,0,0,0,0,0,0,0,0,0.0,0.0,15.0,15.0,34.8,1.8,0.9333333333333333,0.0,0.0,10.0,9.0,35.1,2.0,0.9,0.0,0.0,13.0,9.0,34.2,0.4,0.38461538461538464,-3.0,2.0,0.0,0.1,0.2,4,8,105.1,15.0,1306,1405,1445,0.0,0.0,16.0,8.0,34.6,0.5,0.8125,0.0,0.0,16.0,13.0,35.2,1.7,0.29411764705882354,-0.5,0.0,56.0,-490.0,16.0,15.0,462.0,-0.06666666666666667,-0.1,0.0,-0.4375,-0.058823529411764705,-0.030000000000001137,0.0
407,202109030111,1,1,1,8,0,0,0,1,0,0,0,1,0,0,0,3,0,0,0,1,0,0,0,1,0,0,0,1,0,0,0,1,0,0,0,1,0.0,0.0,8.0,3.0,34.5,0.0,0.2,0.0,0.0,16.0,9.0,35.0,0.5,0.16666666666666666,0.0,0.0,12.0,11.0,35.5,0.8,0.125,4.0,4.0,400.0,0.0,0.09090909090909091,2,3,70.3,12.0,1716,1186,1167,0.0,0.0,12.0,10.0,36.4,0.8,0.3333333333333333,0.0,0.0,8.0,14.0,37.8,2.4,0.7333333333333333,2.3,0.2,54.0,-182.0,16.0,15.0,496.0,0.0,0.0,0.0625,0.0,0.06666666666666667,-0.7999999999999993,0.0
408,202109030111,0,0,0,0,0,1,1,5,0,0,0,0,0,0,0,0,0,0,0,1,0,0,0,0,0,0,0,0,0,0,0,0,0,0,0,0,0.0,0.0,120.0,6.0,34.5,0.3,0.3333333333333333,0.0,0.0,130.0,8.0,33.8,0.8,0.8823529411764706,0.0,0.0,170.0,8.0,34.0,0.6,0.7777777777777778,1.0,0.0,0.0,0.10112359550561797,0.2696629213483146,2,4,6.9,3.0,1465,1183,1328,0.0,0.0,120.0,8.0,33.9,0.8,0.6875,0.0,0.0,50.0,11.0,34.0,0.5,0.8235294117647058,1.0,0.0,56.0,55.0,16.0,15.0,430.0,0.0,0.0,-0.1111111111111111,0.0,0.0,0.08999999999999986,0.0
409,202109030111,1,0,3,18,0,1,0,3,0,0,0,0,0,0,2,6,0,0,0,0,0,0,0,0,0,0,1,5,0,0,0,0,0,0,0,0,0.0,0.0,11.0,7.0,34.1,0.6,0.7692307692307693,0.0,0.0,14.0,11.0,34.8,1.1,0.6666666666666666,0.0,0.0,8.0,8.0,34.2,0.7,0.8571428571428571,0.5,4.0,-200.0,0.1348314606741573,0.43820224719101125,6,12,11.8,6.0,1428,1559,1263,0.0,0.0,9.0,8.0,34.0,0.8,0.5333333333333333,0.0,0.0,9.0,5.0,34.2,0.4,0.8461538461538461,-0.7,0.0,56.0,-336.0,16.0,13.0,450.0,0.0,-0.05555555555555555,0.0,-0.06666666666666667,-0.23076923076923078,0.05999999999999943,0.0
410,202109030111,1,1,0,4,0,0,0,0,0,0,0,0,1,0,0,0,0,0,0,0,0,0,0,0,0,0,0,0,0,0,0,0,0,0,0,0,0.0,0.0,11.0,14.0,36.7,2.2,0.75,0.0,0.0,7.0,8.0,35.0,1.4,0.875,0.0,0.0,6.0,1.0,35.4,0.0,0.8666666666666667,-6.5,2.0,200.0,0.0967741935483871,0.24193548387096775,1,1,11.7,5.0,1167,1404,460,0.0,0.0,12.0,2.0,35.2,0.0,0.625,0.0,0.0,12.0,3.0,35.8,0.7,0.6875,-2.8000000000000003,0.6,56.0,-1226.0,16.0,16.0,518.0,0.0,0.0,-0.06666666666666667,-0.0625,0.0625,0.16000000000000086,0.0
411,202109030111,0,0,0,4,0,0,0,0,0,0,0,0,0,0,0,0,0,0,0,0,0,0,0,0,0,0,0,0,0,0,0,0,0,0,0,0,0.0,0.0,14.0,14.0,36.1,1.5,0.8666666666666667,0.0,0.0,14.0,11.0,34.3,0.8,0.5555555555555556,0.0,0.0,10.0,11.0,34.6,0.7,0.8,-1.5,-2.0,0.0,0.0,0.15625,6,11,103.7,14.0,1561,1436,1263,0.0,0.0,11.0,7.0,34.1,0.6,0.4375,0.0,0.0,6.0,4.0,32.9,0.1,0.3,-2.4,0.0,54.0,0.0,16.0,15.0,492.0,0.06666666666666667,0.0,-0.06666666666666667,0.0625,-0.1,0.6600000000000001,0.0
412,202109030111,1,0,3,18,0,0,0,0,0,0,0,0,0,0,2,6,0,0,0,0,0,0,0,0,0,0,1,5,0,0,0,0,0,0,0,0,0.0,0.0,16.0,14.0,35.2,0.8,0.2777777777777778,0.0,0.0,16.0,7.0,34.5,0.3,0.5555555555555556,0.0,0.0,12.0,10.0,34.4,1.3,0.6470588235294118,-2.0,0.0,200.0,0.041666666666666664,0.125,1,2,91.2,13.0,1428,1070,1263,0.0,0.0,13.0,14.0,32.7,0.7,0.75,0.0,0.0,7.0,5.0,34.3,0.5,0.4117647058823529,-1.1,0.0,54.0,-484.0,16.0,18.0,448.0,0.1111111111111111,0.05555555555555555,0.058823529411764705,,0.0,0.3600000000000009,0.0
413,202109030111,0,0,0,4,0,0,0,9,0,0,0,0,0,0,0,2,0,0,0,0,0,0,0,0,0,0,0,0,0,0,0,0,0,0,0,0,0.0,0.0,,,,,,0.0,0.0,150.0,15.0,39.3,2.7,0.6875,0.0,0.0,130.0,10.0,36.5,1.1,0.7142857142857143,-5.0,,-100.0,,,7,14,,,1687,1405,1345,0.0,0.0,150.0,11.0,35.1,1.6,0.8125,0.0,0.0,90.0,6.0,36.9,0.8,0.8181818181818182,-2.6,0.0,56.0,-829.0,16.0,13.0,,,-0.0625,0.0,-0.0625,-0.18181818181818182,0.8599999999999994,0.0
414,202109030205,4,4,5,38,0,0,0,0,0,0,0,0,1,0,2,9,0,0,0,0,0,0,0,0,0,0,0,0,0,0,0,0,0,0,0,0,,,,,,,,,,,,,,,,,,,,,,,,,0.3424657534246575,0.5753424657534246,7,7,1.3,1.0,1716,812,1167,,,,,,,,,,,,,,,,,54.0,,7.0,,,,,,,,,
415,202109030205,3,4,1,53,1,1,0,2,0,0,0,0,1,1,0,10,0,1,0,0,0,0,0,0,0,0,0,0,0,1,0,0,0,0,0,0,0.0,0.0,4.0,6.0,33.1,0.3,0.9411764705882353,0.0,0.0,3.0,7.0,35.3,0.7,0.8333333333333334,0.0,0.0,5.0,2.0,32.9,0.2,0.46153846153846156,-2.0,12.0,200.0,0.04,0.12,2,2,6.9,3.0,1503,577,1263,0.0,0.0,10.0,5.0,35.7,0.6,0.5384615384615384,0.0,0.0,8.0,6.0,35.4,0.6,0.7333333333333333,-0.2,0.2,54.0,-1098.0,7.0,17.0,508.0,0.0,0.0,0.0,0.07692307692307693,0.0,-0.5,0.0
416,202109030205,0,0,0,0,5,5,2,41,0,0,0,0,0,0,0,0,4,1,0,11,0,0,0,0,0,0,0,0,0,0,0,2,0,0,0,0,,,,,,,,,,,,,,,,,,,,,,,,,0.14285714285714285,0.43956043956043955,3,3,4.7,2.0,1154,1167,1561,,,,,,,,,,,,,,,,,54.0,,7.0,,,,,,,,,
417,202109030205,0,1,1,6,4,5,3,30,0,0,0,0,0,0,1,0,2,1,0,6,0,0,0,0,0,0,0,0,1,0,0,0,0,0,0,0,,,,,,,,,,,,,,,,,,,,,,,,,0.09523809523809523,0.23809523809523808,5,5,9.9,4.0,314,1428,324,,,,,,,,,,,,,,,,,54.0,,7.0,,,,,,,,,
418,202109030205,0,0,0,1,0,0,0,3,0,0,0,0,0,0,0,0,0,0,0,0,0,0,0,0,0,0,0,0,0,0,0,0,0,0,0,0,0.0,0.0,8.0,10.0,36.8,1.3,0.6666666666666666,0.0,0.0,4.0,5.0,36.2,0.4,0.16666666666666666,0.0,0.0,3.0,7.0,36.3,0.4,0.3333333333333333,-1.5,0.0,600.0,0.0851063829787234,0.26595744680851063,1,1,45.2,5.0,1426,1438,306,0.0,0.0,4.0,2.0,35.8,0.0,0.08333333333333333,0.0,0.0,14.0,13.0,38.6,1.6,0.25,0.3,0.2,54.0,-804.0,7.0,12.0,472.0,0.0,0.0,0.08333333333333333,0.0,0.0625,-0.3200000000000003,0.0
419,202109030205,0,0,2,1,4,3,3,24,0,0,0,0,0,0,1,0,1,0,2,4,0,0,0,0,0,0,1,0,0,0,0,0,0,0,0,0,0.0,0.0,5.0,4.0,38.7,1.4,1.0,0.0,0.0,9.0,11.0,40.2,3.1,0.5384615384615384,0.0,0.0,11.0,12.0,38.4,1.9,0.3125,4.0,6.0,400.0,0.022727272727272728,0.1590909090909091,4,4,59.3,6.0,1657,1558,1317,0.0,0.0,12.0,9.0,39.6,0.7,0.6153846153846154,0.0,0.0,7.0,13.0,38.7,2.6,0.75,1.6,0.0,54.0,-1124.0,7.0,7.0,478.0,-0.14285714285714285,0.07692307692307693,0.25,0.07692307692307693,0.0,0.060000000000000143,0.0
420,202109030205,7,4,4,40,2,2,1,18,0,1,0,2,3,1,0,6,2,0,0,6,0,0,0,0,0,0,0,0,1,0,0,1,0,0,0,0,0.0,0.0,9.0,11.0,41.1,3.4,0.8181818181818182,0.0,0.0,11.0,12.0,43.2,6.5,1.0,0.0,0.0,12.0,14.0,39.1,3.5,0.21428571428571427,1.5,5.0,300.0,0.0707070707070707,0.2727272727272727,6,6,99.8,7.0,1506,1345,199,0.0,0.0,7.0,7.0,36.5,2.9,1.0,,,,,,,,-1.0,0.0,54.0,-279.0,7.0,11.0,457.0,0.0,0.0,0.14285714285714285,0.0,,1.7900000000000005,0.0
421,202109030208,0,0,0,0,5,5,2,41,0,0,0,0,0,0,0,0,4,1,0,11,0,0,0,0,0,0,0,0,0,0,0,1,0,0,0,0,0.0,0.0,11.0,10.0,35.7,1.1,0.1875,0.0,0.0,9.0,13.0,41.1,4.7,0.07692307692307693,0.0,0.0,10.0,10.0,35.2,1.1,0.14285714285714285,0.0,0.0,-400.0,0.13333333333333333,0.43333333333333335,6,6,4.1,3.0,1629,1167,1428,0.0,0.0,16.0,11.0,34.8,0.9,0.5625,0.0,0.0,9.0,11.0,34.5,0.6,0.5625,0.0,0.0,52.0,-881.0,11.0,16.0,452.0,0.125,0.23076923076923078,0.21428571428571427,0.25,0.125,0.870000000000001,0.0
422,202109030208,6,5,4,32,4,5,3,30,0,3,0,2,2,2,0,12,2,1,0,6,0,1,0,0,0,0,0,3,1,0,0,1,0,0,0,0,0.0,0.0,16.0,11.0,34.0,0.5,0.875,0.0,0.0,14.0,15.0,33.6,1.1,1.0,0.0,0.0,14.0,13.0,37.7,2.2,0.7333333333333333,1.0,0.0,400.0,0.08602150537634409,0.25806451612903225,1,1,3.9,2.0,1691,1428,1167,0.0,0.0,16.0,11.0,34.1,1.1,0.6666666666666666,0.0,0.0,15.0,4.0,34.4,0.7,0.4117647058823529,-1.8,0.0,54.0,-1148.0,11.0,16.0,476.0,-0.0625,0.0,0.0,0.0,0.11764705882352941,-0.12999999999999973,0.0
423,202109030208,6,5,4,32,0,3,2,18,0,0,1,2,2,2,0,12,0,0,0,4,0,0,0,1,0,0,0,3,0,0,0,1,0,0,0,0,0.0,0.0,3.0,7.0,39.3,1.9,0.625,0.0,0.0,13.0,13.0,37.6,1.6,0.875,0.0,0.0,11.0,12.0,35.9,2.3,0.9166666666666666,2.5,-8.0,-150.0,0.0,0.038461538461538464,8,10,83.2,9.0,1691,1559,1167,0.0,0.0,13.0,12.0,34.5,0.7,1.0,0.0,0.0,11.0,11.0,34.5,1.3,0.16666666666666666,0.7,0.0,53.0,-1133.0,11.0,8.0,462.0,0.25,0.125,-0.08333333333333333,-0.07692307692307693,0.16666666666666666,1.2699999999999996,0.0
424,202109030208,6,5,4,32,0,2,1,13,0,1,0,0,2,2,0,12,0,0,0,7,0,0,0,0,0,0,0,3,0,0,0,0,0,0,0,0,0.0,0.0,30.0,8.0,44.6,3.8,0.7777777777777778,0.0,0.0,110.0,11.0,36.3,2.0,0.45454545454545453,0.0,0.0,150.0,15.0,36.4,1.6,0.4666666666666667,3.5,22.0,200.0,0.0,0.2727272727272727,2,2,32.4,7.0,1691,1482,1167,0.0,0.0,120.0,14.0,37.0,1.2,0.6,0.0,0.0,80.0,9.0,36.0,1.8,0.9090909090909091,0.5,0.0,57.0,-1218.0,11.0,9.0,494.0,0.1111111111111111,0.09090909090909091,0.2,-0.13333333333333333,0.0,1.65,0.0
425,202109030208,4,4,5,38,0,0,1,8,0,0,0,0,1,0,2,9,0,0,1,3,0,0,0,0,0,0,0,0,0,0,0,0,0,0,0,0,0.0,0.0,18.0,18.0,38.0,2.1,0.05555555555555555,0.0,0.0,14.0,18.0,37.0,2.4,0.05555555555555555,0.0,0.0,11.0,11.0,35.8,1.3,0.6,-3.5,4.0,-800.0,0.0,0.5,7,8,24.7,6.0,1716,1503,1167,0.0,0.0,11.0,5.0,33.8,0.3,0.4166666666666667,0.0,0.0,13.0,9.0,33.7,0.9,0.4,-3.1,0.0,52.0,-644.0,11.0,18.0,430.0,0.0,0.3888888888888889,0.06666666666666667,0.0,0.06666666666666667,1.1799999999999997,0.0
426,202109030208,2,2,3,24,1,1,0,9,1,1,0,0,1,0,2,7,0,0,0,2,0,0,0,0,0,0,0,0,0,0,0,1,0,0,0,0,0.0,0.0,10.0,11.0,39.0,2.5,0.3333333333333333,0.0,0.0,14.0,6.0,36.1,0.6,0.9333333333333333,0.0,0.0,13.0,11.0,36.5,1.3,0.25,0.0,10.0,200.0,0.04081632653061224,0.12244897959183673,8,11,19.5,5.0,1152,1708,1428,0.0,0.0,12.0,8.0,38.2,1.4,0.625,0.0,0.0,10.0,10.0,36.7,0.9,0.6666666666666666,0.0,0.0,54.0,-1218.0,11.0,12.0,464.0,0.16666666666666666,-0.06666666666666667,-0.0625,0.0,0.0,0.24999999999999928,0.0
427,202109030208,0,0,1,6,0,0,1,8,0,0,0,0,0,0,1,1,0,0,1,3,0,0,0,0,0,0,0,0,0,0,0,0,0,0,0,0,0.0,0.0,1.0,9.0,51.0,7.5,0.3333333333333333,0.0,0.0,10.0,13.0,38.9,4.0,0.3076923076923077,0.0,0.0,11.0,7.0,36.9,1.3,0.36363636363636365,-1.0,17.0,200.0,0.023255813953488372,0.16279069767441862,6,7,244.2,11.0,1333,1503,1294,0.0,0.0,8.0,6.0,35.5,0.3,0.875,0.0,0.0,3.0,13.0,35.7,1.4,0.8333333333333334,0.1,0.0,57.0,-356.0,11.0,9.0,483.0,0.2222222222222222,0.5384615384615384,-0.18181818181818182,0.0,-0.1111111111111111,3.3999999999999995,0.0
428,202109030208,0,0,0,0,0,1,0,8,0,0,0,0,0,0,0,0,0,1,0,2,0,0,0,0,0,0,0,0,0,1,0,0,0,0,0,0,0.0,0.0,5.0,5.0,33.5,0.2,0.5454545454545454,0.0,0.0,1.0,6.0,33.9,0.4,0.5,0.0,0.0,8.0,5.0,34.3,0.3,0.17647058823529413,0.0,2.0,400.0,0.0547945205479452,0.1643835616438356,3,3,2.0,1.0,239,1376,238,0.0,0.0,5.0,1.0,34.6,0.0,0.3333333333333333,0.0,0.0,1.0,5.0,35.3,0.5,0.16666666666666666,-0.5,0.2,52.0,-896.0,11.0,11.0,492.0,0.2727272727272727,-0.16666666666666666,0.058823529411764705,-0.05555555555555555,0.08333333333333333,-0.4299999999999997,0.0
429,202109030208,9,20,10,89,0,0,0,0,0,0,0,0,5,5,3,21,0,0,0,0,0,0,0,0,0,0,1,4,0,0,0,0,0,0,0,0,0.0,0.0,10.0,2.0,34.6,0.3,0.375,0.0,0.0,20.0,1.0,36.1,0.0,0.5333333333333333,0.0,0.0,10.0,8.0,34.8,0.8,0.0625,3.0,4.0,0.0,0.07142857142857142,0.2755102040816326,4,4,9.7,4.0,1428,556,1263,0.0,0.0,10.0,2.0,36.1,0.5,0.625,0.0,0.0,20.0,2.0,34.1,0.1,0.3076923076923077,0.1,0.8,54.0,28.0,11.0,8.0,490.0,0.0,0.0,0.0625,0.125,0.0,0.1,0.0
430,202109030208,0,1,0,11,5,5,2,41,0,1,0,1,0,0,0,4,4,1,0,11,0,0,0,0,0,0,0,1,0,0,0,1,0,0,0,0,0.0,0.0,,,,,,0.0,0.0,110.0,12.0,40.9,3.6,0.3076923076923077,0.0,0.0,110.0,11.0,38.9,3.2,1.0,-1.0,,200.0,0.1,0.26666666666666666,5,5,43.7,8.0,1148,1167,1393,0.0,0.0,120.0,12.0,39.1,3.2,0.7857142857142857,0.0,0.0,140.0,14.0,38.3,2.1,0.7142857142857143,0.7,0.0,54.0,-720.0,11.0,10.0,,,0.6153846153846154,-0.07692307692307693,0.14285714285714285,0.2857142857142857,0.7600000000000001,0.0
431,202109030208,1,0,0,5,0,3,2,18,0,0,0,0,1,0,0,4,0,0,0,4,0,0,0,0,0,0,0,0,0,0,0,1,0,0,0,0,0.0,0.0,13.0,14.0,37.4,1.6,0.5714285714285714,0.0,0.0,10.0,8.0,38.4,0.6,0.5714285714285714,0.0,0.0,10.0,11.0,37.3,2.8,0.6363636363636364,-1.5,6.0,-200.0,0.0,0.0,7,9,166.4,10.0,1453,1559,1428,0.0,0.0,9.0,10.0,36.9,3.5,0.75,0.0,0.0,4.0,11.0,41.4,3.2,0.25,-0.4,0.0,54.0,-77.0,11.0,14.0,524.0,0.35714285714285715,0.21428571428571427,0.18181818181818182,0.08333333333333333,0.0,-0.65,0.0
432,202109030301,19,19,15,86,10,4,8,94,0,0,0,2,3,4,1,29,2,0,5,21,0,0,0,1,1,0,0,2,0,0,2,7,0,0,0,0,0.0,0.0,90.0,8.0,35.5,0.6,0.4666666666666667,0.0,0.0,3.0,1.0,34.0,0.0,0.23529411764705882,0.0,0.0,9.0,6.0,35.3,0.2,0.21428571428571427,-1.0,-2.0,-900.0,0.35135135135135137,0.581081081081081,8,9,2.0,1.0,1167,1183,460,0.0,0.0,5.0,9.0,35.5,0.8,0.2,0.0,0.0,6.0,8.0,35.5,0.5,0.0625,0.8,0.2,54.0,-1275.0,10.0,15.0,496.0,-0.13333333333333333,-0.11764705882352941,-0.07142857142857142,0.0,0.0,-0.15,0.0
433,202109030301,18,18,14,110,1,3,5,14,0,0,0,2,6,4,2,33,1,1,0,3,0,0,0,0,2,2,0,17,0,0,0,1,0,0,0,0,0.0,0.0,12.0,10.0,36.0,1.5,0.15384615384615385,0.0,0.0,17.0,14.0,34.5,1.4,0.16666666666666666,0.0,0.0,7.0,10.0,34.3,1.1,0.07692307692307693,0.0,6.0,0.0,0.0,0.0,3,3,46.3,8.0,1152,1079,1428,0.0,0.0,3.0,11.0,35.2,1.1,0.21428571428571427,0.0,0.0,1.0,1.0,34.1,0.0,0.16666666666666666,-2.1,0.2,54.0,-1190.0,10.0,13.0,482.0,0.0,0.0,0.0,0.14285714285714285,0.0,0.30999999999999944,0.0
434,202109030301,0,0,0,2,0,1,0,3,0,0,0,0,0,0,0,0,0,0,0,2,0,0,0,0,0,0,0,0,0,0,0,2,0,0,0,0,0.0,0.0,3.0,18.0,37.0,2.5,0.1111111111111111,0.0,0.0,1.0,5.0,37.8,0.8,0.06666666666666667,0.0,0.0,2.0,3.0,34.5,0.5,0.2857142857142857,-7.5,-6.0,400.0,0.14130434782608695,0.44565217391304346,7,7,3.5,2.0,32,79,664,0.0,0.0,11.0,12.0,36.7,1.7,0.06666666666666667,0.0,0.0,3.0,1.0,38.0,0.0,0.0625,-2.7,0.4,54.0,-595.0,10.0,18.0,488.0,0.2222222222222222,0.0,0.0,0.0,0.0,-0.09000000000000057,0.0
435,202109030301,15,21,14,131,3,5,4,33,0,0,0,1,8,9,6,47,0,0,0,3,0,0,0,0,4,0,1,10,0,0,0,1,0,0,0,0,0.0,0.0,20.0,3.0,35.8,0.3,0.38461538461538464,,,,,,,,,,,,,,,,,200.0,0.0989010989010989,0.26373626373626374,6,6,11.0,4.0,1393,1599,1263,,,,,,,,,,,,,,,,1.0,54.0,20.0,10.0,13.0,436.0,0.0,,,,,,
436,202109030301,0,0,0,0,1,0,0,2,0,0,0,0,0,0,0,0,0,0,0,1,0,0,0,0,0,0,0,0,0,0,0,0,0,0,0,0,0.0,0.0,5.0,5.0,37.2,1.4,0.07692307692307693,0.0,0.0,1.0,5.0,35.6,0.7,0.42857142857142855,0.0,0.0,8.0,11.0,34.2,0.9,0.4166666666666667,3.0,0.0,400.0,0.0,0.07407407407407407,7,8,7.7,3.0,1289,464,1428,0.0,0.0,4.0,8.0,36.5,1.4,0.9375,0.0,0.0,2.0,6.0,38.2,0.7,0.1875,0.5,0.0,53.0,-532.0,10.0,13.0,502.0,0.0,0.0,0.08333333333333333,0.0,-0.0625,-0.28999999999999987,0.0
437,202109030301,15,21,14,131,2,0,3,7,0,0,0,0,8,9,6,47,1,0,1,2,0,0,0,0,4,0,1,10,0,0,0,0,0,0,0,0,0.0,0.0,13.0,14.0,35.6,1.3,0.2777777777777778,0.0,0.0,12.0,17.0,36.9,1.5,0.2777777777777778,0.0,0.0,8.0,8.0,34.6,0.6,0.15384615384615385,-3.0,-6.0,400.0,0.11666666666666667,0.26666666666666666,8,10,19.9,6.0,1393,572,1263,0.0,0.0,3.0,11.0,37.1,0.7,0.125,0.0,0.0,6.0,6.0,36.1,0.3,0.25,-2.2,0.0,54.0,-602.0,10.0,18.0,460.0,0.16666666666666666,0.1111111111111111,0.0,0.0,-0.0625,-0.12000000000000029,0.0
438,202109030301,4,2,3,33,0,0,0,2,0,0,0,0,1,1,1,14,0,0,0,0,0,0,0,0,1,1,0,5,0,0,0,0,0,0,0,0,0.0,0.0,6.0,9.0,13.5,4.7,0.21428571428571427,0.0,0.0,3.0,7.0,13.6,3.7,0.16666666666666666,0.0,0.0,14.0,11.0,38.9,1.3,0.3125,1.0,-4.0,-1170.0,0.07,0.27,2,2,15.9,5.0,1729,1665,1428,0.0,0.0,12.0,8.0,39.3,2.1,0.6666666666666666,0.0,0.0,14.0,11.0,37.8,1.7,0.7857142857142857,0.5,0.0,54.0,-1029.0,10.0,14.0,514.0,0.42857142857142855,0.25,0.125,0.13333333333333333,-0.2857142857142857,-7.429999999999998,0.0
439,202109030301,18,18,14,110,0,1,0,0,0,0,0,0,6,4,2,33,0,0,0,0,0,0,0,0,2,2,0,17,0,0,0,0,0,0,0,0,0.0,0.0,50.0,4.0,35.2,1.0,0.3,,,,,,,,,,,,,,,,,0.0,0.08421052631578947,0.2631578947368421,5,5,25.0,7.0,1152,186,1428,,,,,,,,,,,,,,,,0.0,54.0,14.0,10.0,10.0,456.0,0.1,,,,,,
440,202109030301,0,0,0,0,15,27,17,118,0,0,0,0,0,0,0,0,1,4,6,32,0,0,0,0,0,0,0,0,1,2,5,11,0,0,0,0,0.0,0.0,40.0,10.0,37.1,2.0,0.6923076923076923,,,,,,,,,,,,,,,,,200.0,0.06060606060606061,0.16666666666666666,4,4,57.8,9.0,1467,1428,336,,,,,,,,,,,,,,,,0.0,54.0,20.0,10.0,13.0,488.0,-0.07692307692307693,,,,,,
441,202109030301,1,1,1,21,3,3,4,29,0,0,0,0,0,0,0,9,2,1,0,5,0,0,0,0,0,0,0,1,1,1,0,1,0,0,0,0,0.0,0.0,40.0,10.0,36.9,1.4,0.875,,,,,,,,,,,,,,,,,400.0,0.0,0.037037037037037035,1,1,142.5,10.0,1576,460,1577,,,,,,,,,,,,,,,,0.0,54.0,7.0,10.0,16.0,524.0,0.0,,,,,,
442,202109030402,15,10,14,122,2,3,3,16,0,0,0,1,0,0,2,28,0,1,2,4,0,0,0,0,0,0,0,11,0,0,1,0,0,0,0,0,0.0,0.0,6.0,2.0,34.6,0.4,0.4375,0.0,0.0,14.0,5.0,34.1,0.8,0.6111111111111112,0.0,0.0,9.0,6.0,34.9,0.6,0.6470588235294118,2.0,0.0,400.0,0.36,0.5866666666666667,3,6,2.5,1.0,1127,565,1328,0.0,0.0,10.0,8.0,35.5,0.8,0.8125,0.0,0.0,10.0,13.0,36.9,0.8,0.1111111111111111,2.5,0.2,54.0,-980.0,18.0,16.0,444.0,-0.0625,-0.1111111111111111,0.0,-0.0625,0.05555555555555555,-0.5999999999999993,0.0
443,202109030402,4,10,9,68,4,0,1,5,0,0,0,0,1,1,3,24,1,0,0,3,0,0,0,0,0,1,0,8,0,0,0,0,0,0,0,0,0.0,0.0,3.0,1.0,41.2,0.0,0.25,0.0,0.0,1.0,3.0,35.2,0.3,0.4,0.0,0.0,1.0,3.0,34.3,0.2,0.9285714285714286,1.0,-4.0,-270.0,0.022727272727272728,0.18181818181818182,4,8,7.1,4.0,1304,910,1503,0.0,0.0,2.0,2.0,34.5,0.3,0.1111111111111111,0.0,0.0,4.0,2.0,34.1,0.2,0.16666666666666666,0.1,1.0,54.0,-296.0,18.0,8.0,504.0,0.0,0.0,0.07142857142857142,0.05555555555555555,-0.05555555555555555,1.4900000000000007,0.0
444,202109030402,8,16,9,65,7,5,8,98,1,0,0,4,4,4,1,14,1,2,1,36,1,0,0,3,3,2,1,9,1,0,1,10,1,0,0,1,0.0,0.0,9.0,9.0,39.7,1.9,0.9285714285714286,0.0,0.0,1.0,4.0,36.5,0.8,0.3333333333333333,0.0,0.0,2.0,7.0,35.7,0.2,0.6666666666666666,-1.0,-19.0,0.0,0.0,0.1111111111111111,1,1,87.9,12.0,1098,1556,1294,0.0,0.0,2.0,3.0,35.7,0.3,0.5,0.0,0.0,5.0,3.0,36.7,0.2,0.375,-1.3,0.4,56.0,-1103.0,18.0,14.0,485.0,-0.14285714285714285,0.0,0.0,-0.125,-0.0625,0.6799999999999997,0.0
445,202109030402,18,18,14,110,1,7,1,7,0,0,0,0,6,4,2,33,1,4,1,3,0,0,0,0,2,2,0,17,0,0,0,0,0,0,0,0,0.0,0.0,60.0,3.0,34.5,0.5,0.9333333333333333,0.0,0.0,90.0,11.0,34.5,1.1,0.5,0.0,0.0,110.0,4.0,37.9,1.1,0.4375,0.5,6.0,0.0,0.06930693069306931,0.26732673267326734,6,12,14.8,5.0,1152,1110,1428,,,,,,,,,,,,,,,0.5,0.3333333333333333,54.0,14.0,18.0,15.0,436.0,-0.2,0.1875,0.0,,,-1.6999999999999993,0.0
446,202109030402,13,17,22,145,1,0,0,5,0,0,0,0,3,3,6,37,0,0,0,1,0,0,0,0,0,1,2,13,0,0,0,1,0,0,0,0,0.0,0.0,30.0,2.0,34.7,0.7,0.5,0.0,0.0,50.0,3.0,34.3,0.7,0.9444444444444444,0.0,0.0,40.0,5.0,33.0,1.1,0.9411764705882353,1.5,-4.0,0.0,0.0392156862745098,0.13725490196078433,3,5,5.6,3.0,1691,796,1167,0.0,0.0,50.0,4.0,35.6,0.6,0.25,0.0,0.0,70.0,7.0,34.5,0.6,1.0,1.1,0.4,56.0,21.0,18.0,16.0,454.0,-0.0625,-0.05555555555555555,0.0,0.0,-0.0625,-0.08999999999999986,0.0
447,202109030402,7,1,2,25,0,2,0,2,0,0,0,0,1,0,0,10,0,1,0,1,0,0,0,0,0,0,0,2,0,0,0,1,0,0,0,0,0.0,0.0,7.0,7.0,36.5,1.5,1.0,0.0,0.0,14.0,5.0,35.3,0.6,0.8235294117647058,0.0,0.0,7.0,6.0,34.1,0.5,0.5555555555555556,-0.5,4.0,-400.0,0.21875,0.53125,7,13,3.7,2.0,1463,987,1167,0.0,0.0,7.0,7.0,39.4,1.3,0.75,0.0,0.0,3.0,4.0,34.0,0.5,0.9,-0.4,0.0,56.0,-937.0,18.0,17.0,448.0,-0.35294117647058826,-0.17647058823529413,0.0,-0.25,-0.1,0.08999999999999986,0.0
448,202109030402,0,1,0,5,1,3,4,29,0,0,0,0,0,0,0,1,0,1,1,6,0,0,0,0,0,0,0,0,0,0,0,2,0,0,0,0,0.0,0.0,6.0,,,,0.42857142857142855,0.0,0.0,7.0,8.0,13.3,1.9,1.0,0.0,0.0,2.0,1.0,13.2,0.0,0.5,-7.0,12.0,-1540.0,0.05714285714285714,0.3142857142857143,5,10,38.2,9.0,1343,1376,1428,0.0,0.0,1.0,2.0,13.2,0.3,0.7142857142857143,0.0,0.0,1.0,3.0,13.1,0.3,0.2857142857142857,-1.4,0.75,56.0,-643.0,18.0,7.0,462.0,0.14285714285714285,-0.38461538461538464,-0.375,-0.35714285714285715,-0.07142857142857142,0.06000000000000032,0.0
449,202109030402,2,1,3,26,0,1,1,10,0,0,0,2,0,0,0,7,0,0,0,2,0,0,0,2,0,0,0,4,0,0,0,1,0,0,0,1,0.0,0.0,10.0,4.0,33.5,0.1,0.9411764705882353,0.0,0.0,3.0,4.0,34.5,0.3,0.6666666666666666,0.0,0.0,11.0,8.0,34.4,0.9,0.3888888888888889,2.0,2.0,400.0,0.0,0.14285714285714285,1,2,70.2,11.0,1396,1433,1556,0.0,0.0,10.0,15.0,34.3,1.4,0.9375,0.0,0.0,7.0,5.0,36.0,0.8,0.5625,1.3000000000000003,0.0,56.0,-69.0,18.0,17.0,462.0,-0.058823529411764705,-0.05555555555555555,0.0,0.0,0.0,-0.4799999999999997,0.0
450,202109030402,6,6,3,68,0,1,0,4,0,0,0,2,2,2,1,26,0,1,0,2,0,0,0,2,0,0,0,7,0,0,0,1,0,0,0,1,0.0,0.0,8.0,5.0,42.4,0.9,0.6,0.0,0.0,4.0,17.0,36.4,1.8,0.3888888888888889,0.0,0.0,8.0,9.0,35.3,1.5,0.16666666666666666,2.0,-5.0,200.0,0.0,0.0,2,3,27.1,8.0,1431,1210,1428,0.0,0.0,5.0,4.0,35.9,0.6,0.06666666666666667,0.0,0.0,9.0,7.0,35.3,0.5,0.6111111111111112,-0.9,0.0,54.0,-877.0,18.0,10.0,443.0,0.0,0.16666666666666666,0.05555555555555555,0.0,0.1111111111111111,1.4700000000000002,0.0
451,202109030402,3,5,4,20,1,1,6,35,0,0,1,0,0,0,3,8,0,1,2,8,0,0,1,0,0,0,1,3,0,0,0,6,0,0,0,0,0.0,0.0,2.0,10.0,55.3,14.7,0.1,0.0,0.0,2.0,,,,0.07142857142857142,0.0,0.0,10.0,10.0,35.3,1.6,0.3333333333333333,0.0,11.0,200.0,0.05405405405405406,0.16216216216216217,8,18,55.5,10.0,1677,1328,1167,,,,,,,,,,,,,,,0.0,0.0,54.0,-103.0,18.0,10.0,527.0,0.7,0.9285714285714286,-0.1111111111111111,,,20.0,0.0
452,202109030402,7,1,2,25,0,0,1,2,0,0,0,0,1,0,0,10,0,0,0,1,0,0,0,0,0,0,0,2,0,0,0,0,0,0,0,0,0.0,0.0,3.0,11.0,41.5,2.7,0.5,0.0,0.0,7.0,11.0,34.6,1.7,0.8333333333333334,,,,,,,,0.0,-12.0,-100.0,0.13978494623655913,0.45161290322580644,8,17,26.6,7.0,1463,286,1167,,,,,,,,,,,,,,,0.0,0.0,56.0,-34.0,18.0,14.0,542.0,0.21428571428571427,-0.05555555555555555,,,,6.899999999999999,0.0
453,202109030402,30,18,29,175,0,0,0,0,0,0,0,0,8,3,6,44,0,0,0,0,0,0,0,0,1,0,1,6,0,0,0,0,0,0,0,0,0.0,0.0,12.0,8.0,37.2,1.7,1.0,0.0,0.0,13.0,12.0,34.9,1.7,0.6666666666666666,0.0,0.0,4.0,15.0,35.2,2.9,0.9375,3.5,16.0,-100.0,0.05263157894736842,0.07894736842105263,5,9,131.2,13.0,1503,724,1263,,,,,,,,,,,,,,,3.5,0.0,54.0,-63.0,18.0,16.0,494.0,0.0,-0.1111111111111111,0.0625,,,1.0,0.0
454,202109030402,1,1,0,14,0,0,0,0,0,0,0,0,1,1,0,3,0,0,0,0,0,0,0,0,1,0,0,2,0,0,0,0,0,0,0,0,0.0,0.0,6.0,4.0,38.6,0.4,0.16666666666666666,0.0,0.0,13.0,5.0,35.4,1.4,0.7142857142857143,0.0,0.0,18.0,13.0,34.6,1.8,0.8888888888888888,4.5,8.0,200.0,0.022222222222222223,0.15555555555555556,8,16,500.4,18.0,1548,509,1328,0.0,0.0,8.0,11.0,36.1,1.3,0.5555555555555556,0.0,0.0,10.0,11.0,37.2,2.0,0.13333333333333333,2.0,0.0,54.0,-319.0,18.0,12.0,452.0,0.08333333333333333,-0.07142857142857142,-0.1111111111111111,0.05555555555555555,0.2,0.20999999999999944,0.0
455,202109030402,6,0,4,61,14,5,15,161,0,0,1,6,1,0,0,10,1,0,2,42,0,0,0,1,0,0,0,4,0,0,1,8,0,0,0,1,0.0,0.0,4.0,7.0,43.4,4.0,0.2222222222222222,0.0,0.0,17.0,14.0,37.1,1.8,0.2777777777777778,0.0,0.0,13.0,13.0,36.5,2.1,0.5,3.0,7.0,200.0,0.0,0.07142857142857142,2,4,301.7,14.0,1489,1263,565,0.0,0.0,18.0,15.0,35.3,1.5,0.5555555555555556,0.0,0.0,14.0,14.0,35.0,1.8,0.5555555555555556,1.5,0.0,53.0,-206.0,18.0,9.0,407.0,0.3333333333333333,0.05555555555555555,0.2857142857142857,0.4444444444444444,0.0,1.86,0.0
456,202109030402,4,1,0,10,1,0,1,6,0,0,0,0,1,1,0,3,1,0,1,3,0,0,0,0,0,1,0,2,0,0,0,1,0,0,0,0,0.0,0.0,8.0,10.0,39.2,2.1,0.5,0.0,0.0,6.0,15.0,34.8,2.4,1.0,,,,,,,,5.0,6.0,-100.0,0.11764705882352941,0.35294117647058826,6,11,23.6,6.0,314,815,324,,,,,,,,,,,,,,,5.0,0.0,54.0,-49.0,18.0,16.0,496.0,0.0625,0.0,,,,4.400000000000006,0.0
457,202109030402,1,0,1,20,1,2,0,15,0,0,0,0,0,0,0,9,0,1,0,6,0,0,0,0,0,0,0,3,0,1,0,5,0,0,0,0,0.0,0.0,90.0,8.0,42.1,2.2,0.6,0.0,0.0,110.0,13.0,39.5,8.0,1.0,0.0,0.0,150.0,16.0,36.3,2.8,0.3888888888888889,4.0,22.0,200.0,0.07692307692307693,0.2692307692307692,4,7,329.0,15.0,1674,1124,1428,0.0,0.0,,,,,,0.0,0.0,100.0,11.0,36.5,1.6,0.3888888888888889,1.2,0.0,54.0,-176.0,18.0,10.0,452.0,0.1,0.0,0.0,,0.1111111111111111,2.000000000000001,0.0
458,202109030402,0,1,0,25,5,4,5,51,0,0,0,3,0,1,0,5,1,1,2,13,0,0,0,0,0,0,0,1,0,1,1,3,0,0,0,0,0.0,0.0,12.0,12.0,42.2,3.2,1.0,0.0,0.0,17.0,17.0,35.9,3.0,0.6666666666666666,0.0,0.0,14.0,9.0,35.5,1.2,0.8888888888888888,-1.5,32.0,100.0,0.0,0.0,7,15,458.7,17.0,1687,1366,1345,0.0,0.0,10.0,10.0,37.4,1.4,0.0625,0.0,0.0,10.0,14.0,37.3,2.3,0.9375,-0.3,0.0,53.0,-361.0,18.0,12.0,532.0,0.0,0.1111111111111111,-0.1111111111111111,0.0,0.0,0.8300000000000012,0.0
459,202109030402,0,0,0,0,1,7,1,7,0,0,0,0,0,0,0,0,1,4,1,3,0,0,0,0,0,0,0,0,0,0,0,0,0,0,0,0,0.0,0.0,15.0,16.0,39.2,3.6,1.0,0.0,0.0,14.0,10.0,36.3,1.5,0.8125,0.0,0.0,2.0,1.0,37.7,0.0,0.2222222222222222,-7.5,-10.0,200.0,0.05970149253731343,0.16417910447761194,7,14,391.1,16.0,747,1110,872,0.0,0.0,10.0,12.0,39.6,2.9,0.8125,0.0,0.0,16.0,18.0,35.8,3.0,0.9444444444444444,0.6,0.2,54.0,-267.0,18.0,16.0,454.0,0.0,0.0,-0.1111111111111111,-0.125,-0.16666666666666666,0.3500000000000007,0.0
460,202109040108,8,16,9,65,15,18,23,125,3,3,2,5,4,4,1,14,5,3,2,28,1,0,0,3,0,0,0,0,0,0,0,1,0,0,0,0,0.0,0.0,8.0,9.0,35.3,1.6,0.7,0.0,0.0,13.0,10.0,34.9,0.6,0.5625,0.0,0.0,9.0,6.0,34.2,0.9,0.8,-1.5,6.0,0.0,0.0,0.0,3,3,7.1,4.0,1098,1167,1294,0.0,0.0,13.0,11.0,35.1,0.6,0.3888888888888889,0.0,0.0,7.0,12.0,35.9,1.5,0.5714285714285714,0.7,0.0,52.0,-470.0,9.0,10.0,460.0,0.0,0.0625,0.0,0.1111111111111111,0.07142857142857142,-0.14000000000000057,0.0
461,202109040108,3,5,4,20,15,27,17,118,1,0,1,2,0,0,3,8,1,4,6,32,0,0,1,2,0,0,0,0,0,0,0,3,0,0,0,0,0.0,0.0,8.0,11.0,35.0,0.7,0.75,0.0,0.0,14.0,5.0,34.6,0.2,0.8235294117647058,0.0,0.0,13.0,7.0,33.3,0.8,0.6153846153846154,-2.0,6.0,0.0,0.09782608695652174,0.2608695652173913,6,6,1.7,1.0,1677,1428,1167,0.0,0.0,9.0,9.0,34.6,0.9,0.9230769230769231,0.0,0.0,9.0,4.0,33.5,0.6,0.8,-1.0,0.0,53.0,-833.0,9.0,16.0,482.0,0.0,-0.058823529411764705,0.0,0.0,0.0,0.3,0.0
462,202109040108,5,0,0,40,8,16,10,107,0,0,0,3,1,0,0,8,2,6,1,33,0,0,0,1,0,0,0,1,0,0,0,0,0,0,0,0,0.0,0.0,16.0,17.0,35.4,1.7,0.7777777777777778,0.0,0.0,11.0,16.0,35.9,1.1,0.6111111111111112,0.0,0.0,6.0,12.0,34.3,1.0,0.9411764705882353,-2.5,10.0,400.0,0.0,0.0,1,1,41.1,7.0,1645,1013,1366,0.0,0.0,12.0,6.0,34.6,0.4,0.8333333333333334,0.0,0.0,11.0,1.0,33.5,0.0,0.9090909090909091,-4.2,0.2,55.0,-1057.0,9.0,18.0,472.0,0.05555555555555555,-0.05555555555555555,0.0,0.05555555555555555,-0.09090909090909091,0.5099999999999995,0.0
463,202109040108,72,56,56,283,5,2,6,29,5,0,3,9,22,14,20,91,3,0,2,11,3,0,2,4,1,0,0,6,0,0,0,1,0,0,0,1,0.0,0.0,4.0,8.0,34.4,0.8,1.0,0.0,0.0,6.0,7.0,33.9,0.3,1.0,0.0,0.0,6.0,6.0,33.7,0.7,0.7692307692307693,-1.0,2.0,200.0,0.058823529411764705,0.16176470588235295,5,5,19.3,5.0,1428,939,1263,0.0,0.0,5.0,4.0,34.7,0.5,0.5,0.0,0.0,7.0,3.0,34.3,0.1,0.5,-1.3,0.2,55.0,-99.0,9.0,14.0,490.0,0.0,0.0,0.0,0.0,0.16666666666666666,-0.060000000000000143,0.0
464,202109040108,13,17,22,145,5,4,3,28,0,0,0,3,3,3,6,37,1,1,0,10,0,0,0,2,1,0,1,4,1,0,0,0,0,0,0,0,0.0,0.0,9.0,,,,0.2857142857142857,0.0,0.0,8.0,6.0,36.5,0.8,0.5454545454545454,0.0,0.0,13.0,9.0,36.7,0.6,0.5714285714285714,3.0,2.0,-200.0,0.11475409836065574,0.26229508196721313,7,7,32.0,6.0,1691,1708,1167,0.0,0.0,12.0,12.0,37.6,2.4,0.8,0.0,0.0,8.0,5.0,36.1,0.6,0.8,0.0,0.0,55.0,-687.0,9.0,14.0,446.0,0.21428571428571427,0.09090909090909091,0.07142857142857142,-0.06666666666666667,-0.2,0.029999999999999714,0.0
465,202109040108,2,10,8,65,3,3,4,28,0,1,0,1,0,2,0,11,1,1,1,7,0,0,0,0,0,1,0,1,0,0,0,0,0,0,0,0,0.0,0.0,15.0,13.0,36.8,1.3,0.8125,0.0,0.0,16.0,7.0,34.3,1.3,0.7222222222222222,0.0,0.0,15.0,6.0,36.9,0.7,0.625,-3.5,-10.0,200.0,0.021739130434782608,0.15217391304347827,8,9,66.1,8.0,1172,324,1556,0.0,0.0,15.0,15.0,35.7,1.6,0.4,0.0,0.0,7.0,7.0,38.2,1.2,0.42857142857142855,-0.4,0.0,57.0,-1086.0,9.0,16.0,482.0,-0.125,0.0,-0.0625,0.0,0.0,-0.4200000000000017,0.0
466,202109040108,5,4,5,33,11,8,11,77,0,0,1,2,2,1,1,10,6,3,3,36,0,0,0,2,0,0,0,0,3,0,1,4,0,0,0,0,0.0,0.0,8.0,8.0,45.3,8.5,0.875,0.0,0.0,14.0,13.0,35.0,1.2,0.7333333333333333,0.0,0.0,10.0,13.0,35.3,1.7,0.3076923076923077,2.5,-21.0,100.0,0.5,0.5,8,8,5.6,3.0,1657,1345,1317,0.0,0.0,8.0,6.0,35.8,0.6,0.6923076923076923,0.0,0.0,13.0,9.0,34.6,1.0,0.9285714285714286,-0.5,0.0,51.0,-792.0,9.0,8.0,457.0,0.125,0.06666666666666667,0.0,-0.15384615384615385,-0.07142857142857142,2.0599999999999996,0.0
467,202109040108,0,2,0,9,12,8,12,71,0,0,0,1,0,0,0,3,2,2,1,16,0,0,0,1,0,0,0,0,0,0,0,1,0,0,0,0,0.0,0.0,8.0,11.0,34.1,0.7,0.4444444444444444,0.0,0.0,7.0,6.0,34.9,0.2,0.7777777777777778,0.0,0.0,2.0,1.0,33.3,0.0,0.5,-5.0,-2.0,200.0,0.08333333333333333,0.2604166666666667,4,4,3.9,2.0,1426,1294,306,0.0,0.0,4.0,2.0,34.4,0.2,0.5555555555555556,0.0,0.0,7.0,3.0,33.9,0.1,0.7333333333333333,-2.0,0.6,53.0,-497.0,9.0,18.0,488.0,0.05555555555555555,-0.16666666666666666,0.0,0.1111111111111111,0.0,0.09000000000000057,0.0
468,202109040108,72,56,56,283,2,3,3,16,0,2,1,5,22,14,20,91,0,1,2,4,0,1,1,3,1,0,0,6,0,0,0,2,0,0,0,1,0.0,0.0,60.0,7.0,34.2,0.5,0.8571428571428571,0.0,0.0,60.0,5.0,34.8,0.9,0.6666666666666666,0.0,0.0,90.0,4.0,33.4,0.4,1.0,-1.5,-2.0,0.0,,,2,2,,,1428,565,1263,0.0,0.0,60.0,7.0,34.5,1.7,0.5555555555555556,0.0,0.0,30.0,5.0,33.8,0.4,0.75,-0.2,0.0,55.0,-574.0,9.0,14.0,476.0,0.0,0.0,0.0,0.0,-0.25,0.11000000000000085,0.0
469,202109040203,13,17,22,145,0,0,0,0,0,0,0,0,3,3,6,37,0,0,0,0,0,0,0,0,0,1,2,13,0,0,0,0,0,0,0,0,0.0,0.0,100.0,3.0,33.5,0.9,0.7333333333333333,,,,,,,,,,,,,,,,,0.0,0.0,0.2,3,3,5.6,3.0,1691,303,1167,,,,,,,,,,,,,,,,1.0,54.0,63.0,8.0,15.0,438.0,-0.06666666666666667,,,,,,
470,202109040203,7,1,2,25,0,0,0,0,0,0,0,0,1,0,0,10,0,0,0,0,0,0,0,0,0,0,0,2,0,0,0,0,0,0,0,0,0.0,0.0,13.0,15.0,37.7,1.8,0.6875,0.0,0.0,6.0,12.0,36.1,1.5,0.5833333333333334,0.0,0.0,9.0,13.0,35.1,1.7,0.42857142857142855,-1.0,6.0,200.0,0.08247422680412371,0.25773195876288657,4,4,1.5,1.0,1463,371,1167,0.0,0.0,6.0,13.0,35.1,0.9,0.4666666666666667,0.0,0.0,4.0,16.0,36.6,1.5,0.1111111111111111,0.3,0.0,54.0,-860.0,8.0,16.0,530.0,0.0,0.0,0.14285714285714285,0.0,0.0,0.3200000000000003,0.0
471,202109040203,0,0,0,0,15,27,17,118,0,0,0,0,0,0,0,0,1,4,6,32,0,0,0,0,0,0,0,0,1,2,5,11,0,0,0,0,0.0,0.0,12.0,12.0,37.2,2.1,0.875,0.0,0.0,3.0,9.0,41.9,2.6,0.36363636363636365,0.0,0.0,6.0,9.0,35.5,1.6,1.0,-1.5,8.0,0.0,0.0967741935483871,0.26881720430107525,2,2,17.5,4.0,1467,1428,336,0.0,0.0,2.0,5.0,36.3,1.4,0.6666666666666666,0.0,0.0,4.0,3.0,33.8,0.4,0.75,-2.2,0.2,54.0,-216.0,8.0,16.0,456.0,-0.125,0.18181818181818182,0.0,-0.1111111111111111,0.0,1.2400000000000013,0.0
472,202109040203,0,0,0,0,0,0,0,0,0,0,0,0,0,0,0,0,0,0,0,0,0,0,0,0,0,0,0,0,0,0,0,0,0,0,0,0,0.0,0.0,80.0,,,,0.9166666666666666,0.0,0.0,100.0,12.0,38.2,2.9,1.0,0.0,0.0,70.0,8.0,39.3,1.7,0.6153846153846154,-4.0,17.0,0.0,0.0,0.11764705882352941,5,5,29.0,5.0,1289,1560,1428,0.0,0.0,120.0,11.0,35.4,1.5,0.6153846153846154,0.0,0.0,110.0,14.0,36.1,1.7,0.7777777777777778,0.9,0.0,54.0,-631.0,8.0,12.0,441.0,0.0,0.0,0.07692307692307693,-0.07692307692307693,0.05555555555555555,1.0200000000000002,0.0
473,202109040203,0,0,0,0,15,18,23,125,0,0,0,0,0,0,0,0,5,3,2,28,0,0,0,0,0,0,0,0,2,1,1,7,0,0,0,0,0.0,0.0,8.0,7.0,39.2,1.2,0.5454545454545454,0.0,0.0,10.0,12.0,40.8,3.5,0.4375,0.0,0.0,6.0,14.0,47.9,8.0,0.07142857142857142,3.5,12.0,700.0,0.02127659574468085,0.14893617021276595,1,1,50.5,6.0,1045,1167,969,0.0,0.0,7.0,9.0,36.7,1.8,0.3333333333333333,0.0,0.0,6.0,5.0,33.7,0.6,0.75,-0.7,0.0,54.0,-610.0,8.0,11.0,444.0,0.09090909090909091,0.1875,0.35714285714285715,0.08333333333333333,0.125,1.5099999999999993,0.0
474,202109040203,0,0,0,0,8,16,10,107,0,0,0,0,0,0,0,0,2,6,1,33,0,0,0,0,0,0,0,0,1,1,1,7,0,0,0,0,0.0,0.0,11.0,14.0,36.0,1.6,0.3333333333333333,0.0,0.0,9.0,14.0,39.3,3.6,0.4375,0.0,0.0,8.0,7.0,38.0,0.8,0.1875,-3.5,-6.0,400.0,0.3333333333333333,0.3333333333333333,6,6,75.6,7.0,1289,1013,1428,0.0,0.0,7.0,12.0,36.2,1.8,0.2222222222222222,0.0,0.0,5.0,4.0,35.6,0.8,0.1111111111111111,-2.2,0.0,50.0,-224.0,8.0,18.0,442.0,0.05555555555555555,0.1875,0.0,0.2777777777777778,0.0,0.3899999999999991,0.0
475,202109040203,13,17,22,145,4,8,2,21,0,0,0,0,3,3,6,37,2,2,2,8,0,0,0,0,0,1,2,13,0,0,1,2,0,0,0,0,0.0,0.0,10.0,3.0,34.6,0.1,0.42857142857142855,,,,,,,,,,,,,,,,,0.0,0.05333333333333334,0.16,7,7,4.0,2.0,1691,334,1167,,,,,,,,,,,,,,,,1.0,55.0,20.0,8.0,14.0,498.0,-0.07142857142857142,,,,,,
476,202109040203,0,0,0,0,15,18,23,125,0,0,0,0,0,0,0,0,5,3,2,28,0,0,0,0,0,0,0,0,2,1,1,7,0,0,0,0,0.0,0.0,60.0,6.0,41.8,0.7,0.1111111111111111,0.0,0.0,100.0,11.0,38.2,2.8,0.75,0.0,0.0,80.0,8.0,34.7,1.7,1.0,1.0,15.0,100.0,0.0,0.0,8,8,158.1,8.0,1432,1167,1428,0.0,0.0,90.0,13.0,35.9,2.2,0.8125,,,,,,,,1.8,0.0,55.0,-479.0,8.0,9.0,447.0,0.4444444444444444,0.16666666666666666,0.0,0.125,,2.1199999999999997,0.0
477,202109040405,8,16,9,65,0,1,0,0,0,0,0,0,4,4,1,14,0,0,0,0,0,0,0,0,1,1,0,1,0,0,0,0,0,0,0,0,,,,,,,,,,,,,,,,,,,,,,,,,0.09574468085106383,0.2765957446808511,3,6,29.5,8.0,1098,1172,1294,,,,,,,,,,,,,,,,,55.0,,16.0,,,,,,,,,
478,202109040405,0,0,0,0,15,27,17,118,0,0,0,0,0,0,0,0,1,4,6,32,0,0,0,0,0,0,0,0,0,1,0,8,0,0,0,0,,,,,,,,,,,,,,,,,,,,,,,,,0.05263157894736842,0.15789473684210525,1,2,48.0,10.0,1045,1428,969,,,,,,,,,,,,,,,,,55.0,,16.0,,,,,,,,,
479,202109040405,15,10,14,122,1,0,1,17,0,0,0,1,0,0,2,28,0,0,0,5,0,0,0,1,0,0,2,5,0,0,0,0,0,0,0,0,0.0,0.0,4.0,6.0,41.0,1.2,0.18181818181818182,0.0,0.0,11.0,12.0,40.0,2.3,0.6428571428571429,0.0,0.0,5.0,12.0,42.2,3.8,0.2857142857142857,3.0,-20.0,-270.0,0.21212121212121213,0.5151515151515151,6,12,1.9,1.0,1127,197,1328,0.0,0.0,4.0,13.0,38.5,1.9,0.21428571428571427,0.0,0.0,3.0,4.0,35.1,0.4,0.2727272727272727,-0.3,0.0,55.0,-898.0,16.0,11.0,452.0,0.0,0.0,0.6428571428571429,0.21428571428571427,-0.09090909090909091,1.3299999999999996,0.0
480,202109040405,1,0,1,20,1,0,0,6,0,0,0,0,0,0,0,9,0,0,0,1,0,0,0,0,0,0,0,2,0,0,0,1,0,0,0,0,0.0,0.0,1.0,7.0,34.4,0.9,0.8235294117647058,0.0,0.0,2.0,4.0,34.3,0.4,0.7692307692307693,0.0,0.0,1.0,3.0,33.1,0.1,0.2222222222222222,-2.0,-2.0,0.0,0.08163265306122448,0.2653061224489796,6,11,19.9,7.0,1674,705,1428,0.0,0.0,2.0,2.0,34.3,0.2,0.6666666666666666,0.0,0.0,4.0,3.0,34.1,0.1,0.5384615384615384,-1.0,0.6,55.0,-504.0,16.0,17.0,464.0,-0.17647058823529413,0.0,0.0,-0.1111111111111111,-0.07692307692307693,0.05999999999999943,0.0
481,202109040405,0,0,0,0,0,0,1,12,0,0,0,0,0,0,0,0,0,0,0,3,0,0,0,0,0,0,0,0,0,0,0,2,0,0,0,0,,,,,,,,,,,,,,,,,,,,,,,,,0.11594202898550725,0.34782608695652173,2,4,7.9,3.0,1045,1208,969,,,,,,,,,,,,,,,,,55.0,,16.0,,,,,,,,,
482,202109040405,1,1,2,38,0,1,1,12,0,0,0,2,0,0,0,8,0,0,1,2,0,0,0,0,0,0,0,2,0,0,0,1,0,0,0,0,0.0,0.0,6.0,3.0,38.3,1.0,0.75,0.0,0.0,9.0,9.0,41.6,5.1,1.0,0.0,0.0,14.0,11.0,35.6,1.8,0.5,4.0,-1.0,100.0,0.08333333333333333,0.20833333333333334,7,14,80.9,12.0,1306,1620,1445,0.0,0.0,10.0,11.0,40.0,3.7,0.16666666666666666,0.0,0.0,7.0,6.0,33.5,0.9,1.0,0.8,0.2,55.0,-1011.0,16.0,12.0,445.0,0.0,0.0,0.0,0.4166666666666667,0.0,1.1199999999999997,0.0
483,202109040405,13,17,22,145,6,7,4,87,1,0,0,1,3,3,6,37,2,1,1,27,0,0,0,0,0,0,2,2,2,0,0,3,0,0,0,0,0.0,0.0,7.0,10.0,37.6,0.8,0.6875,0.0,0.0,5.0,7.0,36.4,0.5,0.6923076923076923,0.0,0.0,8.0,5.0,34.4,0.5,0.8181818181818182,-2.5,-10.0,-400.0,0.13829787234042554,0.44680851063829785,1,1,12.0,4.0,1691,1558,1167,0.0,0.0,8.0,11.0,35.6,2.2,0.7058823529411765,0.0,0.0,4.0,7.0,35.3,1.1,0.8125,-0.2,0.0,55.0,-272.0,16.0,16.0,458.0,0.0625,-0.15384615384615385,-0.09090909090909091,0.058823529411764705,0.0,0.5400000000000006,0.0
484,202109040405,3,0,1,13,10,4,8,94,0,0,0,2,1,0,0,7,2,0,5,21,0,0,0,1,0,0,0,2,0,0,0,1,0,0,0,0,0.0,0.0,2.0,9.0,39.5,2.1,0.8,0.0,0.0,6.0,10.0,38.4,2.5,0.7333333333333333,0.0,0.0,11.0,9.0,36.2,1.4,0.17647058823529413,0.0,-1.0,200.0,0.038461538461538464,0.1346153846153846,4,8,15.7,5.0,1629,1183,1428,0.0,0.0,5.0,8.0,36.5,1.4,0.375,,,,,,,,-0.4,0.0,55.0,-755.0,16.0,10.0,471.0,-0.1,0.0,-0.058823529411764705,0.0,,1.1199999999999997,0.0
485,202109040405,30,18,29,175,1,1,1,12,0,0,0,4,8,3,6,44,0,0,1,3,0,0,0,0,2,0,0,7,0,0,0,1,0,0,0,0,0.0,0.0,3.0,4.0,38.7,0.9,1.0,0.0,0.0,9.0,11.0,36.3,3.3,0.8461538461538461,0.0,0.0,10.0,10.0,39.7,2.6,0.8333333333333334,3.0,24.0,-100.0,0.06862745098039216,0.2647058823529412,5,9,35.2,9.0,1503,1654,1263,0.0,0.0,11.0,7.0,40.1,2.4,0.6666666666666666,0.0,0.0,12.0,10.0,39.2,1.6,0.5714285714285714,0.8,0.0,55.0,-810.0,16.0,7.0,468.0,-0.42857142857142855,0.07692307692307693,0.16666666666666666,0.08333333333333333,0.21428571428571427,-0.4800000000000004,0.0
486,202109040405,7,1,2,25,3,3,1,18,0,0,0,1,1,0,0,10,1,2,0,5,0,0,0,0,1,0,0,4,0,0,0,0,0,0,0,0,0.0,0.0,8.0,8.0,42.3,2.0,0.4166666666666667,0.0,0.0,14.0,15.0,40.7,4.3,0.3125,0.0,0.0,16.0,14.0,36.6,1.4,0.6666666666666666,3.0,10.0,-400.0,0.0,0.09090909090909091,5,10,109.4,14.0,1463,1170,1167,0.0,0.0,14.0,10.0,36.8,1.6,0.375,,,,,,,,0.5,0.0,54.0,-474.0,16.0,12.0,452.0,-0.08333333333333333,0.0625,0.05555555555555555,0.0,,2.06,0.0
487,202109040405,8,16,9,65,15,18,23,125,3,3,2,5,4,4,1,14,5,3,2,28,1,0,0,3,1,1,0,1,1,0,0,4,0,0,0,0,0.0,0.0,3.0,8.0,37.4,1.5,0.5,0.0,0.0,17.0,7.0,34.9,1.0,0.7222222222222222,0.0,0.0,6.0,5.0,34.5,0.4,0.3888888888888889,-1.5,13.0,780.0,0.07547169811320754,0.2641509433962264,7,13,16.0,6.0,1098,1167,1294,0.0,0.0,5.0,6.0,35.3,1.2,0.5555555555555556,0.0,0.0,11.0,4.0,35.1,0.6,0.5,-0.9,0.0,54.0,-380.0,16.0,12.0,459.0,-0.08333333333333333,-0.05555555555555555,0.0,-0.2222222222222222,-0.16666666666666666,0.4199999999999996,0.0
488,202109040405,15,10,14,122,0,0,0,1,0,0,0,0,0,0,2,28,0,0,0,0,0,0,0,0,0,0,2,5,0,0,0,0,0,0,0,0,0.0,0.0,12.0,10.0,35.2,1.5,0.8666666666666667,0.0,0.0,11.0,12.0,36.0,1.8,0.75,,,,,,,,2.0,-6.0,-400.0,0.0,0.16666666666666666,2,3,72.4,11.0,1127,665,1328,,,,,,,,,,,,,,,2.0,0.0,54.0,-28.0,16.0,15.0,378.0,-0.13333333333333333,0.0625,,,,-0.7999999999999972,0.0
489,202109040405,30,21,26,197,0,0,0,1,0,0,0,0,6,6,8,71,0,0,0,1,0,0,0,0,0,1,0,12,0,0,0,0,0,0,0,0,0.0,0.0,6.0,9.0,39.8,1.1,0.25,0.0,0.0,9.0,9.0,14.0,8.4,1.0,0.0,0.0,14.0,13.0,37.0,1.5,0.9285714285714286,2.0,12.0,-100.0,0.022222222222222223,0.2,3,5,6.3,2.0,1716,751,1167,0.0,0.0,7.0,11.0,37.2,2.5,0.36363636363636365,0.0,0.0,9.0,10.0,38.8,1.1,0.4666666666666667,0.4,0.0,55.0,-1011.0,16.0,12.0,500.0,0.16666666666666666,-0.1111111111111111,-0.07142857142857142,0.18181818181818182,0.0,-2.12,0.0
490,202109040405,5,4,5,33,12,8,12,71,0,0,0,0,2,1,1,10,2,2,1,16,0,0,0,0,1,1,0,3,0,1,0,1,0,0,0,0,0.0,0.0,12.0,5.0,38.4,1.3,1.0,0.0,0.0,15.0,12.0,38.2,2.9,0.9375,0.0,0.0,16.0,14.0,41.4,3.3,0.1875,4.5,-8.0,-200.0,0.0,0.0,4,7,128.1,15.0,1657,1294,1317,0.0,0.0,10.0,12.0,42.6,5.4,0.5,0.0,0.0,11.0,8.0,42.1,2.9,0.5454545454545454,0.6,0.0,55.0,-168.0,16.0,12.0,472.0,0.0,0.0,0.25,0.08333333333333333,-0.09090909090909091,-1.1800000000000004,0.0
491,202109040405,3,5,4,20,6,1,2,39,0,0,0,0,0,0,3,8,0,0,0,8,0,0,0,0,0,0,2,3,0,0,0,1,0,0,0,0,0.0,0.0,50.0,6.0,41.8,1.1,0.25,0.0,0.0,110.0,11.0,44.5,6.4,0.5,0.0,0.0,110.0,14.0,39.2,2.5,0.7333333333333333,4.0,14.0,200.0,0.057971014492753624,0.15942028985507245,8,16,88.4,13.0,1677,1445,1167,0.0,0.0,120.0,15.0,35.7,1.8,0.7777777777777778,0.0,0.0,130.0,15.0,37.6,2.1,0.0625,2.2,0.0,55.0,-540.0,16.0,12.0,488.0,0.08333333333333333,0.16666666666666666,-0.06666666666666667,-0.1111111111111111,0.0,1.7199999999999989,0.0
492,202109040405,5,0,0,40,2,5,8,48,0,0,0,0,1,0,0,8,1,2,2,12,0,0,0,0,0,0,0,0,0,0,0,3,0,0,0,0,0.0,0.0,100.0,12.0,43.4,2.4,0.5,0.0,0.0,90.0,7.0,38.2,1.6,0.6,0.0,0.0,180.0,15.0,35.5,2.3,0.8333333333333334,1.5,-29.0,300.0,0.0,0.0,8,15,205.2,16.0,1645,1482,1366,0.0,0.0,110.0,11.0,39.7,2.9,0.75,0.0,0.0,120.0,13.0,37.4,2.4,0.9333333333333333,0.6,0.0,52.0,-1015.0,16.0,12.0,461.0,0.16666666666666666,0.0,0.0,-0.0625,0.0,1.05,0.0
493,202109040502,5,10,9,78,15,18,23,125,1,0,3,8,0,1,1,15,5,3,2,28,0,0,0,2,0,1,1,4,2,1,1,7,0,0,0,1,0.0,0.0,7.0,5.0,41.1,1.9,0.6153846153846154,0.0,0.0,5.0,9.0,36.3,0.9,0.17647058823529413,0.0,0.0,7.0,10.0,34.8,0.9,0.7058823529411765,2.5,5.0,100.0,0.046511627906976744,0.2558139534883721,6,8,5.2,3.0,1561,1167,1263,0.0,0.0,7.0,5.0,33.9,0.3,0.2222222222222222,0.0,0.0,7.0,15.0,36.1,1.1,0.3333333333333333,1.6,0.0,54.0,-1083.0,12.0,13.0,501.0,-0.15384615384615385,0.0,-0.058823529411764705,0.0,-0.05555555555555555,1.2399999999999998,0.0
494,202109040502,8,8,21,150,1,1,6,35,0,0,0,1,0,3,3,31,0,1,2,8,0,0,0,0,0,1,1,9,0,0,0,6,0,0,0,0,0.0,0.0,5.0,6.0,36.6,1.0,0.25,0.0,0.0,12.0,10.0,36.5,0.9,0.35714285714285715,0.0,0.0,10.0,10.0,35.9,1.6,0.42857142857142855,2.0,-6.0,-800.0,0.08,0.27,7,10,4.3,1.0,1506,1328,199,0.0,0.0,14.0,6.0,34.8,0.3,0.4375,0.0,0.0,7.0,5.0,35.2,1.4,0.6666666666666666,-0.6,0.0,54.0,-1078.0,12.0,8.0,452.0,0.0,0.07142857142857142,0.07142857142857142,-0.125,0.1111111111111111,0.45,0.0
495,202109040502,15,10,14,122,0,0,0,1,0,0,0,1,0,0,2,28,0,0,0,0,0,0,0,0,0,0,0,11,0,0,0,0,0,0,0,0,0.0,0.0,3.0,8.0,35.9,0.9,0.2727272727272727,0.0,0.0,1.0,4.0,35.1,1.0,0.2857142857142857,0.0,0.0,1.0,2.0,34.0,0.1,0.46153846153846156,-3.0,0.0,-400.0,0.10416666666666667,0.28125,8,11,10.2,6.0,1127,91,1328,0.0,0.0,5.0,2.0,34.0,0.0,0.3,0.0,0.0,6.0,2.0,33.7,0.4,0.2727272727272727,-1.4,0.6,54.0,-1065.0,12.0,11.0,488.0,-0.09090909090909091,0.0,-0.07692307692307693,0.1,0.0,0.5499999999999993,0.0
496,202109040502,0,0,0,0,0,0,0,3,0,0,0,0,0,0,0,0,0,0,0,2,0,0,0,0,0,0,0,0,0,0,0,2,0,0,0,0,0.0,0.0,12.0,16.0,41.4,4.9,0.375,0.0,0.0,8.0,15.0,34.4,0.8,0.5294117647058824,0.0,0.0,6.0,5.0,34.0,0.1,0.5555555555555556,-5.5,6.0,-200.0,0.0641025641025641,0.1794871794871795,8,12,5.7,4.0,1045,1050,969,0.0,0.0,10.0,5.0,33.5,0.5,0.3076923076923077,0.0,0.0,7.0,9.0,37.6,1.5,0.2777777777777778,-2.4,0.0,54.0,-757.0,12.0,16.0,506.0,0.3125,0.058823529411764705,0.2222222222222222,-0.15384615384615385,0.0,0.8499999999999993,0.0
497,202109040502,18,18,14,110,4,8,2,21,0,0,0,0,6,4,2,33,2,2,2,8,0,0,0,0,2,2,0,17,0,0,1,2,0,0,0,0,0.0,0.0,100.0,90.0,39.0,2.0,0.4166666666666667,0.0,0.0,150.0,120.0,35.8,1.2,0.2,0.0,0.0,80.0,110.0,39.2,2.3,0.15384615384615385,10.0,6.0,-200.0,0.08,0.2,4,4,4.8,2.0,1152,334,1428,0.0,0.0,60.0,100.0,36.3,0.9,0.6153846153846154,0.0,0.0,10.0,80.0,39.5,2.0,0.14285714285714285,-4.0,0.0,54.0,-1056.0,12.0,12.0,474.0,-0.08333333333333333,0.0,0.0,-0.46153846153846156,0.14285714285714285,-0.15,0.0
498,202109040502,18,18,14,110,2,4,2,28,0,0,1,6,6,4,2,33,0,1,1,4,0,0,0,1,2,2,0,17,0,0,0,1,0,0,0,0,0.0,0.0,70.0,3.0,36.4,0.7,0.3125,,,,,,,,,,,,,,,,,0.0,0.056338028169014086,0.15492957746478872,5,6,5.8,5.0,1152,1542,1428,,,,,,,,,,,,,,,,1.0,54.0,28.0,12.0,16.0,528.0,-0.125,,,,,,
499,202109040502,5,10,9,78,5,8,3,57,0,0,0,3,0,1,1,15,0,1,1,14,0,0,0,0,0,1,1,4,0,0,0,2,0,0,0,0,0.0,0.0,10.0,7.0,35.2,1.1,0.09090909090909091,0.0,0.0,13.0,6.0,36.7,1.2,0.7692307692307693,0.0,0.0,8.0,7.0,36.2,2.2,0.38461538461538464,0.0,2.0,0.0,0.0,0.07142857142857142,1,1,63.5,10.0,1561,1235,1263,,,,,,,,,,,,,,,0.0,0.0,54.0,0.0,12.0,11.0,432.0,0.0,0.0,0.0,,,-0.5,0.0
500,202109040502,18,18,14,110,0,0,0,0,0,0,0,0,6,4,2,33,0,0,0,0,0,0,0,0,2,2,0,17,0,0,0,0,0,0,0,0,0.0,0.0,50.0,17.0,41.9,6.4,0.8235294117647058,,,,,,,,,,,,,,,,,200.0,0.18181818181818182,0.18181818181818182,2,2,23.5,7.0,1152,659,1428,,,,,,,,,,,,,,,,0.0,54.0,90.0,12.0,17.0,414.0,0.17647058823529413,,,,,,
501,202109040502,0,1,1,13,0,0,0,0,0,0,0,0,0,0,0,0,0,0,0,0,0,0,0,0,0,0,0,0,0,0,0,0,0,0,0,0,0.0,0.0,2.0,4.0,39.4,1.0,0.36363636363636365,0.0,0.0,16.0,10.0,39.0,1.8,0.625,0.0,0.0,8.0,15.0,39.7,2.6,0.875,5.5,5.0,200.0,0.02040816326530612,0.14285714285714285,6,7,31.1,8.0,1713,1277,215,0.0,0.0,13.0,15.0,36.1,2.9,0.6111111111111112,0.0,0.0,8.0,9.0,34.7,1.2,0.8181818181818182,1.5,0.0,54.0,-367.0,12.0,11.0,453.0,0.09090909090909091,-0.0625,0.0,0.0,-0.09090909090909091,1.229999999999999,0.0
502,202109040502,3,3,1,46,15,18,23,125,0,0,0,0,0,0,0,16,5,3,2,28,0,0,0,0,0,0,0,5,2,1,1,7,0,0,0,0,0.0,0.0,80.0,90.0,41.0,3.7,0.4,0.0,0.0,160.0,130.0,39.1,3.2,0.625,0.0,0.0,130.0,90.0,38.4,2.0,0.9375,0.0,48.0,-150.0,0.09230769230769231,0.23076923076923078,7,9,141.6,11.0,1036,1167,1108,0.0,0.0,100.0,140.0,36.5,2.5,0.3333333333333333,0.0,0.0,170.0,80.0,34.6,0.6,0.4117647058823529,-1.0,0.0,54.0,-834.0,12.0,10.0,450.0,0.5,0.0,0.0,0.05555555555555555,0.0,1.5399999999999998,0.0
503,202109040502,4,4,6,75,15,18,23,125,0,1,2,1,0,2,1,20,5,3,2,28,0,0,0,0,0,1,1,8,2,1,1,7,0,0,0,0,0.0,0.0,8.0,8.0,44.5,4.9,0.25,0.0,0.0,14.0,12.0,35.7,1.4,0.6666666666666666,0.0,0.0,6.0,13.0,37.4,2.0,0.15384615384615385,2.5,-6.0,-100.0,0.037037037037037035,0.12962962962962962,3,3,49.1,9.0,1317,1167,1186,0.0,0.0,12.0,6.0,36.1,0.6,0.5625,0.0,0.0,9.0,11.0,42.4,3.9,0.25,0.0,0.0,54.0,-655.0,12.0,8.0,440.0,0.125,0.26666666666666666,0.0,0.0,0.0,0.38000000000000045,0.0
504,202109040502,0,0,0,0,0,0,1,5,0,0,0,0,0,0,0,0,0,0,0,3,0,0,0,0,0,0,0,0,0,0,0,1,0,0,0,0,0.0,0.0,30.0,7.0,36.0,1.3,0.47058823529411764,0.0,0.0,20.0,5.0,35.7,0.3,0.2,0.0,0.0,80.0,3.0,34.8,0.2,0.6,-2.0,-2.0,200.0,,,5,5,,,1243,275,1428,0.0,0.0,40.0,3.0,35.0,0.2,0.2857142857142857,,,,,,,,-1.4,0.5,54.0,20.0,12.0,17.0,480.0,0.058823529411764705,0.0,-0.06666666666666667,0.0,,0.39000000000000057,0.0
505,202109040508,0,0,0,1,1,3,4,29,0,0,0,1,0,0,0,0,0,1,1,6,0,0,0,0,0,0,0,0,0,0,1,2,0,0,0,0,0.0,0.0,5.0,5.0,33.5,0.2,0.5454545454545454,0.0,0.0,1.0,6.0,33.9,0.4,0.5,0.0,0.0,8.0,5.0,34.3,0.3,0.17647058823529413,0.0,2.0,400.0,0.05194805194805195,0.16883116883116883,2,2,3.1,1.0,239,1376,238,0.0,0.0,5.0,1.0,34.6,0.0,0.3333333333333333,0.0,0.0,1.0,5.0,35.3,0.5,0.16666666666666666,-0.5,0.2,53.0,-771.0,15.0,11.0,492.0,0.2727272727272727,-0.16666666666666666,0.058823529411764705,-0.05555555555555555,0.08333333333333333,-0.4299999999999997,0.0
506,202109040508,8,16,9,65,0,1,0,16,0,0,0,0,4,4,1,14,0,0,0,4,0,0,0,0,0,1,0,2,0,0,0,0,0,0,0,0,0.0,0.0,14.0,13.0,33.3,0.7,1.0,0.0,0.0,16.0,14.0,34.1,1.2,1.0,0.0,0.0,10.0,14.0,37.9,3.2,0.07142857142857142,0.5,-8.0,200.0,0.08080808080808081,0.26262626262626265,7,12,5.3,2.0,1098,1032,1294,0.0,0.0,16.0,14.0,37.9,2.0,0.375,0.0,0.0,10.0,16.0,44.5,6.8,0.1875,0.6,0.0,55.0,-1113.0,15.0,14.0,500.0,0.0,0.0,0.0,0.0,0.8125,-2.62,0.0
507,202109040508,7,10,8,92,6,7,4,87,0,0,0,4,1,1,0,32,2,1,1,27,0,0,0,3,0,0,0,8,0,0,0,6,0,0,0,3,0.0,0.0,10.0,12.0,38.5,1.7,0.23076923076923078,0.0,0.0,14.0,9.0,38.0,0.7,0.6666666666666666,0.0,0.0,14.0,11.0,38.2,1.2,0.5,-0.5,8.0,200.0,0.0,0.03571428571428571,2,3,7.4,5.0,1736,1558,1482,0.0,0.0,9.0,11.0,38.8,1.9,0.375,0.0,0.0,3.0,9.0,38.1,1.5,0.3125,-0.4,0.0,53.0,-1058.0,15.0,13.0,478.0,0.07692307692307693,0.06666666666666667,0.0,0.0625,0.0,0.0,0.0
508,202109040508,4,2,3,33,0,1,3,7,0,0,0,0,1,1,1,14,0,0,2,2,0,0,0,0,0,0,1,1,0,0,0,0,0,0,0,0,0.0,0.0,40.0,1.0,34.5,0.0,0.0625,0.0,0.0,40.0,5.0,36.4,0.8,0.5882352941176471,0.0,0.0,40.0,6.0,33.7,0.7,1.0,2.5,2.0,-200.0,0.03773584905660377,0.1320754716981132,4,7,15.7,7.0,1729,1028,1428,0.0,0.0,50.0,4.0,35.3,0.3,0.7222222222222222,0.0,0.0,60.0,5.0,36.4,0.3,0.1111111111111111,0.7,0.2,55.0,104.0,15.0,16.0,462.0,0.0,-0.17647058823529413,-0.05555555555555555,-0.2222222222222222,0.0,-0.2699999999999996,0.0
509,202109040508,5,4,5,33,0,1,0,35,0,0,0,1,2,1,1,10,0,1,0,10,0,0,0,0,0,0,0,0,0,0,0,0,0,0,0,0,0.0,0.0,5.0,,,,,0.0,0.0,6.0,11.0,34.7,1.1,0.7777777777777778,0.0,0.0,6.0,14.0,33.1,1.0,0.8333333333333334,3.0,12.0,-1310.0,0.10526315789473684,0.28421052631578947,5,9,15.7,6.0,1657,1503,1317,0.0,0.0,9.0,8.0,39.3,1.5,0.8125,0.0,0.0,5.0,4.0,35.3,0.7,0.3,-2.7,0.0,55.0,-582.0,15.0,9.0,454.0,,-0.05555555555555555,0.0,0.0,-0.1,-0.7999999999999978,0.0
510,202109040508,0,0,0,13,1,1,6,35,0,0,0,3,0,0,0,4,0,1,2,8,0,0,0,2,0,0,0,0,0,0,1,0,0,0,0,0,0.0,0.0,70.0,4.0,34.6,0.3,0.7333333333333333,0.0,0.0,10.0,1.0,34.3,0.0,0.6111111111111112,0.0,0.0,30.0,5.0,35.0,0.5,1.0,0.5,10.0,0.0,0.020833333333333332,0.14583333333333334,8,14,6.7,4.0,1186,1328,792,0.0,0.0,20.0,2.0,33.1,0.1,0.7647058823529411,0.0,0.0,110.0,2.0,34.5,0.0,0.75,-0.3,0.6,55.0,33.0,15.0,15.0,464.0,0.0,-0.4444444444444444,-0.05555555555555555,-0.35294117647058826,-0.0625,0.13999999999999985,0.0
511,202109040508,72,56,56,283,0,1,0,3,0,1,0,3,22,14,20,91,0,0,0,0,0,0,0,0,4,2,3,18,0,0,0,0,0,0,0,0,0.0,0.0,9.0,15.0,36.1,1.3,0.4375,0.0,0.0,5.0,4.0,35.5,0.5,0.2,0.0,0.0,4.0,5.0,34.1,0.2,0.625,-5.0,-4.0,-200.0,0.11290322580645161,0.25806451612903225,7,13,6.6,3.0,1428,59,1263,0.0,0.0,3.0,4.0,33.6,0.3,0.25,0.0,0.0,9.0,5.0,35.5,0.8,0.4444444444444444,-2.0,0.0,55.0,-393.0,15.0,16.0,430.0,0.125,0.1,0.0,0.0,0.1111111111111111,0.31000000000000016,0.0
512,202109040508,0,0,0,9,0,0,0,3,0,0,0,1,0,0,0,0,0,0,0,2,0,0,0,0,0,0,0,0,0,0,0,0,0,0,0,0,0.0,0.0,16.0,13.0,35.5,1.2,0.875,0.0,0.0,11.0,10.0,36.3,1.7,0.5,0.0,0.0,15.0,12.0,35.0,1.5,0.6666666666666666,-0.5,8.0,-200.0,0.0,0.0,6,10,356.3,15.0,1719,388,1170,0.0,0.0,11.0,9.0,36.1,1.3,0.6666666666666666,0.0,0.0,17.0,11.0,34.2,1.2,1.0,-0.5,0.0,52.0,-665.0,15.0,16.0,460.0,0.0625,0.25,0.26666666666666666,0.3333333333333333,0.0,0.279999999999999,0.0
513,202109040508,19,19,15,86,14,5,15,161,6,1,2,20,3,4,1,29,1,0,2,42,0,0,0,6,1,1,1,4,0,0,0,8,0,0,0,1,0.0,0.0,13.0,10.0,37.8,1.7,0.5625,0.0,0.0,12.0,15.0,36.7,1.7,0.35294117647058826,0.0,0.0,12.0,6.0,34.6,0.6,0.7857142857142857,-2.0,12.0,200.0,0.0,0.0,5,8,38.2,11.0,1167,1263,460,0.0,0.0,14.0,9.0,40.1,1.9,0.375,0.0,0.0,16.0,6.0,37.9,0.8,0.3125,-1.4,0.0,52.0,-344.0,15.0,16.0,456.0,0.0,-0.058823529411764705,0.0,-0.125,-0.1875,-0.36000000000000015,0.0
514,202109040508,2,0,2,15,15,27,17,118,0,0,1,1,0,0,1,3,1,4,6,32,0,0,0,0,0,0,1,0,0,0,1,2,0,0,0,0,0.0,0.0,90.0,6.0,34.7,1.1,0.5,0.0,0.0,90.0,13.0,35.4,1.1,0.8,0.0,0.0,90.0,7.0,36.6,1.6,0.9090909090909091,0.5,0.0,-200.0,0.0,0.0,4,6,81.7,13.0,1200,1428,324,0.0,0.0,160.0,16.0,35.9,2.0,0.7222222222222222,0.0,0.0,40.0,5.0,34.6,0.6,0.42857142857142855,0.1,0.0,55.0,13.0,15.0,12.0,488.0,0.0,-0.06666666666666667,-0.09090909090909091,0.0,0.42857142857142855,-0.029999999999999714,0.0
515,202109040508,30,18,29,175,3,3,4,28,1,0,0,2,8,3,6,44,1,1,1,7,0,0,0,0,1,1,2,5,0,1,0,0,0,0,0,0,0.0,0.0,5.0,2.0,41.3,0.4,0.08333333333333333,0.0,0.0,14.0,15.0,40.3,4.0,0.25,0.0,0.0,10.0,9.0,35.3,0.9,0.8571428571428571,3.5,-4.0,200.0,0.09375,0.234375,3,4,36.9,10.0,1503,324,1263,0.0,0.0,15.0,13.0,38.6,1.2,0.0625,0.0,0.0,17.0,10.0,34.3,1.4,0.3888888888888889,1.4,0.2,55.0,-1093.0,15.0,12.0,454.0,0.0,0.0625,-0.2857142857142857,0.0,,1.5699999999999996,0.0
516,202109040508,30,18,29,175,1,3,5,14,1,0,0,3,8,3,6,44,1,1,0,3,1,0,0,0,1,1,2,5,0,0,0,0,0,0,0,0,0.0,0.0,60.0,7.0,35.1,0.7,0.23076923076923078,0.0,0.0,50.0,14.0,34.7,1.0,0.875,0.0,0.0,20.0,4.0,34.8,0.6,0.6,-1.5,-8.0,100.0,0.047619047619047616,0.2619047619047619,3,5,19.4,8.0,1503,1079,1263,0.0,0.0,50.0,10.0,34.9,1.1,0.9333333333333333,0.0,0.0,10.0,1.0,33.4,0.0,0.125,-1.6,0.2,55.0,63.0,15.0,13.0,454.0,0.0,0.0,-0.1,0.0,0.25,0.320000000000001,0.0
517,202109040508,72,56,56,283,3,3,1,18,2,0,0,1,22,14,20,91,1,2,0,5,1,0,0,0,4,2,3,18,0,0,0,1,0,0,0,0,0.0,0.0,70.0,9.0,39.2,2.2,0.3333333333333333,0.0,0.0,40.0,12.0,39.5,2.7,0.6923076923076923,0.0,0.0,80.0,9.0,37.4,1.1,0.6666666666666666,0.0,-8.0,-200.0,0.05714285714285714,0.15714285714285714,8,15,88.5,14.0,1428,1170,1263,0.0,0.0,80.0,6.0,34.9,0.9,1.0,0.0,0.0,60.0,7.0,38.8,1.5,0.8461538461538461,-1.0,0.0,55.0,13.0,15.0,12.0,462.0,0.08333333333333333,0.15384615384615385,0.06666666666666667,0.0,0.07692307692307693,0.5400000000000013,0.0
518,202109040508,72,56,56,283,10,4,8,94,3,0,2,4,22,14,20,91,2,0,5,21,1,0,2,1,4,2,3,18,2,0,1,4,1,0,0,1,0.0,0.0,8.0,12.0,35.5,1.0,0.75,0.0,0.0,12.0,14.0,34.1,1.0,0.3333333333333333,0.0,0.0,11.0,13.0,34.4,1.5,0.75,0.5,4.0,400.0,0.06796116504854369,0.2621359223300971,1,1,69.9,12.0,1428,1183,1263,0.0,0.0,10.0,10.0,36.0,1.3,0.16666666666666666,0.0,0.0,9.0,9.0,34.3,1.0,0.9,-1.0,0.0,53.0,-99.0,15.0,12.0,412.0,0.08333333333333333,0.2,0.0625,0.0,-0.1,0.05000000000000071,0.0
519,202109040508,5,4,5,33,1,1,6,35,0,1,0,4,2,1,1,10,0,1,2,8,0,1,0,1,0,0,0,0,0,0,1,0,0,0,0,0,0.0,0.0,12.0,8.0,35.2,0.7,0.4444444444444444,0.0,0.0,8.0,10.0,35.0,1.2,0.23076923076923078,0.0,0.0,9.0,15.0,35.0,1.5,0.2,3.5,0.0,200.0,0.0,0.15151515151515152,6,11,24.4,9.0,1657,1328,1317,0.0,0.0,2.0,4.0,36.4,0.2,0.21428571428571427,0.0,0.0,7.0,4.0,36.0,0.6,0.23076923076923078,-1.4,0.0,55.0,-245.0,15.0,18.0,484.0,0.16666666666666666,0.0,-0.06666666666666667,0.07142857142857142,-0.07692307692307693,-0.29999999999999927,0.0
520,202109040604,72,56,56,283,0,1,0,0,0,1,0,0,22,14,20,91,0,0,0,0,0,0,0,0,4,1,1,10,0,0,0,0,0,0,0,0,0.0,0.0,17.0,17.0,34.7,1.8,0.9444444444444444,0.0,0.0,13.0,12.0,36.1,1.6,0.5333333333333333,0.0,0.0,7.0,11.0,36.0,2.2,0.38461538461538464,-3.0,4.0,200.0,0.36363636363636365,0.5844155844155844,5,7,3.8,1.0,1428,75,1263,0.0,0.0,14.0,14.0,36.4,2.8,0.8666666666666667,0.0,0.0,8.0,16.0,36.7,2.0,0.4375,0.0,0.0,54.0,-440.0,14.0,18.0,388.0,0.0,0.06666666666666667,-0.07692307692307693,-0.06666666666666667,0.1875,-0.4299999999999997,0.0
521,202109040604,0,0,0,0,0,0,0,3,0,0,0,0,0,0,0,0,0,0,0,2,0,0,0,0,0,0,0,0,0,0,0,0,0,0,0,0,0.0,0.0,10.0,9.0,36.7,1.6,0.1,0.0,0.0,5.0,8.0,34.0,1.0,1.0,0.0,0.0,5.0,7.0,36.1,0.5,0.13333333333333333,-1.0,12.0,-400.0,0.0,0.25,1,1,10.3,4.0,1045,1050,969,0.0,0.0,7.0,4.0,35.5,0.7,0.5,0.0,0.0,8.0,6.0,34.0,0.5,0.5454545454545454,-1.0,0.0,54.0,-728.0,14.0,10.0,510.0,0.0,-0.2222222222222222,0.0,0.0,0.0,0.39000000000000057,0.0
522,202109040604,8,16,9,65,7,5,8,98,1,0,0,4,4,4,1,14,1,2,1,36,1,0,0,3,1,1,0,1,0,0,0,5,0,0,0,0,0.0,0.0,7.0,15.0,40.1,3.1,0.26666666666666666,0.0,0.0,13.0,13.0,37.0,1.3,0.14285714285714285,0.0,0.0,7.0,11.0,36.6,1.6,0.21428571428571427,-2.0,-6.0,400.0,0.13541666666666666,0.4375,4,5,4.0,2.0,1098,1556,1294,0.0,0.0,7.0,13.0,37.3,1.1,0.125,0.0,0.0,9.0,3.0,34.6,0.1,0.125,-2.4,0.2,54.0,-1077.0,14.0,15.0,434.0,0.13333333333333333,0.0,0.07142857142857142,0.0,0.125,1.0700000000000003,0.0
523,202109040604,0,0,0,0,3,4,6,48,0,0,0,0,0,0,0,0,0,2,0,8,0,0,0,0,0,0,0,0,0,1,0,1,0,0,0,0,0.0,0.0,50.0,7.0,40.3,1.7,0.6666666666666666,0.0,0.0,70.0,10.0,37.3,0.9,0.625,0.0,0.0,20.0,5.0,36.6,0.5,0.42857142857142855,-1.0,27.0,200.0,0.0784313725490196,0.27450980392156865,5,8,17.1,6.0,1289,1559,1428,0.0,0.0,50.0,3.0,35.0,0.7,0.4666666666666667,0.0,0.0,60.0,2.0,35.9,0.1,0.5,-1.7,0.4,54.0,-836.0,14.0,9.0,483.0,0.1111111111111111,-0.4375,0.14285714285714285,0.06666666666666667,-0.0625,1.1099999999999994,0.0
524,202109040604,3,5,4,20,15,27,17,118,1,0,1,2,0,0,3,8,1,4,6,32,0,0,1,2,0,0,2,3,0,1,0,8,0,0,0,1,0.0,0.0,150.0,16.0,37.9,2.6,0.4375,0.0,0.0,10.0,6.0,35.4,0.8,0.36363636363636365,0.0,0.0,16.0,15.0,37.5,1.6,0.6875,-0.5,8.0,450.0,0.16666666666666666,0.3333333333333333,7,12,12.6,5.0,1677,1428,1167,0.0,0.0,15.0,12.0,37.2,1.3,0.375,0.0,0.0,6.0,6.0,36.5,1.0,0.3076923076923077,-1.4,0.0,54.0,-1105.0,14.0,16.0,448.0,0.0625,0.0,0.0625,0.0,0.0,0.09999999999999928,0.0
525,202109040604,8,16,9,65,15,27,17,118,1,6,2,15,4,4,1,14,1,4,6,32,0,1,0,2,1,1,0,1,0,1,0,8,0,0,0,0,0.0,0.0,1.0,,,,0.625,0.0,0.0,12.0,9.0,35.4,1.2,0.6875,0.0,0.0,12.0,7.0,34.8,1.1,0.8666666666666667,-2.0,25.0,300.0,0.2,0.28,4,6,25.0,9.0,1098,1428,1294,0.0,0.0,8.0,13.0,36.3,1.9,0.4375,0.0,0.0,8.0,6.0,36.1,0.9,0.75,-0.3,0.0,54.0,-313.0,14.0,8.0,467.0,0.0,0.0625,0.0,0.5625,0.0,-0.3600000000000009,0.0
526,202109040604,13,17,22,145,3,4,6,48,0,1,1,1,3,3,6,37,0,2,0,8,0,0,0,0,0,0,2,2,0,1,0,1,0,0,0,0,0.0,0.0,2.0,5.0,39.9,1.0,0.4,0.0,0.0,4.0,3.0,39.8,0.9,0.1875,0.0,0.0,6.0,2.0,39.0,0.2,0.3076923076923077,-1.5,18.0,200.0,0.0,0.125,8,14,310.5,14.0,1691,1559,1167,0.0,0.0,5.0,9.0,42.0,2.0,0.14285714285714285,0.0,0.0,5.0,5.0,39.9,1.0,0.3333333333333333,0.6,0.4,54.0,-465.0,14.0,10.0,448.0,0.0,0.0,-0.07692307692307693,-0.07142857142857142,0.08333333333333333,-0.22000000000000028,0.0
527,202109040604,5,4,5,33,0,0,0,0,0,0,0,0,2,1,1,10,0,0,0,0,0,0,0,0,1,1,0,3,0,0,0,0,0,0,0,0,,,,,,,,,,,,,,,,,,,,,,,,,0.22857142857142856,0.5428571428571428,3,3,4.2,3.0,1657,244,1317,,,,,,,,,,,,,,,,,54.0,,14.0,,,,,,,,,
528,202109040604,0,0,0,0,5,8,3,57,0,0,0,0,0,0,0,0,0,1,1,14,0,0,0,0,0,0,0,0,0,0,0,1,0,0,0,0,0.0,0.0,90.0,11.0,40.9,2.7,0.75,0.0,0.0,60.0,9.0,36.8,1.7,0.5625,0.0,0.0,50.0,5.0,36.2,0.5,0.75,-3.0,31.0,100.0,0.0673076923076923,0.25961538461538464,7,11,50.1,11.0,1432,1235,1428,0.0,0.0,20.0,8.0,35.7,1.3,0.4666666666666667,0.0,0.0,20.0,3.0,34.6,0.4,0.5454545454545454,-1.7,0.2,54.0,-1005.0,14.0,12.0,485.0,0.08333333333333333,0.1875,-0.3125,-0.06666666666666667,-0.09090909090909091,1.3699999999999988,0.0
529,202109040604,15,10,14,122,1,1,0,5,0,0,0,0,0,0,2,28,0,1,0,0,0,0,0,0,0,0,2,5,0,0,0,0,0,0,0,0,0.0,0.0,150.0,16.0,39.6,2.5,1.0,0.0,0.0,140.0,12.0,35.9,1.1,0.75,0.0,0.0,17.0,15.0,34.2,1.2,0.5555555555555556,-0.5,2.0,200.0,0.0,0.06666666666666667,6,9,17.1,7.0,1127,1412,1328,0.0,0.0,2.0,1.0,42.2,0.0,0.16666666666666666,0.0,0.0,10.0,8.0,34.2,0.6,0.9444444444444444,-2.7,0.2,54.0,-1141.0,14.0,16.0,440.0,0.0,0.0,0.2222222222222222,-0.08333333333333333,-0.05555555555555555,0.4499999999999993,0.0
530,202109040604,7,1,2,25,0,0,0,1,0,0,0,0,1,0,0,10,0,0,0,0,0,0,0,0,1,0,0,4,0,0,0,0,0,0,0,0,0.0,0.0,50.0,9.0,34.7,0.7,0.5,0.0,0.0,110.0,8.0,38.3,1.4,0.3333333333333333,0.0,0.0,80.0,2.0,35.5,0.3,0.42857142857142855,-3.5,-8.0,400.0,0.07407407407407407,0.25925925925925924,2,2,21.2,8.0,1463,305,1167,0.0,0.0,150.0,15.0,35.8,1.4,0.3333333333333333,0.0,0.0,90.0,8.0,34.4,1.2,0.6666666666666666,0.5,0.2,54.0,-825.0,14.0,18.0,462.0,0.1111111111111111,0.0,-0.14285714285714285,0.0,-0.2222222222222222,0.31000000000000083,0.0
531,202109040604,0,0,0,0,4,1,6,49,0,0,0,0,0,0,0,0,1,0,2,16,0,0,0,0,0,0,0,0,0,0,2,4,0,0,0,0,0.0,0.0,13.0,12.0,36.8,2.9,1.0,0.0,0.0,13.0,14.0,37.3,2.0,0.3333333333333333,0.0,0.0,13.0,5.0,36.6,0.9,0.14285714285714285,-3.5,0.0,-800.0,0.0,0.08823529411764706,8,13,88.7,12.0,1289,1618,1428,0.0,0.0,16.0,12.0,34.2,0.9,0.8235294117647058,0.0,0.0,12.0,12.0,36.0,1.4,0.2857142857142857,-0.2,0.0,54.0,-146.0,14.0,16.0,468.0,0.0,0.6666666666666666,0.0,0.058823529411764705,-0.07142857142857142,0.46999999999999886,0.0
532,202109040604,0,0,0,0,0,1,0,1,0,0,0,0,0,0,0,0,0,0,0,0,0,0,0,0,0,0,0,0,0,0,0,0,0,0,0,0,0.0,0.0,4.0,4.0,40.3,1.7,0.5833333333333334,0.0,0.0,3.0,6.0,36.2,0.4,0.5294117647058824,0.0,0.0,13.0,5.0,34.9,0.1,0.8125,0.5,7.0,200.0,0.11428571428571428,0.34285714285714286,6,10,43.2,10.0,594,237,324,0.0,0.0,16.0,9.0,34.7,1.9,1.0,0.0,0.0,7.0,14.0,41.9,3.4,0.6428571428571429,2.3,0.0,54.0,-339.0,14.0,12.0,453.0,-0.16666666666666666,-0.17647058823529413,-0.4375,-0.1111111111111111,0.07142857142857142,-0.1700000000000003,0.0
533,202109040604,3,5,4,20,1,3,0,12,0,0,0,0,0,0,3,8,0,0,0,2,0,0,0,0,0,0,2,3,0,0,0,1,0,0,0,0,0.0,0.0,16.0,16.0,37.9,3.3,0.3125,0.0,0.0,14.0,14.0,43.2,5.0,0.375,0.0,0.0,13.0,14.0,36.8,2.7,0.6428571428571429,-1.0,-8.0,-200.0,0.10204081632653061,0.29591836734693877,3,4,130.5,13.0,1677,1206,1167,,,,,,,,,,,,,,,-1.0,0.0,54.0,-105.0,14.0,16.0,402.0,0.3125,0.4375,0.07142857142857142,,,0.5500000000000007,0.0
534,202109040610,0,2,0,3,1,7,1,7,0,2,0,2,0,2,0,3,1,4,1,3,0,2,0,2,0,0,0,0,0,0,0,0,0,0,0,0,0.0,0.0,20.0,2.0,34.4,0.1,0.5,0.0,0.0,40.0,9.0,33.6,0.6,0.8888888888888888,0.0,0.0,40.0,5.0,32.8,0.3,0.9444444444444444,1.5,4.0,0.0,0.20588235294117646,0.5294117647058824,2,2,3.4,2.0,1500,1110,1263,0.0,0.0,10.0,1.0,33.4,0.0,0.875,0.0,0.0,10.0,1.0,34.1,0.0,0.875,-1.0,0.6,57.0,57.0,14.0,18.0,462.0,0.0,0.0,0.05555555555555555,0.0,0.125,0.07999999999999971,0.0
535,202109040610,0,2,0,9,15,27,17,118,0,2,0,1,0,0,0,3,1,4,6,32,0,0,0,0,0,0,0,0,0,0,0,1,0,0,0,0,0.0,0.0,9.0,6.0,37.5,1.1,0.06666666666666667,0.0,0.0,10.0,11.0,34.5,1.0,0.5,0.0,0.0,4.0,5.0,34.3,0.2,0.25,-0.5,4.0,-200.0,0.10309278350515463,0.28865979381443296,8,14,18.4,6.0,1426,1428,306,0.0,0.0,7.0,3.0,33.9,0.4,0.3333333333333333,0.0,0.0,7.0,13.0,34.8,1.8,0.9230769230769231,0.6,0.2,55.0,-595.0,14.0,15.0,468.0,0.13333333333333333,-0.05555555555555555,0.0,0.0,0.07692307692307693,0.6000000000000008,0.0
536,202109040610,0,0,0,13,14,5,15,161,0,0,0,0,0,0,0,4,1,0,2,42,0,0,0,0,0,0,0,0,1,0,0,8,0,0,0,0,0.0,0.0,10.0,6.0,35.1,0.3,0.2,0.0,0.0,10.0,1.0,35.0,0.0,0.21428571428571427,0.0,0.0,40.0,1.0,34.6,0.0,0.21428571428571427,-2.5,-4.0,-200.0,0.0,0.3333333333333333,5,8,10.5,5.0,1186,1263,792,0.0,0.0,10.0,1.0,35.1,0.0,0.07142857142857142,0.0,0.0,40.0,5.0,38.2,0.5,0.125,-0.2,0.6,55.0,35.0,14.0,15.0,444.0,0.06666666666666667,-0.07142857142857142,-0.07142857142857142,0.0,0.0,-0.6300000000000004,0.0
537,202109040610,8,16,9,65,10,8,11,109,0,0,0,1,4,4,1,14,2,2,3,30,0,0,0,0,0,0,0,0,0,0,0,2,0,0,0,0,0.0,0.0,10.0,10.0,46.7,7.5,0.3,0.0,0.0,6.0,12.0,41.6,5.2,0.08333333333333333,0.0,0.0,15.0,15.0,34.3,1.3,0.35294117647058826,2.5,6.0,-100.0,0.06557377049180328,0.21311475409836064,6,10,8.0,4.0,1098,1405,1294,0.0,0.0,9.0,13.0,37.2,1.8,0.07692307692307693,0.0,0.0,4.0,12.0,37.6,2.2,0.21428571428571427,0.5,0.0,57.0,-962.0,14.0,10.0,506.0,0.7,0.75,0.0,0.0,0.0,2.2600000000000002,0.0
538,202109040610,30,21,26,197,1,2,2,3,0,2,0,1,6,6,8,71,0,2,1,1,0,2,0,1,2,0,0,4,0,0,0,0,0,0,0,0,0.0,0.0,20.0,9.0,35.7,1.0,0.5,0.0,0.0,110.0,4.0,33.9,0.6,0.8333333333333334,0.0,0.0,100.0,2.0,34.7,0.2,0.3333333333333333,-3.5,4.0,-200.0,0.1368421052631579,0.4421052631578947,5,7,3.4,1.0,1716,152,1167,0.0,0.0,10.0,1.0,33.4,0.0,0.4117647058823529,0.0,0.0,10.0,4.0,36.2,0.4,0.4,-1.3,0.4,55.0,112.0,14.0,16.0,470.0,0.0625,0.05555555555555555,0.05555555555555555,-0.35294117647058826,0.06666666666666667,-0.05,0.0
539,202109040610,19,19,15,86,11,8,11,77,4,5,3,10,3,4,1,29,6,3,3,36,2,1,0,5,0,1,0,8,0,1,0,2,0,1,0,2,0.0,0.0,2.0,3.0,33.9,0.2,0.16666666666666666,0.0,0.0,5.0,1.0,34.3,0.0,0.14285714285714285,0.0,0.0,7.0,6.0,33.8,0.5,0.07142857142857142,1.5,-4.0,200.0,0.0,0.06896551724137931,4,5,19.2,7.0,1167,1345,460,0.0,0.0,5.0,5.0,33.7,0.5,0.16666666666666666,0.0,0.0,3.0,5.0,34.9,0.5,0.09090909090909091,0.8,0.4,55.0,-118.0,14.0,18.0,482.0,-0.05555555555555555,0.0,0.07142857142857142,0.08333333333333333,0.0,-0.14000000000000057,0.0
540,202109040610,8,8,21,150,8,16,10,107,2,2,2,16,0,3,3,31,2,6,1,33,0,0,0,3,0,1,0,5,1,1,0,1,0,0,0,0,0.0,0.0,10.0,7.0,34.7,0.3,0.4,0.0,0.0,14.0,9.0,34.5,0.4,0.5555555555555556,0.0,0.0,10.0,7.0,33.7,0.7,0.2857142857142857,0.0,6.0,200.0,0.0,0.2608695652173913,1,1,61.9,10.0,1506,1013,199,0.0,0.0,13.0,7.0,35.9,0.4,0.2857142857142857,0.0,0.0,12.0,14.0,36.8,1.4,0.06666666666666667,1.2,0.0,55.0,-105.0,14.0,10.0,470.0,0.0,0.0,0.0,0.14285714285714285,0.06666666666666667,-0.5599999999999987,0.0
541,202109040610,30,18,29,175,10,4,8,94,2,0,0,2,8,3,6,44,2,0,5,21,1,0,0,0,0,0,1,2,0,0,0,0,0,0,0,0,0.0,0.0,12.0,8.0,33.9,1.0,1.0,0.0,0.0,17.0,11.0,36.3,2.2,0.8235294117647058,0.0,0.0,9.0,4.0,33.6,0.3,0.8571428571428571,-2.0,0.0,-400.0,0.07920792079207921,0.27722772277227725,7,11,26.5,9.0,1503,1183,1263,0.0,0.0,11.0,4.0,34.1,0.4,0.9333333333333333,0.0,0.0,13.0,16.0,38.1,3.5,0.375,0.9,0.0,57.0,-951.0,14.0,13.0,464.0,0.0,0.058823529411764705,-0.07142857142857142,0.0,0.625,-0.620000000000001,0.0
542,202109040610,13,17,22,145,15,27,17,118,2,4,1,16,3,3,6,37,1,4,6,32,0,0,0,4,0,0,0,1,0,0,0,1,0,0,0,1,0.0,0.0,5.0,9.0,43.5,3.5,0.9,0.0,0.0,11.0,11.0,35.7,2.3,1.0,0.0,0.0,9.0,13.0,36.3,1.7,0.8125,2.0,7.0,0.0,0.05555555555555555,0.1527777777777778,8,13,67.5,11.0,1691,1428,1167,0.0,0.0,5.0,4.0,33.1,0.5,0.5,0.0,0.0,11.0,9.0,33.1,0.8,0.7857142857142857,-0.7,0.0,57.0,-444.0,14.0,10.0,469.0,-0.1,0.0,0.0625,0.0,0.0,2.34,0.0
543,202109040610,15,10,14,122,12,8,12,71,1,1,3,8,0,0,2,28,2,2,1,16,0,0,0,0,0,0,0,1,0,0,0,1,0,0,0,0,0.0,0.0,10.0,10.0,35.8,0.6,0.3076923076923077,0.0,0.0,8.0,14.0,40.8,4.6,0.6428571428571429,0.0,0.0,8.0,10.0,33.4,0.8,0.5714285714285714,0.0,4.0,0.0,0.20833333333333334,0.2916666666666667,3,4,20.3,8.0,1127,1294,1328,0.0,0.0,8.0,6.0,33.8,0.6,0.4166666666666667,0.0,0.0,8.0,8.0,36.3,0.6,0.3333333333333333,-1.2,0.0,55.0,-77.0,14.0,13.0,460.0,-0.15384615384615385,0.2857142857142857,0.07142857142857142,-0.16666666666666666,-0.16666666666666666,0.6,0.0
544,202109040610,30,21,26,197,0,0,0,0,0,0,0,0,6,6,8,71,0,0,0,0,0,0,0,0,2,0,0,4,0,0,0,0,0,0,0,0,0.0,0.0,2.0,1.0,13.3,0.0,0.75,0.0,0.0,3.0,3.0,13.8,1.1,0.2857142857142857,0.0,0.0,7.0,14.0,36.6,1.3,0.25,6.5,-6.0,-1250.0,0.3684210526315789,0.5921052631578947,7,12,4.8,3.0,1716,1505,1167,0.0,0.0,3.0,11.0,33.6,0.8,0.42857142857142855,0.0,0.0,1.0,3.0,34.6,0.1,0.3888888888888889,1.2,0.6,57.0,-370.0,14.0,12.0,508.0,-0.5,0.2857142857142857,0.0,0.0,-0.05555555555555555,-6.24,0.0
545,202109040610,30,18,29,175,3,3,4,14,1,0,3,0,8,3,6,44,1,1,1,7,1,0,1,0,0,0,1,2,0,0,0,0,0,0,0,0,0.0,0.0,7.0,6.0,34.3,0.6,0.6875,0.0,0.0,15.0,5.0,33.8,0.1,0.5555555555555556,0.0,0.0,10.0,6.0,34.0,0.4,0.8181818181818182,0.0,2.0,400.0,0.16666666666666666,0.16666666666666666,4,6,139.4,12.0,1503,322,1263,0.0,0.0,14.0,17.0,34.0,0.9,0.6111111111111112,0.0,0.0,12.0,12.0,33.7,1.0,0.42857142857142855,2.4,0.0,55.0,-65.0,14.0,16.0,478.0,-0.1875,0.0,0.09090909090909091,0.05555555555555555,0.0,0.09999999999999858,0.0
546,202109040610,8,8,21,150,10,8,11,109,0,1,4,18,0,3,3,31,2,2,3,30,0,1,0,4,0,1,0,5,0,0,0,2,0,0,0,1,0.0,0.0,14.0,11.0,35.5,1.5,0.9285714285714286,0.0,0.0,15.0,13.0,37.4,1.4,0.875,0.0,0.0,11.0,8.0,34.2,0.4,1.0,-1.5,6.0,200.0,0.0,0.14705882352941177,6,9,173.7,13.0,1506,1405,199,0.0,0.0,8.0,7.0,34.0,0.7,0.7777777777777778,0.0,0.0,13.0,13.0,33.2,1.1,0.9285714285714286,-0.2,0.0,57.0,-244.0,14.0,14.0,484.0,-0.07142857142857142,0.0625,-0.09090909090909091,-0.1111111111111111,0.0,0.7999999999999993,0.0
547,202109040610,1,0,1,20,3,4,6,48,0,0,0,1,0,0,0,9,0,2,0,8,0,0,0,1,0,0,0,0,0,0,0,0,0,0,0,0,0.0,0.0,12.0,13.0,41.9,3.4,0.9230769230769231,0.0,0.0,14.0,12.0,34.5,1.4,1.0,0.0,0.0,14.0,14.0,37.4,2.4,1.0,0.5,15.0,0.0,0.0,0.0,3,3,220.7,14.0,1674,1559,1428,0.0,0.0,13.0,13.0,35.4,2.0,1.0,0.0,0.0,14.0,16.0,37.6,3.3,0.9375,0.7,0.0,57.0,-880.0,14.0,13.0,475.0,-0.07692307692307693,0.0,0.0,0.0,0.0625,0.7699999999999996,0.0
548,202109040702,0,0,0,0,2,5,8,48,0,0,0,0,0,0,0,0,1,2,2,12,0,0,0,0,0,0,0,0,1,0,0,3,0,0,0,0,0.0,0.0,100.0,3.0,35.5,0.2,0.13333333333333333,,,,,,,,,,,,,,,,,0.0,0.09090909090909091,0.22727272727272727,7,8,17.1,5.0,1045,1482,969,,,,,,,,,,,,,,,,1.0,55.0,27.0,10.0,15.0,464.0,-0.06666666666666667,,,,,,
549,202109040702,0,0,0,0,3,3,1,28,0,0,0,0,0,0,0,0,2,2,0,7,0,0,0,0,0,0,0,0,2,1,0,4,0,0,0,0,0.0,0.0,30.0,4.0,34.7,0.9,0.0625,,,,,,,,,,,,,,,,,-200.0,0.021739130434782608,0.1956521739130435,8,10,9.9,3.0,1154,1036,1561,,,,,,,,,,,,,,,,0.0,54.0,21.0,10.0,16.0,438.0,0.0,,,,,,
550,202109040702,5,4,5,33,3,3,6,27,0,0,1,1,2,1,1,10,1,2,3,6,0,0,0,0,1,0,1,2,0,1,1,3,0,0,0,0,0.0,0.0,20.0,2.0,33.8,0.1,0.2857142857142857,,,,,,,,,,,,,,,,,-200.0,0.10101010101010101,0.29292929292929293,2,2,2.3,2.0,1657,1362,1317,,,,,,,,,,,,,,,,1.0,55.0,27.0,10.0,14.0,478.0,0.07142857142857142,,,,,,
551,202109040702,1,0,0,9,3,3,6,27,0,0,0,0,1,0,0,3,1,2,3,6,0,0,0,0,0,0,0,2,0,1,1,3,0,0,0,0,0.0,0.0,50.0,13.0,36.4,1.1,0.5,0.0,0.0,90.0,5.0,33.0,1.0,0.8888888888888888,,,,,,,,-8.0,0.0,-200.0,0.0,0.0,4,4,27.8,6.0,1605,1362,1,,,,,,,,,,,,,,,-8.0,0.0,52.0,69.0,10.0,16.0,472.0,0.25,0.0,,,,3.3999999999999986,0.0
552,202109040702,72,56,56,283,0,0,2,4,0,0,0,0,22,14,20,91,0,0,0,0,0,0,0,0,3,3,4,9,0,0,0,0,0,0,0,0,0.0,0.0,9.0,8.0,34.0,1.1,0.5,0.0,0.0,4.0,10.0,36.2,1.5,0.5,0.0,0.0,7.0,5.0,34.7,0.4,0.5,-1.5,-2.0,-800.0,0.3717948717948718,0.5897435897435898,1,1,2.2,1.0,1428,61,1263,0.0,0.0,4.0,4.0,33.9,0.2,0.875,0.0,0.0,3.0,5.0,34.6,2.0,1.0,-1.2,0.0,54.0,-945.0,10.0,10.0,454.0,0.4,0.0,-0.08333333333333333,-0.125,0.0,0.11000000000000014,0.0
553,202109040702,7,10,8,92,0,1,0,7,0,0,0,0,1,1,0,32,0,0,0,1,0,0,0,0,1,0,0,6,0,0,0,0,0,0,0,0,0.0,0.0,14.0,10.0,37.9,1.5,0.42857142857142855,0.0,0.0,13.0,12.0,39.2,2.5,0.4666666666666667,0.0,0.0,9.0,8.0,13.8,5.9,0.7,-1.0,2.0,-300.0,0.06329113924050633,0.17721518987341772,7,7,12.3,4.0,1736,557,1482,0.0,0.0,9.0,6.0,13.8,5.9,0.6153846153846154,0.0,0.0,7.0,4.0,14.0,3.9,0.4444444444444444,-1.8,0.0,55.0,-918.0,10.0,14.0,480.0,0.14285714285714285,0.4,0.2,0.0,0.0,7.32,0.0
554,202109040702,30,21,26,197,11,8,11,77,1,0,1,6,6,6,8,71,6,3,3,36,0,0,0,4,2,3,5,23,0,0,0,9,0,0,0,3,0.0,0.0,30.0,40.0,37.7,0.5,1.0,0.0,0.0,120.0,120.0,35.4,1.2,0.4,0.0,0.0,90.0,100.0,36.2,1.8,0.2,30.0,8.0,400.0,0.06666666666666667,0.2571428571428571,3,3,30.2,7.0,1716,1345,1167,0.0,0.0,90.0,110.0,35.4,2.0,0.9090909090909091,0.0,0.0,50.0,100.0,35.3,0.9,0.375,11.0,0.0,55.0,-1084.0,10.0,8.0,510.0,0.0,0.13333333333333333,0.0,0.09090909090909091,0.0,0.48000000000000115,0.0
555,202109040702,8,16,9,65,15,27,17,118,1,6,2,15,4,4,1,14,1,4,6,32,0,1,0,2,3,2,1,9,1,2,5,11,0,1,0,2,0.0,0.0,3.0,6.0,41.9,2.2,0.36363636363636365,0.0,0.0,7.0,9.0,42.6,5.9,0.75,0.0,0.0,9.0,8.0,35.1,2.0,0.4,1.0,-20.0,100.0,0.0,0.07142857142857142,8,9,243.7,9.0,1098,1428,1294,0.0,0.0,11.0,12.0,39.9,3.0,0.6923076923076923,0.0,0.0,11.0,10.0,34.6,0.9,0.6,1.1,0.0,55.0,-513.0,10.0,11.0,442.0,0.0,0.08333333333333333,0.0,-0.07692307692307693,0.13333333333333333,1.7299999999999998,0.0
556,202109040702,7,10,8,92,8,16,10,107,0,0,0,1,1,1,0,32,2,6,1,33,0,0,0,0,1,0,0,6,1,1,1,7,0,0,0,0,0.0,0.0,12.0,8.0,38.4,1.4,0.75,0.0,0.0,9.0,13.0,36.5,1.5,0.5555555555555556,0.0,0.0,16.0,3.0,35.6,0.6,0.6111111111111112,-2.5,8.0,780.0,0.0,0.06666666666666667,6,6,121.1,8.0,1736,1013,1482,0.0,0.0,12.0,8.0,39.1,2.4,0.4375,0.0,0.0,12.0,8.0,39.1,2.5,0.5833333333333334,-0.5,0.2,54.0,-998.0,10.0,12.0,476.0,0.0,0.05555555555555555,-0.3333333333333333,0.375,0.0,-0.4000000000000007,0.0
557,202109040702,13,17,22,145,5,8,3,57,0,0,0,0,3,3,6,37,0,1,1,14,0,0,0,0,0,1,2,13,0,0,0,2,0,0,0,0,0.0,0.0,80.0,9.0,43.4,5.6,0.8888888888888888,0.0,0.0,130.0,9.0,40.5,2.9,0.625,0.0,0.0,150.0,8.0,38.5,1.7,0.875,-0.5,13.0,-200.0,0.03636363636363636,0.12727272727272726,5,5,357.1,10.0,1691,1235,1167,0.0,0.0,100.0,10.0,35.4,2.8,0.6,0.0,0.0,80.0,12.0,36.1,1.5,0.7857142857142857,0.7,0.0,54.0,-995.0,10.0,9.0,441.0,0.1111111111111111,-0.0625,-0.0625,0.2,0.14285714285714285,1.9699999999999995,0.0
558,202109040805,3,5,4,20,8,16,10,107,0,1,0,3,0,0,3,8,2,6,1,33,0,0,0,0,0,0,2,3,0,1,0,4,0,0,0,0,0.0,0.0,110.0,13.0,39.5,2.5,0.4,0.0,0.0,130.0,15.0,38.3,2.4,0.0625,0.0,0.0,120.0,14.0,41.1,3.6,0.14285714285714285,0.5,12.0,-200.0,,,3,4,113.4,11.0,1677,1013,1167,0.0,0.0,6.0,9.0,37.7,1.2,0.09090909090909091,0.0,0.0,17.0,15.0,36.0,1.7,0.16666666666666666,-0.2,0.0,50.0,-1141.0,14.0,15.0,494.0,0.26666666666666666,0.0,0.2857142857142857,0.0,0.0,0.7599999999999995,0.0
559,202109040805,30,21,26,197,6,7,4,87,0,0,0,7,6,6,8,71,2,1,1,27,0,0,0,1,0,1,0,12,2,0,0,3,0,0,0,1,,,,,,,,,,,,,,,,,,,,,,,,,0.19230769230769232,0.2692307692307692,4,6,4.5,3.0,1716,1558,1167,,,,,,,,,,,,,,,,,55.0,,14.0,,,,,,,,,
560,202109040805,18,18,14,110,1,0,0,5,0,0,0,0,6,4,2,33,0,0,0,1,0,0,0,0,2,1,1,6,0,0,0,0,0,0,0,0,0.0,0.0,7.0,9.0,43.2,5.8,0.8888888888888888,0.0,0.0,13.0,13.0,33.9,0.9,0.9333333333333333,0.0,0.0,14.0,10.0,35.2,1.6,0.9375,0.5,12.0,0.0,0.03571428571428571,0.125,1,1,7.1,4.0,1152,796,1428,0.0,0.0,12.0,16.0,35.1,1.1,0.5294117647058824,0.0,0.0,15.0,7.0,34.8,0.5,0.3888888888888889,-0.1,0.0,54.0,-1080.0,14.0,9.0,500.0,0.1111111111111111,0.0,0.0,0.058823529411764705,0.0,1.560000000000001,0.0
561,202109040805,7,1,2,25,1,1,0,1,0,0,0,0,1,0,0,10,0,0,0,1,0,0,0,0,1,0,0,4,0,0,0,0,0,0,0,0,0.0,0.0,6.0,11.0,43.6,5.0,0.08333333333333333,0.0,0.0,1.0,1.0,36.2,0.0,0.42857142857142855,0.0,0.0,1.0,1.0,38.0,0.0,0.3333333333333333,-5.0,6.0,-200.0,0.0625,0.175,8,14,3.8,2.0,1463,444,1167,0.0,0.0,1.0,1.0,37.8,0.0,0.0625,0.0,0.0,1.0,2.0,38.0,0.1,0.2727272727272727,-1.8,0.8,54.0,-733.0,14.0,12.0,516.0,0.16666666666666666,-0.07142857142857142,-0.13333333333333333,0.0,0.0,0.9600000000000009,0.0
562,202109040805,0,0,0,0,1,2,0,1,0,0,0,0,0,0,0,0,1,1,0,0,0,0,0,0,0,0,0,0,0,0,0,0,0,0,0,0,,,,,,,,,,,,,,,,,,,,,,,,,0.025,0.025,2,2,12.7,5.0,92,357,464,,,,,,,,,,,,,,,,,55.0,,14.0,,,,,,,,,
563,202109040805,6,6,3,68,0,0,0,1,0,0,0,0,2,2,1,26,0,0,0,1,0,0,0,0,0,0,0,2,0,0,0,0,0,0,0,0,0.0,0.0,9.0,15.0,40.6,3.0,0.625,0.0,0.0,3.0,12.0,40.8,4.9,0.2,0.0,0.0,5.0,11.0,36.8,1.5,0.2727272727272727,-2.0,-10.0,200.0,0.0547945205479452,0.1506849315068493,6,10,29.1,6.0,1431,870,1428,0.0,0.0,6.0,6.0,34.1,1.1,0.7142857142857143,,,,,,,,-2.8,0.0,55.0,-217.0,14.0,16.0,496.0,0.0,0.4,0.0,0.0,,2.35,0.0
564,202109040805,6,6,3,68,12,8,12,71,0,0,0,2,2,2,1,26,2,2,1,16,0,0,0,1,0,0,0,2,0,1,0,1,0,0,0,0,0.0,0.0,110.0,90.0,43.8,2.4,0.5,0.0,0.0,130.0,110.0,36.4,2.9,1.0,0.0,0.0,160.0,100.0,38.5,1.5,0.5,5.0,-5.0,200.0,0.06818181818181818,0.2727272727272727,6,9,196.6,13.0,1431,1294,1428,0.0,0.0,120.0,100.0,36.5,1.0,0.625,0.0,0.0,60.0,90.0,41.3,3.4,0.3125,-1.0,0.0,54.0,-789.0,14.0,12.0,419.0,0.25,-0.15384615384615385,-0.0625,0.0,0.0625,0.4899999999999999,0.0
565,202109040805,7,1,2,25,1,1,0,11,0,0,0,0,1,0,0,10,0,0,0,2,0,0,0,0,1,0,0,4,0,0,0,0,0,0,0,0,0.0,0.0,8.0,9.0,40.2,2.2,0.8,0.0,0.0,8.0,11.0,38.8,1.9,0.5,0.0,0.0,6.0,11.0,38.2,1.4,0.3333333333333333,1.0,4.0,200.0,0.1,0.3,3,3,35.9,7.0,1463,695,1167,0.0,0.0,7.0,13.0,40.0,1.8,0.3125,0.0,0.0,6.0,1.0,36.4,0.0,0.13333333333333333,-1.4,0.2,55.0,-957.0,14.0,10.0,484.0,0.2,0.0,0.0,-0.125,0.0,0.6400000000000006,0.0
566,202109040805,0,2,0,23,4,1,6,49,0,0,0,1,0,0,0,7,1,0,2,16,0,0,0,0,0,0,0,1,0,0,2,4,0,0,0,0,0.0,0.0,5.0,7.0,39.0,1.4,0.75,0.0,0.0,12.0,11.0,41.4,2.5,0.07142857142857142,0.0,0.0,6.0,9.0,35.9,1.1,0.75,1.0,29.0,400.0,0.0660377358490566,0.25471698113207547,4,5,131.3,12.0,1403,1618,939,0.0,0.0,8.0,6.0,36.0,0.8,0.3125,0.0,0.0,12.0,2.0,35.6,0.5,0.1875,-1.5,0.2,54.0,-970.0,14.0,8.0,459.0,0.25,0.07142857142857142,0.0,0.0,0.0,1.2199999999999995,0.0
567,202109040805,18,18,14,110,3,1,1,11,0,0,0,0,6,4,2,33,2,1,1,6,0,0,0,0,2,1,1,6,0,0,0,0,0,0,0,0,,,,,,,,,,,,,,,,,,,,,,,,,0.05555555555555555,0.3055555555555556,8,13,222.1,14.0,1152,225,1428,,,,,,,,,,,,,,,,,54.0,,14.0,,,,,,,,,
568,202109040805,5,4,5,33,10,8,11,109,0,0,1,3,2,1,1,10,2,2,3,30,0,0,1,1,1,1,0,3,0,0,0,1,0,0,0,0,0.0,0.0,8.0,8.0,41.2,1.8,0.7272727272727273,0.0,0.0,13.0,,,,0.46153846153846156,0.0,0.0,12.0,8.0,38.3,2.4,0.9230769230769231,0.0,3.0,200.0,0.11267605633802817,0.3380281690140845,5,8,2.7,1.0,1657,1405,1317,0.0,0.0,11.0,8.0,38.9,2.5,0.6153846153846154,0.0,0.0,8.0,12.0,37.8,2.7,0.5,1.2,0.0,55.0,-1084.0,14.0,11.0,511.0,-0.09090909090909091,0.5384615384615384,0.0,0.07692307692307693,0.16666666666666666,0.9600000000000015,0.0
569,202109040805,4,10,9,68,0,0,0,1,0,0,0,0,1,1,3,24,0,0,0,0,0,0,0,0,0,0,1,6,0,0,0,0,0,0,0,0,0.0,0.0,5.0,7.0,37.5,1.3,0.6666666666666666,0.0,0.0,8.0,15.0,38.3,3.6,0.875,0.0,0.0,9.0,12.0,34.8,2.1,0.9285714285714286,2.5,-9.0,600.0,0.1111111111111111,0.25396825396825395,5,7,60.5,9.0,1304,1712,1503,,,,,,,,,,,,,,,2.5,0.0,54.0,-701.0,14.0,9.0,417.0,0.0,0.125,0.0,,,1.3500000000000014,0.0
570,202109040805,0,0,0,0,1,3,5,14,0,0,0,0,0,0,0,0,1,1,0,3,0,0,0,0,0,0,0,0,1,0,0,1,0,0,0,0,0.0,0.0,12.0,12.0,41.5,4.3,0.16666666666666666,0.0,0.0,12.0,13.0,37.5,1.5,0.5333333333333333,0.0,0.0,13.0,13.0,37.9,3.6,0.5625,0.5,6.0,200.0,0.0,0.0,7,12,73.5,10.0,1432,1079,1428,0.0,0.0,11.0,13.0,37.5,1.3,0.3076923076923077,0.0,0.0,10.0,3.0,37.1,0.6,0.3076923076923077,-1.8,0.2,51.0,-1092.0,14.0,12.0,478.0,0.08333333333333333,0.13333333333333333,0.25,0.0,-0.07692307692307693,0.8799999999999997,0.0
571,202109040805,3,0,1,13,3,3,1,28,0,0,0,0,1,0,0,7,2,2,0,7,0,0,0,0,0,0,0,2,0,1,0,2,0,0,0,0,0.0,0.0,60.0,5.0,38.0,0.9,0.2727272727272727,0.0,0.0,130.0,14.0,46.3,8.9,0.07142857142857142,0.0,0.0,130.0,7.0,39.3,1.3,0.06666666666666667,1.0,7.0,0.0,0.04,0.18,7,11,54.7,8.0,1629,1036,1428,0.0,0.0,100.0,6.0,37.6,1.0,0.375,0.0,0.0,90.0,14.0,41.5,4.3,0.8,1.0,0.0,55.0,-982.0,14.0,11.0,483.0,0.18181818181818182,0.9285714285714286,0.0,-0.0625,-0.06666666666666667,0.16999999999999957,0.0
572,202109050103,0,0,0,0,0,0,0,0,0,0,0,0,0,0,0,0,0,0,0,0,0,0,0,0,0,0,0,0,0,0,0,0,0,0,0,0,0.0,0.0,3.0,1.0,33.3,0.0,0.05555555555555555,0.0,0.0,4.0,1.0,33.5,0.0,0.0625,0.0,0.0,5.0,10.0,36.7,1.3,0.058823529411764705,4.5,2.0,0.0,0.06451612903225806,0.20967741935483872,2,4,5.7,3.0,1064,993,1556,0.0,0.0,1.0,11.0,35.4,0.6,0.26666666666666666,0.0,0.0,10.0,10.0,34.8,0.7,0.125,2.8,0.4,55.0,-1009.0,17.0,18.0,488.0,0.0,0.0,0.0,0.0,0.0,-0.4899999999999999,0.0
573,202109050103,0,0,0,0,0,0,1,12,0,0,0,0,0,0,0,0,0,0,0,3,0,0,0,0,0,0,0,0,0,0,0,0,0,0,0,0,0.0,0.0,30.0,5.0,35.7,0.9,0.5625,,,,,,,,,,,,,,,,,0.0,0.1111111111111111,0.3333333333333333,6,11,18.7,5.0,1045,1208,969,,,,,,,,,,,,,,,,0.0,55.0,20.0,17.0,16.0,520.0,0.0,,,,,,
574,202109050103,1,0,1,20,1,0,0,6,0,0,0,0,0,0,0,9,0,0,0,1,0,0,0,0,0,0,0,3,0,0,0,0,0,0,0,0,0.0,0.0,1.0,7.0,34.4,0.9,0.8235294117647058,0.0,0.0,2.0,4.0,34.3,0.4,0.7692307692307693,0.0,0.0,1.0,3.0,33.1,0.1,0.2222222222222222,-2.0,-2.0,0.0,0.07272727272727272,0.2545454545454545,1,2,12.9,4.0,1674,705,1428,0.0,0.0,2.0,2.0,34.3,0.2,0.6666666666666666,0.0,0.0,4.0,3.0,34.1,0.1,0.5384615384615384,-1.0,0.6,55.0,-484.0,17.0,17.0,464.0,-0.17647058823529413,0.0,0.0,-0.1111111111111111,-0.07692307692307693,0.05999999999999943,0.0
575,202109050103,7,1,2,25,0,0,0,0,0,0,0,0,1,0,0,10,0,0,0,0,0,0,0,0,0,0,0,2,0,0,0,0,0,0,0,0,0.0,0.0,13.0,15.0,37.7,1.8,0.6875,0.0,0.0,6.0,12.0,36.1,1.5,0.5833333333333334,0.0,0.0,9.0,13.0,35.1,1.7,0.42857142857142855,-1.0,6.0,200.0,0.07766990291262135,0.27184466019417475,7,13,2.0,1.0,1463,371,1167,0.0,0.0,6.0,13.0,35.1,0.9,0.4666666666666667,0.0,0.0,4.0,16.0,36.6,1.5,0.1111111111111111,0.3,0.0,54.0,-833.0,17.0,16.0,530.0,0.0,0.0,0.14285714285714285,0.0,0.0,0.3200000000000003,0.0
576,202109050103,4,10,9,68,15,18,23,125,0,0,1,3,1,1,3,24,5,3,2,28,0,0,1,3,0,1,0,8,2,1,1,7,0,0,0,0,0.0,0.0,140.0,10.0,35.5,1.2,0.2,,,,,,,,,,,,,,,,,-200.0,0.02,0.14,6,12,448.1,16.0,1304,1167,1503,,,,,,,,,,,,,,,,0.0,55.0,21.0,17.0,15.0,440.0,0.0,,,,,,
577,202109050103,72,56,56,283,5,9,8,39,3,6,3,16,22,14,20,91,0,1,0,8,0,1,0,4,3,3,4,9,0,0,0,0,0,0,0,0,0.0,0.0,60.0,8.0,36.0,0.7,0.5,0.0,0.0,20.0,5.0,34.4,1.5,0.7058823529411765,,,,,,,,-3.0,-14.0,-200.0,0.25,0.25,8,17,21.5,6.0,1428,848,1263,,,,,,,,,,,,,,,-3.0,0.0,50.0,76.0,17.0,16.0,456.0,0.0,0.0,,,,1.6000000000000014,0.0
578,202109050103,1,0,2,21,15,18,23,125,0,0,0,1,0,0,0,7,5,3,2,28,0,0,0,1,0,0,0,0,2,1,1,7,0,0,0,0,0.0,0.0,5.0,5.0,41.2,2.0,0.6428571428571429,0.0,0.0,9.0,8.0,39.5,2.5,0.9285714285714286,0.0,0.0,7.0,5.0,39.4,1.2,0.2857142857142857,0.0,38.0,100.0,0.05405405405405406,0.14864864864864866,1,1,23.6,7.0,1333,1167,1294,0.0,0.0,7.0,4.0,39.3,0.6,0.35714285714285715,0.0,0.0,12.0,4.0,39.8,0.7,0.07142857142857142,-0.6,0.0,54.0,-731.0,17.0,14.0,454.0,-0.21428571428571427,-0.07142857142857142,-0.14285714285714285,0.07142857142857142,0.0,0.30000000000000143,0.0
579,202109050103,0,1,0,33,0,0,0,0,0,0,0,0,0,0,0,11,0,0,0,0,0,0,0,0,0,0,0,4,0,0,0,0,0,0,0,0,0.0,0.0,6.0,7.0,13.4,3.0,0.25,0.0,0.0,14.0,10.0,39.3,1.2,0.375,0.0,0.0,13.0,11.0,39.8,1.8,0.5,2.0,-6.0,-1260.0,0.02857142857142857,0.11428571428571428,2,3,208.5,12.0,1611,1278,1263,0.0,0.0,11.0,9.0,39.4,3.4,0.9375,0.0,0.0,13.0,6.0,38.8,1.9,0.625,-0.3,0.0,55.0,-253.0,17.0,8.0,468.0,0.375,-0.0625,-0.0625,-0.0625,0.0625,-5.09,0.0
580,202109050103,3,0,1,13,10,4,8,94,0,0,0,2,1,0,0,7,2,0,5,21,0,0,0,1,1,0,0,4,0,0,2,7,0,0,0,1,0.0,0.0,2.0,9.0,39.5,2.1,0.8,0.0,0.0,6.0,10.0,38.4,2.5,0.7333333333333333,0.0,0.0,11.0,9.0,36.2,1.4,0.17647058823529413,0.0,-1.0,200.0,0.03508771929824561,0.14035087719298245,8,16,200.1,11.0,1629,1183,1428,0.0,0.0,5.0,8.0,36.5,1.4,0.375,,,,,,,,-0.4,0.0,55.0,-735.0,17.0,10.0,471.0,-0.1,0.0,-0.058823529411764705,0.0,,1.1199999999999997,0.0
581,202109050103,0,0,0,0,15,27,17,118,0,0,0,0,0,0,0,0,1,4,6,32,0,0,0,0,0,0,0,0,1,2,5,11,0,0,0,0,0.0,0.0,5.0,12.0,37.4,2.9,0.9375,0.0,0.0,4.0,1.0,36.1,0.0,0.21428571428571427,0.0,0.0,7.0,2.0,36.8,0.0,0.13333333333333333,-5.0,-2.0,400.0,0.07692307692307693,0.19230769230769232,8,15,57.6,9.0,1467,1428,336,0.0,0.0,3.0,7.0,35.6,0.7,0.7,0.0,0.0,11.0,7.0,36.6,1.1,0.3333333333333333,-0.4,0.4,55.0,-623.0,17.0,16.0,510.0,0.0625,-0.07142857142857142,0.0,0.0,-0.08333333333333333,0.20999999999999944,0.0
582,202109050103,8,16,9,65,15,18,23,125,3,3,2,5,4,4,1,14,5,3,2,28,1,0,0,3,3,2,1,9,2,1,1,7,1,0,0,1,0.0,0.0,3.0,8.0,37.4,1.5,0.5,0.0,0.0,17.0,7.0,34.9,1.0,0.7222222222222222,0.0,0.0,6.0,5.0,34.5,0.4,0.3888888888888889,-1.5,13.0,780.0,0.0,0.25,5,9,47.9,8.0,1098,1167,1294,0.0,0.0,5.0,6.0,35.3,1.2,0.5555555555555556,0.0,0.0,11.0,4.0,35.1,0.6,0.5,-0.9,0.0,54.0,-360.0,17.0,12.0,459.0,-0.08333333333333333,-0.05555555555555555,0.0,-0.2222222222222222,-0.16666666666666666,0.4199999999999996,0.0
583,202109050103,5,4,5,33,3,4,6,48,0,0,0,0,2,1,1,10,0,2,0,8,0,0,0,0,1,0,1,2,0,0,0,3,0,0,0,0,0.0,0.0,5.0,6.0,41.0,1.8,0.25,0.0,0.0,7.0,7.0,40.3,1.5,0.16666666666666666,0.0,0.0,11.0,4.0,39.1,1.1,0.18181818181818182,-1.0,-7.0,400.0,0.25,0.25,3,5,347.0,14.0,1657,1559,1317,0.0,0.0,10.0,11.0,38.6,2.7,0.7333333333333333,0.0,0.0,14.0,12.0,35.7,1.7,0.5294117647058824,1.6,0.0,52.0,-850.0,17.0,12.0,437.0,0.08333333333333333,0.0,0.0,0.13333333333333333,0.29411764705882354,1.229999999999999,0.0
584,202109050103,0,1,1,13,10,8,11,109,0,1,0,0,0,0,0,0,2,2,3,30,0,0,0,0,0,0,0,0,0,0,1,10,0,0,0,0,0.0,0.0,60.0,1.0,39.0,0.0,0.3333333333333333,0.0,0.0,150.0,13.0,43.8,5.0,0.25,0.0,0.0,140.0,9.0,39.9,2.3,0.8125,4.0,17.0,400.0,0.0,0.12,5,10,370.8,15.0,1713,1405,215,0.0,0.0,130.0,10.0,40.7,2.1,1.0,0.0,0.0,150.0,15.0,36.7,2.5,0.6875,2.5,0.2,53.0,-985.0,17.0,12.0,461.0,0.0,0.0625,-0.3125,-0.46153846153846156,0.25,0.7699999999999989,0.0
585,202109050103,0,0,0,0,3,3,4,29,0,0,0,0,0,0,0,0,2,1,0,5,0,0,0,0,0,0,0,0,1,1,0,1,0,0,0,0,0.0,0.0,14.0,9.0,41.2,3.0,0.5714285714285714,0.0,0.0,3.0,3.0,38.5,1.2,0.3333333333333333,0.0,0.0,5.0,9.0,43.6,6.0,0.8,0.0,-1.0,-100.0,0.06666666666666667,0.26666666666666666,7,14,193.0,10.0,1243,460,1428,0.0,0.0,7.0,4.0,38.7,2.1,0.3,0.0,0.0,10.0,9.0,42.0,3.1,0.125,0.1,0.2,55.0,-252.0,17.0,14.0,490.0,-0.14285714285714285,0.0,-0.1,0.0,0.125,-0.17999999999999972,0.0
586,202109050103,0,0,0,0,15,27,17,118,0,0,0,0,0,0,0,0,1,4,6,32,0,0,0,0,0,0,0,0,1,2,5,11,0,0,0,0,0.0,0.0,100.0,2.0,34.7,0.2,0.625,,,,,,,,,,,,,,,,,0.0,0.06172839506172839,0.1728395061728395,3,6,4.3,2.0,1045,1428,969,,,,,,,,,,,,,,,,1.0,55.0,20.0,17.0,16.0,464.0,0.0625,,,,,,
587,202109050103,4,10,9,68,3,5,3,36,0,0,0,2,1,1,3,24,2,3,1,13,0,0,0,1,0,1,0,8,1,1,0,4,0,0,0,0,0.0,0.0,11.0,8.0,44.2,4.4,0.5833333333333334,0.0,0.0,14.0,15.0,37.2,2.1,0.625,0.0,0.0,8.0,13.0,37.9,3.0,0.46153846153846156,2.5,27.0,-400.0,0.0,0.5,4,7,246.5,13.0,1304,1014,1503,0.0,0.0,12.0,8.0,35.4,1.2,1.0,0.0,0.0,12.0,11.0,35.6,1.4,0.9333333333333333,-0.1,0.0,55.0,-928.0,17.0,12.0,499.0,0.0,-0.0625,0.0,-0.1875,0.0,1.9000000000000008,0.0
588,202109050103,5,10,9,78,12,8,12,71,0,0,0,0,0,1,1,15,2,2,1,16,0,0,0,0,0,1,1,4,0,0,0,9,0,0,0,0,0.0,0.0,1.0,,,,0.3333333333333333,0.0,0.0,8.0,11.0,14.2,13.4,1.0,0.0,0.0,12.0,7.0,13.3,2.7,0.75,-4.0,8.0,200.0,0.0,0.2,4,8,671.5,17.0,1561,1294,1263,0.0,0.0,12.0,11.0,13.9,10.1,0.9166666666666666,0.0,0.0,15.0,13.0,37.1,1.9,0.3125,1.0,0.0,55.0,-598.0,17.0,6.0,498.0,0.5,0.0,-0.08333333333333333,0.0,0.125,-6.9300000000000015,0.0
589,202109050212,0,1,0,7,15,27,17,118,0,0,0,0,0,0,0,2,1,4,6,32,0,0,0,0,0,0,0,0,0,0,0,3,0,0,0,0,0.0,0.0,3.0,7.0,33.5,0.3,0.75,0.0,0.0,11.0,4.0,34.4,0.3,1.0,0.0,0.0,11.0,11.0,33.4,0.8,1.0,2.0,2.0,400.0,0.07936507936507936,0.2222222222222222,8,9,2.0,1.0,1672,1428,1167,0.0,0.0,10.0,14.0,34.5,1.3,0.2,0.0,0.0,5.0,5.0,34.5,0.4,0.6,0.6,0.0,54.0,-496.0,9.0,16.0,456.0,0.0,-0.1111111111111111,-0.0625,0.0,-0.06666666666666667,-0.21000000000000013,0.0
590,202109050212,72,56,56,283,5,3,0,20,2,0,0,2,22,14,20,91,4,1,0,12,2,0,0,1,1,0,0,6,1,0,0,1,1,0,0,0,0.0,0.0,60.0,8.0,39.2,1.5,1.0,0.0,0.0,70.0,8.0,13.7,3.0,0.75,0.0,0.0,20.0,7.0,13.6,4.1,0.6666666666666666,-0.5,-13.0,-100.0,0.07692307692307693,0.2692307692307692,8,8,13.3,4.0,1428,1292,1263,0.0,0.0,20.0,4.0,13.6,1.0,0.625,0.0,0.0,50.0,3.0,13.1,2.4,0.14285714285714285,-1.4,0.2,57.0,-991.0,9.0,12.0,477.0,-0.08333333333333333,-0.08333333333333333,0.0,-0.125,0.0,5.230000000000001,0.0
591,202109050212,5,4,5,33,3,5,3,36,0,0,0,1,2,1,1,10,2,3,1,13,0,0,0,1,0,0,0,0,0,0,0,0,0,0,0,0,0.0,0.0,13.0,18.0,35.9,2.2,0.2777777777777778,0.0,0.0,11.0,14.0,38.9,1.6,0.14285714285714285,0.0,0.0,3.0,16.0,41.9,6.9,0.1875,-1.0,4.0,400.0,0.02127659574468085,0.2127659574468085,1,1,3.7,2.0,1657,1014,1317,0.0,0.0,4.0,3.0,34.4,0.2,0.0625,0.0,0.0,7.0,5.0,35.3,0.4,0.058823529411764705,-3.7,0.2,54.0,-728.0,9.0,18.0,506.0,0.0,0.0,0.125,0.0,0.0,0.5700000000000003,0.0
592,202109050212,0,0,0,5,0,1,2,12,0,0,0,1,0,0,0,1,0,0,0,1,0,0,0,1,0,0,0,1,0,0,0,1,0,0,0,1,0.0,0.0,50.0,40.0,40.4,0.9,0.2727272727272727,0.0,0.0,80.0,90.0,35.2,1.8,0.4444444444444444,0.0,0.0,70.0,90.0,35.6,1.8,0.3333333333333333,25.0,-20.0,200.0,0.0,0.11538461538461539,3,3,66.5,9.0,1345,1551,1263,0.0,0.0,90.0,40.0,34.4,0.2,0.4444444444444444,0.0,0.0,120.0,110.0,36.2,1.8,0.25,9.0,0.0,56.0,-504.0,9.0,11.0,542.0,0.09090909090909091,0.0,0.0,0.0,0.0,0.9199999999999996,0.0
593,202109050212,2,10,8,65,3,3,4,28,0,1,0,1,0,2,0,11,1,1,1,7,0,0,0,0,0,1,0,1,0,0,0,0,0,0,0,0,0.0,0.0,15.0,13.0,36.8,1.3,0.8125,0.0,0.0,16.0,7.0,34.3,1.3,0.7222222222222222,0.0,0.0,15.0,6.0,36.9,0.7,0.625,-3.5,-10.0,200.0,0.0196078431372549,0.13725490196078433,6,6,13.8,5.0,1172,324,1556,0.0,0.0,15.0,15.0,35.7,1.6,0.4,0.0,0.0,7.0,7.0,38.2,1.2,0.42857142857142855,-0.4,0.0,57.0,-1057.0,9.0,16.0,482.0,-0.125,0.0,-0.0625,0.0,0.0,-0.4200000000000017,0.0
594,202109050212,15,21,14,131,3,1,4,18,0,0,1,1,8,9,6,47,2,0,2,7,0,0,1,1,1,3,0,4,0,0,0,0,0,0,0,0,0.0,0.0,10.0,10.0,35.0,1.2,0.7,0.0,0.0,8.0,6.0,34.9,0.8,0.4444444444444444,0.0,0.0,12.0,11.0,34.7,0.7,0.75,0.5,6.0,0.0,0.0,0.0,5,5,34.2,8.0,1393,199,1263,0.0,0.0,9.0,11.0,37.9,2.2,1.0,0.0,0.0,8.0,2.0,35.0,0.0,0.75,-1.1,0.2,52.0,-84.0,9.0,10.0,462.0,0.1,0.0,0.08333333333333333,0.0,0.0,-0.3,0.0
595,202109050212,5,4,5,33,7,5,8,98,0,0,0,0,2,1,1,10,1,2,1,36,0,0,0,0,0,0,0,0,0,0,0,1,0,0,0,0,0.0,0.0,13.0,13.0,39.8,2.1,0.38461538461538464,0.0,0.0,11.0,14.0,39.5,2.7,0.4375,0.0,0.0,6.0,7.0,35.1,0.8,0.2222222222222222,-3.0,-6.0,-200.0,0.0,0.0,7,7,15.5,6.0,1657,1556,1317,0.0,0.0,3.0,9.0,41.4,3.1,0.5,0.0,0.0,2.0,1.0,38.5,0.0,0.5,-2.9,0.2,56.0,-154.0,9.0,13.0,508.0,0.23076923076923078,0.0625,0.0,0.0,-0.4,0.06999999999999958,0.0
596,202109050212,15,21,14,131,1,7,1,7,0,2,0,0,8,9,6,47,1,4,1,3,0,2,0,0,1,3,0,4,0,2,0,0,0,2,0,0,0.0,0.0,3.0,5.0,40.2,0.6,0.3333333333333333,0.0,0.0,7.0,15.0,40.0,3.2,0.875,0.0,0.0,3.0,8.0,34.6,0.8,0.7777777777777778,1.5,14.0,0.0,0.06542056074766354,0.2523364485981308,2,2,5.3,3.0,1393,1110,1263,0.0,0.0,11.0,7.0,34.2,0.5,1.0,0.0,0.0,6.0,10.0,35.6,1.6,0.18181818181818182,0.2,0.0,57.0,-960.0,9.0,9.0,464.0,0.0,-0.6875,0.0,0.0,0.0,1.5,0.0
597,202109050212,30,21,26,197,12,8,12,71,2,0,2,4,6,6,8,71,2,2,1,16,0,0,1,1,0,0,1,3,0,0,0,1,0,0,0,0,0.0,0.0,6.0,16.0,38.6,2.0,0.25,0.0,0.0,9.0,9.0,36.2,1.9,0.2222222222222222,0.0,0.0,8.0,,,,,-7.0,4.0,400.0,0.05333333333333334,0.14666666666666667,4,4,22.0,7.0,1716,1294,1167,0.0,0.0,9.0,9.0,34.6,0.7,0.5,0.0,0.0,7.0,10.0,34.8,0.8,0.21428571428571427,-1.8,0.0,56.0,-322.0,9.0,16.0,470.0,0.0,0.2222222222222222,,0.14285714285714285,0.0,1.3000000000000014,0.0
598,202109050311,15,21,14,131,1,1,0,2,0,0,0,0,8,9,6,47,0,0,0,1,0,0,0,0,1,3,3,15,0,0,0,0,0,0,0,0,0.0,0.0,60.0,6.0,34.3,0.6,0.5882352941176471,0.0,0.0,2.0,4.0,33.4,0.4,0.5882352941176471,0.0,0.0,3.0,5.0,33.0,0.4,0.8333333333333334,-0.5,-8.0,0.0,0.09375,0.234375,6,6,2.4,1.0,1393,484,1263,0.0,0.0,2.0,2.0,34.8,0.3,0.47058823529411764,0.0,0.0,5.0,7.0,,,,0.0,0.2,55.0,-1100.0,7.0,17.0,490.0,-0.11764705882352941,0.0,0.0,0.058823529411764705,,-0.11000000000000014,0.0
599,202109050311,8,16,9,65,15,18,23,125,3,3,2,5,4,4,1,14,5,3,2,28,1,0,0,3,0,0,0,2,2,1,0,8,0,0,0,1,0.0,0.0,9.0,15.0,35.1,1.7,0.1875,0.0,0.0,5.0,4.0,36.1,0.5,0.15384615384615385,0.0,0.0,7.0,17.0,36.4,2.3,0.3888888888888889,1.0,6.0,200.0,0.2222222222222222,0.5277777777777778,1,1,3.0,2.0,1098,1167,1294,0.0,0.0,2.0,2.0,33.5,0.0,0.42857142857142855,0.0,0.0,1.0,1.0,34.5,0.0,0.1111111111111111,-3.0,0.4,54.0,-582.0,7.0,16.0,480.0,0.0,0.0,0.1111111111111111,0.14285714285714285,0.0,0.38000000000000045,0.0
600,202109050311,0,0,0,0,15,27,17,118,0,0,0,0,0,0,0,0,1,4,6,32,0,0,0,0,0,0,0,0,0,1,0,6,0,0,0,0,0.0,0.0,7.0,12.0,34.6,1.0,0.375,0.0,0.0,14.0,7.0,33.3,0.3,0.5,0.0,0.0,14.0,10.0,33.4,0.9,0.9444444444444444,-1.0,-10.0,400.0,0.0761904761904762,0.2761904761904762,5,5,111.2,7.0,1467,1428,336,0.0,0.0,14.0,10.0,34.3,1.1,0.7647058823529411,0.0,0.0,5.0,10.0,34.1,1.3,0.3,-0.1,0.0,55.0,-952.0,7.0,16.0,430.0,0.0625,0.0,0.05555555555555555,0.058823529411764705,0.0,0.0,0.0
601,202109050311,0,0,0,0,3,3,4,14,0,0,0,0,0,0,0,0,1,1,1,7,0,0,0,0,0,0,0,0,0,0,0,0,0,0,0,0,0.0,0.0,10.0,1.0,33.7,0.0,0.125,0.0,0.0,20.0,1.0,34.6,0.0,0.25,0.0,0.0,40.0,2.0,34.5,0.4,0.125,0.5,2.0,0.0,0.0,0.28,7,7,5.1,3.0,1064,322,1556,,,,,,,,,,,,,,,0.5,1.0,55.0,63.0,7.0,8.0,488.0,0.0,-0.125,-0.0625,,,-0.3999999999999986,0.0
602,202109050311,19,19,15,86,10,4,8,94,0,0,0,2,3,4,1,29,2,0,5,21,0,0,0,1,0,1,0,8,0,0,1,3,0,0,0,0,0.0,0.0,90.0,8.0,35.5,0.6,0.4666666666666667,0.0,0.0,3.0,1.0,34.0,0.0,0.23529411764705882,0.0,0.0,9.0,6.0,35.3,0.2,0.21428571428571427,-1.0,-2.0,-900.0,0.18518518518518517,0.2962962962962963,2,2,7.3,4.0,1167,1183,460,0.0,0.0,5.0,9.0,35.5,0.8,0.2,0.0,0.0,6.0,8.0,35.5,0.5,0.0625,0.8,0.2,54.0,-1135.0,7.0,15.0,496.0,-0.13333333333333333,-0.11764705882352941,-0.07142857142857142,0.0,0.0,-0.15,0.0
603,202109050311,0,0,0,0,3,4,6,48,0,0,0,0,0,0,0,0,0,2,0,8,0,0,0,0,0,0,0,0,0,0,0,0,0,0,0,0,0.0,0.0,10.0,4.0,35.9,0.3,0.2,0.0,0.0,80.0,1.0,34.0,0.0,0.5625,,,,,,,,-3.0,0.0,-400.0,0.1095890410958904,0.3424657534246575,3,3,14.5,5.0,1154,1559,1561,,,,,,,,,,,,,,,-3.0,0.5,55.0,42.0,7.0,10.0,478.0,-0.1,-0.0625,,,,1.8999999999999986,0.0
604,202109050311,0,0,0,0,14,5,15,161,0,0,0,0,0,0,0,0,1,0,2,42,0,0,0,0,0,0,0,0,0,0,0,11,0,0,0,0,0.0,0.0,40.0,4.0,33.4,0.3,0.7142857142857143,0.0,0.0,40.0,1.0,34.8,0.0,0.6666666666666666,,,,,,,,-3.0,10.0,0.0,0.09900990099009901,0.297029702970297,4,4,24.9,6.0,1467,1263,336,,,,,,,,,,,,,,,-3.0,0.5,55.0,35.0,7.0,7.0,478.0,0.0,-0.16666666666666666,,,,-1.3999999999999986,0.0
605,202109050403,2,0,4,29,1,3,4,29,0,0,0,0,0,0,1,6,0,1,1,6,0,0,0,0,0,0,0,0,0,0,0,2,0,0,0,0,0.0,0.0,70.0,2.0,33.7,0.0,0.6666666666666666,,,,,,,,,,,,,,,,,-200.0,0.05405405405405406,0.2972972972972973,2,4,3.9,1.0,1222,1376,1328,,,,,,,,,,,,,,,,1.0,54.0,29.0,17.0,15.0,460.0,0.06666666666666667,,,,,,
606,202109050403,1,2,0,4,1,1,0,5,1,1,0,0,0,1,0,1,0,1,0,0,0,1,0,0,0,0,0,1,0,0,0,0,0,0,0,0,0.0,0.0,8.0,8.0,35.3,2.0,0.5,0.0,0.0,4.0,13.0,34.6,1.8,0.75,0.0,0.0,6.0,12.0,34.3,0.7,0.8571428571428571,2.0,-4.0,-200.0,0.0,0.23076923076923078,3,6,8.5,5.0,1698,1412,1366,0.0,0.0,6.0,3.0,35.2,0.3,0.875,0.0,0.0,12.0,4.0,33.6,0.1,1.0,-1.8,0.2,54.0,-762.0,17.0,10.0,430.0,0.2,0.1875,0.0,0.0625,0.0,0.279999999999999,0.0
607,202109050403,0,0,0,0,0,0,0,0,0,0,0,0,0,0,0,0,0,0,0,0,0,0,0,0,0,0,0,0,0,0,0,0,0,0,0,0,0.0,0.0,15.0,11.0,34.7,0.8,0.375,0.0,0.0,15.0,10.0,36.6,1.3,0.5,0.0,0.0,6.0,12.0,33.8,0.6,0.6,0.5,8.0,200.0,0.07142857142857142,0.26785714285714285,6,12,4.0,2.0,1064,856,1556,0.0,0.0,7.0,3.0,33.6,0.3,0.5833333333333334,0.0,0.0,8.0,6.0,34.0,0.4,0.5833333333333334,-1.7,0.2,54.0,-818.0,17.0,16.0,470.0,0.0,-0.1111111111111111,-0.2,-0.08333333333333333,0.0,0.44000000000000056,0.0
608,202109050403,3,5,4,20,15,27,17,118,1,0,1,2,0,0,3,8,1,4,6,32,0,0,1,2,0,0,1,3,1,2,5,11,0,0,1,1,0.0,0.0,150.0,15.0,36.3,2.0,0.75,0.0,0.0,120.0,12.0,33.2,0.9,0.8888888888888888,0.0,0.0,120.0,9.0,34.6,0.5,0.6111111111111112,-3.0,6.0,0.0,0.06097560975609756,0.17073170731707318,7,13,4.1,3.0,1677,1428,1167,0.0,0.0,60.0,10.0,34.7,0.8,0.5,0.0,0.0,50.0,9.0,33.7,0.7,0.6666666666666666,-1.4,0.0,54.0,-797.0,17.0,16.0,494.0,0.0,-0.05555555555555555,0.0,-0.125,0.0,0.3699999999999989,0.0
609,202109050403,5,4,5,33,0,0,0,1,0,0,0,0,2,1,1,10,0,0,0,0,0,0,0,0,1,0,1,2,0,0,0,0,0,0,0,0,0.0,0.0,11.0,11.0,37.7,1.9,1.0,0.0,0.0,15.0,14.0,37.7,1.8,0.4375,0.0,0.0,14.0,14.0,41.2,3.3,0.8571428571428571,1.5,16.0,400.0,0.09090909090909091,0.18181818181818182,7,14,94.6,12.0,1657,1225,1317,0.0,0.0,7.0,6.0,38.7,1.2,0.3333333333333333,0.0,0.0,9.0,6.0,35.3,0.7,0.7857142857142857,-1.8,0.0,54.0,-1047.0,17.0,12.0,452.0,0.0,0.0625,0.14285714285714285,-0.16666666666666666,0.07142857142857142,0.3800000000000011,0.0
610,202109050403,4,10,9,68,1,0,1,17,0,0,0,0,1,1,3,24,0,0,0,5,0,0,0,0,0,1,0,8,0,0,0,2,0,0,0,0,0.0,0.0,4.0,9.0,42.7,5.1,1.0,0.0,0.0,9.0,15.0,35.1,1.3,0.5294117647058824,0.0,0.0,17.0,6.0,33.8,0.5,1.0,-1.5,9.0,300.0,0.027777777777777776,0.1111111111111111,6,11,173.0,14.0,1304,197,1503,0.0,0.0,17.0,13.0,35.9,1.5,0.16666666666666666,0.0,0.0,16.0,16.0,36.9,2.9,0.6111111111111112,1.2,0.0,54.0,-461.0,17.0,9.0,431.0,0.0,0.17647058823529413,-0.05555555555555555,0.0,-0.16666666666666666,1.0800000000000012,0.0
611,202109050403,3,5,4,20,15,27,17,118,1,0,1,2,0,0,3,8,1,4,6,32,0,0,1,2,0,0,1,3,1,2,5,11,0,0,1,1,0.0,0.0,150.0,16.0,37.9,2.6,0.4375,0.0,0.0,10.0,6.0,35.4,0.8,0.36363636363636365,0.0,0.0,16.0,15.0,37.5,1.6,0.6875,-0.5,8.0,450.0,0.09090909090909091,0.2727272727272727,8,15,12.7,6.0,1677,1428,1167,0.0,0.0,15.0,12.0,37.2,1.3,0.375,0.0,0.0,6.0,6.0,36.5,1.0,0.3076923076923077,-1.4,0.0,54.0,-1084.0,17.0,16.0,448.0,0.0625,0.0,0.0625,0.0,0.0,0.09999999999999928,0.0
612,202109050403,3,3,1,46,15,18,23,125,0,0,0,0,0,0,0,16,5,3,2,28,0,0,0,0,0,0,0,5,2,1,1,7,0,0,0,0,0.0,0.0,80.0,90.0,41.0,3.7,0.4,0.0,0.0,160.0,130.0,39.1,3.2,0.625,0.0,0.0,130.0,90.0,38.4,2.0,0.9375,0.0,48.0,-150.0,0.0,0.06896551724137931,2,3,298.6,17.0,1036,1167,1108,0.0,0.0,100.0,140.0,36.5,2.5,0.3333333333333333,0.0,0.0,170.0,80.0,34.6,0.6,0.4117647058823529,-1.0,0.0,53.0,-812.0,17.0,10.0,450.0,0.5,0.0,0.0,0.05555555555555555,0.0,1.5399999999999998,0.0
613,202109050403,4,10,9,68,0,0,0,1,0,0,0,0,1,1,3,24,0,0,0,0,0,0,0,0,0,1,0,8,0,0,0,0,0,0,0,0,0.0,0.0,70.0,80.0,40.4,4.3,0.8888888888888888,0.0,0.0,120.0,100.0,35.0,1.4,0.9375,0.0,0.0,150.0,90.0,34.5,0.8,0.5294117647058824,5.0,-1.0,0.0,0.034482758620689655,0.13793103448275862,5,9,256.7,15.0,1304,1736,1503,0.0,0.0,110.0,120.0,36.1,2.7,0.17647058823529413,,,,,,,,11.0,0.0,54.0,-828.0,17.0,9.0,459.0,0.0,-0.25,0.0,0.0,,1.3399999999999992,0.0
614,202109050403,0,2,0,9,3,2,4,21,0,0,0,0,0,0,0,3,0,1,0,4,0,0,0,0,0,0,0,2,0,0,0,2,0,0,0,0,0.0,0.0,5.0,4.0,41.3,0.9,0.1,0.0,0.0,11.0,12.0,39.7,2.0,0.625,0.0,0.0,4.0,13.0,39.7,3.6,0.21428571428571427,4.5,16.0,0.0,0.05263157894736842,0.14473684210526316,4,8,66.7,9.0,1426,1393,306,0.0,0.0,7.0,7.0,38.8,0.9,0.3125,0.0,0.0,9.0,2.0,38.8,0.1,0.3125,-0.9,0.2,54.0,-987.0,17.0,10.0,478.0,0.0,-0.125,0.0,0.0625,0.0,0.5900000000000005,0.0
615,202109050403,18,18,14,110,0,0,0,0,0,0,0,0,6,4,2,33,0,0,0,0,0,0,0,0,2,2,0,17,0,0,0,0,0,0,0,0,0.0,0.0,70.0,8.0,34.5,1.2,1.0,0.0,0.0,50.0,17.0,41.9,6.4,0.8235294117647058,,,,,,,,9.0,16.0,0.0,0.0,0.0,5,10,85.3,11.0,1152,659,1428,,,,,,,,,,,,,,,9.0,0.0,51.0,22.0,17.0,11.0,430.0,-0.09090909090909091,0.17647058823529413,,,,-7.399999999999999,0.0
616,202109050403,0,0,0,0,4,1,6,49,0,0,0,0,0,0,0,0,1,0,2,16,0,0,0,0,0,0,0,0,0,0,0,3,0,0,0,0,0.0,0.0,13.0,12.0,36.8,2.9,1.0,0.0,0.0,13.0,14.0,37.3,2.0,0.3333333333333333,0.0,0.0,13.0,5.0,36.6,0.9,0.14285714285714285,-3.5,0.0,-800.0,0.0,0.08571428571428572,1,1,269.5,16.0,1289,1618,1428,0.0,0.0,16.0,12.0,34.2,0.9,0.8235294117647058,0.0,0.0,12.0,12.0,36.0,1.4,0.2857142857142857,-0.2,0.0,54.0,-125.0,17.0,16.0,468.0,0.0,0.6666666666666666,0.0,0.058823529411764705,-0.07142857142857142,0.46999999999999886,0.0
617,202109050403,0,0,0,0,3,1,1,11,0,0,0,0,0,0,0,0,2,1,1,6,0,0,0,0,0,0,0,0,0,0,0,1,0,0,0,0,0.0,0.0,30.0,20.0,39.9,0.3,0.6,0.0,0.0,110.0,150.0,39.0,1.9,0.25,0.0,0.0,130.0,150.0,37.2,2.0,0.9375,65.0,9.0,100.0,0.07547169811320754,0.2830188679245283,8,16,8.2,4.0,1467,225,336,0.0,0.0,100.0,90.0,39.6,2.2,0.7,0.0,0.0,70.0,80.0,37.2,1.5,0.9230769230769231,6.0,0.0,54.0,-982.0,17.0,10.0,467.0,-0.4,0.125,0.0,0.3,0.0,0.479999999999999,0.0
618,202109050403,5,4,5,33,0,1,0,16,0,0,0,0,2,1,1,10,0,0,0,4,0,0,0,0,1,0,1,2,0,0,0,2,0,0,0,0,0.0,0.0,120.0,110.0,41.2,3.3,0.8333333333333334,0.0,0.0,80.0,150.0,42.9,4.8,0.25,0.0,0.0,90.0,130.0,36.1,1.9,0.9375,10.0,-17.0,200.0,0.1724137931034483,0.27586206896551724,1,2,32.7,7.0,1657,1032,1317,0.0,0.0,90.0,40.0,37.7,0.6,0.125,0.0,0.0,100.0,60.0,37.4,1.2,0.375,-21.0,0.0,54.0,-910.0,17.0,12.0,425.0,0.16666666666666666,0.625,-0.1875,0.125,-0.0625,1.2800000000000005,0.0
619,202109050403,15,10,14,122,1,1,1,2,0,0,0,0,0,0,2,28,0,0,1,0,0,0,0,0,0,0,0,11,0,0,0,0,0,0,0,0,0.0,0.0,2.0,2.0,34.8,0.3,0.4375,0.0,0.0,4.0,4.0,35.4,0.4,1.0,0.0,0.0,4.0,2.0,35.9,0.1,0.6363636363636364,0.0,10.0,-400.0,0.109375,0.25,4,7,83.4,10.0,1127,448,1328,0.0,0.0,2.0,6.0,34.7,0.8,0.2,0.0,0.0,1.0,2.0,36.0,0.2,0.6666666666666666,0.2,0.6,54.0,-699.0,17.0,16.0,440.0,0.0,-0.4166666666666667,-0.18181818181818182,0.0,0.1111111111111111,-0.17000000000000098,0.0
620,202109050403,0,1,0,15,7,5,8,98,0,0,0,2,0,0,0,1,1,2,1,36,0,0,0,1,0,0,0,0,1,0,1,10,0,0,0,0,0.0,0.0,3.0,3.0,39.7,0.4,0.5555555555555556,0.0,0.0,14.0,12.0,37.6,2.5,0.7857142857142857,0.0,0.0,13.0,10.0,41.2,2.3,0.2857142857142857,3.5,25.0,300.0,0.038461538461538464,0.17307692307692307,8,17,46.0,8.0,1440,1556,1167,0.0,0.0,7.0,7.0,37.8,2.8,0.8,0.0,0.0,9.0,12.0,36.2,2.8,0.9166666666666666,1.3,0.2,54.0,-875.0,17.0,9.0,465.0,-0.1111111111111111,0.21428571428571427,0.21428571428571427,0.0,0.08333333333333333,0.6800000000000004,0.0
621,202109050403,7,1,2,25,0,0,0,3,0,0,0,0,1,0,0,10,0,0,0,0,0,0,0,0,0,0,0,2,0,0,0,0,0,0,0,0,0.0,0.0,5.0,6.0,37.2,2.4,0.5555555555555556,0.0,0.0,13.0,12.0,43.0,5.4,0.3076923076923077,0.0,0.0,11.0,9.0,34.7,1.2,0.8333333333333334,1.5,11.0,800.0,0.0,0.1111111111111111,3,5,108.6,13.0,1463,901,1167,0.0,0.0,12.0,15.0,39.3,2.7,0.875,0.0,0.0,17.0,6.0,34.7,1.1,0.6111111111111112,0.3,0.0,54.0,-885.0,17.0,9.0,443.0,,0.6923076923076923,-0.05555555555555555,-0.0625,0.0,0.8700000000000003,0.0
622,202109050405,0,3,3,28,0,0,0,1,0,0,0,0,0,2,1,14,0,0,0,1,0,0,0,0,0,1,0,6,0,0,0,0,0,0,0,0,,,,,,,,,,,,,,,,,,,,,,,,,0.05194805194805195,0.14285714285714285,6,10,49.3,9.0,1148,1255,1393,,,,,,,,,,,,,,,,,55.0,,14.0,,,,,,,,,
623,202109050405,0,0,0,0,3,3,1,28,0,0,0,0,0,0,0,0,2,2,0,7,0,0,0,0,0,0,0,0,0,1,0,2,0,0,0,0,0.0,0.0,4.0,1.0,34.6,0.0,0.6111111111111112,0.0,0.0,2.0,2.0,34.5,0.0,0.6428571428571429,,,,,,,,1.0,2.0,0.0,0.0,0.2857142857142857,1,1,4.7,2.0,1064,1036,1556,,,,,,,,,,,,,,,1.0,1.0,55.0,-13.0,14.0,18.0,450.0,0.0,-0.07142857142857142,,,,0.10000000000000142,0.0
624,202109050405,5,0,0,40,2,4,2,28,0,0,0,0,1,0,0,8,0,1,1,4,0,0,0,0,0,0,0,0,0,0,0,1,0,0,0,0,0.0,0.0,70.0,7.0,39.4,1.9,0.4,0.0,0.0,100.0,9.0,34.5,1.0,0.7058823529411765,0.0,0.0,50.0,14.0,39.1,3.1,0.5,3.5,19.0,200.0,0.0,0.0,3,4,31.2,6.0,1645,1542,1366,0.0,0.0,80.0,5.0,35.1,0.1,0.06666666666666667,0.0,0.0,70.0,8.0,35.4,1.4,0.4444444444444444,-0.2,0.0,52.0,-978.0,14.0,10.0,475.0,0.1,0.058823529411764705,0.0625,0.06666666666666667,0.0,0.7399999999999999,0.0
625,202109050405,0,0,0,0,1,2,1,6,0,0,0,0,0,0,0,0,1,0,0,1,0,0,0,0,0,0,0,0,0,0,0,0,0,0,0,0,0.0,0.0,5.0,,,,,0.0,0.0,4.0,13.0,40.4,2.6,0.3125,0.0,0.0,3.0,6.0,38.3,0.7,0.6666666666666666,-7.0,2.0,-100.0,0.10810810810810811,0.33783783783783783,4,6,27.3,5.0,1064,428,1556,0.0,0.0,4.0,4.0,36.7,0.2,0.8461538461538461,0.0,0.0,4.0,2.0,38.4,0.0,0.3333333333333333,-3.5,0.25,55.0,-734.0,14.0,15.0,474.0,,0.0,-0.16666666666666666,-0.23076923076923078,-0.08333333333333333,0.7599999999999995,0.0
626,202109050405,72,56,56,283,3,4,6,48,2,1,3,9,22,14,20,91,0,2,0,8,0,1,0,0,4,1,1,10,0,1,0,1,0,0,0,0,0.0,0.0,2.0,4.0,37.1,1.1,0.7777777777777778,0.0,0.0,4.0,10.0,39.9,1.7,0.6153846153846154,0.0,0.0,9.0,10.0,36.8,1.2,0.8461538461538461,3.0,2.0,400.0,0.060240963855421686,0.1686746987951807,2,2,6.3,4.0,1428,1559,1263,0.0,0.0,6.0,5.0,35.6,0.8,0.8333333333333334,0.0,0.0,5.0,7.0,36.2,1.4,0.26666666666666666,0.1,0.0,55.0,-980.0,14.0,9.0,470.0,-0.2222222222222222,-0.23076923076923078,-0.07692307692307693,-0.16666666666666666,-0.06666666666666667,0.6099999999999994,0.0
627,202109050405,1,0,2,21,3,2,4,21,0,0,0,0,0,0,0,7,0,1,0,4,0,0,0,0,0,0,0,2,0,1,0,1,0,0,0,0,0.0,0.0,100.0,110.0,45.4,5.0,1.0,0.0,0.0,130.0,80.0,39.2,1.5,0.5625,0.0,0.0,120.0,40.0,37.3,1.0,0.5625,-35.0,6.0,0.0,0.09803921568627451,0.29411764705882354,4,5,40.0,8.0,1333,1393,1294,0.0,0.0,110.0,90.0,41.2,2.2,0.5714285714285714,0.0,0.0,80.0,60.0,40.6,1.6,0.6666666666666666,-9.0,0.0,54.0,-785.0,14.0,11.0,468.0,-0.09090909090909091,0.0,-0.0625,-0.14285714285714285,0.0,0.7599999999999995,0.0
628,202109050405,0,0,0,0,3,3,1,28,0,0,0,0,0,0,0,0,2,2,0,7,0,0,0,0,0,0,0,0,0,1,0,2,0,0,0,0,0.0,0.0,30.0,50.0,36.4,0.6,0.9166666666666666,0.0,0.0,120.0,120.0,39.9,2.0,0.75,0.0,0.0,60.0,50.0,38.8,1.7,0.1875,0.0,40.0,0.0,0.17857142857142858,0.2857142857142857,7,12,77.6,10.0,1534,1036,1235,0.0,0.0,50.0,30.0,39.2,0.9,0.5,0.0,0.0,100.0,50.0,38.7,1.1,0.5,-9.0,0.0,55.0,-975.0,14.0,12.0,530.0,-0.4166666666666667,-0.0625,0.0625,-0.125,-0.0625,-0.3900000000000013,0.0
629,202109050405,7,1,2,25,5,4,3,28,0,0,0,0,1,0,0,10,1,1,0,10,0,0,0,0,1,0,0,4,0,0,0,1,0,0,0,0,0.0,0.0,5.0,,,,0.5,0.0,0.0,3.0,10.0,37.1,1.3,0.16666666666666666,0.0,0.0,9.0,2.0,36.2,0.2,0.17647058823529413,-8.0,17.0,200.0,0.0392156862745098,0.17647058823529413,3,3,143.5,13.0,1463,1708,1167,0.0,0.0,13.0,10.0,36.1,1.3,0.625,0.0,0.0,10.0,7.0,35.0,1.3,0.375,-0.1,0.25,55.0,-758.0,14.0,12.0,487.0,0.4166666666666667,-0.05555555555555555,0.0,0.3125,0.0,0.6400000000000006,0.0
630,202109050405,4,1,0,10,2,3,3,16,0,0,0,0,1,1,0,3,0,1,2,4,0,0,0,0,0,0,0,0,0,0,0,0,0,0,0,0,0.0,0.0,5.0,6.0,35.1,0.6,0.625,0.0,0.0,12.0,2.0,34.7,0.0,0.21428571428571427,0.0,0.0,8.0,7.0,33.2,0.7,0.46153846153846156,0.5,14.0,0.0,0.21621621621621623,0.5405405405405406,5,7,2.1,1.0,314,565,324,0.0,0.0,9.0,1.0,33.7,0.0,0.7142857142857143,0.0,0.0,12.0,9.0,36.3,1.6,0.5,0.5,0.4,54.0,-770.0,14.0,16.0,460.0,0.0,0.0,0.07692307692307693,-0.07142857142857142,0.0,-0.13999999999999915,0.0
631,202109050405,13,17,22,145,9,3,4,53,0,0,2,2,3,3,6,37,4,1,0,18,0,0,0,1,0,0,2,2,0,0,0,1,0,0,0,0,0.0,0.0,1.0,3.0,40.7,0.4,1.0,0.0,0.0,6.0,12.0,36.6,1.9,0.8125,0.0,0.0,16.0,10.0,34.9,0.7,0.6111111111111112,3.5,3.0,200.0,0.0,0.08333333333333333,5,8,38.3,7.0,1691,1306,1167,0.0,0.0,13.0,10.0,36.3,1.4,0.8125,0.0,0.0,11.0,14.0,40.9,4.2,0.1875,2.0,0.2,54.0,-273.0,14.0,10.0,461.0,-0.8,-0.0625,0.0,0.0625,0.0,-0.009999999999998722,0.0
632,202109050405,0,0,0,0,15,27,17,118,0,0,0,0,0,0,0,0,1,4,6,32,0,0,0,0,0,0,0,0,0,1,0,8,0,0,0,0,0.0,0.0,40.0,40.0,38.9,0.3,0.1111111111111111,0.0,0.0,100.0,120.0,43.2,4.3,0.3333333333333333,0.0,0.0,60.0,120.0,40.7,2.9,0.8,40.0,12.0,400.0,0.06481481481481481,0.25,8,13,123.5,12.0,1467,1428,336,0.0,0.0,120.0,110.0,36.1,1.4,0.42857142857142855,,,,,,,,21.0,0.0,54.0,-980.0,14.0,9.0,450.0,0.0,0.3333333333333333,0.06666666666666667,0.0,,1.0899999999999992,0.0
633,202109050405,2,1,3,26,0,0,0,3,0,0,0,0,0,0,0,7,0,0,0,0,0,0,0,0,0,0,0,2,0,0,0,0,0,0,0,0,0.0,0.0,60.0,9.0,41.9,2.4,0.75,0.0,0.0,150.0,16.0,39.0,3.8,1.0,0.0,0.0,120.0,13.0,36.3,2.1,0.9230769230769231,2.0,25.0,200.0,0.0,0.0,6,9,200.6,14.0,1396,1585,1556,0.0,0.0,140.0,12.0,36.6,1.6,0.07142857142857142,,,,,,,,0.6,0.0,54.0,-764.0,14.0,12.0,437.0,0.0,-0.0625,0.0,0.0,,1.8599999999999994,0.0
634,202109050405,19,19,15,86,0,1,0,3,0,0,0,0,3,4,1,29,0,0,0,0,0,0,0,0,0,1,0,2,0,0,0,0,0,0,0,0,0.0,0.0,3.0,13.0,36.7,2.0,0.2857142857142857,,,,,,,,,,,,,,,,,0.0,0.07476635514018691,0.2803738317757009,8,14,5.4,3.0,1167,59,460,,,,,,,,,,,,,,,,0.0,54.0,0.0,14.0,14.0,500.0,0.14285714285714285,,,,,,
635,202109050405,3,0,1,13,5,3,0,20,0,0,0,0,1,0,0,7,4,1,0,12,0,0,0,0,0,0,0,2,1,0,0,0,0,0,0,0,0.0,0.0,2.0,4.0,41.6,2.3,0.375,0.0,0.0,14.0,15.0,34.5,2.0,0.8333333333333334,0.0,0.0,14.0,16.0,34.8,2.1,1.0,6.0,16.0,100.0,0.0,0.06666666666666667,7,11,108.8,11.0,1629,1292,1428,0.0,0.0,16.0,14.0,40.7,5.8,1.0,0.0,0.0,8.0,9.0,44.7,7.4,0.6666666666666666,0.9,0.0,54.0,-442.0,14.0,8.0,496.0,0.125,0.05555555555555555,0.0,0.0,0.3333333333333333,-1.2400000000000007,0.0
636,202109050604,72,56,56,283,2,0,0,0,0,0,0,0,22,14,20,91,1,0,0,0,0,0,0,0,4,1,1,10,0,0,0,0,0,0,0,0,,,,,,,,,,,,,,,,,,,,,,,,,0.3625,0.5875,2,4,2.1,1.0,1428,378,1263,,,,,,,,,,,,,,,,,54.0,,16.0,,,,,,,,,
637,202109050604,0,0,0,0,0,0,0,0,0,0,0,0,0,0,0,0,0,0,0,0,0,0,0,0,0,0,0,0,0,0,0,0,0,0,0,0,,,,,,,,,,,,,,,,,,,,,,,,,0.125,0.25,4,7,12.7,4.0,1064,455,1556,,,,,,,,,,,,,,,,,54.0,,16.0,,,,,,,,,
638,202109050604,8,16,9,65,3,3,6,27,0,1,1,1,4,4,1,14,1,2,3,6,0,1,0,0,1,1,0,1,0,0,1,1,0,0,0,0,,,,,,,,,,,,,,,,,,,,,,,,,0.1326530612244898,0.4387755102040816,3,6,3.8,2.0,1098,1362,1294,,,,,,,,,,,,,,,,,54.0,,16.0,,,,,,,,,
639,202109050604,7,1,2,25,1,3,0,4,0,0,0,0,1,0,0,10,0,0,0,0,0,0,0,0,1,0,0,4,0,0,0,0,0,0,0,0,0.0,0.0,3.0,9.0,35.7,0.7,0.6428571428571429,0.0,0.0,6.0,6.0,34.6,0.4,0.7,0.0,0.0,3.0,7.0,35.1,0.3,0.625,-1.0,0.0,0.0,0.0,0.14285714285714285,6,12,13.4,5.0,1463,382,1167,0.0,0.0,10.0,5.0,35.1,0.7,0.3333333333333333,0.0,0.0,4.0,2.0,35.4,0.2,0.6153846153846154,-1.5,0.2,54.0,-853.0,16.0,14.0,464.0,0.0,-0.1,0.125,0.0,-0.15384615384615385,0.010000000000000852,0.0
640,202109050604,0,2,3,12,11,8,11,77,0,0,0,0,0,1,1,3,6,3,3,36,0,0,0,0,0,0,0,0,0,0,1,2,0,0,0,0,0.0,0.0,10.0,11.0,36.7,1.2,0.125,0.0,0.0,7.0,6.0,35.3,0.5,0.125,0.0,0.0,11.0,5.0,34.9,0.4,0.125,-3.0,-2.0,-200.0,0.06363636363636363,0.24545454545454545,7,13,85.7,11.0,1507,1345,593,,,,,,,,,,,,,,,-3.0,0.0,54.0,-37.0,16.0,16.0,460.0,0.0,0.0,0.0,,,0.9000000000000021,0.0
641,202109050604,8,16,9,65,14,5,15,161,0,0,0,0,4,4,1,14,1,0,2,42,0,0,0,0,1,1,0,1,0,0,1,2,0,0,0,0,0.0,0.0,16.0,13.0,36.7,1.4,0.4375,0.0,0.0,15.0,16.0,39.9,2.9,0.1875,0.0,0.0,9.0,16.0,38.9,2.2,0.1875,1.5,6.0,400.0,0.07339449541284404,0.27522935779816515,7,14,18.8,6.0,1098,1263,1294,0.0,0.0,1.0,1.0,39.0,0.0,0.2857142857142857,0.0,0.0,8.0,6.0,35.2,0.4,0.23076923076923078,-2.9,0.2,54.0,-623.0,16.0,16.0,470.0,0.0,0.0,0.0,0.0,0.0,0.38999999999999985,0.0
642,202109050604,18,18,14,110,15,18,23,125,1,1,2,3,6,4,2,33,5,3,2,28,0,0,0,1,2,1,1,6,1,0,0,4,0,0,0,1,0.0,0.0,11.0,15.0,40.6,3.3,0.25,0.0,0.0,6.0,11.0,42.3,4.0,0.09090909090909091,0.0,0.0,14.0,8.0,38.0,1.4,0.3125,-3.5,-2.0,200.0,0.09615384615384616,0.28846153846153844,8,15,8.5,3.0,1152,1167,1428,0.0,0.0,14.0,14.0,41.9,3.0,0.125,0.0,0.0,3.0,1.0,39.2,0.0,0.1,-2.5,0.2,54.0,-321.0,16.0,16.0,518.0,-0.0625,0.45454545454545453,0.0625,0.0,0.0,0.31999999999999956,0.0
643,202109050604,8,8,21,150,0,1,0,16,0,0,0,0,0,3,3,31,0,0,0,4,0,0,0,0,0,0,1,0,0,0,0,0,0,0,0,0,0.0,0.0,30.0,3.0,41.1,0.2,0.4,0.0,0.0,110.0,6.0,34.7,1.0,1.0,0.0,0.0,120.0,8.0,35.5,1.0,0.75,2.5,14.0,0.0,0.1076923076923077,0.24615384615384617,2,3,87.1,12.0,1506,1032,199,0.0,0.0,110.0,8.0,35.3,0.7,0.9375,0.0,0.0,70.0,5.0,34.4,1.0,1.0,0.6,0.2,54.0,-732.0,16.0,10.0,468.0,-0.1,-0.08333333333333333,0.0,-0.0625,-0.125,1.2800000000000011,0.0
644,202109050604,13,17,22,145,14,5,15,161,2,0,2,15,3,3,6,37,1,0,2,42,0,0,0,2,0,0,2,2,0,0,1,2,0,0,0,0,0.0,0.0,2.0,5.0,36.7,0.7,1.0,0.0,0.0,2.0,3.0,38.9,0.6,0.5,0.0,0.0,2.0,2.0,37.4,0.0,0.6666666666666666,-1.5,-2.0,-200.0,0.058823529411764705,0.16470588235294117,3,5,48.7,8.0,1691,1263,1167,0.0,0.0,1.0,7.0,37.8,1.1,0.3125,0.0,0.0,2.0,10.0,38.7,1.9,0.3125,1.4,0.4,54.0,-566.0,16.0,11.0,480.0,-0.09090909090909091,-0.14285714285714285,-0.16666666666666666,-0.0625,0.1875,-0.28999999999999987,0.0
645,202109050604,18,18,14,110,2,1,0,5,0,0,0,0,6,4,2,33,0,0,0,2,0,0,0,0,2,1,1,6,0,0,0,0,0,0,0,0,0.0,0.0,,,,,,0.0,0.0,30.0,6.0,34.9,1.0,0.4,0.0,0.0,20.0,6.0,35.5,0.3,0.4375,0.0,,800.0,0.10526315789473684,0.32894736842105265,1,2,25.0,7.0,1152,1506,1428,0.0,0.0,20.0,6.0,35.5,0.4,0.25,0.0,0.0,60.0,2.0,35.8,0.0,0.25,-1.2,0.25,54.0,-858.0,16.0,10.0,,,0.2,0.125,0.125,0.0625,-0.2699999999999996,0.0
646,202109050604,1,1,0,14,0,0,0,0,0,0,0,0,1,1,0,3,0,0,0,0,0,0,0,0,0,1,0,1,0,0,0,0,0,0,0,0,0.0,0.0,90.0,80.0,41.3,1.7,0.2,0.0,0.0,160.0,120.0,41.6,3.8,0.375,0.0,0.0,110.0,100.0,38.6,2.8,0.8333333333333334,10.0,18.0,0.0,0.16666666666666666,0.16666666666666666,1,1,327.3,14.0,1548,1480,1328,0.0,0.0,140.0,140.0,40.0,2.3,0.6875,0.0,0.0,140.0,110.0,35.9,1.6,0.1875,8.0,0.0,54.0,-971.0,16.0,10.0,434.0,0.2,0.1875,0.08333333333333333,0.0,0.0,1.2399999999999998,0.0
647,202109050604,6,6,3,68,2,5,8,48,0,0,0,0,2,2,1,26,1,2,2,12,0,0,0,0,0,0,0,2,0,0,0,3,0,0,0,0,0.0,0.0,10.0,10.0,43.5,3.7,0.5,0.0,0.0,18.0,15.0,35.4,1.8,0.7222222222222222,0.0,0.0,12.0,14.0,43.7,4.8,0.6666666666666666,2.0,5.0,200.0,0.06896551724137931,0.27586206896551724,6,11,87.3,13.0,1431,1482,1428,0.0,0.0,13.0,12.0,35.0,1.8,0.875,,,,,,,,0.5,0.0,54.0,-227.0,16.0,10.0,433.0,0.5,0.05555555555555555,0.13333333333333333,0.0625,,1.7199999999999995,0.0
648,202109050604,13,17,22,145,1,1,6,35,0,0,0,0,3,3,6,37,0,1,2,8,0,0,0,0,0,0,2,2,0,1,1,0,0,0,0,0,0.0,0.0,70.0,5.0,40.7,1.4,0.25,0.0,0.0,160.0,13.0,38.5,2.8,0.875,0.0,0.0,90.0,10.0,37.4,1.4,0.5625,2.5,-4.0,100.0,0.03773584905660377,0.16981132075471697,4,8,82.2,10.0,1691,1328,1167,0.0,0.0,160.0,14.0,38.7,3.3,0.875,0.0,0.0,70.0,7.0,37.7,1.8,0.6,0.5,0.0,54.0,-543.0,16.0,12.0,466.0,0.08333333333333333,0.0,0.0,0.0625,0.0,0.5799999999999997,0.0
649,202109050604,4,10,9,68,3,4,6,48,0,0,0,0,1,1,3,24,0,2,0,8,0,0,0,0,0,0,1,6,0,1,0,1,0,0,0,0,0.0,0.0,7.0,7.0,47.8,8.8,1.0,0.0,0.0,13.0,14.0,44.6,7.3,0.8571428571428571,0.0,0.0,14.0,15.0,41.4,3.7,0.8,4.0,12.0,200.0,0.0,0.1111111111111111,5,10,378.2,16.0,1304,1559,1503,0.0,0.0,16.0,14.0,36.5,2.3,0.3125,,,,,,,,2.2,0.0,51.0,-374.0,16.0,7.0,460.0,0.0,0.14285714285714285,0.06666666666666667,0.0,,3.7099999999999995,0.0
650,202109050604,15,10,14,122,1,1,1,12,0,0,0,0,0,0,2,28,0,0,1,3,0,0,0,0,0,0,2,5,0,0,0,1,0,0,0,0,0.0,0.0,9.0,10.0,41.4,2.6,1.0,0.0,0.0,13.0,11.0,36.3,2.0,0.7333333333333333,0.0,0.0,13.0,13.0,35.0,1.8,1.0,1.5,24.0,200.0,0.2,0.2,5,9,346.5,15.0,1127,1654,1328,0.0,0.0,15.0,15.0,35.4,2.6,1.0,,,,,,,,1.7,0.0,51.0,-193.0,16.0,11.0,414.0,0.0,-0.06666666666666667,0.0,0.0,,1.9299999999999997,0.0
651,202109050604,5,4,5,33,0,2,1,19,0,0,0,0,2,1,1,10,0,1,0,3,0,0,0,0,1,1,0,3,0,1,0,1,0,0,0,0,0.0,0.0,4.0,10.0,43.0,3.6,0.8,0.0,0.0,11.0,13.0,37.2,1.9,0.8125,0.0,0.0,11.0,10.0,37.1,1.2,0.375,0.0,5.0,200.0,0.03333333333333333,0.13333333333333333,8,16,57.0,9.0,1657,577,1317,0.0,0.0,8.0,6.0,35.3,0.6,0.8125,0.0,0.0,6.0,6.0,35.9,1.0,0.5625,-1.5,0.0,54.0,-429.0,16.0,10.0,465.0,0.2,0.125,0.125,-0.125,-0.0625,1.6100000000000008,0.0
652,202109050611,72,56,56,283,9,4,0,6,4,4,0,2,22,14,20,91,2,1,0,4,2,1,0,2,7,3,5,33,2,0,0,0,2,0,0,0,0.0,0.0,1.0,1.0,32.7,0.0,0.75,0.0,0.0,2.0,3.0,33.8,0.2,0.125,0.0,0.0,1.0,2.0,32.9,0.0,0.7857142857142857,0.5,2.0,0.0,0.21052631578947367,0.5263157894736842,6,12,1.7,1.0,1428,882,1263,0.0,0.0,1.0,1.0,32.6,0.0,0.5,0.0,0.0,2.0,4.0,37.4,0.9,0.38461538461538464,0.4,0.8,55.0,0.0,16.0,16.0,506.0,-0.25,0.0,0.0,0.05555555555555555,-0.23076923076923078,-0.8199999999999996,0.0
653,202109050611,1,0,0,3,0,0,0,0,0,0,0,0,1,0,0,0,0,0,0,0,0,0,0,0,0,0,0,0,0,0,0,0,0,0,0,0,0.0,0.0,1.0,7.0,33.4,0.4,1.0,0.0,0.0,2.0,3.0,33.3,0.0,0.75,0.0,0.0,1.0,3.0,32.8,0.2,0.8333333333333334,-2.0,4.0,0.0,0.0,0.0,2,3,4.6,2.0,461,822,432,0.0,0.0,1.0,1.0,32.9,0.0,0.8,0.0,0.0,4.0,4.0,34.9,0.2,0.5,-0.7999999999999999,0.6,56.0,-728.0,16.0,16.0,504.0,-0.0625,0.08333333333333333,0.0,-0.06666666666666667,0.07142857142857142,-0.2600000000000001,0.0
654,202109050611,4,10,9,68,3,1,4,18,0,0,0,0,1,1,3,24,2,0,2,7,0,0,0,0,1,0,0,4,1,0,1,5,0,0,0,0,0.0,0.0,7.0,12.0,,,,0.0,0.0,6.0,5.0,33.5,0.3,0.875,0.0,0.0,8.0,13.0,36.5,1.4,0.23529411764705882,0.5,-2.0,0.0,0.3670886075949367,0.5822784810126582,7,13,16.1,5.0,1304,199,1503,0.0,0.0,10.0,3.0,35.0,0.0,0.25,0.0,0.0,2.0,11.0,36.1,1.1,0.21428571428571427,-0.4,0.2,56.0,-749.0,16.0,14.0,538.0,,-0.0625,0.29411764705882354,-0.0625,0.14285714285714285,-0.6300000000000004,0.0
655,202109050611,3,4,5,61,15,18,23,125,0,1,2,3,1,1,1,19,5,3,2,28,0,1,0,0,1,1,1,5,2,1,0,8,0,1,0,0,0.0,0.0,4.0,5.0,,,,0.0,0.0,6.0,4.0,33.2,0.2,0.3125,0.0,0.0,2.0,4.0,33.5,0.2,0.35714285714285715,-0.5,,0.0,0.13402061855670103,0.44329896907216493,4,7,16.7,6.0,1328,1167,1263,0.0,0.0,3.0,3.0,34.5,0.1,0.6111111111111112,0.0,0.0,3.0,4.0,33.8,0.4,0.5294117647058824,-0.3,0.2,57.0,-21.0,16.0,11.0,,,0.0,0.0,-0.1111111111111111,-0.11764705882352941,-0.2799999999999983,0.0
656,202109050611,19,19,15,86,8,16,10,107,0,1,0,4,3,4,1,29,2,6,1,33,0,1,0,2,0,1,0,8,0,3,0,7,0,1,0,1,0.0,0.0,11.0,11.0,37.0,2.2,0.2727272727272727,0.0,0.0,13.0,13.0,37.5,2.1,0.8571428571428571,0.0,0.0,10.0,11.0,35.1,1.4,0.38461538461538464,0.0,0.0,-400.0,0.020833333333333332,0.22916666666666666,1,1,31.5,7.0,1167,1013,460,0.0,0.0,14.0,16.0,35.4,1.9,0.3125,0.0,0.0,8.0,,,,,1.3,0.0,56.0,-1001.0,16.0,11.0,524.0,0.2727272727272727,0.07142857142857142,0.3076923076923077,0.125,,0.7200000000000003,0.0
657,202109050611,30,18,29,175,1,1,0,2,1,0,0,1,8,3,6,44,1,0,0,2,1,0,0,1,2,2,1,13,1,0,0,2,1,0,0,1,0.0,0.0,,,,,,0.0,0.0,30.0,14.0,34.1,1.1,0.6470588235294118,0.0,0.0,10.0,1.0,33.8,0.0,0.4,-13.0,,0.0,0.07407407407407407,0.2777777777777778,2,4,9.5,3.0,1503,499,1263,0.0,0.0,80.0,3.0,33.0,0.0,0.3888888888888889,0.0,0.0,40.0,15.0,35.0,0.6,0.3888888888888889,0.5,0.5,57.0,-385.0,16.0,10.0,,,0.11764705882352941,0.2,0.1111111111111111,-0.1111111111111111,-0.18999999999999986,0.0
658,202109050611,0,0,0,0,3,1,0,8,0,0,0,0,0,0,0,0,1,0,0,2,0,0,0,0,0,0,0,0,0,0,0,0,0,0,0,0,0.0,0.0,11.0,13.0,35.2,1.1,0.5,0.0,0.0,8.0,6.0,33.3,0.7,0.6,0.0,0.0,3.0,14.0,34.0,0.8,0.9444444444444444,0.5,6.0,0.0,0.0970873786407767,0.2912621359223301,4,8,57.7,10.0,599,666,324,0.0,0.0,2.0,12.0,34.4,0.6,0.6153846153846154,0.0,0.0,2.0,3.0,34.4,0.1,0.3333333333333333,-1.4,0.2,57.0,-811.0,16.0,18.0,544.0,0.1111111111111111,-0.1,-0.1111111111111111,0.0,0.08333333333333333,0.05000000000000071,0.0
659,202109050611,72,56,56,283,3,5,3,36,1,2,1,2,22,14,20,91,2,3,1,13,1,2,1,1,7,3,5,33,1,0,1,3,1,0,1,1,0.0,0.0,60.0,5.0,34.5,0.5,0.5555555555555556,0.0,0.0,110.0,8.0,33.6,0.6,0.3125,0.0,0.0,50.0,2.0,34.5,0.1,0.3888888888888889,-1.5,6.0,200.0,0.10666666666666667,0.3333333333333333,3,5,65.9,11.0,1428,1014,1263,0.0,0.0,60.0,11.0,34.1,1.3,0.3888888888888889,0.0,0.0,70.0,6.0,34.8,0.4,0.3333333333333333,0.5,0.2,55.0,-34.0,16.0,18.0,466.0,-0.1111111111111111,0.0,0.16666666666666666,0.0,0.16666666666666666,-0.10999999999999943,0.0
660,202109050611,30,18,29,175,5,4,3,28,0,1,1,3,8,3,6,44,1,1,0,10,0,1,0,2,2,2,1,13,0,1,0,2,0,1,0,1,0.0,0.0,15.0,8.0,33.3,0.8,0.5625,0.0,0.0,11.0,7.0,37.3,1.2,0.9285714285714286,0.0,0.0,18.0,16.0,34.0,1.3,0.7777777777777778,4.0,0.0,0.0,0.08333333333333333,0.25,6,11,35.2,8.0,1503,1708,1263,0.0,0.0,16.0,9.0,34.2,0.7,0.875,0.0,0.0,6.0,7.0,34.3,0.8,0.9333333333333333,0.0,0.0,57.0,-1022.0,16.0,16.0,490.0,0.125,-0.2857142857142857,0.0,0.0625,-0.06666666666666667,0.10999999999999943,0.0
661,202109050611,30,21,26,197,0,1,0,35,0,0,0,12,6,6,8,71,0,1,0,10,0,0,0,5,1,0,1,16,0,0,0,3,0,0,0,3,0.0,0.0,16.0,16.0,36.9,2.3,0.4375,0.0,0.0,15.0,14.0,34.3,1.2,0.9444444444444444,0.0,0.0,14.0,14.0,38.1,2.4,0.6875,-1.0,-4.0,0.0,0.1044776119402985,0.23880597014925373,3,6,83.7,12.0,1716,1503,1167,0.0,0.0,12.0,15.0,46.2,12.0,0.4666666666666667,0.0,0.0,13.0,13.0,36.0,1.8,0.13333333333333333,-0.5,0.0,57.0,-356.0,16.0,16.0,474.0,0.1875,0.0,0.25,0.26666666666666666,0.0,-1.010000000000001,0.0
662,202109050611,1,1,2,38,10,8,11,109,0,0,0,9,0,0,0,8,2,2,3,30,0,0,0,3,0,0,0,4,0,1,0,5,0,0,0,3,0.0,0.0,15.0,15.0,34.8,1.8,0.9333333333333333,0.0,0.0,10.0,9.0,35.1,2.0,0.9,0.0,0.0,13.0,9.0,34.2,0.4,0.38461538461538464,-3.0,2.0,0.0,0.08333333333333333,0.16666666666666666,8,16,326.9,16.0,1306,1405,1445,0.0,0.0,16.0,8.0,34.6,0.5,0.8125,0.0,0.0,16.0,13.0,35.2,1.7,0.29411764705882354,-0.5,0.0,57.0,-335.0,16.0,15.0,462.0,-0.06666666666666667,-0.1,0.0,-0.4375,-0.058823529411764705,-0.030000000000001137,0.0
663,202109050611,1,0,0,2,2,0,0,3,1,0,0,1,1,0,0,1,1,0,0,1,1,0,0,1,0,0,0,1,0,0,0,1,0,0,0,1,0.0,0.0,12.0,5.0,33.7,0.7,0.7222222222222222,0.0,0.0,5.0,6.0,33.3,0.3,1.0,0.0,0.0,10.0,6.0,34.0,0.2,0.6470588235294118,0.5,4.0,400.0,0.14285714285714285,0.2857142857142857,5,10,48.5,9.0,673,760,248,0.0,0.0,11.0,3.0,33.5,0.2,0.9444444444444444,0.0,0.0,3.0,12.0,34.0,0.8,0.17647058823529413,1.1,0.2,55.0,-854.0,16.0,18.0,496.0,0.0,0.0,0.058823529411764705,-0.2222222222222222,0.0,-0.07999999999999971,0.0
664,202109050611,4,1,0,10,2,0,0,0,2,0,0,0,1,1,0,3,1,0,0,0,1,0,0,0,1,0,0,0,1,0,0,0,1,0,0,0,0.0,0.0,3.0,2.0,33.8,0.1,0.7647058823529411,0.0,0.0,2.0,6.0,33.6,0.4,0.8888888888888888,0.0,0.0,10.0,5.0,34.9,0.5,1.0,1.5,8.0,200.0,0.07017543859649122,0.2807017543859649,5,9,10.1,4.0,314,378,324,0.0,0.0,1.0,7.0,34.3,0.6,0.3333333333333333,0.0,0.0,2.0,2.0,35.0,0.0,0.4444444444444444,0.1,0.4,56.0,-762.0,16.0,17.0,476.0,-0.058823529411764705,0.0,0.0,-0.06666666666666667,-0.05555555555555555,-0.31000000000000016,0.0
665,202109050611,4,4,6,75,0,0,0,4,0,0,0,3,0,2,1,20,0,0,0,0,0,0,0,0,0,0,0,2,0,0,0,0,0,0,0,0,0.0,0.0,14.0,15.0,36.9,3.5,0.13333333333333333,0.0,0.0,12.0,14.0,37.6,3.3,0.7857142857142857,0.0,0.0,12.0,16.0,35.0,0.9,0.5555555555555556,0.5,-4.0,200.0,0.05952380952380952,0.16666666666666666,1,2,175.0,14.0,1317,1423,1186,0.0,0.0,8.0,14.0,36.3,2.2,0.35714285714285715,0.0,0.0,14.0,14.0,34.4,1.3,0.125,-0.2,0.0,57.0,-902.0,16.0,15.0,506.0,0.0,0.14285714285714285,0.05555555555555555,0.0,0.125,0.6300000000000004,0.0
666,202109050611,3,5,4,20,4,1,6,49,0,0,1,3,0,0,3,8,1,0,2,16,0,0,1,1,0,0,0,1,0,0,0,5,0,0,0,0,0.0,0.0,150.0,9.0,38.3,2.2,0.8666666666666667,0.0,0.0,11.0,9.0,36.1,1.4,0.9285714285714286,0.0,0.0,17.0,18.0,33.2,1.5,1.0,4.5,4.0,-200.0,0.06422018348623854,0.24770642201834864,7,14,159.2,13.0,1677,1618,1167,0.0,0.0,16.0,9.0,38.0,1.4,0.6875,0.0,0.0,16.0,14.0,33.7,1.1,0.6875,1.0,0.0,56.0,-1078.0,16.0,15.0,506.0,0.0,0.0,,-0.125,-0.0625,0.729999999999999,0.0
667,202109050611,30,21,26,197,10,8,11,109,3,1,1,6,6,6,8,71,2,2,3,30,1,0,0,3,1,0,1,16,0,1,0,5,0,0,0,0,0.0,0.0,14.0,9.0,35.3,1.1,0.3125,0.0,0.0,10.0,10.0,37.1,2.4,0.2,0.0,0.0,15.0,15.0,39.3,1.8,0.25,3.0,4.0,600.0,0.03389830508474576,0.13559322033898305,8,15,308.9,15.0,1716,1405,1167,0.0,0.0,11.0,11.0,38.9,2.5,0.46153846153846156,0.0,0.0,15.0,15.0,35.5,1.5,0.11764705882352941,1.3,0.0,57.0,-532.0,16.0,16.0,472.0,,0.0,0.0625,0.23076923076923078,0.0,-0.22000000000000028,0.0
668,202109050703,0,0,0,0,3,3,1,28,0,0,0,0,0,0,0,0,2,2,0,7,0,0,0,0,0,0,0,0,2,1,0,4,0,0,0,0,0.0,0.0,4.0,1.0,34.6,0.0,0.6111111111111112,0.0,0.0,2.0,2.0,34.5,0.0,0.6428571428571429,,,,,,,,1.0,2.0,0.0,0.0,0.3333333333333333,3,6,10.9,4.0,1064,1036,1556,,,,,,,,,,,,,,,1.0,1.0,55.0,0.0,18.0,18.0,450.0,0.0,-0.07142857142857142,,,,0.10000000000000142,0.0
669,202109050703,30,21,26,197,6,7,4,87,0,0,0,7,6,6,8,71,2,1,1,27,0,0,0,1,2,3,5,23,0,1,0,8,0,0,0,0,0.0,0.0,30.0,2.0,34.1,0.7,0.2857142857142857,,,,,,,,,,,,,,,,,0.0,0.16666666666666666,0.26666666666666666,2,3,6.0,2.0,1716,1558,1167,,,,,,,,,,,,,,,,1.0,55.0,27.0,18.0,14.0,478.0,0.0,,,,,,
670,202109050703,3,5,4,20,4,1,6,49,0,0,1,3,0,0,3,8,1,0,2,16,0,0,1,1,0,0,1,3,0,0,0,3,0,0,0,0,0.0,0.0,2.0,6.0,33.5,0.6,0.3125,0.0,0.0,8.0,2.0,33.2,0.2,0.2222222222222222,0.0,0.0,3.0,2.0,33.4,0.3,0.3125,-2.0,2.0,0.0,0.05813953488372093,0.16279069767441862,7,14,17.2,5.0,1677,1618,1167,0.0,0.0,1.0,11.0,34.8,1.1,0.25,0.0,0.0,2.0,1.0,35.1,0.0,0.2857142857142857,-0.1,0.6,55.0,-1016.0,18.0,16.0,492.0,-0.0625,0.0,-0.0625,0.1875,0.0,-0.4799999999999997,0.0
671,202109050703,0,0,0,0,14,5,15,161,0,0,0,0,0,0,0,0,1,0,2,42,0,0,0,0,0,0,0,0,0,0,1,8,0,0,0,0,0.0,0.0,10.0,6.0,36.1,1.2,0.35294117647058826,0.0,0.0,20.0,2.0,35.3,0.1,0.3333333333333333,,,,,,,,-4.0,4.0,200.0,0.03278688524590164,0.13114754098360656,7,15,36.1,7.0,1467,1263,336,,,,,,,,,,,,,,,-4.0,0.5,54.0,55.0,18.0,17.0,432.0,0.058823529411764705,0.0,,,,0.8000000000000043,0.0
672,202109050703,72,56,56,283,3,1,1,11,3,0,0,5,22,14,20,91,2,1,1,6,2,0,0,3,3,3,4,9,0,0,0,1,0,0,0,0,0.0,0.0,3.0,4.0,40.5,0.5,0.625,0.0,0.0,4.0,12.0,39.4,2.5,0.25,0.0,0.0,2.0,8.0,35.4,1.5,0.6875,2.0,-8.0,200.0,0.37037037037037035,0.5925925925925926,4,8,1.8,1.0,1428,225,1263,0.0,0.0,1.0,6.0,35.2,0.4,0.5714285714285714,0.0,0.0,2.0,4.0,36.9,1.0,0.5,-0.6,0.0,55.0,-965.0,18.0,8.0,452.0,0.0,0.0,-0.0625,-0.14285714285714285,0.0,1.14,0.0
673,202109050703,13,17,22,145,4,8,2,21,0,0,0,0,3,3,6,37,2,2,2,8,0,0,0,0,0,1,2,13,0,0,1,2,0,0,0,0,0.0,0.0,20.0,7.0,35.0,1.4,0.375,0.0,0.0,10.0,3.0,34.6,0.1,0.42857142857142855,,,,,,,,-4.0,-6.0,0.0,0.07272727272727272,0.2727272727272727,5,9,46.5,9.0,1691,334,1167,,,,,,,,,,,,,,,-4.0,0.5,55.0,48.0,18.0,8.0,492.0,0.0,-0.07142857142857142,,,,0.3999999999999986,0.0
674,202109050703,1,0,0,9,3,3,6,27,0,0,0,0,1,0,0,3,1,2,3,6,0,0,0,0,0,0,0,2,0,1,1,3,0,0,0,0,0.0,0.0,60.0,4.0,32.8,0.2,0.8,0.0,0.0,50.0,13.0,36.4,1.1,0.5,0.0,0.0,90.0,5.0,33.0,1.0,0.8888888888888888,0.5,0.0,0.0,0.0,0.1,8,16,7.3,3.0,1605,1362,1,,,,,,,,,,,,,,,0.5,0.0,52.0,28.0,18.0,10.0,472.0,0.0,0.25,0.0,,,-0.10000000000000142,0.0
675,202109050703,8,8,21,150,11,8,11,77,0,0,3,5,0,3,3,31,6,3,3,36,0,0,1,1,0,1,1,9,0,0,0,9,0,0,0,1,0.0,0.0,9.0,8.0,41.4,3.2,0.5,0.0,0.0,7.0,11.0,40.1,3.2,0.375,0.0,0.0,7.0,8.0,38.6,1.6,0.5625,0.0,13.0,-100.0,0.08108108108108109,0.2972972972972973,6,11,753.1,17.0,1506,1345,199,0.0,0.0,11.0,7.0,36.5,0.9,0.3888888888888889,0.0,0.0,17.0,8.0,35.3,1.0,0.7777777777777778,-0.4,0.0,55.0,-571.0,18.0,12.0,499.0,0.0,-0.0625,-0.0625,-0.2222222222222222,-0.1111111111111111,1.5800000000000005,0.0
676,202109050703,1,0,2,21,15,18,23,125,0,0,0,1,0,0,0,7,5,3,2,28,0,0,0,1,0,0,0,0,2,1,1,7,0,0,0,0,0.0,0.0,5.0,5.0,41.2,2.0,0.6428571428571429,0.0,0.0,9.0,8.0,39.5,2.5,0.9285714285714286,0.0,0.0,7.0,5.0,39.4,1.2,0.2857142857142857,0.0,38.0,100.0,0.16666666666666666,0.16666666666666666,3,5,91.4,12.0,1333,1167,1294,0.0,0.0,7.0,4.0,39.3,0.6,0.35714285714285715,0.0,0.0,12.0,4.0,39.8,0.7,0.07142857142857142,-0.6,0.0,51.0,-710.0,18.0,14.0,454.0,-0.21428571428571427,-0.07142857142857142,-0.14285714285714285,0.07142857142857142,0.0,0.30000000000000143,0.0
677,202109050703,8,16,9,65,15,27,17,118,1,6,2,15,4,4,1,14,1,4,6,32,0,1,0,2,3,2,1,9,1,2,5,11,0,1,0,2,0.0,0.0,3.0,2.0,40.6,0.1,0.3333333333333333,0.0,0.0,15.0,16.0,40.6,4.7,0.875,0.0,0.0,8.0,14.0,40.6,4.0,0.42857142857142855,6.0,-7.0,100.0,0.06306306306306306,0.24324324324324326,1,1,17.5,6.0,1098,1428,1294,0.0,0.0,5.0,7.0,35.8,1.3,0.3,0.0,0.0,14.0,11.0,35.1,1.5,0.5555555555555556,0.9,0.2,55.0,-619.0,18.0,12.0,491.0,0.0,0.125,0.21428571428571427,0.1,0.16666666666666666,1.5800000000000005,0.0
678,202109050703,0,0,0,0,1,2,1,6,0,0,0,0,0,0,0,0,1,0,0,1,0,0,0,0,0,0,0,0,1,0,0,0,0,0,0,0,0.0,0.0,5.0,,,,,0.0,0.0,4.0,13.0,40.4,2.6,0.3125,0.0,0.0,3.0,6.0,38.3,0.7,0.6666666666666666,-7.0,2.0,-100.0,0.1038961038961039,0.3246753246753247,6,12,52.5,10.0,1064,428,1556,0.0,0.0,4.0,4.0,36.7,0.2,0.8461538461538461,0.0,0.0,4.0,2.0,38.4,0.0,0.3333333333333333,-3.5,0.25,55.0,-721.0,18.0,15.0,474.0,,0.0,-0.16666666666666666,-0.23076923076923078,-0.08333333333333333,0.7599999999999995,0.0
679,202109050703,0,0,0,0,0,1,0,8,0,0,0,0,0,0,0,0,0,0,0,2,0,0,0,0,0,0,0,0,0,0,0,1,0,0,0,0,0.0,0.0,40.0,30.0,39.1,0.5,0.5833333333333334,0.0,0.0,120.0,60.0,37.0,2.4,0.6666666666666666,0.0,0.0,140.0,60.0,38.1,1.3,0.875,15.0,-3.0,400.0,0.0,0.0,5,10,263.7,13.0,321,548,882,0.0,0.0,140.0,140.0,38.2,2.8,0.875,0.0,0.0,90.0,110.0,37.5,1.0,0.6666666666666666,24.0,0.0,52.0,-964.0,18.0,12.0,495.0,0.16666666666666666,0.0,0.0625,0.0625,0.13333333333333333,0.2,0.0
680,202109050703,4,10,9,68,15,18,23,125,0,0,1,3,1,1,3,24,5,3,2,28,0,0,1,3,0,1,0,8,2,1,1,7,0,0,0,0,0.0,0.0,160.0,5.0,34.7,0.7,1.0,0.0,0.0,140.0,10.0,35.5,1.2,0.2,,,,,,,,5.0,2.0,0.0,0.019230769230769232,0.1346153846153846,8,17,84.4,11.0,1304,1167,1503,,,,,,,,,,,,,,,5.0,0.0,55.0,21.0,18.0,17.0,442.0,-0.17647058823529413,0.0,,,,-0.7999999999999972,0.0
681,202109050703,8,16,9,65,9,3,4,53,0,0,1,2,4,4,1,14,4,1,0,18,0,0,0,0,3,2,1,9,1,1,0,4,0,0,0,0,0.0,0.0,30.0,3.0,36.5,0.1,0.125,0.0,0.0,60.0,6.0,37.4,1.1,0.1111111111111111,0.0,0.0,80.0,8.0,35.2,0.8,0.9333333333333333,2.5,-2.0,-200.0,0.0641025641025641,0.15384615384615385,4,7,40.4,8.0,1098,1306,1294,0.0,0.0,120.0,5.0,35.2,0.9,0.6875,,,,,,,,0.8,0.25,55.0,20.0,18.0,16.0,466.0,0.0,0.0,-0.06666666666666667,0.0,,0.6099999999999988,0.0
682,202109050703,7,10,8,92,10,4,8,94,0,0,0,2,1,1,0,32,2,0,5,21,0,0,0,0,1,0,0,6,0,0,2,7,0,0,0,0,0.0,0.0,10.0,12.0,40.9,2.7,1.0,0.0,0.0,12.0,12.0,36.0,1.7,1.0,0.0,0.0,11.0,10.0,40.0,5.0,0.9090909090909091,-1.0,15.0,200.0,0.0,0.0,1,2,958.9,18.0,1736,1183,1482,0.0,0.0,15.0,9.0,39.0,1.6,1.0,0.0,0.0,12.0,4.0,38.7,1.0,1.0,-1.9,0.0,51.0,-969.0,18.0,12.0,463.0,0.0,-0.08333333333333333,0.09090909090909091,-0.25,-0.13333333333333333,0.13999999999999915,0.0
683,202109050703,6,6,3,68,10,4,8,94,0,0,0,2,2,2,1,26,2,0,5,21,0,0,0,1,0,0,0,7,0,0,2,7,0,0,0,1,0.0,0.0,8.0,,,,,0.0,0.0,15.0,16.0,43.0,8.4,0.8125,0.0,0.0,10.0,9.0,37.7,1.9,0.625,-7.0,10.0,200.0,0.06521739130434782,0.2608695652173913,7,13,697.7,16.0,1431,1183,1428,0.0,0.0,11.0,4.0,36.8,0.5,0.8125,0.0,0.0,9.0,12.0,37.7,2.5,0.9375,-1.7,0.0,55.0,-394.0,18.0,13.0,460.0,,0.125,-0.0625,-0.0625,-0.125,1.6799999999999997,0.0
684,202109050703,8,8,21,150,8,16,10,107,2,2,2,16,0,3,3,31,2,6,1,33,0,0,0,3,0,1,1,9,1,1,1,7,0,0,0,0,0.0,0.0,3.0,8.0,40.9,1.7,0.7,0.0,0.0,10.0,10.0,39.3,3.9,0.5454545454545454,0.0,0.0,14.0,17.0,36.9,2.0,0.3333333333333333,4.5,5.0,100.0,0.1076923076923077,0.24615384615384617,8,18,269.2,14.0,1506,1013,199,0.0,0.0,9.0,9.0,35.4,0.8,0.75,0.0,0.0,10.0,4.0,36.4,0.3,0.16666666666666666,-0.9,0.0,54.0,-351.0,18.0,10.0,455.0,0.1,0.36363636363636365,0.05555555555555555,-0.0625,0.0,1.2899999999999998,0.0
685,202109050703,0,1,0,33,0,0,0,0,0,0,0,0,0,0,0,11,0,0,0,0,0,0,0,0,0,0,0,4,0,0,0,0,0,0,0,0,0.0,0.0,6.0,7.0,13.4,3.0,0.25,0.0,0.0,14.0,10.0,39.3,1.2,0.375,0.0,0.0,13.0,11.0,39.8,1.8,0.5,2.0,-6.0,-1260.0,0.02702702702702703,0.10810810810810811,2,4,545.8,15.0,1611,1278,1263,0.0,0.0,11.0,9.0,39.4,3.4,0.9375,0.0,0.0,13.0,6.0,38.8,1.9,0.625,-0.3,0.0,55.0,-232.0,18.0,8.0,468.0,0.375,-0.0625,-0.0625,-0.0625,0.0625,-5.09,0.0
686,202109050705,3,5,4,20,0,1,0,6,0,0,0,0,0,0,3,8,0,0,0,1,0,0,0,0,0,0,2,3,0,0,0,0,0,0,0,0,,,,,,,,,,,,,,,,,,,,,,,,,0.0625,0.24107142857142858,2,2,39.2,8.0,1677,1613,1167,,,,,,,,,,,,,,,,,54.0,,13.0,,,,,,,,,
687,202109050705,8,16,9,65,3,3,6,27,0,1,1,1,4,4,1,14,1,2,3,6,0,1,0,0,1,1,0,1,0,0,1,1,0,0,0,0,,,,,,,,,,,,,,,,,,,,,,,,,0.05747126436781609,0.1724137931034483,5,6,13.1,5.0,1098,1362,1294,,,,,,,,,,,,,,,,,55.0,,13.0,,,,,,,,,
688,202109050705,6,6,3,68,2,3,3,16,0,0,0,2,2,2,1,26,0,1,2,4,0,0,0,0,0,0,0,2,0,0,0,0,0,0,0,0,0.0,0.0,130.0,14.0,34.0,0.9,0.9444444444444444,0.0,0.0,9.0,9.0,36.5,2.3,0.1,0.0,0.0,6.0,9.0,39.8,2.2,0.6153846153846154,-2.5,2.0,0.0,0.13131313131313133,0.4444444444444444,6,9,2.3,1.0,1431,565,1428,0.0,0.0,9.0,9.0,37.9,2.0,0.18181818181818182,0.0,0.0,6.0,7.0,33.8,0.6,0.5,-1.4,0.0,54.0,-1085.0,13.0,18.0,488.0,0.0,0.0,0.15384615384615385,0.09090909090909091,0.1,-0.09999999999999928,0.0
689,202109050705,15,21,14,131,2,3,3,16,0,0,0,0,8,9,6,47,0,1,2,4,0,0,0,0,0,0,1,4,0,0,0,0,0,0,0,0,0.0,0.0,50.0,30.0,41.6,1.6,1.0,0.0,0.0,50.0,60.0,39.6,0.9,0.7777777777777778,0.0,0.0,70.0,100.0,35.8,1.2,0.6923076923076923,35.0,13.0,-50.0,0.16129032258064516,0.2903225806451613,3,3,14.2,6.0,1393,565,1263,0.0,0.0,30.0,20.0,35.6,0.2,0.375,0.0,0.0,60.0,30.0,34.2,0.3,0.4,-4.0,0.0,55.0,-940.0,13.0,9.0,521.0,-0.4444444444444444,-0.2222222222222222,-0.07692307692307693,0.0,0.0,1.8799999999999997,0.0
690,202109050705,30,21,26,197,1,1,6,35,0,0,0,1,6,6,8,71,0,1,2,8,0,0,0,0,0,1,0,12,0,1,1,0,0,0,0,0,0.0,0.0,10.0,9.0,39.2,2.8,0.6,0.0,0.0,130.0,14.0,38.4,2.7,0.2,0.0,0.0,80.0,13.0,40.0,2.1,0.06666666666666667,2.0,9.0,700.0,0.0,0.0,1,1,4.5,2.0,1716,1328,1167,0.0,0.0,140.0,14.0,34.9,1.0,0.8888888888888888,0.0,0.0,100.0,13.0,36.0,1.1,0.25,0.8,0.0,52.0,-892.0,13.0,10.0,519.0,0.3,0.13333333333333333,0.0,-0.05555555555555555,0.0,0.9900000000000005,0.0
691,202109050705,0,0,0,0,0,1,2,12,0,0,0,0,0,0,0,0,0,0,0,1,0,0,0,0,0,0,0,0,0,0,0,0,0,0,0,0,,,,,,,,,,,,,,,,,,,,,,,,,0.10294117647058823,0.23529411764705882,8,12,40.6,9.0,1432,1551,1428,,,,,,,,,,,,,,,,,55.0,,13.0,,,,,,,,,
692,202109050705,13,17,22,145,14,5,15,161,2,0,2,15,3,3,6,37,1,0,2,42,0,0,0,2,0,0,2,2,0,0,1,2,0,0,0,0,0.0,0.0,9.0,9.0,40.4,2.0,0.2,0.0,0.0,10.0,9.0,40.0,2.0,0.6428571428571429,0.0,0.0,5.0,5.0,39.7,2.1,0.38461538461538464,-2.0,18.0,-100.0,0.07207207207207207,0.2702702702702703,8,13,7.1,3.0,1691,1263,1167,0.0,0.0,9.0,10.0,38.4,1.7,0.1875,0.0,0.0,10.0,11.0,36.8,1.8,0.6,0.5,0.0,54.0,-238.0,13.0,10.0,460.0,0.2,-0.2857142857142857,-0.15384615384615385,-0.0625,-0.26666666666666666,0.8800000000000004,0.0
693,202109050705,2,3,2,25,12,8,12,71,0,0,0,1,1,1,1,7,2,2,1,16,0,0,0,0,0,1,1,1,0,1,0,1,0,0,0,0,0.0,0.0,7.0,6.0,39.4,1.2,0.6428571428571429,0.0,0.0,4.0,11.0,40.5,2.3,0.5,0.0,0.0,5.0,2.0,40.1,0.6,0.14285714285714285,-2.0,12.0,-100.0,0.09523809523809523,0.2857142857142857,6,8,68.2,10.0,1183,1294,1558,0.0,0.0,4.0,8.0,40.6,1.3,0.4,0.0,0.0,1.0,7.0,40.0,2.3,0.6666666666666666,-0.1,0.2,54.0,-266.0,13.0,14.0,484.0,-0.21428571428571427,-0.07142857142857142,0.0,-0.1,-0.3333333333333333,-0.13000000000000042,0.0
694,202109050705,0,1,0,15,5,4,5,51,0,0,0,1,0,0,0,1,1,1,2,13,0,0,0,0,0,0,0,0,0,0,0,2,0,0,0,0,0.0,0.0,,,,,,0.0,0.0,130.0,16.0,40.1,3.8,0.058823529411764705,0.0,0.0,130.0,12.0,35.6,1.9,0.5555555555555556,-4.0,,-100.0,0.037037037037037035,0.16666666666666666,4,4,206.2,13.0,1440,1366,1167,0.0,0.0,100.0,13.0,40.7,3.9,0.25,0.0,0.0,70.0,12.0,39.8,3.6,0.6,-1.1,0.0,55.0,-958.0,13.0,10.0,,,0.4117647058823529,0.0,0.5625,0.2,-0.4199999999999989,0.0
695,202109050705,0,0,0,0,11,8,11,77,0,0,0,0,0,0,0,0,6,3,3,36,0,0,0,0,0,0,0,0,0,0,1,2,0,0,0,0,0.0,0.0,5.0,12.0,40.2,3.0,0.5384615384615384,0.0,0.0,7.0,9.0,37.2,1.5,0.3888888888888889,0.0,0.0,7.0,10.0,36.2,1.1,0.15384615384615385,-1.0,-2.0,400.0,0.06779661016949153,0.2711864406779661,4,5,27.4,7.0,1064,1345,1556,,,,,,,,,,,,,,,-1.0,0.0,54.0,-78.0,13.0,13.0,442.0,0.15384615384615385,0.05555555555555555,0.0,,,2.0,0.0
696,202109050705,0,0,0,0,15,27,17,118,0,0,0,0,0,0,0,0,1,4,6,32,0,0,0,0,0,0,0,0,0,1,0,8,0,0,0,0,0.0,0.0,4.0,1.0,34.6,0.0,0.058823529411764705,0.0,0.0,4.0,5.0,38.3,1.1,0.125,0.0,0.0,2.0,3.0,39.3,0.5,0.07692307692307693,1.0,-6.0,400.0,0.10256410256410256,0.32051282051282054,5,7,7.9,4.0,852,1428,848,0.0,0.0,4.0,6.0,35.6,0.7,0.7142857142857143,0.0,0.0,5.0,4.0,37.2,1.4,0.42857142857142855,0.7,0.4,54.0,-252.0,13.0,17.0,464.0,0.0,0.1875,0.0,-0.07142857142857142,0.0,-0.2500000000000007,0.0
697,202109050705,3,3,1,46,2,4,2,28,0,0,0,3,0,0,0,16,0,1,1,4,0,0,0,1,0,0,0,2,0,0,0,1,0,0,0,0,0.0,0.0,5.0,10.0,41.3,1.4,0.25,0.0,0.0,11.0,9.0,40.6,2.6,0.07692307692307693,0.0,0.0,13.0,9.0,35.5,0.7,0.375,-0.5,1.0,200.0,0.03225806451612903,0.12903225806451613,7,11,84.0,11.0,1036,1542,1108,0.0,0.0,10.0,15.0,37.9,2.8,0.4444444444444444,0.0,0.0,6.0,7.0,36.5,0.8,0.0625,0.0,0.0,54.0,-312.0,13.0,12.0,439.0,0.08333333333333333,0.15384615384615385,0.0625,0.0,0.0,1.2299999999999998,0.0
698,202109050705,0,1,0,15,0,1,0,6,0,0,0,0,0,0,0,1,0,0,0,1,0,0,0,0,0,0,0,0,0,0,0,0,0,0,0,0,0.0,0.0,9.0,6.0,40.8,1.0,0.8333333333333334,0.0,0.0,15.0,8.0,39.0,2.0,0.6875,0.0,0.0,14.0,10.0,39.4,2.5,0.6666666666666666,2.0,6.0,100.0,0.0,0.08695652173913043,7,10,191.9,12.0,1440,1613,1167,0.0,0.0,11.0,8.0,41.0,1.9,0.75,0.0,0.0,15.0,9.0,37.3,1.6,0.5333333333333333,0.6,0.0,55.0,-460.0,13.0,12.0,432.0,-0.25,0.0,0.2,-0.16666666666666666,0.06666666666666667,0.5,0.0
699,202109050809,30,18,29,175,0,2,1,19,0,0,1,0,8,3,6,44,0,1,0,3,0,0,0,0,1,1,2,5,0,0,0,1,0,0,0,0,0.0,0.0,4.0,6.0,33.1,0.3,0.9411764705882353,0.0,0.0,3.0,7.0,35.3,0.7,0.8333333333333334,0.0,0.0,5.0,2.0,32.9,0.2,0.46153846153846156,-2.0,12.0,200.0,0.02040816326530612,0.22448979591836735,3,3,3.9,3.0,1503,577,1263,0.0,0.0,10.0,5.0,35.7,0.6,0.5384615384615384,0.0,0.0,8.0,6.0,35.4,0.6,0.7333333333333333,-0.2,0.2,54.0,-937.0,8.0,17.0,508.0,0.0,0.0,0.0,0.07692307692307693,0.0,-0.5,0.0
700,202109050809,7,1,2,25,0,0,0,1,0,0,0,0,1,0,0,10,0,0,0,0,0,0,0,0,0,0,0,1,0,0,0,0,0,0,0,0,0.0,0.0,100.0,16.0,34.1,0.8,0.4444444444444444,0.0,0.0,120.0,10.0,35.2,0.9,0.3333333333333333,0.0,0.0,120.0,14.0,35.8,1.9,0.1875,-1.0,-8.0,400.0,0.056818181818181816,0.18181818181818182,4,4,10.7,5.0,1463,440,1167,0.0,0.0,30.0,15.0,35.5,1.4,0.1875,0.0,0.0,80.0,5.0,33.8,0.5,0.1875,-1.7,0.0,54.0,-994.0,8.0,18.0,498.0,0.0,0.0,0.0,0.0,0.125,0.030000000000001137,0.0
701,202109050809,0,2,0,2,4,8,2,21,0,0,0,0,0,0,0,1,2,2,2,8,0,0,0,0,0,0,0,0,0,0,0,2,0,0,0,0,0.0,0.0,8.0,9.0,35.7,1.3,0.2,0.0,0.0,14.0,11.0,34.6,0.9,0.125,0.0,0.0,13.0,14.0,34.4,0.7,0.125,2.5,-14.0,400.0,0.0,0.06451612903225806,7,7,142.9,8.0,1460,334,1345,0.0,0.0,9.0,10.0,33.7,0.7,0.1875,0.0,0.0,11.0,16.0,36.2,1.5,0.6111111111111112,1.3,0.0,54.0,-790.0,8.0,10.0,424.0,0.0,0.0,0.0,0.0625,-0.05555555555555555,-0.010000000000000142,0.0
702,202109050809,8,16,9,65,2,5,8,48,0,1,0,0,4,4,1,14,1,2,2,12,0,1,0,0,0,1,0,2,0,2,0,4,0,1,0,0,0.0,0.0,12.0,10.0,40.0,2.0,1.0,0.0,0.0,15.0,18.0,37.3,2.9,0.5555555555555556,0.0,0.0,12.0,12.0,38.0,2.0,0.3125,1.0,-4.0,200.0,0.07894736842105263,0.3157894736842105,5,5,3.8,2.0,1098,1482,1294,0.0,0.0,10.0,11.0,40.8,4.0,0.3333333333333333,0.0,0.0,10.0,16.0,39.4,2.7,0.75,0.5,0.0,54.0,-761.0,8.0,12.0,436.0,-0.25,0.16666666666666666,0.1875,0.5833333333333334,0.0625,-0.2299999999999997,0.0
703,202109050809,18,18,14,110,3,3,4,28,0,0,2,4,6,4,2,33,1,1,1,7,0,0,0,2,1,0,0,1,0,1,0,0,0,0,0,0,0.0,0.0,6.0,13.0,35.2,3.7,0.8461538461538461,0.0,0.0,2.0,10.0,34.9,1.5,0.18181818181818182,0.0,0.0,4.0,5.0,36.9,0.6,0.46153846153846156,-4.0,0.0,-200.0,0.10606060606060606,0.24242424242424243,8,8,3.1,1.0,1152,324,1428,0.0,0.0,1.0,1.0,34.5,0.0,0.3333333333333333,0.0,0.0,2.0,4.0,34.2,0.3,0.5,-2.7,0.2,54.0,-805.0,8.0,13.0,446.0,0.07692307692307693,0.18181818181818182,-0.15384615384615385,-0.1111111111111111,0.07142857142857142,0.23999999999999985,0.0
704,202109050809,2,0,4,29,10,4,8,94,0,0,0,4,0,0,1,6,2,0,5,21,0,0,0,1,0,0,0,1,2,0,1,4,0,0,0,0,0.0,0.0,100.0,4.0,35.1,1.0,1.0,0.0,0.0,60.0,6.0,35.9,0.8,0.2857142857142857,0.0,0.0,30.0,1.0,34.9,0.0,0.25,-1.5,4.0,200.0,0.07894736842105263,0.2894736842105263,1,1,29.4,6.0,1222,1183,1328,,,,,,,,,,,,,,,-1.5,0.3333333333333333,54.0,22.0,8.0,10.0,434.0,0.0,0.0,-0.125,,,0.10000000000000142,0.0
705,202109050809,15,21,14,131,1,0,0,4,0,0,0,0,8,9,6,47,0,0,0,0,0,0,0,0,2,0,0,5,0,0,0,0,0,0,0,0,0.0,0.0,13.0,13.0,41.1,5.4,0.07692307692307693,0.0,0.0,15.0,18.0,38.7,3.5,0.05555555555555555,0.0,0.0,9.0,13.0,38.5,2.6,0.42857142857142855,0.0,-2.0,-200.0,0.03636363636363636,0.16363636363636364,6,6,4.9,4.0,1393,1260,1263,0.0,0.0,7.0,10.0,36.7,1.3,0.36363636363636365,0.0,0.0,4.0,4.0,34.9,0.2,0.1111111111111111,-2.6,0.0,54.0,-805.0,8.0,13.0,450.0,0.15384615384615385,0.0,0.35714285714285715,0.09090909090909091,0.0,1.4400000000000006,0.0
706,202109050809,5,4,5,33,2,0,0,13,0,0,0,0,2,1,1,10,1,0,0,3,0,0,0,0,0,0,0,0,1,0,0,0,0,0,0,0,0.0,0.0,4.0,10.0,40.7,1.6,0.15384615384615385,0.0,0.0,15.0,14.0,39.7,2.0,0.3125,0.0,0.0,9.0,3.0,37.0,0.6,0.08333333333333333,-3.5,6.0,400.0,0.15151515151515152,0.30303030303030304,2,2,46.9,7.0,1657,351,1317,0.0,0.0,11.0,7.0,36.6,1.7,0.5833333333333334,0.0,0.0,13.0,16.0,36.1,1.6,0.0625,0.5,0.2,54.0,-943.0,8.0,13.0,508.0,0.0,0.0,0.0,-0.08333333333333333,0.0,1.2300000000000004,0.0
707,202109050810,72,56,56,283,5,9,8,39,3,6,3,16,22,14,20,91,0,1,0,8,0,1,0,4,1,1,3,7,0,0,0,0,0,0,0,0,0.0,0.0,15.0,6.0,34.4,1.1,0.6,0.0,0.0,11.0,13.0,37.5,1.3,0.9230769230769231,0.0,0.0,6.0,9.0,34.3,0.7,0.7333333333333333,1.5,4.0,-400.0,0.04,0.24,7,8,4.4,2.0,1428,848,1263,0.0,0.0,1.0,3.0,33.8,0.3,0.8,0.0,0.0,7.0,6.0,34.2,0.3,0.7857142857142857,-1.0,0.2,53.0,-412.0,11.0,15.0,442.0,0.06666666666666667,0.0,-0.13333333333333333,-0.1,0.0,0.4099999999999994,0.0
708,202109050810,4,4,6,75,1,1,0,4,0,0,0,2,0,2,1,20,0,0,0,2,0,0,0,2,0,0,0,1,0,0,0,1,0,0,0,1,0.0,0.0,40.0,13.0,34.5,1.3,0.5294117647058824,0.0,0.0,30.0,3.0,34.1,0.2,0.4375,0.0,0.0,60.0,3.0,33.2,0.4,0.6666666666666666,-5.0,12.0,0.0,0.0,0.0,6,6,8.5,5.0,1317,1238,1186,0.0,0.0,60.0,6.0,34.6,0.4,0.6666666666666666,0.0,0.0,20.0,17.0,37.2,2.7,0.4444444444444444,1.1,0.4,55.0,8.0,11.0,17.0,514.0,-0.058823529411764705,0.0,0.0,-0.05555555555555555,0.1111111111111111,-0.5900000000000005,0.0
709,202109050810,15,10,14,122,1,3,2,16,1,0,2,1,0,0,2,28,0,2,1,9,0,0,1,1,0,0,0,1,0,0,0,2,0,0,0,0,0.0,0.0,8.0,13.0,35.7,1.3,0.26666666666666666,0.0,0.0,3.0,9.0,34.9,0.6,0.2727272727272727,0.0,0.0,4.0,12.0,35.1,1.2,0.5,-0.5,-2.0,200.0,0.15625,0.28125,7,9,6.6,4.0,1127,1103,1328,0.0,0.0,4.0,3.0,33.8,0.1,0.8181818181818182,0.0,0.0,2.0,1.0,34.4,0.0,0.2727272727272727,-3.0,0.4,53.0,-126.0,11.0,15.0,472.0,0.0,0.09090909090909091,0.0,-0.09090909090909091,0.09090909090909091,0.370000000000001,0.0
710,202109050810,8,16,9,65,10,8,11,109,0,0,0,1,4,4,1,14,2,2,3,30,0,0,0,0,0,0,0,0,0,0,0,2,0,0,0,0,0.0,0.0,10.0,10.0,46.7,7.5,0.3,0.0,0.0,6.0,12.0,41.6,5.2,0.08333333333333333,0.0,0.0,15.0,15.0,34.3,1.3,0.35294117647058826,2.5,6.0,-100.0,0.056179775280898875,0.19101123595505617,8,10,2.5,1.0,1098,1405,1294,0.0,0.0,9.0,13.0,37.2,1.8,0.07692307692307693,0.0,0.0,4.0,12.0,37.6,2.2,0.21428571428571427,0.5,0.0,56.0,-927.0,11.0,10.0,506.0,0.7,0.75,0.0,0.0,0.0,2.2600000000000002,0.0
711,202109050810,2,3,2,25,3,2,4,21,1,1,0,0,1,1,1,7,0,1,0,4,0,1,0,0,0,0,0,0,0,0,0,0,0,0,0,0,0.0,0.0,6.0,5.0,34.7,0.3,0.18181818181818182,0.0,0.0,3.0,8.0,36.0,0.5,0.5,0.0,0.0,3.0,7.0,39.0,1.1,0.14285714285714285,1.0,-10.0,0.0,0.0,0.0625,3,3,12.8,6.0,1183,1393,1558,0.0,0.0,7.0,4.0,35.7,0.4,0.5,0.0,0.0,6.0,14.0,33.9,0.9,0.6111111111111112,1.4,0.0,52.0,0.0,11.0,11.0,462.0,0.09090909090909091,-0.07142857142857142,0.0,-0.4375,0.1111111111111111,0.19000000000000056,0.0
712,202109050810,30,18,29,175,3,3,4,14,1,0,3,0,8,3,6,44,1,1,1,7,1,0,1,0,0,0,1,2,0,0,0,0,0,0,0,0,0.0,0.0,7.0,6.0,34.3,0.6,0.6875,0.0,0.0,15.0,5.0,33.8,0.1,0.5555555555555556,0.0,0.0,10.0,6.0,34.0,0.4,0.8181818181818182,0.0,2.0,400.0,0.0,0.09375,5,5,114.9,10.0,1503,322,1263,0.0,0.0,14.0,17.0,34.0,0.9,0.6111111111111112,0.0,0.0,12.0,12.0,33.7,1.0,0.42857142857142855,2.4,0.0,51.0,-30.0,11.0,16.0,478.0,-0.1875,0.0,0.09090909090909091,0.05555555555555555,0.0,0.09999999999999858,0.0
713,202109050810,30,18,29,175,5,4,5,51,0,0,0,0,8,3,6,44,1,1,2,13,0,0,0,0,0,0,1,2,0,0,0,0,0,0,0,0,0.0,0.0,14.0,14.0,37.3,1.9,0.125,0.0,0.0,7.0,7.0,34.9,0.5,0.5714285714285714,0.0,0.0,11.0,7.0,34.5,0.5,0.5454545454545454,-3.5,-4.0,0.0,0.0,0.0,1,1,181.4,11.0,1503,1366,1263,0.0,0.0,14.0,9.0,35.6,0.5,0.7142857142857143,0.0,0.0,10.0,11.0,38.9,2.2,0.5714285714285714,-0.4,0.0,53.0,-119.0,11.0,16.0,496.0,0.4375,0.14285714285714285,0.0,0.07142857142857142,0.42857142857142855,-0.39000000000000057,0.0
714,202109050810,1,1,0,20,1,1,0,3,1,1,0,2,0,0,0,4,0,0,0,0,0,0,0,0,0,0,0,1,0,0,0,0,0,0,0,0,0.0,0.0,16.0,16.0,35.2,1.4,0.1875,0.0,0.0,18.0,16.0,33.5,0.8,1.0,0.0,0.0,16.0,14.0,38.6,2.4,0.9375,-1.0,-14.0,400.0,0.07407407407407407,0.18518518518518517,2,2,62.4,8.0,1321,1417,1263,0.0,0.0,13.0,13.0,35.9,1.7,0.9230769230769231,0.0,0.0,15.0,14.0,34.2,1.3,1.0,-0.7,0.0,54.0,-937.0,11.0,16.0,476.0,0.125,0.0,0.0625,-0.07692307692307693,0.0,-0.039999999999999855,0.0
715,202109050810,3,5,4,20,4,1,6,49,0,0,1,3,0,0,3,8,1,0,2,16,0,0,1,1,0,0,0,0,0,0,0,1,0,0,0,0,0.0,0.0,6.0,9.0,33.9,0.6,0.9444444444444444,0.0,0.0,3.0,11.0,38.7,1.0,0.125,0.0,0.0,7.0,9.0,34.6,0.7,0.2727272727272727,0.0,-8.0,200.0,0.07079646017699115,0.24778761061946902,4,4,4.7,3.0,1677,1618,1167,0.0,0.0,11.0,3.0,35.3,0.1,0.25,0.0,0.0,3.0,9.0,35.5,0.9,0.2727272727272727,-0.8,0.2,52.0,-251.0,11.0,18.0,490.0,0.0,0.0,0.09090909090909091,0.125,-0.09090909090909091,0.020000000000000285,0.0
716,202109050810,15,10,14,122,0,0,0,1,0,0,0,1,0,0,2,28,0,0,0,0,0,0,0,0,0,0,0,1,0,0,0,0,0,0,0,0,0.0,0.0,14.0,,,,0.125,0.0,0.0,9.0,10.0,34.3,1.0,1.0,0.0,0.0,8.0,11.0,37.6,1.9,0.2727272727272727,1.0,6.0,-500.0,0.024390243902439025,0.024390243902439025,6,7,92.2,9.0,1127,363,1328,0.0,0.0,6.0,1.0,37.6,0.0,0.6,0.0,0.0,9.0,4.0,34.5,0.5,0.5714285714285714,-2.8,0.25,54.0,-83.0,11.0,16.0,514.0,-0.0625,0.0,0.18181818181818182,0.2,-0.14285714285714285,-0.06000000000000085,0.0
717,202109050810,1,0,0,2,5,8,3,57,1,0,0,2,0,0,0,1,0,1,1,14,0,0,0,1,0,0,0,1,0,0,0,2,0,0,0,1,0.0,0.0,90.0,9.0,45.8,7.5,0.5555555555555556,0.0,0.0,100.0,9.0,34.2,1.4,0.7,0.0,0.0,,,,,,0.0,21.0,-270.0,0.15384615384615385,0.15384615384615385,8,11,26.9,7.0,1443,1235,1225,0.0,0.0,60.0,6.0,34.7,0.5,0.8571428571428571,0.0,0.0,80.0,7.0,34.3,0.3,0.9230769230769231,-0.9,0.0,53.0,-292.0,11.0,9.0,467.0,0.3333333333333333,0.2,,0.14285714285714285,0.0,3.4,0.0
718,202109060107,8,8,21,150,1,1,6,35,0,0,0,1,0,3,3,31,0,1,2,8,0,0,0,0,0,1,1,9,0,0,0,6,0,0,0,0,0.0,0.0,5.0,6.0,36.6,1.0,0.25,0.0,0.0,12.0,10.0,36.5,0.9,0.35714285714285715,0.0,0.0,10.0,10.0,35.9,1.6,0.42857142857142855,2.0,-6.0,-800.0,0.07142857142857142,0.26785714285714285,2,2,2.7,1.0,1506,1328,199,0.0,0.0,14.0,6.0,34.8,0.3,0.4375,0.0,0.0,7.0,5.0,35.2,1.4,0.6666666666666666,-0.6,0.0,54.0,-1036.0,13.0,8.0,452.0,0.0,0.07142857142857142,0.07142857142857142,-0.125,0.1111111111111111,0.45,0.0
719,202109060107,18,18,14,110,2,1,0,5,0,0,0,0,6,4,2,33,0,0,0,2,0,0,0,0,2,2,0,17,0,0,0,0,0,0,0,0,0.0,0.0,,,,,,0.0,0.0,30.0,6.0,34.9,1.0,0.4,0.0,0.0,20.0,6.0,35.5,0.3,0.4375,0.0,,800.0,0.03571428571428571,0.16071428571428573,4,4,116.2,9.0,1152,1506,1428,0.0,0.0,20.0,6.0,35.5,0.4,0.25,0.0,0.0,60.0,2.0,35.8,0.0,0.25,-1.2,0.25,54.0,-845.0,13.0,10.0,,,0.2,0.125,0.125,0.0625,-0.2699999999999996,0.0
720,202109060107,0,0,0,0,0,0,0,3,0,0,0,0,0,0,0,0,0,0,0,2,0,0,0,0,0,0,0,0,0,0,0,2,0,0,0,0,0.0,0.0,10.0,9.0,36.7,1.6,0.1,0.0,0.0,5.0,8.0,34.0,1.0,1.0,0.0,0.0,5.0,7.0,36.1,0.5,0.13333333333333333,-1.0,12.0,-400.0,0.0,0.2692307692307692,7,11,2.9,2.0,1045,1050,969,0.0,0.0,7.0,4.0,35.5,0.7,0.5,0.0,0.0,8.0,6.0,34.0,0.5,0.5454545454545454,-1.0,0.0,54.0,-687.0,13.0,10.0,510.0,0.0,-0.2222222222222222,0.0,0.0,0.0,0.39000000000000057,0.0
721,202109060107,0,0,0,0,0,0,0,0,0,0,0,0,0,0,0,0,0,0,0,0,0,0,0,0,0,0,0,0,0,0,0,0,0,0,0,0,0.0,0.0,15.0,11.0,34.7,0.8,0.375,0.0,0.0,15.0,10.0,36.6,1.3,0.5,0.0,0.0,6.0,12.0,33.8,0.6,0.6,0.5,8.0,200.0,0.06666666666666667,0.26666666666666666,8,12,5.4,3.0,1064,856,1556,0.0,0.0,7.0,3.0,33.6,0.3,0.5833333333333334,0.0,0.0,8.0,6.0,34.0,0.4,0.5833333333333334,-1.7,0.2,54.0,-798.0,13.0,16.0,470.0,0.0,-0.1111111111111111,-0.2,-0.08333333333333333,0.0,0.44000000000000056,0.0
722,202109060107,18,18,14,110,0,0,0,0,0,0,0,0,6,4,2,33,0,0,0,0,0,0,0,0,2,2,0,17,0,0,0,0,0,0,0,0,0.0,0.0,110.0,11.0,34.5,0.8,0.5294117647058824,0.0,0.0,70.0,8.0,34.5,1.2,1.0,0.0,0.0,50.0,17.0,41.9,6.4,0.8235294117647058,3.0,-8.0,0.0,0.0,0.0,5,7,205.2,11.0,1152,659,1428,,,,,,,,,,,,,,,3.0,0.0,51.0,20.0,13.0,17.0,422.0,0.0,-0.09090909090909091,0.17647058823529413,,,-3.6999999999999993,0.0
723,202109060107,0,0,0,0,5,8,3,57,0,0,0,0,0,0,0,0,0,1,1,14,0,0,0,0,0,0,0,0,0,0,0,2,0,0,0,0,0.0,0.0,3.0,5.0,39.6,0.7,0.3333333333333333,0.0,0.0,14.0,8.0,37.6,1.2,0.1875,0.0,0.0,5.0,15.0,37.3,1.7,0.75,5.0,-3.0,400.0,0.13,0.45,7,10,6.2,4.0,1467,1235,336,0.0,0.0,17.0,13.0,35.3,0.9,0.16666666666666666,0.0,0.0,11.0,8.0,35.0,0.9,0.5,1.1,0.0,54.0,-909.0,13.0,12.0,461.0,0.0,0.0625,0.0625,0.0,0.0,1.1500000000000008,0.0
724,202109060107,1,1,0,5,3,3,4,14,0,0,0,0,0,0,0,0,1,1,1,7,0,0,0,0,0,0,0,0,0,1,0,2,0,0,0,0,0.0,0.0,10.0,4.0,39.1,0.4,0.5454545454545454,0.0,0.0,12.0,14.0,35.4,1.1,0.8333333333333334,0.0,0.0,4.0,10.0,34.3,0.8,1.0,3.0,15.0,370.0,0.05555555555555555,0.18888888888888888,6,9,19.8,5.0,1455,322,1428,0.0,0.0,10.0,4.0,33.8,0.5,0.6428571428571429,0.0,0.0,6.0,10.0,35.2,1.2,1.0,0.2,0.0,54.0,-1048.0,13.0,11.0,455.0,-0.09090909090909091,0.1111111111111111,-0.05555555555555555,-0.07142857142857142,-0.15384615384615385,0.9399999999999998,0.0
725,202109060107,0,0,0,0,1,1,2,10,0,0,0,0,0,0,0,0,1,0,1,3,0,0,0,0,0,0,0,0,0,0,0,1,0,0,0,0,0.0,0.0,4.0,9.0,40.6,1.5,0.08333333333333333,0.0,0.0,9.0,12.0,36.3,1.7,0.06666666666666667,0.0,0.0,12.0,14.0,40.8,3.5,0.1875,2.5,37.0,200.0,0.07017543859649122,0.24561403508771928,3,3,28.5,6.0,1289,1108,1428,0.0,0.0,11.0,9.0,37.1,0.9,0.058823529411764705,0.0,0.0,10.0,15.0,38.3,2.5,0.05555555555555555,0.9,0.0,54.0,-963.0,13.0,12.0,463.0,0.4166666666666667,0.06666666666666667,0.25,0.0,0.0,0.38000000000000045,0.0
726,202109060107,5,4,5,33,0,0,0,1,0,0,0,0,2,1,1,10,0,0,0,0,0,0,0,0,1,0,1,2,0,0,0,0,0,0,0,0,0.0,0.0,11.0,11.0,37.7,1.9,1.0,0.0,0.0,15.0,14.0,37.7,1.8,0.4375,0.0,0.0,14.0,14.0,41.2,3.3,0.8571428571428571,1.5,16.0,400.0,0.07692307692307693,0.15384615384615385,8,13,63.0,8.0,1657,1225,1317,0.0,0.0,7.0,6.0,38.7,1.2,0.3333333333333333,0.0,0.0,9.0,6.0,35.3,0.7,0.7857142857142857,-1.8,0.0,54.0,-1027.0,13.0,12.0,452.0,0.0,0.0625,0.14285714285714285,-0.16666666666666666,0.07142857142857142,0.3800000000000011,0.0
727,202109060107,1,0,2,10,11,8,11,77,0,0,0,0,1,0,0,1,6,3,3,36,0,0,0,0,0,0,0,1,0,0,0,9,0,0,0,0,0.0,0.0,6.0,8.0,41.1,2.5,0.45454545454545453,0.0,0.0,17.0,15.0,36.9,2.1,0.3888888888888889,0.0,0.0,8.0,14.0,41.4,4.3,0.75,3.0,14.0,200.0,0.05128205128205128,0.07692307692307693,5,6,30.0,7.0,1581,1345,1167,0.0,0.0,4.0,9.0,41.5,1.9,0.21428571428571427,0.0,0.0,6.0,7.0,37.2,2.4,0.7,-0.8,0.0,54.0,-952.0,13.0,11.0,484.0,0.36363636363636365,0.3333333333333333,0.0625,0.0,0.0,0.31999999999999956,0.0
728,202109060107,1,0,2,21,3,2,4,21,0,0,0,0,0,0,0,7,0,1,0,4,0,0,0,0,0,0,0,0,0,0,0,2,0,0,0,0,0.0,0.0,100.0,110.0,45.4,5.0,1.0,0.0,0.0,130.0,80.0,39.2,1.5,0.5625,0.0,0.0,120.0,40.0,37.3,1.0,0.5625,-35.0,6.0,0.0,0.09433962264150944,0.2830188679245283,6,8,170.4,10.0,1333,1393,1294,0.0,0.0,110.0,90.0,41.2,2.2,0.5714285714285714,0.0,0.0,80.0,60.0,40.6,1.6,0.6666666666666666,-9.0,0.0,54.0,-765.0,13.0,11.0,468.0,-0.09090909090909091,0.0,-0.0625,-0.14285714285714285,0.0,0.7599999999999995,0.0
729,202109060107,3,3,1,46,10,4,8,94,0,0,0,0,0,0,0,16,2,0,5,21,0,0,0,0,0,0,0,5,0,0,2,7,0,0,0,0,0.0,0.0,13.0,12.0,36.4,1.5,0.15384615384615385,0.0,0.0,8.0,11.0,41.2,5.5,0.8181818181818182,,,,,,,,-1.0,-12.0,0.0,0.0,0.0,4,5,522.1,13.0,1036,1183,1108,,,,,,,,,,,,,,,-1.0,0.0,54.0,0.0,13.0,13.0,444.0,0.0,0.09090909090909091,,,,-4.800000000000004,0.0
730,202109060107,2,1,3,26,0,0,0,3,0,0,0,0,0,0,0,7,0,0,0,0,0,0,0,0,0,0,0,4,0,0,0,0,0,0,0,0,0.0,0.0,60.0,9.0,41.9,2.4,0.75,0.0,0.0,150.0,16.0,39.0,3.8,1.0,0.0,0.0,120.0,13.0,36.3,2.1,0.9230769230769231,2.0,25.0,200.0,0.0,0.0,1,1,401.9,12.0,1396,1585,1556,0.0,0.0,140.0,12.0,36.6,1.6,0.07142857142857142,,,,,,,,0.6,0.0,54.0,-744.0,13.0,12.0,437.0,0.0,-0.0625,0.0,0.0,,1.8599999999999994,0.0
731,202109060311,19,19,15,86,5,4,3,28,1,1,1,0,3,4,1,29,1,1,0,10,0,0,0,0,0,1,0,8,0,1,0,2,0,0,0,0,0.0,0.0,30.0,5.0,33.6,0.2,0.2,0.0,0.0,10.0,7.0,34.1,0.3,0.625,0.0,0.0,10.0,5.0,33.8,0.2,0.6666666666666666,0.0,0.0,-200.0,0.054945054945054944,0.18681318681318682,4,4,2.6,1.0,1167,1708,460,0.0,0.0,10.0,1.0,33.1,0.0,0.5,0.0,0.0,10.0,1.0,34.5,0.0,0.38461538461538464,-1.4,0.4,56.0,41.0,12.0,15.0,496.0,-0.06666666666666667,0.0625,0.0,0.0,-0.23076923076923078,-0.07999999999999971,0.0
732,202109060311,30,18,29,175,4,8,2,21,2,1,1,2,8,3,6,44,2,2,2,8,2,1,1,1,2,2,1,13,1,1,1,3,1,1,1,0,0.0,0.0,80.0,3.0,34.0,0.3,0.75,0.0,0.0,60.0,14.0,35.5,1.5,0.2222222222222222,0.0,0.0,30.0,8.0,34.6,1.0,0.47058823529411764,2.5,-4.0,0.0,0.10606060606060606,0.24242424242424243,6,7,5.6,3.0,1503,334,1263,0.0,0.0,30.0,2.0,33.3,0.1,0.3333333333333333,0.0,0.0,30.0,6.0,34.8,0.7,0.8888888888888888,-0.6,0.4,54.0,-189.0,12.0,16.0,466.0,-0.0625,0.16666666666666666,-0.11764705882352941,0.0,0.05555555555555555,0.06000000000000085,0.0
733,202109060311,30,21,26,197,12,8,12,71,2,0,2,4,6,6,8,71,2,2,1,16,0,0,1,1,1,0,1,16,1,0,1,2,0,0,1,0,0.0,0.0,12.0,12.0,36.3,2.3,1.0,0.0,0.0,9.0,12.0,39.4,2.6,1.0,0.0,0.0,13.0,11.0,36.9,1.0,0.6875,-0.5,0.0,-600.0,0.023809523809523808,0.023809523809523808,5,5,4.6,2.0,1716,1294,1167,0.0,0.0,14.0,14.0,33.4,1.2,0.8666666666666667,0.0,0.0,13.0,9.0,34.1,1.0,0.7857142857142857,-0.4,0.0,57.0,-407.0,12.0,14.0,520.0,-0.07142857142857142,-0.14285714285714285,0.125,0.06666666666666667,-0.07142857142857142,1.0399999999999991,0.0
734,202109060311,0,0,2,23,11,8,11,77,0,0,0,4,0,0,1,4,6,3,3,36,0,0,0,3,0,0,0,2,0,1,0,13,0,0,0,2,0.0,0.0,17.0,17.0,34.4,1.7,1.0,0.0,0.0,18.0,11.0,34.5,0.9,0.7222222222222222,0.0,0.0,14.0,15.0,35.6,1.3,0.1875,-1.0,4.0,0.0,0.03508771929824561,0.17543859649122806,6,8,66.6,10.0,1366,1345,216,0.0,0.0,14.0,4.0,36.2,0.4,0.06666666666666667,0.0,0.0,10.0,16.0,36.0,2.1,0.17647058823529413,-0.9,0.0,59.0,-344.0,12.0,17.0,526.0,0.0,0.05555555555555555,0.1875,0.0,0.0,-0.49000000000000055,0.0
735,202109060311,15,10,14,122,12,8,12,71,1,1,3,8,0,0,2,28,2,2,1,16,0,0,0,0,0,0,0,5,1,0,1,2,0,0,0,0,0.0,0.0,11.0,16.0,38.2,2.6,0.75,0.0,0.0,6.0,7.0,33.9,0.8,0.8235294117647058,0.0,0.0,4.0,5.0,32.6,0.3,0.8333333333333334,-5.5,-10.0,200.0,,,2,2,6.6,4.0,1127,1294,1328,0.0,0.0,2.0,9.0,34.0,0.6,0.375,0.0,0.0,8.0,9.0,33.9,0.4,0.7777777777777778,-1.2,0.0,56.0,-273.0,12.0,16.0,448.0,0.0,0.058823529411764705,0.0,0.0625,-0.2222222222222222,0.8500000000000008,0.0
736,202109060311,1,4,0,13,0,0,0,15,0,0,0,1,0,2,0,6,0,0,0,2,0,0,0,0,0,1,0,1,0,0,0,1,0,0,0,0,0.0,0.0,6.0,7.0,13.2,1.4,0.14285714285714285,0.0,0.0,8.0,7.0,13.1,2.9,0.6428571428571429,0.0,0.0,1.0,10.0,13.6,5.5,0.42857142857142855,1.5,2.0,-1290.0,0.07692307692307693,0.28205128205128205,3,3,23.1,8.0,1383,1438,246,0.0,0.0,1.0,1.0,13.3,0.0,0.08333333333333333,0.0,0.0,3.0,3.0,13.5,0.8,0.42857142857142855,-1.4,0.4,56.0,-875.0,12.0,14.0,526.0,0.21428571428571427,-0.14285714285714285,0.07142857142857142,0.0,-0.14285714285714285,-0.08000000000000025,0.0
737,202109060311,15,21,14,131,12,8,12,71,1,2,1,8,8,9,6,47,2,2,1,16,0,0,0,2,1,3,3,15,1,0,1,2,0,0,0,1,0.0,0.0,15.0,13.0,34.2,1.1,0.7222222222222222,0.0,0.0,12.0,12.0,37.1,1.4,0.7142857142857143,0.0,0.0,12.0,12.0,34.8,1.3,0.4117647058823529,-0.5,-4.0,200.0,0.06329113924050633,0.1518987341772152,7,9,17.9,7.0,1393,1294,1263,0.0,0.0,7.0,7.0,33.9,0.5,0.25,0.0,0.0,17.0,12.0,34.8,0.7,0.6666666666666666,-0.7,0.0,56.0,-169.0,12.0,18.0,538.0,-0.05555555555555555,0.0,-0.058823529411764705,0.0,0.1111111111111111,0.20000000000000143,0.0
738,202109060311,0,3,0,15,1,3,1,28,0,1,0,4,0,2,0,3,0,0,1,11,0,0,0,0,0,2,0,1,0,0,0,3,0,0,0,0,0.0,0.0,50.0,2.0,34.3,0.1,0.5555555555555556,0.0,0.0,90.0,4.0,36.0,0.3,0.5555555555555556,0.0,0.0,50.0,5.0,34.5,0.3,0.4375,1.5,6.0,200.0,0.06956521739130435,0.24347826086956523,5,6,16.5,6.0,1655,1186,239,0.0,0.0,70.0,3.0,32.8,0.2,0.375,0.0,0.0,100.0,6.0,33.5,0.4,0.7222222222222222,0.7,0.4,56.0,27.0,12.0,18.0,502.0,-0.05555555555555555,-0.16666666666666666,-0.0625,-0.0625,0.0,0.4799999999999997,0.0
739,202109060311,1,1,2,38,10,8,11,109,0,0,0,9,0,0,0,8,2,2,3,30,0,0,0,3,0,0,0,4,0,1,0,5,0,0,0,3,0.0,0.0,15.0,15.0,34.8,1.8,0.9333333333333333,0.0,0.0,10.0,9.0,35.1,2.0,0.9,0.0,0.0,13.0,9.0,34.2,0.4,0.38461538461538464,-3.0,2.0,0.0,0.07142857142857142,0.14285714285714285,7,10,71.7,11.0,1306,1405,1445,0.0,0.0,16.0,8.0,34.6,0.5,0.8125,0.0,0.0,16.0,13.0,35.2,1.7,0.29411764705882354,-0.5,0.0,56.0,-315.0,12.0,15.0,462.0,-0.06666666666666667,-0.1,0.0,-0.4375,-0.058823529411764705,-0.030000000000001137,0.0
740,202109060311,15,21,14,131,0,0,0,4,0,0,0,1,8,9,6,47,0,0,0,2,0,0,0,1,1,3,3,15,0,0,0,1,0,0,0,0,0.0,0.0,9.0,10.0,39.5,1.3,0.9090909090909091,0.0,0.0,14.0,10.0,37.0,1.3,0.8,0.0,0.0,15.0,13.0,35.9,1.5,0.8125,1.5,-3.0,200.0,0.07142857142857142,0.17857142857142858,1,1,41.7,9.0,1393,599,1263,0.0,0.0,14.0,3.0,37.3,0.4,0.8666666666666667,0.0,0.0,13.0,5.0,37.8,0.8,0.26666666666666666,-1.7,0.2,58.0,-739.0,12.0,11.0,485.0,0.09090909090909091,0.0,0.0625,-0.06666666666666667,0.06666666666666667,0.31000000000000083,0.0
741,202109060311,8,8,21,150,15,27,17,118,2,2,3,12,0,3,3,31,1,4,6,32,0,1,1,2,0,0,0,5,0,1,0,6,0,0,0,2,0.0,0.0,15.0,14.0,33.2,0.8,0.9333333333333333,0.0,0.0,16.0,16.0,34.3,1.5,0.9411764705882353,0.0,0.0,10.0,9.0,35.1,1.7,1.0,-2.5,12.0,400.0,0.0,0.0,8,11,89.9,12.0,1506,1428,199,0.0,0.0,18.0,14.0,34.3,0.7,0.8888888888888888,0.0,0.0,12.0,10.0,34.5,0.8,0.8333333333333334,-1.0,0.0,57.0,-394.0,12.0,15.0,462.0,0.0,-0.058823529411764705,0.0,0.0,0.0,-0.25999999999999945,0.0
742,202109060311,0,3,0,15,8,16,10,107,0,2,0,2,0,2,0,3,2,6,1,33,0,2,0,2,0,2,0,1,0,3,0,7,0,2,0,1,0.0,0.0,16.0,15.0,35.1,1.3,0.8125,0.0,0.0,11.0,10.0,36.1,1.7,0.8333333333333334,0.0,0.0,11.0,9.0,34.2,0.8,1.0,-3.0,4.0,-200.0,0.07692307692307693,0.3076923076923077,8,12,9.6,5.0,1655,1013,239,0.0,0.0,6.0,9.0,33.6,0.9,0.9,0.0,0.0,10.0,4.0,33.6,0.2,0.8125,-2.3,0.0,57.0,-687.0,12.0,16.0,476.0,0.0,0.16666666666666666,0.0,-0.1,-0.0625,0.55,0.0
743,202109060405,13,17,22,145,0,1,0,35,0,0,0,1,3,3,6,37,0,1,0,10,0,0,0,0,0,0,2,2,0,1,0,4,0,0,0,0,0.0,0.0,1.0,1.0,35.0,0.0,0.14285714285714285,0.0,0.0,5.0,6.0,34.0,0.3,0.42857142857142855,0.0,0.0,3.0,6.0,34.5,0.5,0.5625,2.5,-4.0,-200.0,0.1044776119402985,0.2537313432835821,3,6,12.1,4.0,1691,1503,1167,0.0,0.0,1.0,1.0,36.6,0.0,0.23076923076923078,0.0,0.0,3.0,2.0,34.1,0.1,0.25,-0.3,0.6,54.0,-930.0,17.0,14.0,462.0,0.0,0.0,0.125,-0.15384615384615385,-0.08333333333333333,-0.08000000000000043,0.0
744,202109060405,15,21,14,131,15,18,23,125,1,0,1,4,8,9,6,47,5,3,2,28,0,0,0,1,0,0,1,4,1,0,0,4,0,0,0,0,,,,,,,,,,,,,,,,,,,,,,,,,0.0,0.1388888888888889,6,11,3.8,2.0,1393,1167,1263,,,,,,,,,,,,,,,,,55.0,,17.0,,,,,,,,,
745,202109060405,0,0,0,0,5,4,5,51,0,0,0,0,0,0,0,0,1,1,2,13,0,0,0,0,0,0,0,0,0,0,0,2,0,0,0,0,0.0,0.0,5.0,9.0,40.3,1.7,0.5,0.0,0.0,8.0,3.0,37.3,0.2,0.0625,0.0,0.0,10.0,14.0,38.1,1.7,0.125,2.5,40.0,200.0,0.06837606837606838,0.23931623931623933,2,4,67.1,13.0,1289,1366,1428,0.0,0.0,1.0,11.0,37.4,1.7,0.13333333333333333,0.0,0.0,2.0,3.0,36.4,0.5,0.2,-0.4,0.4,54.0,-521.0,17.0,12.0,464.0,0.3333333333333333,0.0,0.4375,0.13333333333333333,0.0,0.7699999999999996,0.0
746,202109060405,7,1,2,25,0,1,0,7,0,0,0,0,1,0,0,10,0,0,0,4,0,0,0,0,1,0,0,4,0,0,0,1,0,0,0,0,0.0,0.0,70.0,9.0,40.5,2.9,0.7272727272727273,0.0,0.0,100.0,14.0,40.8,4.2,0.7857142857142857,0.0,0.0,40.0,11.0,36.7,1.0,0.4375,1.0,9.0,400.0,0.018867924528301886,0.1320754716981132,2,3,30.4,6.0,1463,1378,1167,0.0,0.0,70.0,5.0,36.0,0.4,0.0625,0.0,0.0,60.0,8.0,35.6,0.4,0.13333333333333333,-1.1,0.0,54.0,-954.0,17.0,11.0,497.0,0.2727272727272727,0.14285714285714285,-0.0625,0.0,-0.06666666666666667,1.4599999999999995,0.0
747,202109060405,8,16,9,65,10,8,11,109,0,0,0,1,4,4,1,14,2,2,3,30,0,0,0,0,1,1,0,1,0,0,0,1,0,0,0,0,0.0,0.0,9.0,10.0,44.5,4.4,0.6,0.0,0.0,9.0,,,,0.5,0.0,0.0,9.0,13.0,41.3,3.9,0.625,3.0,-8.0,200.0,0.06557377049180328,0.26229508196721313,1,2,35.2,7.0,1098,1405,1294,0.0,0.0,8.0,11.0,36.5,2.3,0.6666666666666666,0.0,0.0,6.0,5.0,35.1,0.4,0.5384615384615384,-1.7,0.0,54.0,-471.0,17.0,10.0,422.0,0.3,0.0625,0.0625,-0.13333333333333333,-0.15384615384615385,3.2999999999999994,0.0
748,202109060405,30,18,29,175,15,18,23,125,0,1,1,2,8,3,6,44,5,3,2,28,0,0,0,1,2,0,0,7,1,0,0,4,0,0,0,0,0.0,0.0,70.0,8.0,42.6,1.9,0.9166666666666666,0.0,0.0,,,,,,0.0,0.0,70.0,5.0,36.0,1.3,0.375,-3.0,,-100.0,0.03389830508474576,0.1864406779661017,4,8,101.3,14.0,1503,1167,1263,0.0,0.0,70.0,3.0,34.3,0.4,0.6153846153846154,0.0,0.0,50.0,5.0,36.0,0.9,0.7333333333333333,-1.1,0.25,54.0,-886.0,17.0,12.0,468.0,-0.25,,-0.0625,-0.07692307692307693,-0.4,2.150000000000001,0.0
749,202109060405,1,0,0,9,15,27,17,118,0,0,0,2,1,0,0,3,1,4,6,32,0,0,0,0,0,0,0,0,0,1,0,8,0,0,0,0,0.0,0.0,11.0,7.0,34.7,0.9,0.47058823529411764,,,,,,,,,,,,,,,,,0.0,0.05,0.075,7,14,58.7,11.0,1605,1428,1,,,,,,,,,,,,,,,,0.0,55.0,0.0,17.0,17.0,442.0,0.058823529411764705,,,,,,
750,202109060405,0,0,0,0,0,0,0,0,0,0,0,0,0,0,0,0,0,0,0,0,0,0,0,0,0,0,0,0,0,0,0,0,0,0,0,0,0.0,0.0,12.0,11.0,38.2,2.2,0.6666666666666666,0.0,0.0,7.0,9.0,39.7,3.5,0.7333333333333333,0.0,0.0,4.0,9.0,39.8,2.1,0.6428571428571429,-1.0,46.0,0.0,0.06451612903225806,0.1935483870967742,5,10,26.0,5.0,1289,296,1428,0.0,0.0,9.0,9.0,36.8,1.7,0.5,0.0,0.0,5.0,8.0,35.3,1.0,0.11764705882352941,-0.6,0.0,54.0,-289.0,17.0,12.0,484.0,0.25,-0.13333333333333333,0.0,0.3333333333333333,0.11764705882352941,0.8700000000000017,0.0
751,202109060405,30,21,26,197,10,4,8,94,1,1,0,7,6,6,8,71,2,0,5,21,0,0,0,2,0,1,0,12,0,0,0,1,0,0,0,0,0.0,0.0,3.0,6.0,40.8,1.1,0.7,0.0,0.0,15.0,14.0,40.4,2.9,0.4375,0.0,0.0,8.0,9.0,40.0,2.3,0.9,1.5,-10.0,370.0,0.07894736842105263,0.2719298245614035,4,7,41.3,8.0,1716,1183,1167,0.0,0.0,15.0,16.0,34.8,1.8,1.0,0.0,0.0,13.0,13.0,41.1,3.2,0.35714285714285715,1.6,0.0,55.0,-943.0,17.0,10.0,442.0,-0.1,0.0,-0.1,0.0,0.5714285714285714,0.4999999999999993,0.0
752,202109060405,5,4,5,33,1,0,1,11,0,0,0,0,2,1,1,10,0,0,1,3,0,0,0,0,1,1,0,3,0,0,0,1,0,0,0,0,0.0,0.0,15.0,5.0,34.3,0.5,0.8125,0.0,0.0,11.0,15.0,34.4,1.4,1.0,0.0,0.0,7.0,1.0,35.9,0.0,0.3125,-2.0,-8.0,400.0,0.0625,0.375,6,12,63.7,12.0,1657,1169,1317,0.0,0.0,8.0,12.0,41.2,3.6,0.75,0.0,0.0,4.0,6.0,34.9,0.6,0.6875,-0.1,0.2,54.0,-259.0,17.0,16.0,460.0,-0.0625,0.0,-0.0625,0.08333333333333333,0.0,-0.8000000000000007,0.0
753,202109060405,0,0,0,0,4,8,2,21,0,0,0,0,0,0,0,0,2,2,2,8,0,0,0,0,0,0,0,0,1,0,0,1,0,0,0,0,0.0,0.0,9.0,16.0,42.4,5.0,0.0625,0.0,0.0,3.0,7.0,35.5,0.9,0.1875,0.0,0.0,2.0,1.0,36.4,0.0,0.6111111111111112,-7.5,20.0,-400.0,0.0,0.0,8,17,144.0,17.0,897,334,539,0.0,0.0,5.0,2.0,35.5,0.0,0.1111111111111111,0.0,0.0,3.0,4.0,36.1,0.2,0.0625,-2.9,0.4,55.0,-706.0,17.0,16.0,534.0,0.25,0.0,-0.5555555555555556,0.0,0.0,1.2599999999999993,0.0
754,202109060405,7,3,4,102,9,3,4,53,0,0,0,5,1,0,1,30,4,1,0,18,0,0,0,1,0,0,1,4,0,0,0,1,0,0,0,0,0.0,0.0,3.0,2.0,40.5,0.1,0.2727272727272727,0.0,0.0,4.0,13.0,37.0,2.1,0.7142857142857143,0.0,0.0,8.0,9.0,34.9,1.0,0.5,3.5,19.0,100.0,0.0,0.10714285714285714,3,5,47.3,10.0,1090,1306,1169,0.0,0.0,5.0,6.0,35.2,1.0,0.3888888888888889,0.0,0.0,12.0,2.0,34.6,0.1,0.05555555555555555,-0.7,0.4,54.0,-823.0,17.0,11.0,459.0,-0.09090909090909091,-0.14285714285714285,0.05555555555555555,-0.2222222222222222,0.0,1.3599999999999994,0.0
755,202109060405,8,16,9,65,1,0,2,7,0,0,0,2,4,4,1,14,0,0,0,2,0,0,0,1,1,1,0,1,0,0,0,0,0,0,0,0,0.0,0.0,6.0,3.0,40.1,0.6,0.3,0.0,0.0,14.0,10.0,38.4,2.1,0.8125,0.0,0.0,16.0,13.0,35.4,2.2,0.9411764705882353,5.0,28.0,300.0,0.02564102564102564,0.10256410256410256,7,13,120.9,16.0,1098,1221,1294,,,,,,,,,,,,,,,5.0,0.3333333333333333,54.0,-868.0,17.0,10.0,474.0,-0.1,0.0,-0.11764705882352941,,,2.3500000000000014,0.0
756,202109060405,7,3,4,102,3,2,4,21,0,0,0,3,1,0,1,30,0,1,0,4,0,0,0,1,0,0,1,4,0,1,0,1,0,0,0,0,0.0,0.0,3.0,4.0,39.9,0.8,0.5714285714285714,0.0,0.0,12.0,13.0,36.3,2.2,0.75,0.0,0.0,9.0,14.0,35.8,2.2,0.6470588235294118,5.0,31.0,200.0,0.09259259259259259,0.2777777777777778,5,9,42.0,9.0,1090,1393,1169,,,,,,,,,,,,,,,5.0,0.0,54.0,-940.0,17.0,14.0,487.0,-0.14285714285714285,0.0625,-0.058823529411764705,,,2.0500000000000007,0.0
757,202109060405,0,0,0,0,0,0,0,0,0,0,0,0,0,0,0,0,0,0,0,0,0,0,0,0,0,0,0,0,0,0,0,0,0,0,0,0,0.0,0.0,12.0,12.0,35.1,1.1,0.05555555555555555,0.0,0.0,6.0,6.0,42.5,2.9,0.75,0.0,0.0,9.0,9.0,39.5,1.7,0.1875,-1.5,6.0,0.0,0.1,0.325,8,16,8.9,3.0,24,422,988,0.0,0.0,3.0,15.0,37.0,3.1,0.47058823529411764,,,,,,,,1.2,0.0,55.0,-237.0,17.0,18.0,502.0,0.0,-0.4166666666666667,0.125,0.0,,-0.2699999999999996,0.0
758,202109060405,30,21,26,197,5,3,0,20,2,0,0,4,6,6,8,71,4,1,0,12,1,0,0,4,0,1,0,12,1,0,0,0,0,0,0,0,,,,,,,,,,,,,,,,,,,,,,,,,0.225,0.525,1,1,2.0,1.0,1716,1292,1167,,,,,,,,,,,,,,,,,54.0,,17.0,,,,,,,,,
759,202109060405,1,0,2,21,15,18,23,125,0,0,0,1,0,0,0,7,5,3,2,28,0,0,0,1,0,0,0,2,1,0,0,4,0,0,0,0,0.0,0.0,6.0,8.0,42.7,1.3,0.6666666666666666,0.0,0.0,12.0,15.0,42.7,4.8,0.9375,0.0,0.0,13.0,13.0,39.2,5.5,0.6153846153846154,2.5,15.0,200.0,0.0,0.4,8,15,117.4,15.0,1333,1167,1294,0.0,0.0,15.0,17.0,36.7,4.4,0.8235294117647058,,,,,,,,2.5,0.0,54.0,-956.0,17.0,12.0,465.0,-0.16666666666666666,-0.1875,0.38461538461538464,0.11764705882352941,,2.15,0.0
760,202109060411,8,16,9,65,0,0,0,2,0,0,0,0,4,4,1,14,0,0,0,1,0,0,0,0,0,0,0,2,0,0,0,0,0,0,0,0,0.0,0.0,3.0,4.0,34.9,0.2,0.9166666666666666,0.0,0.0,1.0,12.0,34.8,1.9,1.0,0.0,0.0,2.0,4.0,33.3,0.1,0.7222222222222222,0.0,-22.0,-400.0,0.0,0.2962962962962963,5,10,5.6,3.0,1098,1029,1294,0.0,0.0,2.0,3.0,34.5,0.2,0.26666666666666666,0.0,0.0,3.0,1.0,33.9,0.0,0.6111111111111112,-1.5,0.4,54.0,-272.0,18.0,12.0,462.0,-0.5833333333333334,-0.058823529411764705,0.1111111111111111,0.0,-0.05555555555555555,0.2299999999999997,0.0
761,202109060411,0,0,0,0,0,0,0,1,0,0,0,0,0,0,0,0,0,0,0,0,0,0,0,0,0,0,0,0,0,0,0,0,0,0,0,0,0.0,0.0,8.0,18.0,35.3,1.4,0.1111111111111111,0.0,0.0,8.0,2.0,34.2,0.1,0.3333333333333333,0.0,0.0,3.0,3.0,33.9,0.3,0.35714285714285715,-7.5,4.0,0.0,0.034482758620689655,0.1724137931034483,6,11,51.2,8.0,1704,1736,1712,0.0,0.0,4.0,1.0,35.1,0.0,0.18181818181818182,0.0,0.0,6.0,1.0,35.7,0.0,0.2,-3.5,0.8,54.0,-119.0,18.0,18.0,432.0,0.05555555555555555,0.0,0.0,-0.09090909090909091,0.0,-0.17000000000000098,0.0
762,202109060411,0,0,0,0,3,3,1,18,0,0,0,0,0,0,0,0,1,2,0,5,0,0,0,0,0,0,0,0,0,0,0,0,0,0,0,0,0.0,0.0,11.0,11.0,36.4,1.4,0.5,0.0,0.0,5.0,8.0,33.2,0.5,0.6875,0.0,0.0,7.0,10.0,35.1,0.7,0.75,-0.5,-2.0,400.0,0.10126582278481013,0.31645569620253167,7,13,6.6,4.0,1289,1170,1428,0.0,0.0,14.0,16.0,37.1,1.7,0.2777777777777778,0.0,0.0,4.0,14.0,34.8,1.1,0.16666666666666666,1.4,0.0,54.0,-623.0,18.0,16.0,484.0,0.0,-0.0625,-0.0625,0.0,-0.05555555555555555,-0.06999999999999958,0.0
763,202109060411,8,8,21,150,3,2,4,21,0,0,0,0,0,3,3,31,0,1,0,4,0,0,0,0,0,0,0,5,0,0,0,0,0,0,0,0,0.0,0.0,20.0,17.0,39.7,5.8,0.35294117647058826,0.0,0.0,4.0,2.0,32.9,0.1,0.7222222222222222,0.0,0.0,2.0,8.0,33.8,0.5,0.8666666666666667,-4.5,14.0,0.0,0.0,0.0,8,17,2.9,1.0,1506,1393,199,0.0,0.0,7.0,2.0,,,,0.0,0.0,5.0,1.0,33.0,0.0,0.875,-3.2,0.6,54.0,-1071.0,18.0,17.0,464.0,0.0,0.0,0.0,,0.0625,1.920000000000001,0.0
764,202109060411,3,0,1,13,5,9,8,39,0,0,0,0,1,0,0,7,0,1,0,8,0,0,0,0,0,0,0,1,0,1,0,1,0,0,0,0,0.0,0.0,10.0,2.0,34.6,0.1,0.4,0.0,0.0,40.0,1.0,33.9,0.0,0.6,0.0,0.0,20.0,1.0,36.4,0.0,0.3,-0.5,2.0,200.0,0.1044776119402985,0.23880597014925373,1,1,11.9,6.0,1629,848,1428,0.0,0.0,50.0,3.0,34.4,0.7,0.17647058823529413,,,,,,,,0.3,1.0,54.0,36.0,18.0,10.0,460.0,-0.1,0.1,-0.1,0.0,,-0.18999999999999914,0.0
765,202109060411,7,1,2,25,1,0,0,3,0,0,0,0,1,0,0,10,0,0,0,0,0,0,0,0,0,0,0,3,0,0,0,0,0,0,0,0,0.0,0.0,120.0,8.0,35.8,0.4,0.125,0.0,0.0,70.0,12.0,33.9,1.5,0.7692307692307693,0.0,0.0,8.0,8.0,34.2,0.7,0.7058823529411765,0.0,-2.0,0.0,0.07964601769911504,0.2743362831858407,8,16,8.3,5.0,1463,613,1167,0.0,0.0,7.0,8.0,34.0,0.4,0.7857142857142857,0.0,0.0,1.0,7.0,35.2,0.3,0.5384615384615384,-0.6,0.0,54.0,-1112.0,18.0,16.0,484.0,0.1875,0.07692307692307693,0.0,0.0,0.0,0.10999999999999872,0.0
766,202109060411,30,21,26,197,2,4,2,28,1,0,0,4,6,6,8,71,0,1,1,4,0,0,0,0,1,0,1,16,0,0,1,2,0,0,0,0,0.0,0.0,13.0,14.0,35.2,1.4,0.25,0.0,0.0,8.0,12.0,39.0,3.8,0.4166666666666667,0.0,0.0,6.0,9.0,34.4,0.3,0.6666666666666666,-2.5,0.0,400.0,0.23076923076923078,0.5384615384615384,4,8,4.9,2.0,1716,1542,1167,0.0,0.0,5.0,6.0,34.1,0.5,0.25,0.0,0.0,8.0,12.0,38.2,2.0,0.08333333333333333,-1.0,0.0,54.0,-1050.0,18.0,16.0,454.0,0.1875,0.4166666666666667,-0.08333333333333333,0.0,0.0,-0.11000000000000014,0.0
767,202109060411,30,18,29,175,0,0,0,2,0,0,0,0,8,3,6,44,0,0,0,1,0,0,0,0,2,2,1,13,0,0,0,0,0,0,0,0,0.0,0.0,50.0,1.0,35.2,0.0,0.47058823529411764,0.0,0.0,80.0,5.0,36.2,0.5,0.25,0.0,0.0,70.0,14.0,33.9,1.8,0.8333333333333334,6.5,4.0,-200.0,0.09345794392523364,0.2803738317757009,3,5,76.3,9.0,1503,168,1263,,,,,,,,,,,,,,,6.5,0.3333333333333333,54.0,22.0,18.0,17.0,438.0,-0.058823529411764705,0.0625,0.0,,,0.6500000000000021,0.0
768,202109060411,18,18,14,110,1,3,5,14,0,0,0,2,6,4,2,33,1,1,0,3,0,0,0,0,1,1,1,8,0,1,0,1,0,0,0,0,0.0,0.0,60.0,5.0,35.3,1.0,0.7,0.0,0.0,80.0,3.0,34.2,0.6,0.9,0.0,0.0,40.0,1.0,36.6,0.0,0.14285714285714285,-2.0,-6.0,200.0,0.06896551724137931,0.2413793103448276,6,12,97.6,11.0,1152,1079,1428,,,,,,,,,,,,,,,-2.0,0.6666666666666666,54.0,36.0,18.0,10.0,440.0,0.0,0.0,0.0,,,-0.6500000000000021,0.0
769,202109060411,30,21,26,197,3,2,4,21,0,0,3,6,6,6,8,71,0,1,0,4,0,0,0,2,1,0,1,16,0,0,0,0,0,0,0,0,0.0,0.0,40.0,1.0,34.4,0.0,0.375,0.0,0.0,80.0,6.0,33.7,0.7,0.4166666666666667,0.0,0.0,20.0,1.0,33.6,0.0,0.0625,0.0,-8.0,200.0,0.0,0.0,4,7,80.9,10.0,1716,1393,1167,,,,,,,,,,,,,,,0.0,0.6666666666666666,54.0,49.0,18.0,8.0,418.0,-0.125,0.0,0.0625,,,0.3999999999999986,0.0
770,202109060411,3,5,4,20,0,1,0,6,0,0,0,0,0,0,3,8,0,0,0,1,0,0,0,0,0,0,0,1,0,0,0,1,0,0,0,0,0.0,0.0,80.0,1.0,34.9,0.0,0.23076923076923078,,,,,,,,,,,,,,,,,0.0,0.06382978723404255,0.2553191489361702,7,14,145.6,15.0,1677,1613,1167,,,,,,,,,,,,,,,,1.0,54.0,15.0,18.0,13.0,446.0,0.0,,,,,,
771,202109060411,5,4,5,33,10,4,8,94,0,0,0,0,2,1,1,10,2,0,5,21,0,0,0,0,0,0,0,5,0,0,1,3,0,0,0,0,0.0,0.0,2.0,8.0,38.0,2.1,0.5,0.0,0.0,12.0,12.0,35.1,1.2,0.4666666666666667,0.0,0.0,3.0,1.0,33.7,0.0,0.6875,-3.5,-6.0,-200.0,0.06521739130434782,0.1956521739130435,5,9,141.8,14.0,1657,1183,1317,0.0,0.0,14.0,12.0,34.9,1.3,0.7222222222222222,0.0,0.0,6.0,1.0,33.8,0.0,0.13333333333333333,-1.4,0.4,54.0,-140.0,18.0,10.0,422.0,0.2,0.06666666666666667,0.0625,0.0,0.0,0.8600000000000009,0.0
772,202109060411,0,2,0,2,4,8,2,21,0,0,0,0,0,0,0,1,2,2,2,8,0,0,0,0,0,0,0,0,1,1,1,3,0,0,0,0,0.0,0.0,8.0,9.0,35.7,1.3,0.2,0.0,0.0,14.0,11.0,34.6,0.9,0.125,0.0,0.0,13.0,14.0,34.4,0.7,0.125,2.5,-14.0,400.0,0.0,0.14285714285714285,2,4,325.9,18.0,1460,334,1345,0.0,0.0,9.0,10.0,33.7,0.7,0.1875,0.0,0.0,11.0,16.0,36.2,1.5,0.6111111111111112,1.3,0.0,54.0,-776.0,18.0,10.0,424.0,0.0,0.0,0.0,0.0625,-0.05555555555555555,-0.010000000000000142,0.0
773,202109060411,0,0,1,2,0,0,0,0,0,0,0,0,0,0,0,1,0,0,0,0,0,0,0,0,0,0,0,0,0,0,0,0,0,0,0,0,0.0,0.0,2.0,10.0,35.1,0.3,0.2222222222222222,0.0,0.0,3.0,1.0,35.4,0.0,0.3333333333333333,0.0,0.0,2.0,5.0,34.3,0.5,0.17647058823529413,-2.5,8.0,400.0,0.0,0.5,7,15,104.4,12.0,204,735,4,0.0,0.0,1.0,2.0,35.1,0.2,0.4,0.0,0.0,1.0,1.0,34.1,0.0,0.16666666666666666,-1.7,0.6,54.0,-427.0,18.0,18.0,464.0,0.16666666666666666,0.0,0.0,-0.06666666666666667,0.0,0.2299999999999997,0.0
774,202109060411,8,16,9,65,8,16,10,107,0,1,1,7,4,4,1,14,2,6,1,33,0,1,1,3,0,0,0,2,0,3,0,7,0,0,0,0,0.0,0.0,10.0,10.0,42.8,3.7,0.5,0.0,0.0,8.0,13.0,36.3,2.1,0.5384615384615384,0.0,0.0,10.0,10.0,36.9,2.0,0.1,0.0,8.0,200.0,0.02631578947368421,0.10526315789473684,3,6,175.6,16.0,1098,1013,1294,0.0,0.0,16.0,15.0,35.5,1.8,0.7222222222222222,0.0,0.0,2.0,1.0,35.0,0.0,0.26666666666666666,-1.6,0.2,54.0,-338.0,18.0,10.0,456.0,0.5,0.15384615384615385,0.0,0.0,-0.06666666666666667,1.6399999999999992,0.0
775,202109060411,72,56,56,283,1,2,2,3,1,0,1,1,22,14,20,91,0,2,1,1,0,0,1,0,7,3,5,33,0,0,0,0,0,0,0,0,0.0,0.0,11.0,13.0,36.5,1.5,0.5714285714285714,0.0,0.0,11.0,7.0,33.2,1.3,0.5384615384615384,0.0,0.0,12.0,15.0,36.3,2.1,0.13333333333333333,1.0,2.0,-400.0,0.031746031746031744,0.12698412698412698,8,18,41.7,7.0,1428,152,1263,0.0,0.0,8.0,15.0,38.1,2.8,0.0625,0.0,0.0,13.0,12.0,34.5,0.9,0.29411764705882354,0.6,0.0,54.0,-812.0,18.0,14.0,490.0,0.07142857142857142,0.15384615384615385,0.0,0.0625,0.0,-0.08999999999999986,0.0
776,202109060411,2,1,3,5,0,0,0,0,0,0,0,0,1,0,1,2,0,0,0,0,0,0,0,0,0,0,0,0,0,0,0,0,0,0,0,0,0.0,0.0,16.0,18.0,39.1,2.8,0.1111111111111111,0.0,0.0,5.0,6.0,35.8,0.7,0.3333333333333333,0.0,0.0,13.0,17.0,36.0,2.1,0.3333333333333333,-0.5,-12.0,200.0,0.0,0.1111111111111111,1,2,111.3,13.0,1310,1611,1618,0.0,0.0,3.0,1.0,35.7,0.0,0.2727272727272727,0.0,0.0,1.0,1.0,35.7,0.0,0.2,-3.9,0.4,54.0,-97.0,18.0,18.0,462.0,0.0,-0.1111111111111111,0.2222222222222222,0.0,0.0,0.6899999999999992,0.0
777,202109060411,0,3,3,28,0,0,0,1,0,0,0,0,0,2,1,14,0,0,0,0,0,0,0,0,0,0,0,0,0,0,0,0,0,0,0,0,0.0,0.0,18.0,16.0,33.6,1.5,0.7777777777777778,0.0,0.0,15.0,9.0,33.8,1.5,0.6875,0.0,0.0,14.0,14.0,36.1,1.7,0.14285714285714285,-1.0,0.0,600.0,0.0,0.3333333333333333,2,3,261.2,17.0,1148,733,1393,0.0,0.0,13.0,16.0,34.1,1.4,0.5,0.0,0.0,3.0,12.0,37.9,1.2,0.38461538461538464,-0.1,0.0,54.0,-671.0,18.0,18.0,454.0,,,0.0,0.0,-0.07692307692307693,-0.8899999999999999,0.0
778,202109060510,3,0,1,13,15,18,23,125,2,0,0,1,1,0,0,7,5,3,2,28,1,0,0,0,0,0,0,0,0,0,0,1,0,0,0,0,0.0,0.0,11.0,10.0,35.7,1.1,0.1875,0.0,0.0,9.0,13.0,41.1,4.7,0.07692307692307693,0.0,0.0,10.0,10.0,35.2,1.1,0.14285714285714285,0.0,0.0,-400.0,0.0,0.0,1,1,1.5,1.0,1629,1167,1428,0.0,0.0,16.0,11.0,34.8,0.9,0.5625,0.0,0.0,9.0,11.0,34.5,0.6,0.5625,0.0,0.0,54.0,-700.0,9.0,16.0,452.0,0.125,0.23076923076923078,0.21428571428571427,0.25,0.125,0.870000000000001,0.0
779,202109060510,4,2,3,33,0,1,3,7,0,0,0,0,1,1,1,14,0,0,2,2,0,0,0,0,0,0,0,1,0,0,1,0,0,0,0,0,0.0,0.0,50.0,1.0,34.2,0.0,0.5384615384615384,0.0,0.0,70.0,4.0,33.6,0.4,0.3333333333333333,0.0,0.0,40.0,1.0,34.5,0.0,0.0625,0.0,2.0,-200.0,0.058823529411764705,0.35294117647058826,7,7,5.5,3.0,1729,1028,1428,0.0,0.0,40.0,5.0,36.4,0.8,0.5882352941176471,0.0,0.0,40.0,6.0,33.7,0.7,1.0,1.1,0.4,56.0,41.0,9.0,13.0,468.0,-0.07692307692307693,0.06666666666666667,0.0,-0.17647058823529413,-0.05555555555555555,-0.17999999999999972,0.0
780,202109060510,30,18,29,175,3,3,4,29,0,0,2,5,8,3,6,44,2,1,0,5,0,0,0,0,1,0,1,5,0,0,0,0,0,0,0,0,0.0,0.0,4.0,7.0,36.8,1.0,0.7857142857142857,0.0,0.0,2.0,1.0,33.6,0.0,0.5714285714285714,0.0,0.0,4.0,2.0,34.2,0.2,0.9090909090909091,-2.5,4.0,-1400.0,0.10144927536231885,0.2318840579710145,2,2,5.2,2.0,1503,460,1263,0.0,0.0,4.0,6.0,34.6,1.0,0.9166666666666666,0.0,0.0,4.0,2.0,33.6,0.2,0.625,-0.5,0.6,57.0,-316.0,9.0,14.0,494.0,-0.07142857142857142,-0.14285714285714285,0.0,0.0,0.0,0.5399999999999991,0.0
781,202109060510,30,18,29,175,4,8,2,21,2,1,1,2,8,3,6,44,2,2,2,8,2,1,1,1,1,0,1,5,0,0,0,0,0,0,0,0,0.0,0.0,7.0,5.0,39.1,1.7,0.6,0.0,0.0,10.0,14.0,37.1,1.3,0.6,0.0,0.0,7.0,7.0,37.2,0.9,0.2,1.0,14.0,0.0,0.09174311926605505,0.27522935779816515,4,4,15.9,5.0,1503,334,1263,0.0,0.0,4.0,7.0,37.0,0.8,0.13333333333333333,0.0,0.0,12.0,3.0,38.5,0.3,0.25,-1.1,0.2,54.0,-1017.0,9.0,10.0,518.0,0.1,0.0,0.0,0.0,0.0,0.13000000000000042,0.0
782,202109060510,0,3,1,19,2,5,8,48,0,0,1,3,0,1,0,7,1,2,2,12,0,0,0,3,0,0,0,1,0,0,0,0,0,0,0,0,0.0,0.0,110.0,7.0,34.1,1.5,0.9090909090909091,0.0,0.0,100.0,12.0,35.1,1.2,0.7692307692307693,0.0,0.0,100.0,9.0,34.6,0.4,0.9090909090909091,1.0,10.0,-200.0,0.0625,0.15,8,9,129.5,9.0,1453,1482,1428,0.0,0.0,110.0,6.0,34.3,0.6,0.8333333333333334,0.0,0.0,130.0,7.0,34.3,0.6,0.7058823529411765,-0.6,0.0,57.0,-847.0,9.0,11.0,502.0,0.0,-0.15384615384615385,0.0,0.0,0.23529411764705882,0.04000000000000128,0.0
783,202109060510,72,56,56,283,5,3,0,20,2,0,0,2,22,14,20,91,4,1,0,12,2,0,0,1,1,0,0,6,1,0,0,1,1,0,0,0,0.0,0.0,60.0,8.0,39.2,1.5,1.0,0.0,0.0,70.0,8.0,13.7,3.0,0.75,0.0,0.0,20.0,7.0,13.6,4.1,0.6666666666666666,-0.5,-13.0,-100.0,0.0782608695652174,0.26956521739130435,5,5,9.4,4.0,1428,1292,1263,0.0,0.0,20.0,4.0,13.6,1.0,0.625,0.0,0.0,50.0,3.0,13.1,2.4,0.14285714285714285,-1.4,0.2,57.0,-950.0,9.0,12.0,477.0,-0.08333333333333333,-0.08333333333333333,0.0,-0.125,0.0,5.230000000000001,0.0
784,202109060510,3,5,5,29,10,4,8,94,1,1,1,2,1,2,3,9,2,0,5,21,0,0,1,2,0,1,1,1,0,0,0,2,0,0,0,0,0.0,0.0,7.0,7.0,34.4,1.7,0.2222222222222222,0.0,0.0,13.0,12.0,35.1,1.5,0.3076923076923077,0.0,0.0,8.0,4.0,35.8,0.5,0.18181818181818182,-1.5,8.0,-200.0,0.06779661016949153,0.2457627118644068,8,8,30.5,6.0,1728,1183,1169,0.0,0.0,9.0,8.0,34.1,0.4,0.7,0.0,0.0,10.0,9.0,36.4,1.4,1.0,0.0,0.0,55.0,-316.0,9.0,9.0,530.0,0.1111111111111111,0.0,0.0,0.0,0.0,-0.3,0.0
785,202109060510,72,56,56,283,6,1,2,39,1,1,1,5,22,14,20,91,0,0,0,8,0,0,0,0,1,0,0,6,0,0,0,2,0,0,0,0,0.0,0.0,8.0,11.0,41.7,3.6,0.8181818181818182,0.0,0.0,13.0,13.0,35.9,1.2,0.5714285714285714,0.0,0.0,16.0,9.0,34.1,0.5,0.8125,-1.0,-6.0,200.0,0.11764705882352941,0.2647058823529412,3,3,119.2,7.0,1428,1445,1263,0.0,0.0,12.0,9.0,34.1,0.8,1.0,0.0,0.0,6.0,7.0,34.2,0.9,0.75,-1.2,0.0,57.0,-362.0,9.0,11.0,454.0,0.18181818181818182,0.0,0.0625,0.0,0.125,1.6799999999999997,0.0
786,202109060510,0,0,0,5,0,1,2,12,0,0,0,1,0,0,0,1,0,0,0,1,0,0,0,1,0,0,0,1,0,0,0,1,0,0,0,1,0.0,0.0,50.0,40.0,40.4,0.9,0.2727272727272727,0.0,0.0,80.0,90.0,35.2,1.8,0.4444444444444444,0.0,0.0,70.0,90.0,35.6,1.8,0.3333333333333333,25.0,-20.0,200.0,0.0,0.10344827586206896,6,6,127.8,8.0,1345,1551,1263,0.0,0.0,90.0,40.0,34.4,0.2,0.4444444444444444,0.0,0.0,120.0,110.0,36.2,1.8,0.25,9.0,0.0,57.0,-463.0,9.0,11.0,542.0,0.09090909090909091,0.0,0.0,0.0,0.0,0.9199999999999996,0.0
787,202109060604,0,0,0,0,0,1,2,12,0,0,0,0,0,0,0,0,0,0,0,1,0,0,0,0,0,0,0,0,0,0,0,0,0,0,0,0,0.0,0.0,90.0,6.0,34.9,0.4,0.8461538461538461,,,,,,,,,,,,,,,,,0.0,0.07142857142857142,0.21428571428571427,5,10,142.9,13.0,1432,1551,1428,,,,,,,,,,,,,,,,0.0,55.0,22.0,18.0,13.0,444.0,-0.07692307692307693,,,,,,
788,202109060604,3,5,4,20,4,1,6,49,0,0,1,3,0,0,3,8,1,0,2,16,0,0,1,1,0,0,1,3,0,0,0,3,0,0,0,0,0.0,0.0,2.0,6.0,33.5,0.6,0.3125,0.0,0.0,8.0,2.0,33.2,0.2,0.2222222222222222,0.0,0.0,3.0,2.0,33.4,0.3,0.3125,-2.0,2.0,0.0,0.07692307692307693,0.27350427350427353,4,8,4.9,2.0,1677,1618,1167,0.0,0.0,1.0,11.0,34.8,1.1,0.25,0.0,0.0,2.0,1.0,35.1,0.0,0.2857142857142857,-0.1,0.6,55.0,-994.0,18.0,16.0,492.0,-0.0625,0.0,-0.0625,0.1875,0.0,-0.4799999999999997,0.0
789,202109060604,1,1,2,38,5,8,3,57,0,0,0,2,0,0,0,8,0,1,1,14,0,0,0,0,0,0,0,1,0,0,0,2,0,0,0,0,0.0,0.0,60.0,5.0,34.2,0.2,0.4,,,,,,,,,,,,,,,,,0.0,0.06382978723404255,0.19148936170212766,8,17,116.3,12.0,1306,1235,1445,,,,,,,,,,,,,,,,0.0,55.0,36.0,18.0,10.0,456.0,0.0,,,,,,
790,202109060604,30,21,26,197,6,7,4,87,0,0,0,7,6,6,8,71,2,1,1,27,0,0,0,1,2,3,5,23,0,1,0,8,0,0,0,0,0.0,0.0,20.0,2.0,35.2,0.1,0.2222222222222222,0.0,0.0,30.0,2.0,34.1,0.7,0.2857142857142857,,,,,,,,0.0,6.0,0.0,0.25,0.5,4,7,1.9,1.0,1716,1558,1167,,,,,,,,,,,,,,,0.0,1.0,55.0,22.0,18.0,18.0,484.0,0.0,0.0,,,,1.1000000000000014,0.0
791,202109060604,0,0,0,0,0,0,1,3,0,0,0,0,0,0,0,0,0,0,1,0,0,0,0,0,0,0,0,0,0,0,0,0,0,0,0,0,0.0,0.0,3.0,8.0,34.5,0.8,0.4117647058823529,0.0,0.0,10.0,7.0,32.5,0.6,0.7777777777777778,0.0,0.0,5.0,11.0,34.8,0.8,0.4444444444444444,1.5,-6.0,400.0,0.034482758620689655,0.3103448275862069,3,5,28.3,6.0,272,1543,1433,0.0,0.0,1.0,4.0,33.8,0.5,0.4666666666666667,0.0,0.0,1.0,1.0,33.4,0.0,0.5333333333333333,-1.7,0.2,55.0,-755.0,18.0,17.0,520.0,-0.058823529411764705,0.05555555555555555,-0.1111111111111111,0.0,0.0,0.09000000000000057,0.0
792,202109060604,15,21,14,131,0,0,0,0,0,0,0,0,8,9,6,47,0,0,0,0,0,0,0,0,4,0,1,10,0,0,0,0,0,0,0,0,0.0,0.0,120.0,10.0,39.5,2.3,0.3333333333333333,0.0,0.0,12.0,13.0,40.0,2.2,0.125,0.0,0.0,11.0,11.0,40.5,3.3,0.6363636363636364,0.5,2.0,-100.0,0.14285714285714285,0.14285714285714285,6,12,74.4,10.0,1393,699,1263,0.0,0.0,5.0,7.0,39.4,3.0,0.2857142857142857,0.0,0.0,2.0,12.0,39.3,1.8,0.07142857142857142,-0.2,0.0,55.0,-1050.0,18.0,15.0,494.0,-0.06666666666666667,0.0,0.18181818181818182,-0.14285714285714285,0.0,0.10000000000000071,0.0
793,202109060604,1,0,0,9,3,3,6,27,0,0,0,0,1,0,0,3,1,2,3,6,0,0,0,0,0,0,0,2,0,1,1,3,0,0,0,0,0.0,0.0,30.0,7.0,35.6,0.9,0.5555555555555556,0.0,0.0,60.0,4.0,32.8,0.2,0.8,0.0,0.0,50.0,13.0,36.4,1.1,0.5,3.0,2.0,0.0,0.09009009009009009,0.2702702702702703,7,15,36.9,9.0,1605,1362,1,0.0,0.0,90.0,5.0,33.0,1.0,0.8888888888888888,,,,,,,,0.3,0.0,55.0,22.0,18.0,18.0,474.0,0.0,0.0,0.25,0.0,,0.42000000000000026,0.0
794,202109060604,72,56,56,283,3,1,1,11,3,0,0,5,22,14,20,91,2,1,1,6,2,0,0,3,3,3,4,9,0,0,0,1,0,0,0,0,0.0,0.0,3.0,4.0,40.5,0.5,0.625,0.0,0.0,4.0,12.0,39.4,2.5,0.25,0.0,0.0,2.0,8.0,35.4,1.5,0.6875,2.0,-8.0,200.0,0.14285714285714285,0.2857142857142857,2,4,12.4,4.0,1428,225,1263,0.0,0.0,1.0,6.0,35.2,0.4,0.5714285714285714,0.0,0.0,2.0,4.0,36.9,1.0,0.5,-0.6,0.0,55.0,-943.0,18.0,8.0,452.0,0.0,0.0,-0.0625,-0.14285714285714285,0.0,1.14,0.0
795,202109060604,30,18,29,175,0,1,2,10,0,0,0,0,8,3,6,44,0,0,0,4,0,0,0,0,1,0,1,6,0,0,0,2,0,0,0,0,0.0,0.0,80.0,10.0,36.5,1.5,0.6363636363636364,0.0,0.0,30.0,11.0,43.7,9.7,0.8333333333333334,,,,,,,,1.0,-8.0,-400.0,0.1,0.24285714285714285,5,9,330.9,14.0,1503,702,1263,,,,,,,,,,,,,,,1.0,0.0,55.0,28.0,18.0,11.0,484.0,0.09090909090909091,0.08333333333333333,,,,-7.200000000000003,0.0
796,202109060604,0,2,1,5,5,4,5,51,0,0,0,0,0,0,0,1,1,1,2,13,0,0,0,0,0,0,0,0,0,1,1,3,0,0,0,0,0.0,0.0,5.0,6.0,13.6,4.5,0.2,0.0,0.0,12.0,6.0,13.3,3.1,0.3333333333333333,0.0,0.0,13.0,15.0,39.9,4.6,0.7333333333333333,4.5,-2.0,-1400.0,0.025,0.1,2,3,503.2,15.0,1034,1366,1263,0.0,0.0,1.0,1.0,38.1,0.0,0.125,0.0,0.0,5.0,7.0,38.0,1.8,0.6875,-0.3,0.2,55.0,-1001.0,18.0,10.0,464.0,0.4,0.25,0.0,0.0,0.0,-7.360000000000001,0.0
797,202109060604,0,0,0,0,0,0,0,4,0,0,0,0,0,0,0,0,0,0,0,2,0,0,0,0,0,0,0,0,0,0,0,0,0,0,0,0,0.0,0.0,10.0,9.0,39.9,2.4,0.6363636363636364,0.0,0.0,8.0,11.0,37.3,1.6,0.8,0.0,0.0,4.0,12.0,35.7,1.0,0.25,1.5,3.0,600.0,0.10975609756097561,0.32926829268292684,1,2,32.6,8.0,1154,779,1561,0.0,0.0,6.0,8.0,33.9,0.8,0.5294117647058824,0.0,0.0,4.0,4.0,34.3,0.2,0.25,-1.3,0.0,55.0,-596.0,18.0,11.0,485.0,-0.18181818181818182,-0.13333333333333333,0.0625,0.058823529411764705,0.08333333333333333,1.4600000000000002,0.0
798,202109060604,0,1,0,7,11,8,11,77,0,0,0,1,0,0,0,2,6,3,3,36,0,0,0,0,0,0,0,1,0,0,0,9,0,0,0,0,0.0,0.0,4.0,2.0,39.3,0.7,0.18181818181818182,0.0,0.0,10.0,11.0,40.1,2.4,0.14285714285714285,0.0,0.0,10.0,6.0,40.1,1.8,0.3,2.0,5.0,200.0,0.0,0.0,8,16,999.9,18.0,1672,1345,1167,0.0,0.0,8.0,5.0,40.4,2.7,0.5,0.0,0.0,12.0,11.0,39.8,1.6,0.6153846153846154,1.2,0.2,52.0,-919.0,18.0,11.0,437.0,0.0,0.42857142857142855,0.5,0.0,0.23076923076923078,-0.12999999999999973,0.0
799,202109060604,7,10,8,92,0,1,0,7,0,0,0,0,1,1,0,32,0,0,0,1,0,0,0,0,1,0,0,6,0,0,0,0,0,0,0,0,0.0,0.0,14.0,10.0,37.9,1.5,0.42857142857142855,0.0,0.0,13.0,12.0,39.2,2.5,0.4666666666666667,0.0,0.0,9.0,8.0,13.8,5.9,0.7,-1.0,2.0,-300.0,0.11428571428571428,0.2571428571428571,6,11,109.2,11.0,1736,557,1482,0.0,0.0,9.0,6.0,13.8,5.9,0.6153846153846154,0.0,0.0,7.0,4.0,14.0,3.9,0.4444444444444444,-1.8,0.0,55.0,-868.0,18.0,14.0,480.0,0.14285714285714285,0.4,0.2,0.0,0.0,7.32,0.0
800,202109060604,13,17,22,145,3,2,4,21,1,0,0,3,3,3,6,37,0,1,0,4,0,0,0,1,0,1,2,13,0,0,0,2,0,0,0,0,0.0,0.0,14.0,16.0,36.1,2.1,0.4375,0.0,0.0,15.0,16.0,36.6,2.4,1.0,0.0,0.0,15.0,16.0,35.5,1.2,0.125,0.0,-2.0,200.0,0.21428571428571427,0.5,7,13,6.5,3.0,1691,1393,1167,0.0,0.0,14.0,11.0,35.0,0.5,0.25,0.0,0.0,5.0,14.0,35.6,1.1,0.17647058823529413,-0.9,0.0,55.0,-1022.0,18.0,16.0,462.0,0.0625,0.0,0.0,0.0,0.11764705882352941,0.2600000000000001,0.0
801,202109060604,0,0,0,0,0,1,0,3,0,0,0,0,0,0,0,0,0,0,0,2,0,0,0,0,0,0,0,0,0,0,0,0,0,0,0,0,0.0,0.0,7.0,5.0,40.9,0.6,0.4444444444444444,0.0,0.0,5.0,6.0,38.2,2.4,0.2857142857142857,0.0,0.0,6.0,8.0,35.9,1.0,0.125,1.5,10.0,-100.0,0.03278688524590164,0.18032786885245902,8,18,29.0,7.0,1154,81,1561,0.0,0.0,6.0,5.0,41.6,1.7,0.14285714285714285,0.0,0.0,4.0,8.0,36.3,0.8,0.1875,0.5,0.0,55.0,-942.0,18.0,9.0,498.0,0.1111111111111111,0.0,0.0,0.0,0.125,0.5800000000000004,0.0
802,202109060604,3,3,1,46,2,4,2,28,0,0,0,3,0,0,0,16,0,1,1,4,0,0,0,1,0,0,0,5,0,0,0,1,0,0,0,1,0.0,0.0,5.0,10.0,41.3,1.4,0.25,0.0,0.0,11.0,9.0,40.6,2.6,0.07692307692307693,0.0,0.0,13.0,9.0,35.5,0.7,0.375,-0.5,1.0,200.0,0.0,0.08108108108108109,1,1,764.0,17.0,1036,1542,1108,0.0,0.0,10.0,15.0,37.9,2.8,0.4444444444444444,0.0,0.0,6.0,7.0,36.5,0.8,0.0625,0.0,0.0,54.0,-290.0,18.0,12.0,439.0,0.08333333333333333,0.15384615384615385,0.0625,0.0,0.0,1.2299999999999998,0.0
803,202109060604,1,0,2,21,3,2,4,21,0,0,0,0,0,0,0,7,0,1,0,4,0,0,0,0,0,0,0,0,0,0,0,2,0,0,0,0,0.0,0.0,9.0,8.0,41.0,3.4,0.8,0.0,0.0,16.0,15.0,38.8,2.8,0.75,0.0,0.0,7.0,13.0,42.8,4.4,0.15384615384615385,2.5,14.0,100.0,0.0,0.0625,3,6,566.9,16.0,1333,1393,1294,0.0,0.0,16.0,17.0,39.7,3.5,0.05555555555555555,0.0,0.0,5.0,11.0,41.8,2.9,0.26666666666666666,0.8,0.0,54.0,-746.0,18.0,10.0,482.0,0.2,0.125,0.6923076923076923,0.05555555555555555,0.13333333333333333,-0.25,0.0
804,202109060604,0,0,0,0,3,3,1,28,0,0,0,0,0,0,0,0,2,2,0,7,0,0,0,0,0,0,0,0,2,1,0,4,0,0,0,0,0.0,0.0,30.0,2.0,33.7,0.2,0.1,0.0,0.0,30.0,4.0,34.7,0.9,0.0625,,,,,,,,2.0,12.0,0.0,0.06666666666666667,0.24166666666666667,7,14,16.5,5.0,1154,1036,1561,,,,,,,,,,,,,,,2.0,0.5,54.0,50.0,18.0,10.0,450.0,0.0,0.0,,,,-1.0,0.0
805,202109060611,30,18,29,175,0,0,0,6,0,0,0,0,8,3,6,44,0,0,0,2,0,0,0,0,2,2,1,13,0,0,0,0,0,0,0,0,0.0,0.0,,,,,,0.0,0.0,10.0,1.0,32.7,0.0,0.9285714285714286,0.0,0.0,20.0,1.0,32.5,0.0,0.9333333333333333,0.0,,-900.0,0.09876543209876543,0.32098765432098764,5,9,7.8,3.0,1503,962,1263,0.0,0.0,10.0,6.0,34.6,0.9,0.8461538461538461,0.0,0.0,10.0,5.0,,,,1.7,0.5,55.0,-1099.0,15.0,15.0,,,-0.42857142857142855,-0.06666666666666667,0.0,,-0.9499999999999993,0.0
806,202109060611,15,21,14,131,1,1,0,2,0,0,0,0,8,9,6,47,0,0,0,1,0,0,0,0,1,3,3,15,0,0,0,0,0,0,0,0,0.0,0.0,60.0,6.0,34.3,0.6,0.5882352941176471,0.0,0.0,2.0,4.0,33.4,0.4,0.5882352941176471,0.0,0.0,3.0,5.0,33.0,0.4,0.8333333333333334,-0.5,-8.0,0.0,0.3333333333333333,0.3333333333333333,3,4,2.4,1.0,1393,484,1263,0.0,0.0,2.0,2.0,34.8,0.3,0.47058823529411764,0.0,0.0,5.0,7.0,,,,0.0,0.2,55.0,-1064.0,15.0,17.0,490.0,-0.11764705882352941,0.0,0.0,0.058823529411764705,,-0.11000000000000014,0.0
807,202109060611,30,21,26,197,0,0,0,0,0,0,0,0,6,6,8,71,0,0,0,0,0,0,0,0,1,0,1,16,0,0,0,0,0,0,0,0,0.0,0.0,20.0,1.0,33.5,0.0,0.5,0.0,0.0,10.0,1.0,34.0,0.0,0.7142857142857143,,,,,,,,0.0,6.0,-200.0,0.07758620689655173,0.2672413793103448,4,7,9.7,4.0,1716,812,1167,,,,,,,,,,,,,,,0.0,1.0,55.0,50.0,15.0,6.0,462.0,0.16666666666666666,0.0,,,,-0.5,0.0
808,202109060611,5,4,5,33,15,27,17,118,2,1,0,4,2,1,1,10,1,4,6,32,1,0,0,3,0,0,0,5,0,1,0,6,0,0,0,1,0.0,0.0,30.0,6.0,35.4,1.1,1.0,0.0,0.0,20.0,1.0,35.4,0.0,0.7857142857142857,,,,,,,,-5.0,20.0,-200.0,0.06451612903225806,0.25806451612903225,2,3,29.0,8.0,1657,1428,1317,,,,,,,,,,,,,,,-5.0,0.5,55.0,29.0,15.0,12.0,438.0,-0.9166666666666666,-0.42857142857142855,,,,0.0,0.0
809,202109060611,0,0,0,0,15,18,23,125,0,0,0,0,0,0,0,0,5,3,2,28,0,0,0,0,0,0,0,0,2,1,0,8,0,0,0,0,0.0,0.0,10.0,1.0,36.1,0.0,1.0,0.0,0.0,30.0,1.0,33.3,0.0,0.3,,,,,,,,0.0,2.0,-200.0,0.21951219512195122,0.5121951219512195,7,13,3.2,2.0,1467,1167,336,,,,,,,,,,,,,,,0.0,1.0,55.0,106.0,15.0,9.0,492.0,-0.6666666666666666,0.1,,,,2.8000000000000043,0.0
810,202109060611,0,0,0,0,11,8,11,77,0,0,0,0,0,0,0,0,6,3,3,36,0,0,0,0,0,0,0,0,0,1,0,13,0,0,0,0,0.0,0.0,40.0,2.0,34.0,0.2,0.2857142857142857,0.0,0.0,20.0,1.0,34.8,0.0,0.1111111111111111,,,,,,,,-1.0,6.0,200.0,0.07692307692307693,0.23076923076923078,7,12,46.9,9.0,1534,1345,1235,,,,,,,,,,,,,,,-1.0,1.0,55.0,43.0,15.0,14.0,452.0,-0.07142857142857142,0.0,,,,-0.7999999999999972,0.0
811,202109060611,72,56,56,283,0,1,3,6,0,1,0,3,22,14,20,91,0,0,1,1,0,0,0,1,7,3,5,33,0,0,0,0,0,0,0,0,0.0,0.0,70.0,17.0,38.1,4.0,0.1111111111111111,0.0,0.0,15.0,18.0,35.4,1.5,0.05555555555555555,0.0,0.0,10.0,2.0,37.9,0.3,0.0625,-7.5,-6.0,0.0,0.14705882352941177,0.29411764705882354,6,11,21.3,5.0,1428,302,1263,0.0,0.0,4.0,14.0,37.0,1.3,0.2222222222222222,0.0,0.0,2.0,1.0,33.2,0.0,0.1,-3.6,0.4,55.0,-1070.0,15.0,18.0,470.0,0.1111111111111111,0.0,0.0,0.0,0.0,0.8199999999999996,0.0
812,202109060611,0,0,0,0,3,3,4,14,0,0,0,0,0,0,0,0,1,1,1,7,0,0,0,0,0,0,0,0,0,0,0,0,0,0,0,0,0.0,0.0,30.0,4.0,34.1,0.3,0.14285714285714285,0.0,0.0,10.0,1.0,33.7,0.0,0.125,0.0,0.0,20.0,1.0,34.6,0.0,0.25,-1.5,0.0,0.0,0.03571428571428571,0.32142857142857145,5,8,21.8,6.0,1064,322,1556,0.0,0.0,40.0,2.0,34.5,0.4,0.125,,,,,,,,-0.6,0.75,55.0,36.0,15.0,7.0,488.0,0.0,0.0,-0.125,-0.0625,,-0.20999999999999944,0.0
813,202109060611,0,0,0,0,0,0,0,0,0,0,0,0,0,0,0,0,0,0,0,0,0,0,0,0,0,0,0,0,0,0,0,0,0,0,0,0,0.0,0.0,3.0,1.0,33.3,0.0,0.05555555555555555,0.0,0.0,4.0,1.0,33.5,0.0,0.0625,0.0,0.0,5.0,10.0,36.7,1.3,0.058823529411764705,4.5,2.0,0.0,0.11594202898550725,0.2608695652173913,8,14,137.8,13.0,1064,993,1556,0.0,0.0,1.0,11.0,35.4,0.6,0.26666666666666666,0.0,0.0,10.0,10.0,34.8,0.7,0.125,2.8,0.4,55.0,-966.0,15.0,18.0,488.0,0.0,0.0,0.0,0.0,0.0,-0.4899999999999999,0.0
814,202109060611,72,56,56,283,0,1,0,0,0,1,0,0,22,14,20,91,0,0,0,0,0,0,0,0,7,3,5,33,0,0,0,0,0,0,0,0,0.0,0.0,17.0,17.0,34.7,1.8,0.9444444444444444,0.0,0.0,13.0,12.0,36.1,1.6,0.5333333333333333,0.0,0.0,7.0,11.0,36.0,2.2,0.38461538461538464,-3.0,4.0,200.0,0.09090909090909091,0.2727272727272727,6,10,64.0,12.0,1428,75,1263,0.0,0.0,14.0,14.0,36.4,2.8,0.8666666666666667,0.0,0.0,8.0,16.0,36.7,2.0,0.4375,0.0,0.0,54.0,-384.0,15.0,18.0,388.0,0.0,0.06666666666666667,-0.07692307692307693,-0.06666666666666667,0.1875,-0.4299999999999997,0.0
815,202109060611,30,21,26,197,15,27,17,118,3,2,5,16,6,6,8,71,1,4,6,32,0,0,4,6,1,0,1,16,0,1,0,6,0,0,0,2,0.0,0.0,70.0,8.0,33.5,0.8,0.9285714285714286,0.0,0.0,20.0,1.0,35.8,0.0,0.5555555555555556,0.0,0.0,20.0,1.0,35.7,0.0,0.2222222222222222,-3.5,6.0,200.0,0.0,0.06451612903225806,3,5,47.6,10.0,1716,1428,1167,,,,,,,,,,,,,,,-3.5,0.6666666666666666,55.0,43.0,15.0,14.0,446.0,0.0,-0.1111111111111111,0.0,,,-1.1000000000000014,0.0
816,202109060611,3,5,4,20,3,3,3,8,0,0,0,0,0,0,3,8,0,1,0,1,0,0,0,0,0,0,0,1,0,1,0,0,0,0,0,0,0.0,0.0,10.0,1.0,35.1,0.0,0.09090909090909091,0.0,0.0,10.0,2.0,34.7,0.0,0.125,0.0,0.0,20.0,3.0,33.9,0.3,0.08333333333333333,1.0,-8.0,200.0,0.06722689075630252,0.24369747899159663,4,6,24.1,7.0,1677,715,1167,0.0,0.0,50.0,1.0,33.5,0.0,0.05555555555555555,,,,,,,,0.1,1.0,55.0,28.0,15.0,11.0,462.0,0.0,0.0,0.0,0.0,,0.5600000000000008,0.0
817,202109060611,2,1,3,5,10,4,8,94,0,0,0,0,1,0,1,2,2,0,5,21,0,0,0,0,0,0,0,0,0,0,1,3,0,0,0,0,0.0,0.0,4.0,9.0,37.3,0.8,0.4666666666666667,0.0,0.0,9.0,10.0,33.0,0.9,0.875,0.0,0.0,1.0,1.0,37.8,0.0,0.125,-4.0,2.0,400.0,0.03333333333333333,0.18333333333333332,2,2,275.5,14.0,1310,1183,1618,0.0,0.0,5.0,3.0,36.9,0.1,0.25,0.0,0.0,10.0,3.0,37.5,0.3,0.25,-1.9,0.6,55.0,-965.0,15.0,15.0,514.0,0.0,,0.0,0.0,0.0,-0.43000000000000044,0.0
818,202109060611,1,1,0,7,0,0,0,1,0,0,0,0,1,0,0,3,0,0,0,1,0,0,0,0,0,0,0,1,0,0,0,0,0,0,0,0,0.0,0.0,20.0,1.0,35.7,0.0,0.16666666666666666,0.0,0.0,20.0,1.0,35.6,0.0,0.058823529411764705,0.0,0.0,20.0,5.0,35.7,0.2,0.15384615384615385,2.0,-2.0,200.0,0.075,0.3,1,1,55.1,11.0,1089,216,1428,0.0,0.0,70.0,2.0,35.6,0.1,0.125,,,,,,,,0.7,0.75,55.0,63.0,15.0,6.0,476.0,0.0,0.0,0.0,-0.0625,,0.020000000000000285,0.0
819,202109060611,0,0,0,0,15,18,23,125,0,0,0,0,0,0,0,0,5,3,2,28,0,0,0,0,0,0,0,0,2,1,0,8,0,0,0,0,0.0,0.0,30.0,1.0,37.6,0.0,0.375,0.0,0.0,100.0,3.0,34.8,0.6,0.5384615384615384,,,,,,,,2.0,-2.0,200.0,0.018518518518518517,0.12962962962962962,8,15,371.7,15.0,1467,1167,336,,,,,,,,,,,,,,,2.0,1.0,55.0,85.0,15.0,8.0,478.0,-0.125,-0.15384615384615385,,,,2.8000000000000043,0.0
820,202109060704,18,18,14,110,1,0,0,5,0,0,0,0,6,4,2,33,0,0,0,1,0,0,0,0,2,2,0,17,0,0,0,1,0,0,0,0,0.0,0.0,7.0,9.0,43.2,5.8,0.8888888888888888,0.0,0.0,13.0,13.0,33.9,0.9,0.9333333333333333,0.0,0.0,14.0,10.0,35.2,1.6,0.9375,0.5,12.0,0.0,0.20930232558139536,0.4883720930232558,4,7,3.0,1.0,1152,796,1428,0.0,0.0,12.0,16.0,35.1,1.1,0.5294117647058824,0.0,0.0,15.0,7.0,34.8,0.5,0.3888888888888889,-0.1,0.0,54.0,-1025.0,18.0,9.0,500.0,0.1111111111111111,0.0,0.0,0.058823529411764705,0.0,1.560000000000001,0.0
821,202109060704,30,21,26,197,12,8,12,71,2,0,2,4,6,6,8,71,2,2,1,16,0,0,1,1,2,3,5,23,0,0,0,9,0,0,0,0,0.0,0.0,150.0,12.0,36.7,2.3,0.625,0.0,0.0,12.0,14.0,35.1,1.7,0.25,0.0,0.0,5.0,10.0,35.2,1.1,0.4,-1.0,-4.0,200.0,0.058823529411764705,0.2549019607843137,7,13,10.7,5.0,1716,1294,1167,0.0,0.0,13.0,16.0,37.8,2.3,0.2222222222222222,0.0,0.0,10.0,8.0,35.2,0.7,0.2222222222222222,-0.6,0.0,55.0,-1058.0,18.0,16.0,490.0,0.0,0.125,0.0,0.05555555555555555,0.0,0.030000000000000426,0.0
822,202109060704,5,4,5,33,5,2,6,29,0,1,0,0,2,1,1,10,3,0,2,11,0,0,0,0,1,0,1,2,1,0,0,3,0,0,0,0,0.0,0.0,8.0,8.0,37.8,2.3,0.2222222222222222,0.0,0.0,7.0,8.0,35.1,1.0,0.2,0.0,0.0,14.0,13.0,34.0,0.6,0.5,2.5,2.0,-1000.0,0.10843373493975904,0.3253012048192771,6,12,6.3,3.0,1657,939,1317,0.0,0.0,3.0,15.0,43.1,4.1,0.25,0.0,0.0,7.0,4.0,37.8,1.1,0.2727272727272727,-0.1,0.0,55.0,-848.0,18.0,9.0,486.0,0.5555555555555556,0.0,0.0,0.25,-0.09090909090909091,-0.8,0.0
823,202109060704,3,5,4,20,2,4,2,28,0,0,0,0,0,0,3,8,0,1,1,4,0,0,0,0,0,0,1,3,0,0,0,1,0,0,0,0,0.0,0.0,30.0,3.0,35.6,0.7,0.625,0.0,0.0,20.0,3.0,34.0,0.4,0.8461538461538461,0.0,0.0,50.0,3.0,35.0,0.4,0.6666666666666666,0.0,6.0,200.0,0.06611570247933884,0.2396694214876033,4,8,10.5,4.0,1677,1542,1167,,,,,,,,,,,,,,,0.0,1.0,55.0,14.0,18.0,16.0,462.0,-0.0625,0.0,0.08333333333333333,,,0.3000000000000007,0.0
824,202109060704,0,0,0,0,3,4,6,48,0,0,0,0,0,0,0,0,0,2,0,8,0,0,0,0,0,0,0,0,0,0,0,3,0,0,0,0,0.0,0.0,50.0,7.0,40.3,1.7,0.6666666666666666,0.0,0.0,70.0,10.0,37.3,0.9,0.625,0.0,0.0,20.0,5.0,36.6,0.5,0.42857142857142855,-1.0,27.0,200.0,0.07627118644067797,0.2796610169491525,7,14,4.7,2.0,1289,1559,1428,0.0,0.0,50.0,3.0,35.0,0.7,0.4666666666666667,0.0,0.0,60.0,2.0,35.9,0.1,0.5,-1.7,0.4,54.0,-774.0,18.0,9.0,483.0,0.1111111111111111,-0.4375,0.14285714285714285,0.06666666666666667,-0.0625,1.1099999999999994,0.0
825,202109060704,15,21,14,131,2,3,3,16,0,0,0,0,8,9,6,47,0,1,2,4,0,0,0,0,4,0,1,10,0,0,1,0,0,0,0,0,0.0,0.0,50.0,30.0,41.6,1.6,1.0,0.0,0.0,50.0,60.0,39.6,0.9,0.7777777777777778,0.0,0.0,70.0,100.0,35.8,1.2,0.6923076923076923,35.0,13.0,-50.0,0.1388888888888889,0.2777777777777778,8,17,12.0,6.0,1393,565,1263,0.0,0.0,30.0,20.0,35.6,0.2,0.375,0.0,0.0,60.0,30.0,34.2,0.3,0.4,-4.0,0.0,55.0,-912.0,18.0,9.0,521.0,-0.4444444444444444,-0.2222222222222222,-0.07692307692307693,0.0,0.0,1.8799999999999997,0.0
826,202109060704,13,17,22,145,3,4,6,48,0,1,1,1,3,3,6,37,0,2,0,8,0,0,0,0,0,1,2,13,0,0,0,3,0,0,0,0,0.0,0.0,150.0,10.0,35.7,1.2,0.26666666666666666,,,,,,,,,,,,,,,,,0.0,0.0,0.0,1,1,229.9,14.0,1691,1559,1167,,,,,,,,,,,,,,,,0.0,54.0,83.0,18.0,15.0,466.0,0.2,,,,,,
827,202109060704,7,3,4,102,11,8,11,77,1,0,1,6,1,0,1,30,6,3,3,36,1,0,1,4,0,0,0,14,0,0,0,9,0,0,0,2,0.0,0.0,5.0,5.0,42.6,1.5,0.14285714285714285,0.0,0.0,10.0,10.0,39.2,4.0,1.0,0.0,0.0,7.0,11.0,37.0,1.5,0.75,3.0,-4.0,-200.0,0.2,0.4,8,18,12.4,7.0,1090,1345,1169,0.0,0.0,5.0,16.0,43.9,6.2,0.1875,0.0,0.0,7.0,8.0,36.5,1.2,0.4444444444444444,1.2,0.0,55.0,-447.0,18.0,14.0,504.0,0.0,-0.3076923076923077,-0.0625,0.125,-0.05555555555555555,0.7500000000000007,0.0
828,202109060704,0,0,0,0,14,5,15,161,0,0,0,0,0,0,0,0,1,0,2,42,0,0,0,0,0,0,0,0,0,0,1,8,0,0,0,0,0.0,0.0,70.0,4.0,36.1,0.8,0.16666666666666666,0.0,0.0,10.0,6.0,36.1,1.2,0.35294117647058826,0.0,0.0,20.0,2.0,35.3,0.1,0.3333333333333333,-1.0,2.0,0.0,0.03125,0.125,5,10,14.8,8.0,1467,1263,336,,,,,,,,,,,,,,,-1.0,0.3333333333333333,54.0,28.0,18.0,18.0,434.0,-0.05555555555555555,0.058823529411764705,0.0,,,0.40000000000000213,0.0
829,202109060704,0,0,0,0,15,27,17,118,0,0,0,0,0,0,0,0,1,4,6,32,0,0,0,0,0,0,0,0,1,2,5,11,0,0,0,0,0.0,0.0,20.0,15.0,36.4,2.0,0.5294117647058824,0.0,0.0,100.0,2.0,34.7,0.2,0.625,,,,,,,,-13.0,0.0,0.0,0.07317073170731707,0.2926829268292683,2,4,22.7,10.0,1045,1428,969,,,,,,,,,,,,,,,-13.0,0.5,55.0,49.0,18.0,17.0,464.0,0.0,0.0625,,,,1.6999999999999957,0.0
830,202109060704,0,0,0,0,6,7,4,87,0,0,0,0,0,0,0,0,2,1,1,27,0,0,0,0,0,0,0,0,0,1,0,8,0,0,0,0,0.0,0.0,13.0,11.0,38.7,2.0,0.14285714285714285,0.0,0.0,11.0,11.0,40.0,2.4,0.8571428571428571,0.0,0.0,7.0,7.0,39.5,3.5,0.6666666666666666,-2.0,2.0,-100.0,0.03225806451612903,0.1774193548387097,5,9,116.0,12.0,1243,1558,1428,0.0,0.0,11.0,11.0,37.0,2.8,0.2727272727272727,0.0,0.0,10.0,8.0,40.7,2.0,0.3333333333333333,-0.6,0.0,55.0,-224.0,18.0,14.0,524.0,0.6428571428571429,0.07142857142857142,0.1111111111111111,0.7272727272727273,0.0,-0.1,0.0
831,202109060704,3,5,4,20,0,0,0,1,0,0,0,1,0,0,3,8,0,0,0,1,0,0,0,1,0,0,1,3,0,0,0,0,0,0,0,0,0.0,0.0,20.0,6.0,35.0,0.8,0.5714285714285714,0.0,0.0,50.0,2.0,35.1,0.1,0.7142857142857143,,,,,,,,-4.0,-4.0,200.0,0.03333333333333333,0.3,3,6,18.9,9.0,1677,1323,1167,,,,,,,,,,,,,,,-4.0,0.5,55.0,62.0,18.0,14.0,476.0,0.0,-0.14285714285714285,,,,-0.10000000000000142,0.0
832,202109060704,1,0,2,21,0,0,0,0,0,0,0,0,0,0,0,7,0,0,0,0,0,0,0,0,0,0,0,0,0,0,0,0,0,0,0,0,0.0,0.0,7.0,7.0,40.5,1.8,0.8,0.0,0.0,9.0,9.0,39.1,2.0,0.8125,0.0,0.0,7.0,8.0,37.8,1.6,0.5,0.5,10.0,200.0,0.08928571428571429,0.26785714285714285,6,11,119.5,13.0,1333,1691,1294,0.0,0.0,7.0,10.0,41.5,2.7,0.2857142857142857,0.0,0.0,7.0,3.0,40.6,1.6,0.8888888888888888,-0.7,0.2,54.0,-477.0,18.0,10.0,516.0,-0.1,-0.125,0.0,0.07142857142857142,0.0,-0.2600000000000001,0.0
833,202109060704,0,0,0,0,0,0,0,0,0,0,0,0,0,0,0,0,0,0,0,0,0,0,0,0,0,0,0,0,0,0,0,0,0,0,0,0,0.0,0.0,80.0,,,,0.9166666666666666,0.0,0.0,100.0,12.0,38.2,2.9,1.0,0.0,0.0,70.0,8.0,39.3,1.7,0.6153846153846154,-4.0,17.0,0.0,0.0,0.1111111111111111,7,15,72.5,11.0,1289,1560,1428,0.0,0.0,120.0,11.0,35.4,1.5,0.6153846153846154,0.0,0.0,110.0,14.0,36.1,1.7,0.7777777777777778,0.9,0.0,54.0,-555.0,18.0,12.0,441.0,0.0,0.0,0.07692307692307693,-0.07692307692307693,0.05555555555555555,1.0200000000000002,0.0
834,202109060704,1,2,0,4,2,4,2,28,0,0,0,0,0,1,0,1,0,1,1,4,0,0,0,0,0,0,0,1,0,0,0,1,0,0,0,0,0.0,0.0,80.0,7.0,37.7,1.3,0.7,0.0,0.0,150.0,14.0,37.2,1.8,0.16666666666666666,0.0,0.0,180.0,15.0,37.6,1.9,0.05555555555555555,4.0,5.0,750.0,0.0,0.1111111111111111,3,5,661.7,18.0,1698,1542,1366,0.0,0.0,140.0,12.0,41.2,2.9,0.8571428571428571,0.0,0.0,100.0,9.0,39.4,2.6,0.2727272727272727,0.2,0.0,54.0,-370.0,18.0,10.0,447.0,0.0,0.05555555555555555,0.05555555555555555,0.0,0.18181818181818182,-0.7399999999999991,0.0
835,202109060704,1,0,0,9,10,8,11,109,0,0,0,1,1,0,0,3,2,2,3,30,0,0,0,1,0,0,0,2,0,0,1,10,0,0,0,1,0.0,0.0,9.0,13.0,38.5,3.4,0.9285714285714286,0.0,0.0,11.0,14.0,37.4,2.7,0.13333333333333333,0.0,0.0,17.0,12.0,35.6,0.5,0.7777777777777778,-0.5,4.0,400.0,0.14285714285714285,0.14285714285714285,8,16,464.6,16.0,1605,1405,1,0.0,0.0,16.0,16.0,37.6,2.1,0.2222222222222222,0.0,0.0,10.0,11.0,40.3,4.1,1.0,-0.2,0.0,51.0,-549.0,18.0,14.0,470.0,0.07142857142857142,0.06666666666666667,-0.1111111111111111,0.0,0.0,-0.3799999999999997,0.0
836,202109060704,2,10,8,65,0,0,0,0,0,0,0,0,0,2,0,11,0,0,0,0,0,0,0,0,0,0,0,4,0,0,0,0,0,0,0,0,0.0,0.0,11.0,8.0,41.3,2.2,1.0,0.0,0.0,17.0,12.0,34.8,1.3,0.8333333333333334,0.0,0.0,17.0,17.0,37.9,2.4,0.2222222222222222,4.5,38.0,200.0,0.0,0.09090909090909091,2,3,488.2,17.0,1172,1728,1556,0.0,0.0,10.0,9.0,36.5,2.5,0.7272727272727273,0.0,0.0,6.0,9.0,34.3,1.8,1.0,-0.1,0.0,51.0,-384.0,18.0,12.0,446.0,-0.16666666666666666,-0.05555555555555555,0.0,0.0,0.0,1.2299999999999998,0.0
837,202109060704,3,0,1,13,1,0,2,7,0,0,0,0,1,0,0,7,0,0,0,2,0,0,0,0,1,0,0,4,0,0,0,1,0,0,0,0,0.0,0.0,7.0,8.0,39.7,2.4,0.8,0.0,0.0,11.0,13.0,42.0,4.1,1.0,0.0,0.0,15.0,18.0,38.5,4.2,0.8888888888888888,5.0,-2.0,100.0,1.0,1.0,1,2,380.1,15.0,1629,1221,1428,0.0,0.0,8.0,10.0,36.5,3.7,1.0,,,,,,,,1.1,0.0,50.0,-724.0,18.0,10.0,440.0,0.1,0.0,0.05555555555555555,0.0,,1.310000000000001,0.0
838,202109060808,13,17,22,145,15,27,17,118,2,4,1,16,3,3,6,37,1,4,6,32,0,0,0,4,2,2,0,14,0,0,1,2,0,0,0,0,0.0,0.0,16.0,11.0,34.0,0.5,0.875,0.0,0.0,14.0,15.0,33.6,1.1,1.0,0.0,0.0,14.0,13.0,37.7,2.2,0.7333333333333333,1.0,0.0,400.0,0.0,0.06060606060606061,3,6,4.1,1.0,1691,1428,1167,0.0,0.0,16.0,11.0,34.1,1.1,0.6666666666666666,0.0,0.0,15.0,4.0,34.4,0.7,0.4117647058823529,-1.8,0.0,56.0,-959.0,18.0,16.0,476.0,-0.0625,0.0,0.0,0.0,0.11764705882352941,-0.12999999999999973,0.0
839,202109060808,8,16,9,65,0,1,0,16,0,0,0,0,4,4,1,14,0,0,0,4,0,0,0,0,0,1,0,2,0,0,0,0,0,0,0,0,0.0,0.0,14.0,13.0,33.3,0.7,1.0,0.0,0.0,16.0,14.0,34.1,1.2,1.0,0.0,0.0,10.0,14.0,37.9,3.2,0.07142857142857142,0.5,-8.0,200.0,0.0,0.10526315789473684,6,11,4.6,3.0,1098,1032,1294,0.0,0.0,16.0,14.0,37.9,2.0,0.375,0.0,0.0,10.0,16.0,44.5,6.8,0.1875,0.6,0.0,56.0,-1049.0,18.0,14.0,500.0,0.0,0.0,0.0,0.0,0.8125,-2.62,0.0
840,202109060808,7,1,2,25,3,3,1,18,0,0,0,1,1,0,0,10,1,2,0,5,0,0,0,0,0,0,0,1,0,0,0,1,0,0,0,0,0.0,0.0,13.0,12.0,35.1,0.8,0.7857142857142857,0.0,0.0,7.0,7.0,33.3,0.5,0.8571428571428571,0.0,0.0,12.0,14.0,34.2,1.5,1.0,1.0,0.0,-400.0,0.0,0.09090909090909091,1,2,21.5,8.0,1463,1170,1167,0.0,0.0,13.0,11.0,33.5,1.1,0.875,0.0,0.0,8.0,4.0,34.0,0.6,0.5833333333333334,-1.2,0.0,54.0,-1049.0,18.0,14.0,504.0,0.07142857142857142,0.0,0.0,-0.125,0.0,0.2,0.0
841,202109060808,15,10,14,122,2,3,3,16,0,0,0,1,0,0,2,28,0,1,2,4,0,0,0,0,0,0,0,5,0,1,1,0,0,0,0,0,0.0,0.0,6.0,2.0,34.6,0.4,0.4375,0.0,0.0,14.0,5.0,34.1,0.8,0.6111111111111112,0.0,0.0,9.0,6.0,34.9,0.6,0.6470588235294118,2.0,0.0,400.0,0.075,0.275,3,5,29.7,10.0,1127,565,1328,0.0,0.0,10.0,8.0,35.5,0.8,0.8125,0.0,0.0,10.0,13.0,36.9,0.8,0.1111111111111111,2.5,0.2,54.0,-798.0,18.0,16.0,444.0,-0.0625,-0.1111111111111111,0.0,-0.0625,0.05555555555555555,-0.5999999999999993,0.0
842,202109060808,8,16,9,65,1,7,1,7,0,0,0,0,4,4,1,14,1,4,1,3,0,0,0,0,0,1,0,2,0,2,0,1,0,0,0,0,0.0,0.0,3.0,11.0,41.5,7.0,0.5454545454545454,0.0,0.0,10.0,5.0,34.6,0.2,0.14285714285714285,0.0,0.0,6.0,4.0,34.2,0.4,0.4444444444444444,-3.5,-8.0,200.0,0.0,0.1,7,13,4.4,2.0,1098,1110,1294,0.0,0.0,11.0,16.0,44.4,7.8,0.3125,0.0,0.0,1.0,11.0,35.9,1.2,0.23076923076923078,1.1,0.0,53.0,-812.0,18.0,11.0,514.0,0.0,0.14285714285714285,0.0,0.125,-0.07692307692307693,0.14000000000000057,0.0
843,202109060808,8,16,9,65,7,5,8,98,1,0,0,4,4,4,1,14,1,2,1,36,1,0,0,3,0,1,0,2,0,0,0,12,0,0,0,1,0.0,0.0,90.0,11.0,35.1,1.3,0.8181818181818182,0.0,0.0,90.0,9.0,33.9,0.6,0.8235294117647058,0.0,0.0,80.0,3.0,34.1,0.8,0.7692307692307693,-4.0,16.0,200.0,0.0,0.0,4,8,16.8,7.0,1098,1556,1294,0.0,0.0,70.0,7.0,37.4,2.3,0.9,0.0,0.0,20.0,8.0,35.3,0.6,0.42857142857142855,-0.8,0.2,53.0,-756.0,18.0,11.0,496.0,0.0,-0.058823529411764705,-0.07692307692307693,-0.4,0.0,-0.3899999999999991,0.0
844,202109060808,3,5,4,20,2,1,0,5,1,1,0,0,0,0,3,8,0,0,0,2,0,0,0,0,0,0,0,1,0,0,0,0,0,0,0,0,0.0,0.0,4.0,9.0,34.6,0.5,0.3333333333333333,0.0,0.0,3.0,7.0,35.0,0.2,0.5,0.0,0.0,2.0,6.0,33.9,0.4,0.8888888888888888,-1.5,-12.0,400.0,0.03076923076923077,0.12307692307692308,2,4,16.6,6.0,1677,1506,1167,0.0,0.0,3.0,3.0,35.2,0.5,0.8125,0.0,0.0,3.0,3.0,34.8,0.4,0.46153846153846156,-1.6,0.4,54.0,-783.0,18.0,18.0,460.0,0.05555555555555555,-0.1111111111111111,-0.05555555555555555,-0.125,-0.15384615384615385,-0.05999999999999943,0.0
845,202109060808,15,21,14,131,12,8,12,71,1,2,1,8,8,9,6,47,2,2,1,16,0,0,0,2,2,0,0,5,1,1,0,2,0,0,0,0,0.0,0.0,6.0,9.0,37.3,1.4,0.8181818181818182,0.0,0.0,2.0,7.0,39.5,1.8,0.875,0.0,0.0,1.0,10.0,35.9,0.8,0.5625,0.5,-8.0,-400.0,0.09859154929577464,0.23943661971830985,5,10,172.7,17.0,1393,1294,1263,0.0,0.0,2.0,2.0,36.6,0.3,0.4375,0.0,0.0,6.0,3.0,35.1,0.2,0.8888888888888888,-1.7,0.4,57.0,-420.0,18.0,11.0,438.0,-0.09090909090909091,0.0,-0.3125,-0.3125,-0.6666666666666666,0.729999999999999,0.0
846,202109060808,72,56,56,283,0,1,0,3,0,1,0,3,22,14,20,91,0,0,0,0,0,0,0,0,4,2,3,18,0,0,0,0,0,0,0,0,0.0,0.0,9.0,15.0,36.1,1.3,0.4375,0.0,0.0,5.0,4.0,35.5,0.5,0.2,0.0,0.0,4.0,5.0,34.1,0.2,0.625,-5.0,-4.0,-200.0,0.13513513513513514,0.2702702702702703,2,3,39.9,11.0,1428,59,1263,0.0,0.0,3.0,4.0,33.6,0.3,0.25,0.0,0.0,9.0,5.0,35.5,0.8,0.4444444444444444,-2.0,0.0,55.0,-329.0,18.0,16.0,430.0,0.125,0.1,0.0,0.0,0.1111111111111111,0.31000000000000016,0.0
847,202109060808,5,4,5,33,15,27,17,118,2,1,0,4,2,1,1,10,1,4,6,32,1,0,0,3,0,0,0,0,0,0,1,2,0,0,0,0,0.0,0.0,3.0,3.0,34.6,0.6,0.5,0.0,0.0,2.0,3.0,34.3,0.0,0.4166666666666667,0.0,0.0,4.0,7.0,32.6,0.6,1.0,2.0,0.0,400.0,0.037037037037037035,0.07407407407407407,1,1,43.4,13.0,1657,1428,1317,0.0,0.0,2.0,1.0,33.4,0.0,0.9444444444444444,0.0,0.0,8.0,2.0,34.3,0.2,0.8333333333333334,-0.4,0.8,54.0,-769.0,18.0,12.0,490.0,0.0,0.0,0.0,-0.2777777777777778,0.0,0.15000000000000072,0.0
848,202109060808,5,10,9,78,1,2,0,15,0,1,0,1,0,1,1,15,0,1,0,6,0,1,0,1,0,0,0,3,0,0,0,0,0,0,0,0,0.0,0.0,80.0,10.0,36.1,1.2,0.47058823529411764,0.0,0.0,60.0,8.0,35.5,0.7,0.1111111111111111,0.0,0.0,10.0,1.0,37.3,0.0,0.2,-4.5,-2.0,-200.0,0.0625,0.25,7,14,99.0,14.0,1561,1124,1263,0.0,0.0,20.0,3.0,34.2,0.3,0.3333333333333333,0.0,0.0,40.0,3.0,35.0,0.2,0.6875,-1.9,0.6,54.0,70.0,18.0,17.0,428.0,0.0,0.0,0.0,0.1111111111111111,-0.0625,0.35,0.0
849,202109060808,2,1,3,26,6,7,4,87,0,0,0,0,0,0,0,7,2,1,1,27,0,0,0,0,0,0,0,1,0,0,0,6,0,0,0,0,0.0,0.0,90.0,7.0,42.5,2.8,1.0,0.0,0.0,160.0,12.0,35.5,0.8,0.75,0.0,0.0,110.0,11.0,35.1,0.8,0.7692307692307693,2.0,-12.0,0.0,0.031746031746031744,0.1746031746031746,8,17,146.8,15.0,1396,1558,1556,0.0,0.0,110.0,12.0,34.8,0.8,0.9230769230769231,0.0,0.0,120.0,7.0,34.7,0.5,0.5625,0.0,0.0,57.0,-945.0,18.0,10.0,482.0,-0.1,-0.0625,-0.15384615384615385,0.07692307692307693,0.0625,1.6299999999999997,0.0
850,202109060808,3,5,4,20,8,16,10,107,0,1,0,3,0,0,3,8,2,6,1,33,0,0,0,0,0,0,0,1,0,0,0,10,0,0,0,0,0.0,0.0,150.0,12.0,34.7,1.0,0.9375,0.0,0.0,80.0,12.0,34.1,1.3,0.9444444444444444,0.0,0.0,90.0,3.0,34.9,0.5,0.8333333333333334,-4.5,2.0,400.0,0.0,0.07894736842105263,4,7,42.5,12.0,1677,1013,1167,0.0,0.0,130.0,18.0,33.8,1.1,0.6111111111111112,0.0,0.0,110.0,8.0,33.1,0.4,0.9333333333333333,-0.2,0.2,56.0,-1056.0,18.0,16.0,512.0,0.0,0.05555555555555555,-0.05555555555555555,0.0,0.0,0.3500000000000007,0.0
851,202109060808,4,4,6,75,0,1,0,4,0,1,0,0,0,2,1,20,0,1,0,2,0,1,0,0,0,0,0,4,0,0,0,0,0,0,0,0,0.0,0.0,3.0,7.0,13.5,2.4,0.25,0.0,0.0,4.0,4.0,13.5,1.0,0.5833333333333334,0.0,0.0,11.0,10.0,37.9,1.7,0.6666666666666666,1.5,2.0,-1260.0,0.06172839506172839,0.14814814814814814,5,9,6.4,4.0,1317,1210,1186,0.0,0.0,10.0,15.0,37.5,2.2,0.8,0.0,0.0,7.0,15.0,39.4,2.1,0.0625,2.7,0.0,56.0,-798.0,18.0,12.0,506.0,0.08333333333333333,-0.16666666666666666,-0.08333333333333333,-0.06666666666666667,0.0,-7.58,0.0
852,202109060808,7,3,4,102,11,8,11,77,1,0,1,6,1,0,1,30,6,3,3,36,1,0,1,4,0,0,0,3,2,1,1,3,0,0,0,0,0.0,0.0,10.0,10.0,34.9,0.7,0.5333333333333333,0.0,0.0,6.0,1.0,34.8,0.0,0.3333333333333333,0.0,0.0,4.0,7.0,35.0,0.9,0.5625,-1.5,20.0,400.0,0.057692307692307696,0.2692307692307692,6,12,13.6,5.0,1090,1345,1169,0.0,0.0,4.0,9.0,35.0,1.0,0.5882352941176471,0.0,0.0,5.0,5.0,34.9,1.3,0.5555555555555556,-0.2,0.2,56.0,-538.0,18.0,15.0,510.0,0.06666666666666667,0.08333333333333333,0.0,0.0,-0.05555555555555555,-0.020000000000000285,0.0
853,202109060808,1,4,0,13,11,8,11,77,1,1,0,2,0,2,0,6,6,3,3,36,0,1,0,2,0,0,0,1,2,1,1,3,0,0,0,1,0.0,0.0,2.0,1.0,13.0,0.0,0.35714285714285715,0.0,0.0,4.0,2.0,13.2,0.1,0.14285714285714285,0.0,0.0,9.0,4.0,13.2,0.5,0.7857142857142857,1.5,6.0,-1250.0,0.0,0.0,7,15,176.6,18.0,1383,1345,246,0.0,0.0,7.0,7.0,13.5,3.3,0.8571428571428571,0.0,0.0,7.0,4.0,13.6,1.9,0.7272727272727273,1.1,0.4,55.0,-231.0,18.0,14.0,458.0,-0.2857142857142857,0.0,-0.21428571428571427,-0.2857142857142857,0.0,-0.15,0.0
854,202109060808,7,1,2,25,2,5,8,48,0,1,0,1,1,0,0,10,1,2,2,12,0,0,0,0,0,0,0,1,0,2,0,4,0,0,0,0,0.0,0.0,10.0,13.0,37.9,1.8,0.5625,0.0,0.0,5.0,16.0,38.3,1.9,0.375,0.0,0.0,5.0,5.0,36.9,0.3,0.4,-4.0,-4.0,400.0,0.10294117647058823,0.23529411764705882,8,16,27.5,9.0,1463,1482,1167,0.0,0.0,1.0,1.0,37.3,0.0,0.1875,0.0,0.0,6.0,2.0,37.3,0.2,0.375,-3.7,0.4,54.0,-777.0,18.0,16.0,468.0,0.125,0.0,0.0,0.0,-0.0625,0.22000000000000028,0.0
855,202109060808,3,5,4,20,5,4,5,51,0,0,0,1,0,0,3,8,1,1,2,13,0,0,0,1,0,0,0,1,0,0,1,4,0,0,0,0,0.0,0.0,12.0,10.0,35.8,1.0,0.35714285714285715,0.0,0.0,10.0,11.0,35.8,1.5,0.6363636363636364,0.0,0.0,13.0,10.0,35.7,1.4,0.5625,0.0,-10.0,100.0,0.0,0.0,8,18,156.4,16.0,1677,1366,1167,0.0,0.0,16.0,14.0,35.3,1.0,0.16666666666666666,0.0,0.0,14.0,10.0,34.5,0.9,0.8,0.3,0.0,53.0,-223.0,18.0,14.0,448.0,0.0,0.36363636363636365,0.0,-0.05555555555555555,0.0,0.30999999999999944,0.0
856,202109060905,30,21,26,197,10,8,11,109,3,1,1,6,6,6,8,71,2,2,3,30,1,0,0,3,0,1,0,12,0,0,0,1,0,0,0,0,,,,,,,,,,,,,,,,,,,,,,,,,0.029411764705882353,0.08823529411764706,4,8,4.3,2.0,1716,1405,1167,,,,,,,,,,,,,,,,,55.0,,17.0,,,,,,,,,
857,202109060905,30,21,26,197,10,8,11,109,3,1,1,6,6,6,8,71,2,2,3,30,1,0,0,3,0,1,0,12,0,0,0,1,0,0,0,0,,,,,,,,,,,,,,,,,,,,,,,,,0.07563025210084033,0.2773109243697479,1,1,15.6,6.0,1716,1405,1167,,,,,,,,,,,,,,,,,54.0,,17.0,,,,,,,,,
858,202109060905,30,18,29,175,0,0,0,0,0,0,0,0,8,3,6,44,0,0,0,0,0,0,0,0,2,0,0,7,0,0,0,0,0,0,0,0,0.0,0.0,11.0,13.0,42.5,5.3,0.3076923076923077,0.0,0.0,2.0,10.0,35.2,1.0,0.2,0.0,0.0,12.0,11.0,35.6,1.2,0.25,-1.0,2.0,-200.0,0.030303030303030304,0.12121212121212122,4,7,12.9,5.0,1503,272,1263,0.0,0.0,6.0,3.0,34.0,0.0,0.5,0.0,0.0,9.0,10.0,35.4,0.7,0.125,-1.3,0.2,54.0,-1013.0,17.0,13.0,488.0,0.3076923076923077,0.13333333333333333,0.0,-0.08333333333333333,0.0,1.5400000000000005,0.0
859,202109060905,30,21,26,197,15,27,17,118,3,2,5,16,6,6,8,71,1,4,6,32,0,0,4,6,0,1,0,12,0,1,0,8,0,0,0,1,0.0,0.0,4.0,4.0,34.8,0.3,0.125,0.0,0.0,10.0,12.0,35.9,1.7,0.46153846153846156,0.0,0.0,4.0,7.0,34.4,0.9,0.26666666666666666,1.5,-4.0,0.0,0.10144927536231885,0.2318840579710145,5,9,2.7,1.0,1716,1428,1167,0.0,0.0,3.0,1.0,34.8,0.0,0.13333333333333333,0.0,0.0,2.0,4.0,35.3,0.5,0.18181818181818182,-1.1,0.2,55.0,-348.0,17.0,16.0,460.0,0.0,-0.23076923076923078,0.0,0.06666666666666667,0.0,0.010000000000000142,0.0
860,202109060905,15,10,14,122,11,8,11,77,0,0,0,1,0,0,2,28,6,3,3,36,0,0,0,0,0,0,2,5,0,0,1,2,0,0,0,0,0.0,0.0,3.0,6.0,40.5,1.5,0.5833333333333334,0.0,0.0,1.0,7.0,35.1,0.9,0.1111111111111111,0.0,0.0,6.0,5.0,35.4,0.6,0.2777777777777778,-0.5,11.0,200.0,0.061224489795918366,0.24489795918367346,7,13,141.6,14.0,1127,1345,1328,0.0,0.0,4.0,5.0,34.0,0.7,0.7777777777777778,0.0,0.0,3.0,5.0,35.2,1.0,0.5555555555555556,-0.4,0.0,55.0,-827.0,17.0,12.0,447.0,-0.16666666666666666,0.0,-0.05555555555555555,-0.05555555555555555,0.0,1.1699999999999995,0.0
861,202109060905,1,1,0,5,0,1,0,2,0,0,0,1,0,0,0,0,0,0,0,0,0,0,0,0,0,0,0,0,0,0,0,0,0,0,0,0,0.0,0.0,2.0,6.0,40.3,1.1,1.0,0.0,0.0,6.0,8.0,39.6,1.4,0.1875,0.0,0.0,7.0,12.0,36.1,1.1,0.375,3.0,9.0,200.0,0.06557377049180328,0.23770491803278687,3,6,24.5,9.0,1455,76,1428,0.0,0.0,6.0,13.0,39.1,2.4,0.4375,0.0,0.0,4.0,7.0,34.9,1.3,0.8125,0.7,0.0,55.0,-623.0,17.0,9.0,469.0,-0.3333333333333333,-0.0625,0.125,0.0,-0.0625,1.1299999999999997,0.0
862,202109060905,0,0,0,0,0,1,0,6,0,0,0,0,0,0,0,0,0,0,0,1,0,0,0,0,0,0,0,0,0,0,0,0,0,0,0,0,0.0,0.0,7.0,6.0,41.6,2.3,0.2,0.0,0.0,12.0,15.0,40.1,3.5,0.5625,0.0,0.0,14.0,13.0,36.9,1.9,0.7222222222222222,3.5,28.0,400.0,0.0,0.0967741935483871,6,12,31.3,10.0,1289,1613,1428,0.0,0.0,10.0,7.0,34.8,0.8,0.47058823529411764,,,,,,,,0.1,0.0,53.0,-588.0,17.0,10.0,436.0,0.1,0.0,-0.16666666666666666,0.058823529411764705,,2.3600000000000017,0.0
863,202109060905,0,1,0,22,1,0,0,1,0,0,0,0,0,0,0,2,0,0,0,0,0,0,0,0,0,0,0,0,0,0,0,0,0,0,0,0,0.0,0.0,13.0,12.0,41.5,3.7,0.3333333333333333,0.0,0.0,9.0,9.0,41.9,3.3,0.9,0.0,0.0,12.0,12.0,36.2,1.4,0.625,0.0,10.0,-100.0,0.0,0.058823529411764705,3,5,57.3,12.0,1642,1322,1124,0.0,0.0,6.0,13.0,46.5,8.6,0.35714285714285715,0.0,0.0,12.0,8.0,35.8,1.1,0.058823529411764705,-0.4,0.0,54.0,-229.0,17.0,15.0,488.0,0.3333333333333333,0.1,-0.0625,0.42857142857142855,0.0,0.6800000000000004,0.0
864,202109060905,8,16,9,65,4,1,6,49,0,0,0,1,4,4,1,14,1,0,2,16,0,0,0,0,1,1,0,1,0,0,2,4,0,0,0,0,0.0,0.0,7.0,6.0,40.0,1.0,0.25,0.0,0.0,11.0,9.0,36.4,0.8,0.1111111111111111,0.0,0.0,10.0,10.0,35.5,1.8,0.8333333333333334,2.0,42.0,300.0,0.13157894736842105,0.2631578947368421,2,4,9.3,4.0,1098,1618,1294,0.0,0.0,10.0,12.0,36.8,2.0,0.125,0.0,0.0,4.0,9.0,34.9,1.1,0.7058823529411765,0.9,0.0,54.0,-648.0,17.0,12.0,472.0,0.08333333333333333,0.0,-0.16666666666666666,0.0,0.0,0.9800000000000004,0.0
865,202109060905,72,56,56,283,15,18,23,125,1,3,3,12,22,14,20,91,5,3,2,28,0,1,0,3,4,1,1,10,1,0,0,4,0,0,0,0,0.0,0.0,10.0,12.0,36.4,2.6,0.8125,0.0,0.0,10.0,11.0,38.7,2.1,0.7692307692307693,0.0,0.0,3.0,10.0,34.6,1.1,0.8823529411764706,-1.0,-2.0,-400.0,0.08849557522123894,0.26548672566371684,8,15,8.7,3.0,1428,1167,1263,,,,,,,,,,,,,,,-1.0,0.0,54.0,-74.0,17.0,16.0,412.0,0.1875,0.15384615384615385,0.0,,,0.8999999999999986,0.0
866,202109060905,0,0,0,2,0,0,0,0,0,0,0,0,0,0,0,1,0,0,0,0,0,0,0,0,0,0,0,0,0,0,0,0,0,0,0,0,0.0,0.0,9.0,10.0,13.8,6.0,0.9166666666666666,0.0,0.0,10.0,6.0,13.5,2.3,0.4166666666666667,0.0,0.0,12.0,12.0,13.9,5.6,0.8571428571428571,1.0,10.0,-1260.0,0.0,0.16216216216216217,8,17,157.9,15.0,1270,1691,969,0.0,0.0,14.0,12.0,38.1,1.8,1.0,0.0,0.0,7.0,9.0,37.6,2.0,0.9285714285714286,0.4,0.0,55.0,-796.0,17.0,12.0,492.0,-0.08333333333333333,0.0,0.0,0.0,-0.07142857142857142,-7.220000000000001,0.0
867,202109060905,7,1,2,25,3,4,6,48,0,0,0,0,1,0,0,10,0,2,0,8,0,0,0,0,1,0,0,4,0,1,0,1,0,0,0,0,0.0,0.0,10.0,5.0,39.6,1.1,0.13333333333333333,0.0,0.0,14.0,16.0,45.7,6.6,0.0625,0.0,0.0,14.0,14.0,42.9,4.6,0.125,4.5,40.0,400.0,0.0,0.11764705882352941,8,16,21.9,7.0,1463,1559,1167,0.0,0.0,10.0,3.0,39.6,1.6,0.0625,0.0,0.0,12.0,13.0,39.2,2.1,0.125,0.3,0.2,54.0,-923.0,17.0,15.0,476.0,0.0,0.5625,0.375,0.0,0.0,0.6899999999999998,0.0
868,202109060905,7,1,2,25,1,1,0,5,0,0,0,0,1,0,0,10,0,1,0,0,0,0,0,0,1,0,0,4,0,0,0,0,0,0,0,0,0.0,0.0,4.0,1.0,37.0,0.0,0.42857142857142855,0.0,0.0,11.0,9.0,41.8,1.4,0.8666666666666667,0.0,0.0,11.0,11.0,35.7,2.2,1.0,5.0,3.0,200.0,0.07142857142857142,0.2857142857142857,1,2,51.6,11.0,1463,1412,1167,0.0,0.0,14.0,11.0,39.1,1.7,1.0,0.0,0.0,13.0,6.0,40.1,1.6,1.0,1.2,0.2,54.0,-892.0,17.0,7.0,433.0,-0.14285714285714285,-0.6,-0.16666666666666666,-0.125,-0.2857142857142857,-0.3500000000000007,0.0
869,202109060905,0,0,0,0,15,27,17,118,0,0,0,0,0,0,0,0,1,4,6,32,0,0,0,0,0,0,0,0,0,1,0,8,0,0,0,0,0.0,0.0,15.0,16.0,37.5,3.2,0.9444444444444444,0.0,0.0,11.0,13.0,38.9,2.5,0.6923076923076923,0.0,0.0,11.0,6.0,39.0,1.3,0.7857142857142857,-5.0,8.0,-400.0,0.11267605633802817,0.2535211267605634,5,10,23.5,8.0,1467,1428,336,0.0,0.0,12.0,6.0,40.3,1.9,0.8666666666666667,0.0,0.0,3.0,12.0,42.5,4.3,1.0,-1.5,0.0,54.0,-207.0,17.0,18.0,476.0,-0.05555555555555555,0.07692307692307693,0.07142857142857142,-0.26666666666666666,-0.38461538461538464,-1.14,0.0
870,202109060905,0,1,0,15,2,4,2,28,0,0,0,0,0,0,0,3,0,1,1,4,0,0,0,0,0,0,0,0,0,0,0,1,0,0,0,0,0.0,0.0,18.0,15.0,37.2,2.5,0.6111111111111112,0.0,0.0,15.0,16.0,35.6,1.7,0.9375,0.0,0.0,13.0,15.0,36.1,3.2,1.0,0.0,-2.0,0.0,0.024390243902439025,0.0975609756097561,6,11,60.3,13.0,1191,1542,1235,,,,,,,,,,,,,,,0.0,0.0,54.0,-60.0,17.0,18.0,452.0,0.1111111111111111,0.0,0.0,,,0.5500000000000007,0.0
871,202109060905,19,19,15,86,0,0,1,0,0,0,0,0,3,4,1,29,0,0,0,0,0,0,0,0,0,1,0,2,0,0,0,0,0,0,0,0,0.0,0.0,90.0,7.0,39.8,0.8,0.6363636363636364,0.0,0.0,130.0,11.0,36.9,2.0,1.0,0.0,0.0,160.0,11.0,38.2,1.7,0.75,2.0,-14.0,0.0,0.06097560975609756,0.14634146341463414,2,3,165.9,17.0,1167,1705,460,0.0,0.0,140.0,13.0,37.6,2.6,0.75,0.0,0.0,130.0,13.0,39.5,3.2,0.6923076923076923,1.4,0.0,55.0,-1028.0,17.0,11.0,478.0,0.18181818181818182,0.0,0.0,0.1875,0.3076923076923077,-0.010000000000000852,0.0
872,202109060905,1,7,4,31,15,18,23,125,0,0,0,2,1,2,3,4,5,3,2,28,0,0,0,0,0,1,1,0,1,0,0,4,0,0,0,0,0.0,0.0,15.0,16.0,37.1,3.6,1.0,0.0,0.0,16.0,17.0,38.0,3.6,0.17647058823529413,,,,,,,,1.0,-4.0,400.0,0.06349206349206349,0.25396825396825395,7,14,160.6,16.0,1465,1167,1328,,,,,,,,,,,,,,,1.0,0.0,54.0,-32.0,17.0,16.0,414.0,0.0,0.0,,,,-0.8999999999999986,0.0
