,race_id,f_course1,f_course2,f_course3,f_courseout,mf_course1,mf_course2,mf_course3,mf_courseout,f_mf_course1,f_mf_course2,f_mf_course3,f_mf_courseout,f_len1,f_len2,f_len3,f_lenout,mf_len1,mf_len2,mf_len3,mf_classout,f_mf_len1,f_mf_len2,f_mf_len3,f_mf_classout,f_class1,f_class2,f_class3,f_classout,mf_class1,mf_class2,mf_class3,mf_classout,f_mf_class1,f_mf_class2,f_mf_class3,f_mf_classout,time_df_course1,time_df_class1,ninki_1,result_1,agari_1,margin_1,corner_ratio_1,time_df_course2,time_df_class2,ninki_2,result_2,agari_2,margin_2,corner_ratio_2,time_df_course3,time_df_class3,ninki_3,result_3,agari_3,margin_3,corner_ratio_3,rank_trend,weight_change,dist_change,jockey_win_rate,jockey_place_rate,waku,umaban,current_odds,current_popularity,father_cat,mother_father_cat,paternal_gf_cat,time_df_course4,time_df_class4,ninki_4,result_4,agari_4,margin_4,corner_ratio_4,time_df_course5,time_df_class5,ninki_5,result_5,agari_5,margin_5,corner_ratio_5,rank_trend_5,win_rate_recent5,kinryo,days_since_last_race,n_horses_today,n_horses_1,horse_weight_abs_1,corner_chase_1,corner_chase_2,corner_chase_3,corner_chase_4,corner_chase_5,agari_trend_5,time_diff_trend_5
0,202109010102,1,0,1,22,6,4,7,31,0,0,0,0,1,0,1,12,1,2,0,9,0,0,0,0,0,0,1,10,1,1,0,4,0,0,0,0,0.0,0.0,1.0,1.0,39.8,0.0,0.125,0.0,0.0,14.0,14.0,37.0,2.7,0.9285714285714286,0.0,0.0,15.0,16.0,42.1,7.5,1.0,7.5,0.0,-200.0,0.10975609756097561,0.2926829268292683,1,2,7.1,4.0,1426,1362,306,0.0,0.0,16.0,14.0,40.1,2.0,0.0625,0.0,0.0,9.0,10.0,37.9,2.6,0.6363636363636364,1.8,0.2,56.0,-1225.0,16.0,8.0,502.0,0.0,0.07142857142857142,0.0,0.0625,0.18181818181818182,0.06999999999999958,0.0
1,202109010102,0,1,0,11,2,0,0,7,0,0,0,0,0,1,0,8,0,0,0,1,0,0,0,0,0,1,0,2,0,0,0,1,0,0,0,0,0.0,0.0,11.0,16.0,36.6,2.6,1.0,0.0,0.0,8.0,8.0,37.1,0.7,0.5625,0.0,0.0,4.0,9.0,36.3,1.3,0.75,-3.5,4.0,0.0,0.10416666666666667,0.3125,8,15,4.9,3.0,1287,1160,1235,0.0,0.0,1.0,7.0,39.8,0.9,0.25,0.0,0.0,3.0,2.0,38.2,0.2,0.25,-2.9,0.2,56.0,-175.0,16.0,16.0,484.0,0.0,0.0625,-0.125,0.0,-0.0625,-0.5899999999999999,0.0
2,202109010102,15,11,16,108,4,8,12,116,0,0,2,2,4,3,4,28,0,2,3,23,0,0,0,0,1,0,2,15,0,1,1,6,0,0,0,0,0.0,0.0,30.0,3.0,39.0,1.4,0.3333333333333333,0.0,0.0,10.0,5.0,39.9,1.8,0.15384615384615385,0.0,0.0,20.0,,,,0.1,2.0,-10.0,-200.0,0.015384615384615385,0.13846153846153847,2,3,3.0,1.0,1576,1167,1577,,,,,,,,,,,,,,,2.0,0.5,56.0,55.0,16.0,15.0,510.0,0.06666666666666667,0.0,0.0,,,-0.8999999999999986,0.0
3,202109010102,0,1,0,3,0,0,0,0,0,0,0,0,0,1,0,0,0,0,0,0,0,0,0,0,0,1,0,0,0,0,0,0,0,0,0,0,0.0,0.0,1.0,5.0,42.3,1.5,0.5,0.0,0.0,12.0,6.0,34.7,0.4,0.6470588235294118,0.0,0.0,9.0,11.0,39.0,1.0,0.5384615384615384,3.0,9.0,-200.0,0.0,0.0,1,1,10.3,6.0,1310,1705,1618,0.0,0.0,6.0,7.0,36.1,1.5,0.7857142857142857,0.0,0.0,5.0,6.0,39.2,2.0,0.4375,0.3,0.0,56.0,-642.0,16.0,10.0,479.0,-0.1,0.0,0.15384615384615385,0.0,0.0,0.479999999999999,0.0
4,202109010102,0,0,0,3,13,16,12,110,0,0,0,0,0,0,0,0,3,3,1,18,0,0,0,0,0,0,0,0,1,1,0,4,0,0,0,0,0.0,0.0,3.0,5.0,46.2,5.5,0.125,0.0,0.0,11.0,14.0,40.1,1.9,0.4,0.0,0.0,5.0,10.0,38.4,1.3,0.36363636363636365,2.5,-11.0,-200.0,0.0,0.11904761904761904,6,12,3.8,2.0,1368,1183,1167,0.0,0.0,4.0,11.0,37.3,2.4,0.18181818181818182,0.0,0.0,11.0,12.0,42.1,3.4,0.07692307692307693,1.1,0.0,56.0,-1253.0,16.0,8.0,497.0,0.375,0.13333333333333333,0.0,0.18181818181818182,0.07692307692307693,1.1000000000000008,0.0
5,202109010102,0,0,1,3,8,4,4,44,0,0,1,1,0,0,0,0,7,0,2,12,0,0,0,0,0,0,0,0,2,0,1,5,0,0,0,0,0.0,0.0,90.0,30.0,41.9,1.6,0.8,0.0,0.0,80.0,90.0,36.2,0.8,0.6428571428571429,0.0,0.0,60.0,60.0,37.2,1.6,0.1875,15.0,16.0,-200.0,0.0,0.09090909090909091,4,8,8.5,5.0,1130,1235,1328,0.0,0.0,60.0,70.0,37.8,0.6,0.5625,0.0,0.0,10.0,50.0,37.0,1.0,0.4375,2.0,0.0,56.0,-1234.0,16.0,10.0,432.0,-0.1,0.0,0.0,-0.0625,-0.0625,0.8200000000000003,0.0
6,202109010102,2,1,2,20,8,8,14,82,0,0,0,1,2,1,0,5,1,1,2,14,0,0,0,0,1,1,0,2,0,0,2,2,0,0,0,0,0.0,0.0,60.0,6.0,39.3,2.1,0.9,0.0,0.0,130.0,,,,1.0,0.0,0.0,90.0,15.0,37.1,1.8,0.9375,9.0,10.0,-300.0,0.0,0.07692307692307693,8,16,43.8,8.0,1396,1559,1556,0.0,0.0,80.0,6.0,37.6,1.5,0.5333333333333333,0.0,0.0,100.0,9.0,36.0,1.6,1.0,0.0,0.0,54.0,-1160.0,16.0,10.0,456.0,0.0,0.0,0.0,0.06666666666666667,-0.0625,0.9399999999999992,0.0
7,202109010102,0,0,1,6,0,0,1,3,0,0,0,0,0,0,0,3,0,0,1,0,0,0,0,0,0,0,0,2,0,0,1,0,0,0,0,0,0.0,0.0,90.0,,,,1.0,0.0,0.0,,,,,,0.0,0.0,140.0,13.0,37.1,1.6,0.625,,14.0,-200.0,0.0,0.25,5,10,22.7,7.0,1060,1543,1186,0.0,0.0,130.0,9.0,37.8,1.0,0.7333333333333333,0.0,0.0,,,,,,-4.0,0.0,56.0,-736.0,16.0,10.0,508.0,,,0.0625,-0.13333333333333333,,-0.6999999999999957,0.0
8,202109010102,0,1,1,10,1,2,2,18,0,0,0,1,0,0,0,3,1,0,1,4,0,0,0,0,0,0,0,3,0,0,0,1,0,0,0,0,0.0,0.0,7.0,11.0,46.6,7.5,0.5454545454545454,0.0,0.0,16.0,9.0,36.8,0.7,0.8125,0.0,0.0,6.0,11.0,40.7,3.7,1.0,0.0,4.0,-500.0,0.023255813953488372,0.18604651162790697,7,14,90.6,10.0,1279,1316,1079,0.0,0.0,12.0,10.0,39.5,2.3,0.4375,0.0,0.0,6.0,9.0,40.3,2.5,0.5555555555555556,-0.3,0.0,56.0,-706.0,16.0,11.0,488.0,0.36363636363636365,0.125,-0.36363636363636365,0.0,0.1111111111111111,0.9900000000000005,0.0
9,202109010102,1,0,0,10,1,3,3,31,0,0,0,1,0,0,0,2,1,1,2,10,0,0,0,0,0,0,0,1,0,0,1,6,0,0,0,0,0.0,0.0,7.0,9.0,39.9,1.8,0.9,0.0,0.0,14.0,10.0,41.3,5.2,0.7142857142857143,0.0,0.0,8.0,10.0,40.3,2.3,0.4666666666666667,0.5,14.0,-200.0,0.038461538461538464,0.19230769230769232,2,4,245.7,14.0,1020,1503,1576,0.0,0.0,8.0,5.0,39.5,1.8,0.6923076923076923,0.0,0.0,14.0,10.0,39.0,2.9,0.6,-0.3,0.0,56.0,-257.0,16.0,10.0,484.0,0.1,0.14285714285714285,0.26666666666666666,-0.15384615384615385,0.13333333333333333,0.35999999999999943,0.0
10,202109010102,0,0,0,3,0,0,0,0,0,0,0,0,0,0,0,2,0,0,0,0,0,0,0,0,0,0,0,1,0,0,0,0,0,0,0,0,0.0,0.0,5.0,6.0,38.0,2.2,0.75,0.0,0.0,14.0,9.0,35.9,1.6,0.8571428571428571,0.0,0.0,16.0,16.0,34.8,1.8,0.9444444444444444,5.0,16.0,200.0,0.13636363636363635,0.22727272727272727,4,7,82.7,9.0,1059,1312,1482,0.0,0.0,13.0,14.0,38.0,1.8,0.6875,0.0,0.0,11.0,5.0,35.7,1.1,0.6153846153846154,0.3,0.0,56.0,-1230.0,16.0,8.0,464.0,-0.125,0.0,0.0,0.0625,-0.15384615384615385,0.24999999999999928,0.0
11,202109010102,2,1,2,20,8,4,4,44,0,0,0,1,2,1,0,5,7,0,2,12,0,0,0,1,1,1,0,2,2,0,1,5,0,0,0,0,0.0,0.0,50.0,10.0,39.9,0.0,0.8888888888888888,0.0,0.0,160.0,120.0,39.0,2.2,0.5625,0.0,0.0,100.0,130.0,37.4,2.3,0.6428571428571429,60.0,23.0,-300.0,0.0,0.043478260869565216,3,5,290.9,16.0,1396,1235,1556,0.0,0.0,90.0,90.0,39.1,2.3,0.21428571428571427,,,,,,,,25.0,0.0,56.0,-1249.0,16.0,9.0,465.0,-0.7777777777777778,0.0625,0.0,0.0,,0.3999999999999993,0.0
12,202109010102,0,0,0,6,1,0,1,9,0,0,0,0,0,0,0,0,0,0,0,0,0,0,0,0,0,0,0,0,0,0,0,0,0,0,0,0,0.0,0.0,40.0,7.0,41.8,1.2,0.125,0.0,0.0,120.0,16.0,38.6,2.5,0.375,0.0,0.0,,,,,,9.0,8.0,-100.0,0.03571428571428571,0.125,5,9,259.8,15.0,1376,1448,1559,0.0,0.0,160.0,15.0,39.0,2.0,0.25,0.0,0.0,150.0,13.0,39.4,2.6,0.5625,1.7,0.0,56.0,-457.0,16.0,8.0,468.0,0.25,0.3125,,0.0625,-0.0625,0.6799999999999997,0.0
13,202109010102,0,0,0,7,0,0,0,2,0,0,0,0,0,0,0,0,0,0,0,0,0,0,0,0,0,0,0,0,0,0,0,0,0,0,0,0,0.0,0.0,12.0,14.0,37.9,2.7,0.875,0.0,0.0,13.0,12.0,36.7,1.8,0.7142857142857143,0.0,0.0,16.0,10.0,37.1,1.8,0.8125,-2.0,2.0,0.0,0.0,0.13333333333333333,3,6,240.8,12.0,1687,61,1345,,,,,,,,,,,,,,,-2.0,0.0,56.0,0.0,16.0,16.0,440.0,0.0,0.0,-0.0625,,,0.3999999999999986,0.0
14,202109010102,2,3,4,27,0,2,4,28,0,0,0,2,1,0,0,9,0,1,1,7,0,0,0,0,1,0,0,4,0,1,0,6,0,0,0,0,0.0,0.0,13.0,15.0,38.0,2.9,0.9375,0.0,0.0,13.0,13.0,37.1,1.5,0.2222222222222222,0.0,0.0,15.0,13.0,38.2,2.2,0.375,-1.0,0.0,0.0,0.21052631578947367,0.21052631578947367,7,13,245.2,13.0,1317,1328,1186,0.0,0.0,11.0,12.0,42.3,3.5,0.6875,0.0,0.0,11.0,10.0,35.5,1.6,1.0,-1.1,0.0,54.0,0.0,16.0,16.0,430.0,-0.0625,0.05555555555555555,0.3125,0.0,0.0,-0.019999999999999574,0.0
15,202109010102,0,3,0,3,2,1,0,16,0,0,0,0,0,1,0,2,0,0,0,2,0,0,0,0,0,0,0,1,0,0,0,1,0,0,0,0,0.0,0.0,9.0,8.0,41.8,2.6,0.6666666666666666,0.0,0.0,11.0,16.0,38.2,3.5,1.0,0.0,0.0,9.0,14.0,42.5,4.0,0.125,3.0,10.0,-300.0,0.04878048780487805,0.12195121951219512,6,11,207.6,11.0,1175,1079,882,0.0,0.0,5.0,15.0,39.6,2.9,0.25,0.0,0.0,6.0,6.0,41.8,1.5,0.125,-0.5,0.0,56.0,-522.0,16.0,9.0,454.0,0.2222222222222222,0.0,0.25,0.0,0.125,-0.13999999999999985,0.0
16,202109010104,15,11,16,108,0,1,1,6,0,0,0,0,4,3,4,28,0,1,1,2,0,0,0,0,0,1,0,0,0,1,0,0,0,0,0,0,0.0,0.0,4.0,14.0,39.9,2.5,0.2,0.0,0.0,12.0,13.0,37.1,1.8,0.75,0.0,0.0,4.0,7.0,37.3,1.5,0.4,-3.5,-2.0,-600.0,0.0,0.08823529411764706,8,15,1.9,1.0,1576,1412,1577,0.0,0.0,2.0,1.0,36.8,0.0,0.6153846153846154,0.0,0.0,1.0,2.0,36.3,0.0,0.5,-3.6,0.4,56.0,-1114.0,16.0,15.0,504.0,0.0,0.0625,0.06666666666666667,0.0,-0.07142857142857142,0.7500000000000007,0.0
17,202109010104,0,1,0,3,8,8,14,82,0,0,0,0,0,1,0,0,1,1,2,14,0,0,0,0,0,0,0,0,0,0,0,1,0,0,0,0,0.0,0.0,2.0,1.0,39.9,0.0,0.1,0.0,0.0,1.0,,,,,0.0,0.0,4.0,9.0,40.2,1.9,0.0625,8.0,4.0,-200.0,0.0,0.038461538461538464,1,1,6.9,3.0,1310,1559,1618,0.0,0.0,3.0,2.0,37.8,0.1,0.0625,,,,,,,,0.5,0.6666666666666666,56.0,-319.0,16.0,10.0,482.0,0.0,,0.0,0.0,,1.0500000000000007,0.0
18,202109010104,11,8,8,63,12,5,10,91,0,0,2,0,2,0,0,17,4,0,3,24,0,0,0,0,1,0,0,0,0,0,0,3,0,0,0,0,0.0,0.0,4.0,1.0,36.0,0.0,0.16666666666666666,0.0,0.0,1.0,12.0,36.4,1.3,0.14285714285714285,0.0,0.0,3.0,6.0,38.0,1.0,0.125,2.5,27.0,400.0,0.12048192771084337,0.30120481927710846,1,2,5.4,2.0,1520,1558,695,0.0,0.0,1.0,3.0,37.9,0.1,0.13333333333333333,0.0,0.0,1.0,5.0,38.2,1.4,0.0625,-0.1,0.4,56.0,-1158.0,16.0,12.0,541.0,-0.08333333333333333,0.07142857142857142,0.0625,0.06666666666666667,0.0,-0.5900000000000005,0.0
19,202109010104,8,4,7,50,2,1,1,12,0,0,0,0,1,0,0,5,1,0,0,2,0,0,0,0,0,0,0,0,0,0,0,0,0,0,0,0,,,,,,,,,,,,,,,,,,,,,,,,,0.0,0.125,3,6,32.4,11.0,1152,1110,1428,,,,,,,,,,,,,,,,,54.0,,16.0,,,,,,,,,
20,202109010104,0,0,1,5,2,2,2,41,0,0,0,0,0,0,1,0,0,0,1,11,0,0,0,0,0,0,0,0,0,0,0,0,0,0,0,0,0.0,0.0,30.0,20.0,41.3,0.1,0.25,0.0,0.0,120.0,100.0,35.5,1.0,0.6,0.0,0.0,160.0,90.0,33.4,0.8,0.7647058823529411,35.0,33.0,-100.0,0.0,0.0,3,5,22.1,8.0,1729,1014,1428,0.0,0.0,120.0,130.0,39.8,4.0,0.625,0.0,0.0,90.0,130.0,36.6,1.9,0.7222222222222222,25.0,0.0,54.0,-585.0,16.0,8.0,435.0,0.0,0.2,-0.11764705882352941,0.0,0.05555555555555555,0.5099999999999995,0.0
21,202109010104,1,0,1,22,13,16,12,110,0,0,0,0,1,0,1,12,3,3,1,18,0,0,0,0,1,0,0,2,0,0,0,2,0,0,0,0,0.0,0.0,70.0,50.0,39.1,0.8,0.8,0.0,0.0,140.0,100.0,39.5,2.8,0.6666666666666666,0.0,0.0,90.0,110.0,39.6,1.3,0.4666666666666667,30.0,5.0,-400.0,0.10714285714285714,0.32142857142857145,5,9,15.1,4.0,1426,1183,306,0.0,0.0,100.0,130.0,39.7,4.0,0.9375,0.0,0.0,40.0,60.0,38.1,2.0,0.625,5.0,0.0,54.0,-596.0,16.0,10.0,481.0,-0.2,0.0,0.26666666666666666,0.0,0.0,0.17999999999999972,0.0
22,202109010104,4,14,3,40,8,7,3,79,0,0,0,3,0,1,0,5,0,0,1,23,0,0,0,1,0,0,0,1,0,0,0,1,0,0,0,0,0.0,0.0,40.0,50.0,40.1,1.4,0.3333333333333333,0.0,0.0,70.0,150.0,42.3,5.6,0.625,0.0,0.0,50.0,100.0,40.2,2.2,0.3125,25.0,9.0,-200.0,0.0,0.2,8,16,19.3,5.0,1605,1405,1,0.0,0.0,40.0,100.0,41.2,4.1,0.14285714285714285,0.0,0.0,100.0,50.0,39.1,0.9,0.125,-5.0,0.0,54.0,-1261.0,16.0,9.0,477.0,0.1111111111111111,0.375,0.0625,0.5714285714285714,0.0,0.30999999999999944,0.0
23,202109010104,0,2,2,9,1,3,3,53,0,0,0,2,0,0,0,1,0,0,1,10,0,0,0,0,0,0,0,0,0,0,0,1,0,0,0,0,0.0,0.0,10.0,9.0,41.9,2.0,0.16666666666666666,0.0,0.0,6.0,9.0,40.7,2.8,0.5714285714285714,0.0,0.0,3.0,4.0,38.6,0.5,0.21428571428571427,-2.5,11.0,-300.0,0.03508771929824561,0.12280701754385964,5,10,21.8,7.0,1148,1366,1393,0.0,0.0,7.0,3.0,38.1,0.4,0.14285714285714285,0.0,0.0,6.0,10.0,37.2,1.3,0.5625,-0.4,0.2,54.0,-758.0,16.0,12.0,455.0,0.08333333333333333,-0.35714285714285715,-0.07142857142857142,-0.07142857142857142,0.1875,1.1999999999999993,0.0
24,202109010104,4,14,3,40,9,8,6,68,1,1,0,1,0,1,0,5,1,0,0,10,0,0,0,0,0,0,0,1,0,0,0,1,0,0,0,0,0.0,0.0,9.0,12.0,44.4,4.9,0.25,0.0,0.0,16.0,18.0,37.6,2.9,0.2777777777777778,0.0,0.0,13.0,13.0,38.0,2.2,0.5625,0.5,4.0,-300.0,0.13043478260869565,0.21739130434782608,2,3,30.4,10.0,1605,1618,1,0.0,0.0,9.0,13.0,44.2,6.8,0.15384615384615385,0.0,0.0,10.0,9.0,40.4,2.8,0.125,-1.1,0.0,54.0,-650.0,16.0,12.0,430.0,0.75,0.2777777777777778,0.0,0.6153846153846154,0.0,0.13999999999999985,0.0
25,202109010104,1,0,0,10,0,0,0,2,0,0,0,0,0,0,0,4,0,0,0,1,0,0,0,0,0,0,0,0,0,0,0,0,0,0,0,0,0.0,0.0,2.0,3.0,39.3,0.2,0.6666666666666666,0.0,0.0,14.0,11.0,36.4,1.7,0.375,0.0,0.0,11.0,11.0,35.3,1.3,0.75,4.0,24.0,-200.0,0.2,0.2,2,4,21.3,6.0,1463,563,1167,0.0,0.0,6.0,10.0,38.6,2.8,0.75,,,,,,,,2.1,0.25,54.0,-324.0,16.0,12.0,430.0,-0.16666666666666666,0.0,0.0,0.0,,0.31999999999999884,0.0
26,202109010104,0,0,0,13,13,16,12,110,0,0,0,0,0,0,0,4,3,3,1,18,0,0,0,0,0,0,0,0,0,0,0,2,0,0,0,0,0.0,0.0,11.0,11.0,43.0,4.3,0.4166666666666667,0.0,0.0,11.0,11.0,39.4,2.0,0.1875,0.0,0.0,13.0,8.0,40.2,1.6,0.1875,-1.5,25.0,-200.0,0.0,0.11627906976744186,4,7,27.5,9.0,1657,1183,1317,0.0,0.0,10.0,9.0,39.5,2.0,0.26666666666666666,0.0,0.0,12.0,13.0,37.0,2.1,0.5,0.2,0.0,56.0,-308.0,16.0,12.0,485.0,0.5,0.1875,0.0,0.06666666666666667,0.0,1.19,0.0
27,202109010104,3,2,2,54,1,3,3,53,0,0,0,1,0,1,0,11,0,0,1,10,0,0,0,1,0,1,0,4,0,0,0,1,0,0,0,0,0.0,0.0,11.0,11.0,39.1,3.3,1.0,0.0,0.0,14.0,14.0,40.8,2.9,0.75,0.0,0.0,13.0,9.0,40.2,3.1,0.4,-1.0,20.0,-400.0,0.03773584905660377,0.18867924528301888,6,11,95.3,13.0,1403,1366,939,0.0,0.0,14.0,12.0,40.3,4.0,0.9333333333333333,0.0,0.0,14.0,16.0,38.8,4.0,1.0,0.8,0.0,56.0,-1247.0,16.0,11.0,466.0,0.0,0.0625,-0.06666666666666667,0.0,0.0,0.11000000000000085,0.0
28,202109010104,0,0,0,2,2,2,1,21,0,0,0,1,0,0,0,1,0,0,0,6,0,0,0,0,0,0,0,1,0,0,0,0,0,0,0,0,0.0,0.0,14.0,14.0,36.1,1.5,0.7857142857142857,0.0,0.0,16.0,16.0,40.2,3.5,0.6875,0.0,0.0,15.0,13.0,37.1,1.6,0.875,-0.5,10.0,200.0,0.0,0.041666666666666664,7,14,108.6,14.0,1476,1436,1589,0.0,0.0,13.0,8.0,37.0,1.3,0.6153846153846154,0.0,0.0,9.0,4.0,40.8,0.9,0.45454545454545453,-2.8,0.0,54.0,-925.0,16.0,14.0,490.0,0.0,0.0,0.0,-0.07692307692307693,0.18181818181818182,-0.6199999999999989,0.0
29,202109010104,2,1,0,22,6,4,7,31,0,0,0,0,0,0,0,4,1,2,0,9,0,0,0,0,0,0,0,0,0,0,0,0,0,0,0,0,0.0,0.0,80.0,80.0,40.2,2.4,0.5555555555555556,0.0,0.0,160.0,160.0,42.3,5.2,0.1875,0.0,0.0,160.0,140.0,39.7,4.2,0.75,30.0,-10.0,-200.0,0.06451612903225806,0.16129032258064516,6,12,164.5,16.0,1713,1362,215,,,,,,,,,,,,,,,30.0,0.0,56.0,-287.0,16.0,9.0,422.0,0.3333333333333333,0.625,0.125,,,0.25,0.0
30,202109010104,0,0,1,6,8,7,3,79,0,0,0,0,0,0,0,3,0,0,1,23,0,0,0,0,0,0,0,0,0,0,0,1,0,0,0,0,0.0,0.0,10.0,11.0,42.7,4.8,1.0,0.0,0.0,15.0,15.0,39.4,4.4,1.0,,,,,,,,4.0,-14.0,-200.0,0.047619047619047616,0.11904761904761904,7,13,112.8,15.0,1060,1405,1186,,,,,,,,,,,,,,,4.0,0.0,56.0,-240.0,16.0,11.0,462.0,0.0,0.0,,,,3.3000000000000043,0.0
31,202109010104,1,2,1,16,10,4,6,117,0,0,0,0,1,1,0,4,2,0,2,27,0,0,0,0,0,0,0,0,0,0,0,1,0,0,0,0,0.0,0.0,3.0,,,,0.125,0.0,0.0,12.0,13.0,38.9,2.7,0.38461538461538464,0.0,0.0,10.0,14.0,39.2,2.8,0.2857142857142857,1.0,-8.0,-400.0,0.0,0.1,4,8,73.5,12.0,1313,1013,1108,0.0,0.0,14.0,16.0,42.7,5.6,0.125,0.0,0.0,12.0,16.0,42.1,4.7,0.1875,1.1,0.0,54.0,-625.0,16.0,8.0,456.0,0.0,0.07692307692307693,0.14285714285714285,0.0,-0.0625,-1.310000000000001,0.0
32,202109010201,4,6,5,72,10,4,6,117,0,0,1,3,3,4,5,41,2,0,2,27,0,0,1,2,0,1,0,10,0,0,0,18,0,0,0,0,0.0,0.0,50.0,7.0,36.8,0.5,0.5,0.0,0.0,130.0,11.0,38.3,2.1,0.6428571428571429,0.0,0.0,70.0,7.0,35.7,1.1,0.5,0.0,15.0,380.0,0.043478260869565216,0.2608695652173913,2,3,12.6,5.0,1228,1013,1108,0.0,0.0,50.0,1.0,37.5,0.0,0.3125,0.0,0.0,30.0,7.0,38.6,1.3,0.1875,-1.0,0.2,53.0,-1171.0,16.0,12.0,469.0,0.16666666666666666,0.0,0.0,-0.0625,0.0,-0.28000000000000114,0.0
33,202109010201,4,6,5,72,0,0,0,7,0,0,0,0,3,4,5,41,0,0,0,3,0,0,0,0,0,1,0,10,0,0,0,0,0,0,0,0,0.0,0.0,5.0,6.0,38.7,0.8,0.09090909090909091,0.0,0.0,13.0,9.0,37.6,1.8,0.4375,0.0,0.0,11.0,7.0,38.5,1.5,0.1875,0.5,-10.0,0.0,0.014925373134328358,0.16417910447761194,4,8,5.0,2.0,1228,1374,1108,0.0,0.0,13.0,6.0,37.6,1.9,0.375,0.0,0.0,13.0,13.0,37.3,1.8,0.3333333333333333,1.1,0.0,54.0,-1036.0,16.0,11.0,468.0,0.0,0.0625,0.0,0.0625,0.06666666666666667,0.28000000000000114,0.0
34,202109010201,2,4,4,44,8,8,14,82,0,0,1,0,1,0,0,4,1,1,2,14,0,0,0,0,0,0,0,0,0,0,2,2,0,0,0,0,0.0,0.0,5.0,2.0,37.3,0.3,0.25,0.0,0.0,1.0,5.0,37.1,0.8,0.4375,0.0,0.0,11.0,10.0,34.8,0.9,0.16666666666666666,4.0,-2.0,0.0,0.08333333333333333,0.20833333333333334,7,14,10.7,3.0,1561,1559,1263,0.0,0.0,12.0,5.0,36.5,1.0,0.6875,0.0,0.0,1.0,1.0,37.0,0.0,0.25,-0.2,0.4,54.0,-426.0,16.0,12.0,428.0,0.0,0.0,0.0,-0.125,-0.0625,0.11999999999999958,0.0
35,202109010201,11,3,4,48,1,3,3,53,0,0,0,4,3,0,1,13,0,0,1,10,0,0,0,2,1,0,1,5,0,0,0,5,0,0,0,0,0.0,0.0,8.0,5.0,36.7,1.1,0.8888888888888888,0.0,0.0,12.0,15.0,38.1,3.0,0.8,0.0,0.0,9.0,16.0,39.4,3.2,0.1875,5.5,-4.0,380.0,0.10526315789473684,0.3157894736842105,8,16,63.7,9.0,1348,1366,1221,0.0,0.0,11.0,15.0,38.3,2.2,0.625,0.0,0.0,11.0,8.0,36.5,0.7,0.9375,0.6,0.0,54.0,-989.0,16.0,9.0,498.0,-0.2222222222222222,0.06666666666666667,0.0,0.125,0.0,0.020000000000000996,0.0
36,202109010201,11,3,4,48,0,0,0,2,0,0,0,0,3,0,1,13,0,0,0,0,0,0,0,0,1,0,1,5,0,0,0,0,0,0,0,0,0.0,0.0,8.0,7.0,39.4,1.1,0.26666666666666666,0.0,0.0,6.0,11.0,40.2,1.7,0.06666666666666667,0.0,0.0,2.0,2.0,37.8,0.1,0.13333333333333333,-2.5,-4.0,-600.0,0.4166666666666667,0.5,7,13,1.6,1.0,1348,1560,1221,0.0,0.0,10.0,13.0,36.1,1.8,0.5,0.0,0.0,3.0,5.0,37.8,0.8,0.4,-0.2,0.2,54.0,-931.0,16.0,15.0,460.0,0.06666666666666667,0.0,0.0,0.0,-0.2,0.7300000000000004,0.0
37,202109010201,4,14,9,78,12,5,10,91,1,1,0,6,2,4,6,21,4,0,3,24,1,0,0,2,1,0,3,7,2,0,1,10,1,0,0,2,0.0,0.0,13.0,5.0,35.7,0.6,0.14285714285714285,0.0,0.0,14.0,11.0,40.0,2.1,0.4,0.0,0.0,7.0,9.0,38.7,2.2,0.0625,2.0,-6.0,200.0,0.05405405405405406,0.1891891891891892,6,12,16.0,6.0,1172,1558,1556,0.0,0.0,7.0,8.0,38.6,1.5,0.1875,0.0,0.0,6.0,6.0,39.2,1.4,0.125,-0.1,0.0,53.0,-146.0,16.0,14.0,424.0,0.0,-0.2,0.0,0.0,0.0,-0.5600000000000002,0.0
38,202109010201,11,8,8,63,3,10,11,113,0,1,0,7,2,0,0,17,1,2,2,28,0,0,0,1,0,0,0,6,0,2,1,7,0,0,0,0,0.0,0.0,,,,,,0.0,0.0,140.0,15.0,44.2,7.0,0.2,0.0,0.0,130.0,16.0,41.7,6.8,1.0,1.0,,-100.0,0.03389830508474576,0.11864406779661017,5,9,46.2,8.0,1520,1556,695,0.0,0.0,160.0,7.0,37.9,1.1,0.5625,0.0,0.0,110.0,15.0,41.5,4.4,0.6875,-0.9,0.0,54.0,-489.0,16.0,8.0,,,0.6,0.0,-0.0625,0.25,1.1900000000000013,0.0
39,202109010201,0,1,4,19,4,8,12,116,0,0,0,2,0,0,1,2,0,2,3,23,0,0,0,0,0,0,1,0,0,1,1,6,0,0,0,0,0.0,0.0,7.0,7.0,41.6,4.4,0.5714285714285714,0.0,0.0,13.0,10.0,39.2,1.5,0.4375,0.0,0.0,13.0,9.0,38.3,1.6,0.5333333333333333,1.0,32.0,-200.0,0.02857142857142857,0.11428571428571428,1,2,159.4,14.0,1601,1167,239,0.0,0.0,15.0,13.0,39.5,3.3,0.625,0.0,0.0,14.0,8.0,37.8,1.9,1.0,0.5,0.0,54.0,-814.0,16.0,7.0,450.0,0.42857142857142855,-0.0625,0.0,0.0,0.0,0.7300000000000011,0.0
40,202109010201,7,2,4,54,4,1,4,36,0,0,2,2,1,0,0,14,0,0,0,5,0,0,0,0,1,0,0,6,0,0,0,2,0,0,0,0,0.0,0.0,11.0,10.0,35.5,0.6,0.8571428571428571,0.0,0.0,10.0,8.0,35.8,1.6,0.9285714285714286,0.0,0.0,7.0,11.0,39.4,2.3,0.125,0.5,4.0,200.0,0.0,0.21428571428571427,3,5,64.9,10.0,1278,1376,625,0.0,0.0,10.0,10.0,38.2,1.5,0.4375,0.0,0.0,10.0,9.0,38.1,1.9,0.875,0.0,0.0,54.0,-189.0,16.0,14.0,432.0,0.0,0.0,0.0,-0.0625,-0.0625,-0.7600000000000009,0.0
41,202109010201,4,14,9,78,5,2,0,16,0,0,0,0,2,4,6,21,2,1,0,4,0,0,0,0,1,0,3,7,1,0,0,1,0,0,0,0,0.0,0.0,1.0,4.0,40.0,0.4,0.45454545454545453,0.0,0.0,14.0,17.0,35.2,1.6,0.8333333333333334,0.0,0.0,7.0,14.0,40.7,3.9,0.21428571428571427,5.0,7.0,-200.0,0.11764705882352941,0.3058823529411765,2,4,132.9,12.0,1172,1228,1556,0.0,0.0,13.0,2.0,36.5,0.8,0.2857142857142857,0.0,0.0,13.0,14.0,39.1,2.2,0.5333333333333333,0.5,0.2,54.0,-1156.0,16.0,11.0,461.0,-0.09090909090909091,-0.05555555555555555,0.6428571428571429,-0.07142857142857142,0.06666666666666667,0.05,0.0
42,202109010201,2,1,2,20,2,2,2,41,0,0,0,2,2,1,0,5,0,0,1,11,0,0,0,0,1,1,0,2,0,0,0,6,0,0,0,0,0.0,0.0,7.0,1.0,40.9,0.0,0.6,0.0,0.0,10.0,10.0,36.2,1.2,0.875,0.0,0.0,16.0,6.0,36.8,0.5,0.625,2.5,10.0,-200.0,0.0,0.07407407407407407,5,10,230.3,16.0,1396,1014,1556,0.0,0.0,16.0,11.0,38.3,2.1,0.9375,0.0,0.0,17.0,15.0,35.0,1.2,1.0,2.9,0.2,54.0,-943.0,16.0,10.0,446.0,-0.3,0.0,0.125,-0.125,0.0,0.9700000000000003,0.0
43,202109010201,7,0,3,30,1,3,3,53,0,0,0,1,1,0,0,7,0,0,1,10,0,0,0,1,0,0,0,3,0,0,0,5,0,0,0,1,0.0,0.0,1.0,1.0,38.3,0.0,0.14285714285714285,0.0,0.0,8.0,9.0,39.3,2.2,0.4666666666666667,0.0,0.0,6.0,14.0,42.5,3.4,0.125,6.5,-6.0,400.0,0.045454545454545456,0.11363636363636363,8,15,28.5,7.0,1431,1366,1428,0.0,0.0,6.0,6.0,39.1,1.9,0.38461538461538464,0.0,0.0,7.0,12.0,40.2,2.1,0.0625,1.9,0.2,54.0,-500.0,16.0,7.0,496.0,,0.0,0.0,0.07692307692307693,0.0,-0.36000000000000154,0.0
44,202109010201,1,4,1,41,1,0,2,17,0,0,0,0,0,0,1,7,0,0,1,5,0,0,0,0,0,0,1,4,0,0,1,4,0,0,0,0,0.0,0.0,80.0,10.0,40.8,2.8,0.7272727272727273,0.0,0.0,100.0,15.0,37.4,1.7,0.25,0.0,0.0,150.0,13.0,39.4,2.3,0.4375,1.5,8.0,-400.0,0.0625,0.15625,4,7,161.2,15.0,1090,1620,1169,0.0,0.0,130.0,16.0,40.9,4.9,0.0625,0.0,0.0,50.0,7.0,36.4,0.9,0.5882352941176471,-0.5,0.0,54.0,-870.0,16.0,11.0,428.0,-0.09090909090909091,0.0,-0.0625,0.0,0.0,0.5299999999999997,0.0
45,202109010201,4,8,3,72,1,0,0,7,0,0,0,3,2,5,2,39,0,0,0,1,0,0,0,0,0,2,0,13,0,0,0,0,0,0,0,0,0.0,0.0,3.0,10.0,44.2,4.5,0.2,0.0,0.0,9.0,15.0,39.7,2.5,0.6875,0.0,0.0,8.0,8.0,40.4,2.7,0.6875,-1.0,13.0,-200.0,0.0,0.04,1,1,95.7,11.0,1645,1309,1366,0.0,0.0,9.0,3.0,38.5,1.3,0.125,0.0,0.0,7.0,10.0,41.7,2.4,0.2,-1.2,0.2,54.0,-892.0,16.0,10.0,467.0,0.7,0.125,0.0625,0.0,-0.06666666666666667,0.6200000000000003,0.0
46,202109010201,8,4,7,50,0,0,0,1,0,0,0,0,1,0,0,5,0,0,0,0,0,0,0,0,1,0,0,3,0,0,0,0,0,0,0,0,0.0,0.0,9.0,1.0,40.5,0.0,0.09090909090909091,0.0,0.0,17.0,16.0,36.9,1.9,0.2777777777777778,0.0,0.0,14.0,9.0,37.1,1.9,0.875,4.0,18.0,-800.0,0.0,0.17647058823529413,3,6,152.5,13.0,1152,1723,1428,0.0,0.0,14.0,8.0,38.9,2.1,0.4375,0.0,0.0,13.0,15.0,39.0,2.6,0.6875,2.0,0.2,54.0,-1248.0,16.0,11.0,444.0,0.0,0.1111111111111111,0.0,0.0,0.25,0.1,0.0
47,202109010201,5,5,7,81,2,1,1,9,0,0,0,1,1,3,3,27,0,0,0,1,0,0,0,1,0,2,1,10,0,0,0,0,0,0,0,0,0.0,0.0,90.0,3.0,33.9,0.7,1.0,0.0,0.0,12.0,11.0,34.1,1.7,0.5294117647058824,0.0,0.0,8.0,7.0,35.1,0.3,0.3125,2.0,-2.0,0.0,0.0,0.07142857142857142,6,11,11.2,4.0,1393,1,1263,0.0,0.0,10.0,1.0,34.8,0.0,0.4375,0.0,0.0,4.0,7.0,32.7,0.3,0.625,-0.2,0.4,54.0,-1358.0,16.0,10.0,494.0,-0.1,0.0,0.0,0.0625,,0.16999999999999957,0.0
48,202109010206,0,0,0,0,0,0,0,0,0,0,0,0,0,0,0,0,0,0,0,0,0,0,0,0,0,0,0,0,0,0,0,0,0,0,0,0,0.0,0.0,50.0,80.0,38.8,1.4,1.0,0.0,0.0,100.0,60.0,32.2,0.6,0.8333333333333334,0.0,0.0,130.0,140.0,39.5,2.3,0.125,30.0,-4.0,-200.0,0.027777777777777776,0.16666666666666666,8,12,4.7,2.0,296,972,1,0.0,0.0,60.0,160.0,37.3,2.2,0.5,0.0,0.0,20.0,10.0,37.2,0.0,0.16666666666666666,-4.0,0.0,54.0,-354.0,12.0,10.0,492.0,-0.1,,0.0625,-0.125,0.0,-0.19000000000000056,0.0
49,202109010206,0,2,1,13,9,8,6,68,0,0,0,1,0,1,1,6,1,0,0,10,0,0,0,1,0,1,1,4,0,0,0,1,0,0,0,1,0.0,0.0,6.0,7.0,40.3,1.4,0.6363636363636364,0.0,0.0,12.0,9.0,37.7,0.8,0.6666666666666666,0.0,0.0,11.0,7.0,37.7,0.8,0.3125,0.0,11.0,-200.0,0.015151515151515152,0.15151515151515152,5,5,5.4,3.0,1366,1618,216,0.0,0.0,8.0,7.0,37.2,1.1,0.3076923076923077,0.0,0.0,9.0,10.0,38.1,1.1,0.5625,0.4,0.0,57.0,-1170.0,12.0,11.0,517.0,-0.09090909090909091,0.0,0.0625,0.07692307692307693,0.0,0.48999999999999916,0.0
50,202109010206,8,1,2,41,1,0,0,16,1,0,0,4,1,0,0,4,1,0,0,3,1,0,0,2,0,0,0,3,0,0,0,2,0,0,0,2,0.0,0.0,16.0,14.0,37.4,2.2,0.875,0.0,0.0,15.0,15.0,38.4,2.7,0.6,0.0,0.0,15.0,14.0,36.6,2.0,0.9375,0.0,0.0,-200.0,0.045454545454545456,0.22727272727272727,7,9,10.0,4.0,1304,749,1503,0.0,0.0,9.0,10.0,36.6,1.1,0.8125,0.0,0.0,1.0,1.0,35.8,0.0,1.0,-3.1,0.2,54.0,-301.0,12.0,16.0,452.0,-0.125,0.06666666666666667,0.0,0.0,0.0,0.5,0.0
51,202109010206,3,2,2,54,0,2,1,13,0,0,0,1,0,1,0,11,0,1,0,4,0,0,0,0,0,0,0,2,0,0,0,0,0,0,0,0,0.0,0.0,60.0,100.0,41.4,2.8,0.1,0.0,0.0,110.0,100.0,35.8,1.2,0.8333333333333334,0.0,0.0,60.0,90.0,37.4,0.9,0.08333333333333333,-5.0,6.0,-200.0,0.0,0.1875,5,6,49.7,7.0,1403,1313,939,0.0,0.0,70.0,50.0,36.8,0.3,0.09090909090909091,0.0,0.0,60.0,60.0,36.3,0.5,0.4166666666666667,-13.0,0.0,55.0,-617.0,12.0,10.0,490.0,0.8,0.08333333333333333,0.0,0.0,-0.08333333333333333,0.9200000000000003,0.0
52,202109010206,1,1,4,12,3,10,11,113,0,0,1,2,0,0,2,3,1,2,2,28,0,0,1,1,0,0,1,1,0,0,0,10,0,0,0,0,0.0,0.0,3.0,7.0,38.6,2.0,1.0,0.0,0.0,10.0,13.0,39.7,2.7,0.35714285714285715,0.0,0.0,12.0,6.0,37.4,1.1,0.625,-0.5,-5.0,0.0,0.0,0.16666666666666666,3,3,129.3,10.0,1509,1556,1110,0.0,0.0,8.0,9.0,37.3,0.7,0.2857142857142857,0.0,0.0,8.0,8.0,37.0,1.1,0.4666666666666667,-0.2,0.0,55.0,-1248.0,12.0,9.0,465.0,-0.1111111111111111,0.0,0.0,-0.07142857142857142,0.0,0.5600000000000008,0.0
53,202109010206,15,11,16,108,10,4,6,117,4,0,0,9,4,3,4,28,2,0,2,27,2,0,0,4,2,0,1,5,1,0,1,4,1,0,0,1,0.0,0.0,2.0,3.0,39.1,0.6,0.08333333333333333,0.0,0.0,11.0,15.0,38.0,2.2,0.3125,0.0,0.0,13.0,16.0,39.4,1.9,0.125,6.5,19.0,-300.0,0.10204081632653061,0.32653061224489793,6,8,1.7,1.0,1576,1013,1577,0.0,0.0,9.0,16.0,38.7,2.2,0.75,0.0,0.0,9.0,12.0,37.2,1.6,0.5625,1.9000000000000004,0.2,57.0,-1256.0,12.0,12.0,517.0,0.0,0.1875,0.0,-0.1875,0.1875,0.30999999999999944,0.0
54,202109010206,4,6,5,72,0,2,4,28,0,0,1,3,3,4,5,41,0,1,1,7,0,0,1,2,1,1,1,9,0,0,0,0,0,0,0,0,0.0,0.0,70.0,7.0,42.4,2.4,0.8571428571428571,0.0,0.0,60.0,9.0,37.1,1.2,0.5384615384615384,0.0,0.0,60.0,15.0,38.2,1.9,0.1875,4.0,-9.0,-300.0,0.11904761904761904,0.30952380952380953,1,1,16.4,5.0,1228,1328,1108,0.0,0.0,70.0,1.0,36.3,0.0,0.08333333333333333,0.0,0.0,50.0,12.0,37.1,1.7,0.6666666666666666,0.2,0.2,57.0,-1109.0,12.0,7.0,497.0,0.14285714285714285,0.0,0.125,0.0,-0.06666666666666667,1.14,0.0
55,202109010206,11,8,8,63,4,8,12,116,0,1,1,3,2,0,0,17,0,2,3,23,0,0,0,0,0,0,0,2,0,1,2,9,0,0,0,0,0.0,0.0,7.0,10.0,38.4,1.9,0.5,0.0,0.0,16.0,15.0,37.8,2.2,0.8125,0.0,0.0,12.0,11.0,40.3,2.9,0.9166666666666666,0.5,9.0,300.0,0.034482758620689655,0.1206896551724138,7,10,92.6,9.0,1520,1167,695,0.0,0.0,14.0,14.0,38.5,1.9,0.5714285714285714,0.0,0.0,9.0,8.0,37.4,1.9,0.9166666666666666,-0.5,0.0,55.0,-211.0,12.0,12.0,461.0,0.16666666666666666,-0.0625,0.0,0.14285714285714285,0.0,0.12999999999999973,0.0
56,202109010206,1,5,3,12,3,10,11,113,0,0,0,0,0,0,0,0,1,2,2,28,0,0,0,0,0,0,0,0,0,0,0,10,0,0,0,0,0.0,0.0,7.0,7.0,15.9,29.1,1.0,0.0,0.0,11.0,12.0,14.8,12.7,1.0,0.0,0.0,11.0,9.0,37.4,2.0,1.0,1.0,8.0,-1770.0,0.046511627906976744,0.11627906976744186,6,7,196.4,11.0,1721,1556,980,0.0,0.0,16.0,10.0,38.0,1.3,0.9375,0.0,0.0,1.0,4.0,40.0,1.1,0.5,-0.8,0.0,55.0,-63.0,12.0,7.0,454.0,0.0,0.0,-0.08333333333333333,-0.0625,0.0,-7.140000000000001,0.0
57,202109010206,4,3,6,58,3,8,2,36,0,0,0,0,0,0,1,9,0,0,0,3,0,0,0,0,0,0,0,3,0,0,0,0,0,0,0,0,0.0,0.0,9.0,9.0,39.2,1.9,0.6666666666666666,0.0,0.0,15.0,14.0,39.4,4.3,0.8666666666666667,0.0,0.0,12.0,8.0,37.6,0.6,0.6923076923076923,-0.5,1.0,0.0,,,8,11,17.8,6.0,1009,1221,298,0.0,0.0,6.0,12.0,38.4,0.9,0.5333333333333333,0.0,0.0,10.0,6.0,36.9,0.9,0.3125,-0.8,0.0,55.0,-1254.0,12.0,9.0,445.0,0.1111111111111111,0.13333333333333333,0.07692307692307693,-0.06666666666666667,0.125,0.5600000000000008,0.0
58,202109010206,2,1,2,21,12,5,10,91,1,0,1,3,1,0,1,4,4,0,3,24,1,0,1,2,1,0,0,2,2,0,1,4,1,0,0,2,0.0,0.0,7.0,6.0,13.5,5.6,0.45454545454545453,0.0,0.0,8.0,4.0,13.9,2.9,1.0,0.0,0.0,11.0,11.0,13.8,5.5,0.4166666666666667,2.5,2.0,-1800.0,0.19047619047619047,0.19047619047619047,2,2,310.4,12.0,1362,1558,1263,0.0,0.0,12.0,11.0,38.8,2.8,0.6666666666666666,0.0,0.0,5.0,8.0,40.3,2.5,0.5,1.1,0.0,57.0,-105.0,12.0,11.0,476.0,0.0,-0.5,0.3333333333333333,0.08333333333333333,0.1,-7.85,0.0
59,202109010206,0,0,0,7,2,1,2,14,0,0,0,3,0,0,0,0,1,1,0,5,0,0,0,0,0,0,0,0,0,0,0,1,0,0,0,0,0.0,0.0,8.0,,,,0.6666666666666666,0.0,0.0,12.0,13.0,40.1,3.5,0.46153846153846156,0.0,0.0,14.0,11.0,38.4,1.6,0.375,-2.0,-2.0,0.0,,,4,4,74.9,8.0,1225,1124,1263,0.0,0.0,15.0,12.0,39.5,2.0,0.5625,0.0,0.0,10.0,16.0,39.2,3.2,0.6875,1.0,0.0,57.0,0.0,12.0,12.0,458.0,0.0,0.38461538461538464,0.0625,-0.0625,0.1875,0.15999999999999942,0.0
60,202109010310,13,7,11,84,8,4,4,44,3,0,0,1,6,2,3,19,7,0,2,12,3,0,0,0,1,0,0,0,1,0,0,0,0,0,0,0,0.0,0.0,80.0,10.0,35.5,1.6,0.7692307692307693,0.0,0.0,80.0,9.0,35.8,1.2,0.7142857142857143,0.0,0.0,50.0,8.0,37.2,0.7,0.21428571428571427,-1.0,-8.0,50.0,0.17857142857142858,0.42857142857142855,4,7,3.9,1.0,1716,1235,1167,0.0,0.0,60.0,4.0,36.9,0.1,0.4375,0.0,0.0,40.0,6.0,36.0,1.0,0.4166666666666667,-1.3,0.0,57.0,-1239.0,16.0,13.0,506.0,0.07692307692307693,0.07142857142857142,0.0,0.0,0.08333333333333333,-0.21000000000000013,0.0
61,202109010310,11,8,8,63,2,3,2,29,0,0,0,1,2,0,0,17,0,0,1,6,0,0,0,0,0,0,0,2,0,0,0,0,0,0,0,0,0.0,0.0,60.0,4.0,40.0,1.0,0.2222222222222222,0.0,0.0,140.0,13.0,36.9,2.3,0.875,0.0,0.0,120.0,12.0,37.0,1.6,0.6428571428571429,4.0,17.0,-200.0,0.11627906976744186,0.3023255813953488,6,12,18.8,9.0,1520,1393,695,0.0,0.0,100.0,7.0,37.9,0.9,0.5,0.0,0.0,120.0,14.0,38.3,1.5,0.625,1.4,0.0,57.0,-1252.0,16.0,9.0,487.0,0.0,0.0,0.0,-0.0625,0.125,0.24000000000000057,0.0
62,202109010310,15,11,16,108,9,8,6,68,0,0,1,5,4,3,4,28,1,0,0,10,0,0,0,1,0,1,0,0,0,0,0,0,0,0,0,0,0.0,0.0,50.0,30.0,40.1,0.8,0.5454545454545454,0.0,0.0,130.0,120.0,35.4,1.4,1.0,0.0,0.0,140.0,70.0,35.6,0.8,1.0,20.0,-10.0,-200.0,0.08333333333333333,0.2916666666666667,2,3,4.2,2.0,1576,1618,1577,0.0,0.0,130.0,100.0,35.2,1.0,0.9375,0.0,0.0,150.0,70.0,35.4,1.4,1.0,6.0,0.0,57.0,-1253.0,16.0,11.0,540.0,-0.2727272727272727,-0.0625,0.0,0.0,0.0,0.9600000000000002,0.0
63,202109010310,1,0,1,6,5,2,0,16,1,0,0,1,1,0,0,1,2,1,0,4,1,0,0,0,0,0,0,0,0,0,0,0,0,0,0,0,0.0,0.0,4.0,6.0,37.5,0.8,0.26666666666666666,0.0,0.0,10.0,4.0,37.5,0.7,0.25,0.0,0.0,2.0,1.0,36.7,0.0,0.14285714285714285,-2.5,0.0,0.0,0.027777777777777776,0.1111111111111111,5,9,21.5,10.0,1319,1228,334,0.0,0.0,1.0,8.0,36.7,0.7,0.0625,0.0,0.0,2.0,2.0,37.6,0.0,0.0625,-0.4,0.4,55.0,-84.0,16.0,15.0,502.0,-0.13333333333333333,-0.0625,0.0,0.0,0.0,0.05999999999999943,0.0
64,202109010310,4,6,5,72,9,8,6,68,0,1,0,5,3,4,5,41,1,0,0,10,0,0,0,1,0,0,1,3,0,0,0,0,0,0,0,0,0.0,0.0,4.0,9.0,42.4,2.8,0.1,0.0,0.0,13.0,12.0,38.5,1.7,0.14285714285714285,0.0,0.0,13.0,13.0,38.6,2.1,0.6153846153846154,2.0,1.0,-200.0,0.014705882352941176,0.17647058823529413,4,8,6.4,3.0,1228,1618,1108,0.0,0.0,16.0,8.0,35.2,0.8,0.8125,0.0,0.0,12.0,11.0,37.2,1.6,0.8461538461538461,0.0,0.0,57.0,-1158.0,16.0,10.0,505.0,0.0,0.0,0.07692307692307693,0.0,0.07692307692307693,1.3699999999999988,0.0
65,202109010310,11,8,8,63,1,1,0,6,1,1,0,3,2,0,0,17,0,0,0,2,0,0,0,2,0,0,0,2,0,0,0,0,0,0,0,0,0.0,0.0,10.0,5.0,37.9,1.0,0.5625,0.0,0.0,6.0,6.0,36.5,1.2,0.75,0.0,0.0,7.0,8.0,36.9,0.5,0.3333333333333333,1.5,-2.0,-200.0,0.19047619047619047,0.5476190476190477,1,1,13.6,6.0,1520,1169,695,0.0,0.0,3.0,4.0,37.2,0.8,0.5,0.0,0.0,3.0,7.0,35.4,1.0,0.4375,0.2,0.0,55.0,-21.0,16.0,16.0,508.0,-0.125,0.0,0.0,-0.1875,0.0,0.4299999999999997,0.0
66,202109010310,2,2,2,16,1,1,1,9,1,1,1,2,1,2,1,5,1,1,1,7,1,1,1,1,0,0,0,1,0,0,0,1,0,0,0,1,0.0,0.0,110.0,110.0,43.7,4.7,1.0,0.0,0.0,160.0,60.0,36.8,1.3,0.9375,0.0,0.0,160.0,100.0,37.0,1.5,0.875,-5.0,1.0,-200.0,0.18181818181818182,0.18181818181818182,8,15,71.2,13.0,1170,1423,1404,0.0,0.0,100.0,110.0,37.0,1.6,0.46153846153846156,0.0,0.0,80.0,50.0,36.2,0.6,0.8125,-7.0,0.0,57.0,-1236.0,16.0,11.0,475.0,0.0,-0.0625,0.0,0.15384615384615385,0.0,1.4799999999999998,0.0
67,202109010310,4,4,3,42,7,2,3,40,1,0,0,2,2,0,1,13,2,1,0,14,1,0,0,2,0,0,0,3,0,0,0,4,0,0,0,2,0.0,0.0,160.0,90.0,38.9,1.1,0.875,0.0,0.0,130.0,140.0,36.9,1.8,0.9333333333333333,0.0,0.0,130.0,90.0,35.1,0.7,1.0,0.0,-11.0,-400.0,0.0,0.0,8,16,28.2,11.0,1482,1039,1263,0.0,0.0,110.0,80.0,35.9,1.3,0.875,0.0,0.0,120.0,80.0,35.7,0.7,1.0,-8.0,0.0,57.0,-732.0,16.0,16.0,471.0,-0.125,-0.06666666666666667,-0.0625,0.0,0.0,0.7399999999999991,0.0
68,202109010310,0,0,0,1,0,0,0,0,0,0,0,0,0,0,0,0,0,0,0,0,0,0,0,0,0,0,0,0,0,0,0,0,0,0,0,0,0.0,0.0,2.0,6.0,40.9,2.0,0.3,0.0,0.0,16.0,14.0,35.3,1.5,0.9375,0.0,0.0,11.0,14.0,40.0,3.1,0.5333333333333333,4.0,3.0,-600.0,0.0,0.11764705882352941,3,5,174.0,16.0,1707,1051,1482,0.0,0.0,16.0,14.0,35.6,1.1,0.8125,0.0,0.0,13.0,16.0,40.3,3.1,0.3125,2.0,0.0,57.0,-733.0,16.0,10.0,509.0,-0.1,0.0,-0.06666666666666667,-0.0625,0.0625,0.08999999999999986,0.0
69,202109010310,15,11,16,108,9,8,5,91,0,0,1,7,4,3,4,28,1,1,1,18,0,0,0,0,0,1,0,0,0,0,0,1,0,0,0,0,0.0,0.0,16.0,16.0,38.9,3.8,0.8125,0.0,0.0,7.0,10.0,37.5,1.7,0.625,0.0,0.0,6.0,7.0,37.0,0.6,0.1875,-4.5,10.0,0.0,0.24390243902439024,0.5365853658536586,2,4,16.9,7.0,1576,1345,1577,0.0,0.0,2.0,1.0,38.4,0.0,0.1875,0.0,0.0,2.0,5.0,37.2,1.0,0.4,-3.1,0.2,57.0,-322.0,16.0,16.0,552.0,0.0625,0.0625,-0.0625,0.0,-0.06666666666666667,0.24999999999999928,0.0
70,202109010310,1,0,1,0,1,0,1,0,1,0,1,0,1,0,1,0,1,0,1,0,1,0,1,0,0,0,0,0,0,0,0,0,0,0,0,0,0.0,0.0,2.0,5.0,40.6,0.6,0.1,0.0,0.0,14.0,16.0,39.1,2.3,0.4375,0.0,0.0,14.0,7.0,37.2,0.8,0.125,1.0,9.0,-200.0,0.06666666666666667,0.16666666666666666,6,11,36.8,12.0,878,156,1,0.0,0.0,12.0,15.0,37.8,1.9,0.375,0.0,0.0,14.0,13.0,37.6,1.4,0.125,1.5,0.0,57.0,-1250.0,16.0,10.0,545.0,0.0,0.5,0.0,0.0625,0.0625,0.7300000000000004,0.0
71,202109010310,4,14,9,78,0,3,0,23,0,0,0,0,2,4,6,21,0,1,0,3,0,0,0,0,0,1,1,1,0,0,0,0,0,0,0,0,0.0,0.0,14.0,12.0,36.7,1.7,0.8125,0.0,0.0,15.0,15.0,38.5,2.6,0.4375,0.0,0.0,12.0,7.0,36.3,0.8,0.8,-2.5,-12.0,0.0,0.08333333333333333,0.375,1,2,100.3,14.0,1172,225,1556,0.0,0.0,6.0,1.0,36.8,0.0,0.4,0.0,0.0,12.0,9.0,37.4,0.6,0.125,-2.0,0.2,55.0,0.0,16.0,16.0,420.0,0.0,0.125,0.0,0.13333333333333333,-0.0625,0.030000000000001137,0.0
72,202109010310,1,2,2,30,0,0,0,3,0,0,0,1,0,0,0,2,0,0,0,0,0,0,0,0,0,0,0,0,0,0,0,0,0,0,0,0,0.0,0.0,80.0,14.0,13.9,10.7,0.7142857142857143,0.0,0.0,150.0,9.0,36.5,0.8,0.75,0.0,0.0,160.0,8.0,36.6,0.7,0.75,-3.0,10.0,-1800.0,0.0,0.0,5,10,138.6,15.0,1294,180,471,0.0,0.0,150.0,13.0,36.2,1.8,1.0,0.0,0.0,130.0,10.0,37.6,1.4,0.9333333333333333,-0.4,0.0,57.0,-113.0,16.0,14.0,504.0,0.21428571428571427,0.125,0.0,0.0,-0.06666666666666667,-4.710000000000001,0.0
73,202109010310,0,0,0,0,0,0,0,0,0,0,0,0,0,0,0,0,0,0,0,0,0,0,0,0,0,0,0,0,0,0,0,0,0,0,0,0,0.0,0.0,20.0,2.0,40.3,0.1,0.09090909090909091,0.0,0.0,90.0,10.0,37.2,1.3,0.9090909090909091,0.0,0.0,110.0,14.0,37.7,2.5,0.75,6.0,-6.0,-100.0,0.05,0.15,7,14,16.9,8.0,518,177,225,0.0,0.0,120.0,13.0,36.9,2.0,0.375,0.0,0.0,90.0,5.0,36.2,0.6,0.125,0.9,0.2,57.0,-1247.0,16.0,11.0,460.0,0.0,-0.09090909090909091,0.0,0.125,0.0,0.8499999999999993,0.0
74,202109010310,4,14,9,78,5,4,5,38,1,0,1,0,2,4,6,21,2,0,3,6,1,0,1,0,0,1,1,1,0,0,1,0,0,0,1,0,0.0,0.0,12.0,6.0,36.7,0.7,0.1875,0.0,0.0,6.0,14.0,37.8,1.5,0.0625,0.0,0.0,11.0,11.0,38.0,1.4,0.06666666666666667,2.5,6.0,-200.0,0.09803921568627451,0.3333333333333333,3,6,7.6,4.0,1172,1482,1556,0.0,0.0,11.0,9.0,37.0,0.5,0.1875,0.0,0.0,7.0,4.0,36.2,0.4,0.125,-0.9,0.0,55.0,-351.0,16.0,16.0,546.0,0.0,0.0,0.0,0.0,0.0,0.17999999999999972,0.0
75,202109010310,13,7,11,84,8,7,3,79,0,0,0,0,6,2,3,19,0,0,1,23,0,0,0,0,1,0,0,0,0,0,0,1,0,0,0,0,0.0,0.0,100.0,90.0,41.5,2.5,0.75,0.0,0.0,140.0,160.0,39.9,2.2,0.0625,0.0,0.0,110.0,70.0,35.2,1.1,0.9166666666666666,-10.0,17.0,-200.0,0.0,0.2,7,13,12.1,5.0,1716,1405,1167,0.0,0.0,170.0,160.0,37.1,2.8,0.16666666666666666,0.0,0.0,120.0,150.0,39.4,1.9,0.0625,12.0,0.0,57.0,-752.0,16.0,12.0,509.0,0.16666666666666666,0.0625,-0.08333333333333333,0.0,0.0,0.7,0.0
76,202109010312,4,6,5,72,4,3,1,36,1,0,0,1,3,4,5,41,2,1,1,7,1,0,0,1,1,0,2,11,0,0,0,2,0,0,0,1,0.0,0.0,10.0,2.0,41.6,0.3,0.3333333333333333,0.0,0.0,130.0,11.0,36.7,1.5,0.8571428571428571,0.0,0.0,140.0,10.0,37.1,1.1,0.75,4.0,8.0,-200.0,0.225,0.525,6,12,2.3,1.0,1228,1721,1108,0.0,0.0,160.0,6.0,36.2,0.9,0.75,0.0,0.0,140.0,14.0,36.9,2.7,0.8,1.9,0.2,57.0,-1245.0,16.0,9.0,498.0,0.0,0.07142857142857142,0.0,0.0625,0.0,0.9900000000000005,0.0
77,202109010312,2,1,0,19,1,1,0,8,1,1,0,1,1,1,0,1,0,1,0,1,0,1,0,0,0,0,0,0,0,0,0,0,0,0,0,0,0.0,0.0,60.0,7.0,13.8,3.0,0.5,0.0,0.0,60.0,10.0,14.1,6.6,0.6666666666666666,0.0,0.0,,,,,,3.0,0.0,-1770.0,0.014492753623188406,0.17391304347826086,4,7,49.0,12.0,1674,1433,1428,0.0,0.0,120.0,7.0,36.7,1.1,0.125,0.0,0.0,90.0,13.0,35.8,1.5,0.625,1.5,0.0,57.0,-743.0,16.0,10.0,490.0,0.0,0.16666666666666666,,0.0,0.0,-8.86,0.0
78,202109010312,4,8,3,72,13,16,12,110,1,3,0,5,2,5,2,39,3,3,1,18,1,2,0,3,0,1,2,7,0,0,1,0,0,0,0,0,0.0,0.0,7.0,10.0,37.5,1.3,0.5384615384615384,0.0,0.0,11.0,1.0,36.3,0.0,0.4,0.0,0.0,8.0,10.0,34.8,1.1,0.5,0.0,-4.0,50.0,0.1,0.32,7,14,15.2,5.0,1645,1183,1366,0.0,0.0,8.0,7.0,34.7,0.8,0.2,0.0,0.0,9.0,6.0,35.6,0.4,0.36363636363636365,-0.2,0.2,57.0,-778.0,16.0,13.0,462.0,-0.07692307692307693,-0.06666666666666667,0.0,0.1,-0.09090909090909091,0.5399999999999991,0.0
79,202109010312,4,5,8,99,8,9,14,114,0,0,1,9,1,0,1,21,0,0,2,18,0,0,1,1,0,0,1,7,0,0,1,3,0,0,1,0,0.0,0.0,90.0,4.0,37.0,0.8,0.8181818181818182,0.0,0.0,160.0,16.0,39.5,4.9,0.875,0.0,0.0,120.0,10.0,35.9,0.6,0.375,3.0,1.0,-100.0,0.20689655172413793,0.4482758620689655,2,4,16.4,7.0,1183,1263,1558,0.0,0.0,130.0,8.0,37.5,0.7,0.5,0.0,0.0,90.0,8.0,35.8,1.1,0.75,0.0,0.0,57.0,-1221.0,16.0,11.0,461.0,-0.18181818181818182,0.0,0.0,0.0,-0.0625,0.44000000000000056,0.0
80,202109010312,1,0,1,6,8,9,14,114,0,0,0,1,1,0,0,1,0,0,2,18,0,0,0,0,0,0,0,1,0,0,1,3,0,0,0,0,0.0,0.0,3.0,7.0,42.2,4.2,0.875,0.0,0.0,16.0,11.0,35.6,2.1,0.625,0.0,0.0,12.0,12.0,36.5,1.3,0.8125,2.5,32.0,-400.0,0.037037037037037035,0.18518518518518517,3,6,22.9,9.0,1319,1263,334,0.0,0.0,12.0,10.0,37.0,1.0,0.4375,0.0,0.0,5.0,8.0,36.6,1.7,0.9375,0.1,0.0,57.0,-1254.0,16.0,8.0,526.0,-0.125,0.0625,0.0,0.25,0.0,0.9800000000000004,0.0
81,202109010312,1,0,0,14,2,2,1,21,1,0,0,2,0,0,0,3,0,0,0,6,0,0,0,2,0,0,0,0,0,0,0,1,0,0,0,0,0.0,0.0,8.0,4.0,36.8,0.2,0.75,0.0,0.0,15.0,9.0,35.9,0.8,0.5,0.0,0.0,13.0,9.0,37.0,1.0,0.75,2.5,2.0,-200.0,0.05,0.1,7,13,20.2,8.0,1468,1436,1328,0.0,0.0,9.0,12.0,37.6,1.4,0.6875,0.0,0.0,9.0,5.0,36.5,0.8,0.5,0.5,0.0,57.0,-491.0,16.0,16.0,498.0,-0.125,0.0,0.0,-0.125,0.0,-0.11000000000000085,0.0
82,202109010312,11,8,8,63,9,8,6,68,1,0,0,6,2,0,0,17,1,0,0,10,0,0,0,1,1,0,0,4,0,0,0,1,0,0,0,1,0.0,0.0,90.0,9.0,38.3,2.7,1.0,0.0,0.0,20.0,14.0,38.5,1.9,0.4,0.0,0.0,30.0,9.0,36.2,1.0,0.7333333333333333,0.0,4.0,-100.0,0.05263157894736842,0.18421052631578946,2,3,5.8,2.0,1520,1618,695,0.0,0.0,20.0,7.0,36.8,0.6,0.75,0.0,0.0,,,,,,-1.1,0.0,54.0,-246.0,16.0,10.0,528.0,-0.1,0.0,-0.06666666666666667,0.0,,0.6799999999999997,0.0
83,202109010312,8,3,3,47,13,16,12,110,1,0,0,3,1,0,0,2,3,3,1,18,0,0,0,0,0,0,0,1,0,0,1,0,0,0,0,0,0.0,0.0,7.0,7.0,39.3,3.0,0.36363636363636365,0.0,0.0,11.0,9.0,37.0,1.4,0.8,0.0,0.0,9.0,10.0,36.9,0.9,0.5625,1.5,22.0,-600.0,0.11494252873563218,0.3103448275862069,6,11,16.3,6.0,1428,1183,1263,0.0,0.0,6.0,8.0,36.6,0.6,0.75,0.0,0.0,5.0,4.0,37.5,0.5,0.3125,-0.7,0.0,57.0,-248.0,16.0,11.0,502.0,-0.09090909090909091,0.06666666666666667,0.125,-0.25,-0.0625,0.3999999999999993,0.0
84,202109010312,3,4,1,28,1,0,0,3,1,0,0,1,2,2,0,10,1,0,0,0,1,0,0,0,0,0,0,2,0,0,0,0,0,0,0,0,0.0,0.0,8.0,9.0,38.7,1.3,0.8333333333333334,0.0,0.0,3.0,5.0,36.0,0.3,0.125,0.0,0.0,4.0,2.0,34.4,0.0,0.1111111111111111,-3.5,12.0,-30.0,0.125,0.20833333333333334,8,16,12.5,4.0,1665,1058,1577,0.0,0.0,9.0,12.0,37.5,1.9,0.16666666666666666,0.0,0.0,4.0,9.0,37.4,0.9,0.4375,0.7,0.2,57.0,-984.0,16.0,12.0,504.0,-0.25,0.0,0.0,0.0,-0.125,0.11000000000000085,0.0
85,202109010312,2,3,4,27,0,3,3,34,0,0,0,0,1,0,0,9,0,3,1,2,0,0,0,0,0,0,0,3,0,1,0,0,0,0,0,0,0.0,0.0,9.0,6.0,38.3,0.5,0.2727272727272727,0.0,0.0,13.0,11.0,36.6,1.6,0.5,0.0,0.0,7.0,16.0,39.0,2.5,0.4375,5.0,14.0,-200.0,0.0,0.16666666666666666,5,10,5.9,3.0,1317,1170,1186,0.0,0.0,3.0,10.0,38.1,1.2,0.125,0.0,0.0,1.0,1.0,36.7,0.0,0.06666666666666667,-1.1,0.2,55.0,-633.0,16.0,11.0,496.0,0.0,0.0625,0.0,0.0,0.0,0.16999999999999887,0.0
86,202109010312,4,8,3,72,0,0,0,1,0,0,0,0,2,5,2,39,0,0,0,1,0,0,0,0,0,1,2,7,0,0,0,0,0,0,0,0,0.0,0.0,16.0,15.0,37.5,2.3,0.75,0.0,0.0,14.0,7.0,37.1,0.5,0.25,0.0,0.0,15.0,12.0,36.4,1.0,0.5,-1.5,16.0,0.0,0.05263157894736842,0.15789473684210525,5,9,160.8,15.0,1645,1070,1366,0.0,0.0,15.0,7.0,37.3,1.3,0.5625,0.0,0.0,11.0,11.0,38.0,1.2,0.1875,-0.8,0.0,55.0,-1078.0,16.0,16.0,474.0,0.0625,0.0625,0.0,0.0625,0.0625,-0.11999999999999958,0.0
87,202109010312,0,2,2,9,0,1,0,7,0,1,0,1,0,0,0,1,0,0,0,2,0,0,0,0,0,0,0,0,0,0,0,0,0,0,0,0,0.0,0.0,50.0,70.0,41.5,2.7,0.2222222222222222,0.0,0.0,120.0,150.0,37.2,1.5,0.4375,0.0,0.0,100.0,130.0,37.1,1.4,0.9375,30.0,10.0,-200.0,0.1388888888888889,0.3333333333333333,8,15,23.5,10.0,1148,1430,1393,0.0,0.0,110.0,160.0,40.1,2.7,0.125,0.0,0.0,60.0,90.0,37.9,2.0,0.375,5.0,0.0,55.0,-1129.0,16.0,9.0,450.0,0.2222222222222222,0.0625,0.0,0.0,-0.0625,0.43000000000000044,0.0
88,202109010312,1,2,1,16,0,0,0,8,0,0,0,1,1,1,0,4,0,0,0,5,0,0,0,1,0,0,0,2,0,0,0,3,0,0,0,1,0.0,0.0,3.0,5.0,41.3,2.3,0.2857142857142857,0.0,0.0,13.0,14.0,39.2,1.6,0.0625,0.0,0.0,12.0,10.0,37.3,0.9,0.625,2.5,6.0,-200.0,0.08695652173913043,0.391304347826087,1,1,65.2,14.0,1313,1380,1108,0.0,0.0,10.0,14.0,38.5,1.8,0.1875,0.0,0.0,9.0,4.0,37.6,0.2,0.125,-0.2,0.0,57.0,-1163.0,16.0,7.0,518.0,0.0,0.0,0.0625,0.0,0.0,0.8099999999999994,0.0
89,202109010312,10,8,5,134,7,2,3,40,0,0,0,2,1,3,2,26,2,1,0,14,0,0,0,0,0,1,0,6,2,0,0,2,0,0,0,0,0.0,0.0,3.0,5.0,38.3,2.1,1.0,0.0,0.0,14.0,11.0,35.7,0.7,0.5,0.0,0.0,10.0,11.0,35.8,2.2,1.0,3.0,34.0,0.0,0.044444444444444446,0.1111111111111111,1,2,59.2,13.0,1221,1039,1263,0.0,0.0,12.0,14.0,38.7,1.8,0.125,0.0,0.0,13.0,14.0,39.0,2.2,0.25,2.1,0.0,55.0,-948.0,16.0,9.0,504.0,0.0,-0.07142857142857142,0.0,0.0,0.0625,-0.44000000000000056,0.0
90,202109010312,4,8,3,72,12,5,10,91,1,0,0,1,2,5,2,39,4,0,3,24,1,0,0,1,0,1,2,7,0,0,0,3,0,0,0,0,0.0,0.0,110.0,11.0,43.3,3.4,0.25,0.0,0.0,160.0,13.0,37.8,0.9,0.4375,0.0,0.0,110.0,15.0,39.7,2.7,0.125,2.0,16.0,-200.0,0.02702702702702703,0.10810810810810811,3,5,40.5,11.0,1645,1558,1366,0.0,0.0,120.0,11.0,35.5,1.4,0.2777777777777778,0.0,0.0,60.0,10.0,36.4,0.9,0.16666666666666666,-0.4,0.0,57.0,-658.0,16.0,12.0,482.0,0.16666666666666666,0.25,0.0,0.0,0.08333333333333333,1.6099999999999994,0.0
91,202109010312,4,6,5,72,8,7,3,79,0,0,1,6,3,4,5,41,0,0,1,23,0,0,1,5,1,0,2,11,0,0,1,3,0,0,1,1,0.0,0.0,14.0,15.0,37.8,2.8,0.8,0.0,0.0,16.0,16.0,38.6,3.5,0.625,0.0,0.0,16.0,16.0,38.6,2.7,0.75,0.5,-20.0,0.0,0.06896551724137931,0.1724137931034483,4,8,248.0,16.0,1228,1405,1108,0.0,0.0,13.0,14.0,38.1,2.2,0.42857142857142855,0.0,0.0,8.0,,,,1.0,-0.3,0.0,57.0,-113.0,16.0,15.0,476.0,0.06666666666666667,0.375,0.1875,0.0,0.0,-0.09000000000000127,0.0
92,202109010401,1,0,1,22,1,1,1,30,0,0,0,0,1,0,1,12,0,0,0,7,0,0,0,0,0,0,1,10,0,0,0,3,0,0,0,0,0.0,0.0,8.0,14.0,41.2,3.6,0.07142857142857142,0.0,0.0,11.0,12.0,38.2,1.2,0.13333333333333333,0.0,0.0,3.0,7.0,36.9,1.0,0.07692307692307693,-3.5,4.0,0.0,0.08,0.22,4,7,1.7,1.0,1426,1306,306,0.0,0.0,7.0,11.0,37.4,1.0,0.15384615384615385,0.0,0.0,5.0,2.0,36.2,0.1,0.0625,-2.5,0.2,56.0,-1274.0,16.0,14.0,496.0,0.0,0.0,0.0,0.0,0.0,1.0800000000000005,0.0
93,202109010401,4,3,1,35,10,4,6,117,0,0,0,2,2,2,0,6,2,0,2,27,0,0,0,2,2,0,0,5,0,0,0,18,0,0,0,2,0.0,0.0,5.0,2.0,38.1,0.1,0.5625,0.0,0.0,6.0,5.0,37.7,1.0,0.5625,0.0,0.0,3.0,4.0,37.4,0.6,0.875,1.0,6.0,-200.0,0.07692307692307693,0.3076923076923077,5,10,85.0,9.0,1571,1013,1108,0.0,0.0,5.0,3.0,37.3,0.5,0.75,0.0,0.0,9.0,2.0,37.5,1.6,0.375,-0.2,0.6,53.0,-83.0,16.0,16.0,494.0,0.125,0.125,0.0,-0.0625,0.0625,0.16000000000000086,0.0
94,202109010401,1,0,0,22,1,0,2,11,0,0,0,0,0,0,0,2,0,0,0,4,0,0,0,0,0,0,0,0,0,0,0,1,0,0,0,0,0.0,0.0,10.0,12.0,38.9,1.1,0.3333333333333333,0.0,0.0,9.0,10.0,36.9,0.8,0.4,0.0,0.0,7.0,8.0,38.6,1.0,0.26666666666666666,-2.0,2.0,0.0,0.14285714285714285,0.14285714285714285,3,6,3.3,2.0,1449,1542,1306,0.0,0.0,2.0,13.0,38.6,1.9,0.0625,0.0,0.0,2.0,1.0,36.4,0.0,0.21428571428571427,-1.9,0.2,54.0,-609.0,16.0,15.0,494.0,0.0,-0.13333333333333333,0.06666666666666667,0.0,0.0,0.32999999999999974,0.0
95,202109010401,0,3,0,3,0,1,0,3,0,1,0,0,0,1,0,2,0,1,0,0,0,1,0,0,0,0,0,1,0,0,0,0,0,0,0,0,0.0,0.0,4.0,,,,1.0,0.0,0.0,5.0,11.0,36.9,1.3,0.8125,0.0,0.0,3.0,4.0,37.6,1.7,0.5625,-7.0,10.0,-300.0,0.11235955056179775,0.30337078651685395,8,16,6.3,3.0,1175,1266,882,0.0,0.0,3.0,3.0,37.3,0.6,0.9285714285714286,0.0,0.0,6.0,4.0,38.6,0.9,0.6875,-2.2,0.25,56.0,-652.0,16.0,7.0,500.0,0.0,0.0,-0.125,-0.07142857142857142,-0.0625,-0.4800000000000004,0.0
96,202109010401,2,3,6,35,13,16,12,110,0,0,0,0,0,1,1,15,3,3,1,18,0,0,0,0,0,1,0,10,1,1,0,4,0,0,0,0,0.0,0.0,3.0,9.0,42.2,2.8,0.7,0.0,0.0,8.0,9.0,35.9,1.0,0.2777777777777778,0.0,0.0,6.0,5.0,39.3,0.4,0.13333333333333333,-2.0,-8.0,-300.0,0.0,0.12,7,14,54.4,8.0,1489,1183,565,0.0,0.0,10.0,6.0,37.8,0.9,0.375,0.0,0.0,8.0,5.0,38.2,1.7,0.125,-1.1,0.0,53.0,-160.0,16.0,10.0,416.0,-0.1,0.1111111111111111,-0.06666666666666667,0.0,0.0,0.6100000000000001,0.0
97,202109010401,1,0,0,10,1,1,0,3,0,0,0,1,0,0,0,4,0,0,0,1,0,0,0,1,0,0,0,4,0,0,0,1,0,0,0,1,0.0,0.0,15.0,12.0,37.3,1.0,0.8125,0.0,0.0,7.0,9.0,38.0,1.3,0.4,0.0,0.0,7.0,10.0,35.5,1.3,0.5,-1.0,6.0,0.0,0.0,0.0,6,12,95.6,10.0,1463,1577,1167,0.0,0.0,8.0,4.0,37.4,1.0,0.375,0.0,0.0,10.0,6.0,38.0,1.9,0.3125,-1.7,0.0,54.0,-125.0,16.0,16.0,422.0,-0.0625,0.06666666666666667,0.0,0.0,0.0,-0.08000000000000043,0.0
98,202109010401,8,4,7,50,0,1,1,10,0,0,0,0,1,0,0,5,0,1,1,4,0,0,0,0,1,0,0,3,0,0,0,1,0,0,0,0,0.0,0.0,5.0,14.0,38.8,2.1,0.6,0.0,0.0,7.0,8.0,38.7,1.5,0.2,0.0,0.0,7.0,7.0,38.6,2.0,0.125,-3.5,-8.0,0.0,0.0,0.0,6,11,39.6,7.0,1152,1541,1428,0.0,0.0,4.0,7.0,38.8,1.1,0.14285714285714285,0.0,0.0,9.0,9.0,36.7,1.6,0.1,-1.1,0.0,54.0,-69.0,16.0,15.0,470.0,0.0,0.0,0.0,0.0,0.0,0.4099999999999994,0.0
99,202109010401,8,13,8,81,8,8,14,82,0,1,1,13,0,1,0,6,1,1,2,14,0,0,0,1,0,1,0,2,0,0,2,2,0,0,0,0,0.0,0.0,13.0,15.0,46.0,4.6,0.125,0.0,0.0,14.0,16.0,40.0,3.2,0.375,0.0,0.0,4.0,8.0,38.6,2.4,0.375,-3.5,6.0,-600.0,0.1935483870967742,0.45161290322580644,5,9,15.7,4.0,1503,1559,1263,0.0,0.0,7.0,11.0,35.4,1.1,0.5,,,,,,,,-2.0,0.0,54.0,-83.0,16.0,16.0,438.0,0.0625,0.1875,-0.0625,0.05555555555555555,,3.3200000000000003,0.0
100,202109010401,1,0,1,22,3,10,11,113,0,0,0,3,1,0,1,12,1,2,2,28,0,0,0,2,0,0,1,10,0,2,1,7,0,0,0,1,0.0,0.0,50.0,6.0,43.3,2.4,0.7,0.0,0.0,160.0,14.0,38.6,2.8,0.5,0.0,0.0,120.0,10.0,38.7,1.5,0.4375,2.0,18.0,-200.0,0.0425531914893617,0.10638297872340426,2,3,293.0,14.0,1426,1556,306,0.0,0.0,160.0,6.0,37.8,1.5,0.5,0.0,0.0,140.0,9.0,38.6,2.6,0.375,-0.2,0.0,54.0,-1242.0,16.0,10.0,440.0,0.0,0.125,0.0625,-0.0625,0.0625,1.0199999999999996,0.0
101,202109010401,5,5,7,81,0,0,1,8,0,0,0,1,1,3,3,27,0,0,0,2,0,0,0,1,0,2,1,10,0,0,0,2,0,0,0,1,0.0,0.0,7.0,6.0,38.6,1.4,0.8333333333333334,0.0,0.0,6.0,6.0,36.1,0.5,0.5,0.0,0.0,6.0,4.0,36.6,0.4,0.5714285714285714,-1.0,9.0,-200.0,0.022222222222222223,0.17777777777777778,3,5,29.7,5.0,1393,1299,1263,0.0,0.0,8.0,5.0,37.9,0.9,0.125,0.0,0.0,5.0,10.0,38.6,2.9,0.625,0.7,0.0,56.0,-394.0,16.0,12.0,475.0,-0.16666666666666666,-0.07142857142857142,-0.14285714285714285,0.0,0.0,-0.17999999999999972,0.0
102,202109010401,9,9,6,64,5,2,1,19,1,0,1,4,1,0,3,5,1,0,1,5,0,0,1,1,1,0,1,2,0,0,0,1,0,0,0,1,0.0,0.0,4.0,7.0,39.1,1.2,0.7857142857142857,0.0,0.0,15.0,11.0,35.4,0.8,0.75,0.0,0.0,9.0,10.0,35.0,0.8,0.6875,1.5,14.0,0.0,0.05263157894736842,0.18421052631578946,7,13,31.3,6.0,1127,848,1328,0.0,0.0,8.0,3.0,33.7,0.8,0.5625,0.0,0.0,6.0,11.0,38.6,3.0,0.625,0.0,0.2,53.0,-1233.0,16.0,14.0,416.0,0.0,0.0,-0.0625,,0.0,0.2699999999999996,0.0
103,202109010401,4,5,1,52,0,0,0,0,0,0,0,0,0,1,0,9,0,0,0,0,0,0,0,0,0,1,0,6,0,0,0,0,0,0,0,0,0.0,0.0,16.0,12.0,38.0,3.2,0.9375,0.0,0.0,14.0,13.0,38.1,2.8,1.0,0.0,0.0,13.0,12.0,37.0,2.6,0.9285714285714286,0.0,0.0,0.0,0.0,0.09523809523809523,8,15,340.2,16.0,1736,388,1482,0.0,0.0,15.0,15.0,39.6,5.4,1.0,,,,,,,,0.8,0.0,56.0,0.0,16.0,16.0,482.0,0.0,0.0,0.0,0.0,,-0.3700000000000003,0.0
104,202109010401,3,2,2,54,8,8,14,82,0,0,0,1,0,1,0,11,1,1,2,14,0,0,0,1,0,0,0,5,0,0,2,2,0,0,0,0,0.0,0.0,100.0,9.0,39.7,3.4,0.8,0.0,0.0,130.0,13.0,38.9,4.1,0.9375,0.0,0.0,110.0,10.0,39.2,3.8,0.9090909090909091,0.5,4.0,-200.0,0.058823529411764705,0.14705882352941177,1,2,280.2,13.0,1403,1559,939,,,,,,,,,,,,,,,0.5,0.0,54.0,-1004.0,16.0,10.0,456.0,0.2,0.0625,0.09090909090909091,,,0.25,0.0
105,202109010401,1,0,0,1,4,6,5,59,0,0,0,1,0,0,0,1,1,0,1,5,0,0,0,1,0,0,0,0,1,0,1,2,0,0,0,0,0.0,0.0,12.0,,,,,0.0,0.0,12.0,14.0,40.2,4.8,0.8125,0.0,0.0,13.0,11.0,39.6,2.6,0.875,-3.0,3.0,-100.0,0.0,0.038461538461538464,2,4,171.3,12.0,1401,1428,517,0.0,0.0,10.0,13.0,38.0,2.1,0.75,0.0,0.0,10.0,6.0,36.9,1.8,0.9285714285714286,-2.2,0.0,56.0,-1105.0,16.0,12.0,471.0,,-0.0625,-0.0625,-0.0625,0.07142857142857142,1.1500000000000015,0.0
106,202109010401,0,1,1,10,0,0,0,0,0,0,0,0,0,0,0,3,0,0,0,0,0,0,0,0,0,0,0,3,0,0,0,0,0,0,0,0,0.0,0.0,8.0,10.0,47.1,7.3,0.4,0.0,0.0,11.0,15.0,40.3,4.8,0.75,0.0,0.0,9.0,10.0,41.0,3.2,0.1,0.0,6.0,-200.0,0.1016949152542373,0.3050847457627119,1,1,119.5,11.0,1279,1639,1079,0.0,0.0,14.0,16.0,39.2,6.0,1.0,,,,,,,,1.3,0.0,54.0,-119.0,16.0,10.0,456.0,0.5,0.0625,0.1,0.0,,2.2999999999999994,0.0
107,202109010401,0,2,1,14,3,10,11,113,0,0,0,0,0,2,0,6,1,2,2,28,0,0,0,0,0,1,0,3,0,2,1,7,0,0,0,0,0.0,0.0,7.0,6.0,42.2,2.4,0.09090909090909091,0.0,0.0,15.0,16.0,41.0,5.7,0.8125,0.0,0.0,13.0,12.0,36.9,2.0,0.7142857142857143,3.0,-4.0,-100.0,0.06451612903225806,0.16129032258064516,4,8,329.6,15.0,1036,1556,1108,0.0,0.0,13.0,13.0,40.5,3.4,0.3076923076923077,0.0,0.0,10.0,7.0,38.5,2.9,0.5,-0.1,0.0,56.0,-98.0,16.0,11.0,490.0,0.18181818181818182,0.0625,-0.07142857142857142,0.0,0.1,0.7900000000000006,0.0
108,202109010411,0,2,5,18,13,16,12,110,0,0,0,0,0,0,1,3,3,3,1,18,0,0,0,0,0,0,0,0,0,0,0,0,0,0,0,0,0.0,0.0,4.0,4.0,36.7,1.8,0.6428571428571429,0.0,0.0,1.0,4.0,36.2,0.8,0.1875,0.0,0.0,1.0,2.0,36.8,0.7,0.4375,-1.0,-11.0,200.0,,,1,1,3.1,2.0,1734,1183,1104,0.0,0.0,1.0,2.0,36.5,0.0,0.5,0.0,0.0,2.0,2.0,36.3,0.1,0.3125,-0.6,0.6,56.0,-1243.0,15.0,14.0,499.0,-0.14285714285714285,0.0,-0.0625,0.0,-0.0625,0.05000000000000142,0.0
109,202109010411,0,0,1,1,1,0,2,7,0,0,1,0,0,0,0,0,0,0,0,1,0,0,0,0,0,0,0,0,0,0,0,0,0,0,0,0,0.0,0.0,1.0,2.0,41.4,0.3,0.18181818181818182,0.0,0.0,16.0,15.0,37.7,2.2,0.4375,0.0,0.0,13.0,13.0,37.9,2.3,0.23076923076923078,5.5,-6.0,-400.0,0.2,0.43333333333333335,5,8,12.8,4.0,964,79,548,0.0,0.0,9.0,13.0,14.8,18.6,0.7857142857142857,0.0,0.0,12.0,16.0,40.4,3.1,0.0625,2.6,0.2,56.0,-1232.0,15.0,11.0,504.0,0.0,0.0,0.0,0.07142857142857142,0.0,2.49,0.0
110,202109010411,4,4,2,46,4,3,1,36,0,0,0,3,0,1,0,4,2,1,1,7,0,0,0,0,0,0,0,0,0,0,0,0,0,0,0,0,0.0,0.0,90.0,9.0,40.2,1.9,1.0,0.0,0.0,100.0,10.0,35.2,2.0,0.7,0.0,0.0,150.0,10.0,38.5,1.8,0.8666666666666667,0.5,15.0,-100.0,0.0,0.1111111111111111,8,15,241.9,15.0,1137,1721,556,0.0,0.0,150.0,14.0,36.5,1.7,1.0,0.0,0.0,130.0,15.0,36.5,1.5,1.0,1.6,0.0,52.0,-1246.0,15.0,11.0,489.0,-0.09090909090909091,0.2,-0.06666666666666667,0.0,0.0,0.6100000000000009,0.0
111,202109010411,0,0,0,1,2,0,2,8,0,0,0,0,0,0,0,1,2,0,0,3,0,0,0,0,0,0,0,0,0,0,0,0,0,0,0,0,0.0,0.0,5.0,4.0,36.7,0.5,0.6875,0.0,0.0,7.0,4.0,36.4,0.3,0.4666666666666667,0.0,0.0,6.0,1.0,35.5,0.0,0.5,-1.5,-4.0,0.0,0.08,0.32,7,13,31.4,7.0,1147,1136,1082,0.0,0.0,4.0,4.0,36.8,0.5,0.1875,0.0,0.0,4.0,4.0,36.6,0.7,0.23076923076923078,0.0,0.2,54.0,-28.0,15.0,16.0,524.0,-0.0625,0.0,-0.14285714285714285,0.0,0.07692307692307693,-0.019999999999999574,0.0
112,202109010411,4,6,5,72,0,0,0,0,0,0,0,0,3,4,5,41,0,0,0,0,0,0,0,0,1,0,0,2,0,0,0,0,0,0,0,0,0.0,0.0,8.0,11.0,39.0,2.3,0.09090909090909091,0.0,0.0,12.0,14.0,38.3,1.8,0.1875,0.0,0.0,10.0,16.0,38.1,2.3,0.0625,2.5,8.0,0.0,0.06060606060606061,0.15151515151515152,6,11,20.5,5.0,1228,1562,1108,0.0,0.0,13.0,15.0,36.5,2.2,0.3125,0.0,0.0,6.0,3.0,37.2,0.8,0.13333333333333333,-1.5,0.2,57.0,-714.0,15.0,11.0,488.0,0.0,0.0,0.0625,-0.0625,0.0,0.5399999999999991,0.0
113,202109010411,0,3,1,5,2,5,2,20,0,0,0,0,0,1,1,3,0,0,1,8,0,0,0,0,0,0,0,0,0,0,0,0,0,0,0,0,0.0,0.0,70.0,,,,,0.0,0.0,30.0,1.0,36.4,0.0,0.125,0.0,0.0,10.0,1.0,35.6,0.0,0.06666666666666667,0.0,-11.0,0.0,0.16666666666666666,0.16666666666666666,7,12,1.9,1.0,1521,1511,1313,0.0,0.0,10.0,6.0,37.2,0.5,0.06666666666666667,0.0,0.0,20.0,3.0,36.5,0.1,0.125,1.1,0.75,56.5,-985.0,15.0,15.0,513.0,,0.0,0.0,0.0,0.0,-0.19000000000000056,0.0
114,202109010411,0,2,1,5,9,8,5,91,0,1,1,0,0,0,0,0,1,1,1,18,0,0,0,0,0,0,0,0,0,0,0,0,0,0,0,0,0.0,0.0,70.0,11.0,38.8,2.5,0.13333333333333333,0.0,0.0,110.0,8.0,36.0,0.7,0.625,0.0,0.0,160.0,6.0,37.8,0.6,0.25,-2.5,-24.0,-800.0,0.08163265306122448,0.22448979591836735,4,6,40.4,9.0,1332,1345,857,0.0,0.0,120.0,16.0,36.7,1.5,0.4375,0.0,0.0,90.0,6.0,37.0,0.9,0.375,-0.2,0.0,54.0,-620.0,15.0,15.0,536.0,0.2,0.0,0.0,0.1875,-0.125,0.28999999999999915,0.0
115,202109010411,10,8,5,134,8,4,4,44,1,0,0,3,1,3,2,26,7,0,2,12,1,0,0,2,0,0,0,2,1,0,0,1,0,0,0,1,0.0,0.0,16.0,12.0,37.0,1.2,0.8125,0.0,0.0,15.0,13.0,36.3,1.7,0.875,0.0,0.0,16.0,7.0,36.5,0.7,0.6875,-2.5,-6.0,0.0,0.043478260869565216,0.10869565217391304,2,3,75.1,14.0,1221,1235,1263,0.0,0.0,14.0,14.0,36.5,0.7,0.9375,0.0,0.0,15.0,12.0,36.6,1.3,0.8125,0.1,0.0,54.0,-364.0,15.0,16.0,496.0,-0.0625,0.0,-0.0625,0.0625,0.0,0.05999999999999943,0.0
116,202109010411,5,5,7,81,4,2,1,13,1,0,0,1,1,3,3,27,2,0,1,8,1,0,0,1,0,1,0,0,0,0,0,0,0,0,0,0,0.0,0.0,10.0,,,,,0.0,0.0,60.0,6.0,35.7,1.0,0.125,0.0,0.0,50.0,11.0,38.0,1.0,0.25,5.0,17.0,-400.0,0.0,0.0975609756097561,4,7,12.4,3.0,1393,351,1263,0.0,0.0,50.0,4.0,37.3,0.2,0.6875,0.0,0.0,40.0,3.0,36.8,0.4,0.125,-1.6,0.25,55.0,-1203.0,15.0,8.0,477.0,,0.0,0.0,-0.1875,0.0,-0.259999999999998,0.0
117,202109010411,13,7,11,84,8,8,14,82,0,0,0,1,6,2,3,19,1,1,2,14,0,0,0,1,0,0,0,2,0,0,0,1,0,0,0,1,0.0,0.0,2.0,3.0,41.0,0.7,0.2,0.0,0.0,6.0,16.0,36.3,2.1,0.6875,0.0,0.0,14.0,4.0,35.7,0.3,0.375,0.5,-5.0,-200.0,0.0,0.125,3,5,30.8,6.0,1716,1559,1167,0.0,0.0,10.0,8.0,36.9,0.5,0.35714285714285715,0.0,0.0,5.0,12.0,36.6,1.6,0.6875,1.0,0.2,54.0,-1203.0,15.0,10.0,453.0,0.0,0.0625,0.0,-0.07142857142857142,0.0625,0.8199999999999996,0.0
118,202109010411,4,6,5,72,8,7,3,79,0,0,1,6,3,4,5,41,0,0,1,23,0,0,1,5,1,0,0,2,0,0,0,2,0,0,0,1,0.0,0.0,100.0,13.0,35.8,1.7,0.9333333333333333,0.0,0.0,100.0,11.0,36.5,0.8,0.7333333333333333,0.0,0.0,100.0,2.0,35.6,1.0,0.9375,-5.5,8.0,0.0,,,6,10,41.6,10.0,1228,1405,1108,0.0,0.0,110.0,6.0,36.2,0.8,0.375,0.0,0.0,140.0,13.0,36.1,1.2,0.375,-0.5,0.2,54.0,-56.0,15.0,15.0,508.0,0.06666666666666667,-0.13333333333333333,0.0,-0.125,0.0,-0.030000000000001137,0.0
119,202109010411,0,0,0,1,0,1,1,4,0,0,0,1,0,0,0,0,0,0,0,1,0,0,0,0,0,0,0,0,0,0,0,0,0,0,0,0,0.0,0.0,1.0,1.0,38.4,0.0,0.5,0.0,0.0,16.0,13.0,36.1,1.2,0.875,0.0,0.0,13.0,12.0,36.2,0.8,0.8666666666666667,5.5,-7.0,-200.0,0.0,0.0,3,4,75.1,13.0,322,14,578,0.0,0.0,16.0,7.0,36.5,1.2,0.9375,0.0,0.0,13.0,8.0,36.0,1.4,0.7692307692307693,0.8,0.2,55.0,-119.0,15.0,10.0,517.0,-0.2,0.0625,0.0,0.0,0.23076923076923078,0.43999999999999984,0.0
120,202109010411,10,8,5,134,0,0,0,2,0,0,0,0,1,3,2,26,0,0,0,0,0,0,0,0,0,0,0,2,0,0,0,0,0,0,0,0,0.0,0.0,10.0,12.0,36.5,1.1,0.625,0.0,0.0,8.0,11.0,37.5,1.3,0.375,0.0,0.0,11.0,2.0,36.0,0.0,0.5333333333333333,-5.0,2.0,0.0,0.022727272727272728,0.18181818181818182,2,2,48.1,11.0,1221,1435,1263,0.0,0.0,14.0,11.0,36.9,1.1,0.5625,0.0,0.0,13.0,12.0,36.6,1.0,0.5,0.0,0.2,56.0,-392.0,15.0,16.0,512.0,0.0,-0.125,-0.4,-0.0625,0.0,0.039999999999999855,0.0
121,202109010411,0,0,0,8,12,5,10,91,0,0,0,0,0,0,0,2,4,0,3,24,0,0,0,0,0,0,0,0,0,0,0,0,0,0,0,0,0.0,0.0,1.0,1.0,37.0,0.0,0.14285714285714285,0.0,0.0,12.0,14.0,37.2,1.0,0.3333333333333333,0.0,0.0,15.0,7.0,35.1,0.7,0.5625,3.0,10.0,-200.0,0.11363636363636363,0.3068181818181818,8,14,69.3,12.0,1027,1558,1013,0.0,0.0,3.0,1.0,36.5,0.0,0.14285714285714285,0.0,0.0,12.0,12.0,36.6,2.2,0.7142857142857143,0.9,0.4,57.0,-490.0,15.0,7.0,516.0,0.0,-0.06666666666666667,0.0625,0.0,0.0,0.15,0.0
122,202109010411,10,8,5,134,0,1,1,4,0,0,0,1,1,3,2,26,0,0,0,1,0,0,0,1,0,0,0,2,0,0,0,0,0,0,0,0,0.0,0.0,8.0,15.0,37.1,1.3,0.7333333333333333,0.0,0.0,3.0,10.0,35.1,0.9,0.9375,0.0,0.0,3.0,8.0,35.9,0.8,0.75,-3.5,-6.0,0.0,0.10344827586206896,0.3103448275862069,5,9,32.2,8.0,1221,14,1263,0.0,0.0,7.0,5.0,34.4,0.6,0.9375,0.0,0.0,1.0,2.0,35.2,0.2,0.75,-3.1,0.2,56.0,0.0,15.0,15.0,500.0,0.06666666666666667,0.0,-0.0625,-0.0625,-0.0625,0.45,0.0
123,202109010501,1,4,1,41,8,9,14,114,0,0,0,4,0,0,1,7,0,0,2,18,0,0,0,0,0,0,1,4,0,0,1,3,0,0,0,0,0.0,0.0,9.0,13.0,37.2,1.8,0.5625,0.0,0.0,9.0,14.0,37.4,1.6,0.75,0.0,0.0,10.0,6.0,35.2,0.3,0.875,-3.5,-2.0,0.0,0.0,0.0,4,7,4.4,2.0,1090,1263,1169,0.0,0.0,3.0,1.0,36.8,0.0,0.2,0.0,0.0,8.0,3.0,36.5,0.6,0.375,-3.3,0.4,54.0,-1128.0,16.0,16.0,470.0,0.0625,0.1875,-0.125,0.0,-0.0625,0.2000000000000007,0.0
124,202109010501,11,3,4,48,1,3,3,53,0,0,0,4,3,0,1,13,0,0,1,10,0,0,0,2,1,0,1,5,0,0,0,5,0,0,0,0,0.0,0.0,8.0,5.0,36.7,1.1,0.8888888888888888,0.0,0.0,12.0,15.0,38.1,3.0,0.8,0.0,0.0,9.0,16.0,39.4,3.2,0.1875,5.5,-4.0,380.0,0.1,0.3,7,14,8.9,5.0,1348,1366,1221,0.0,0.0,11.0,15.0,38.3,2.2,0.625,0.0,0.0,11.0,8.0,36.5,0.7,0.9375,0.6,0.0,54.0,-976.0,16.0,9.0,498.0,-0.2222222222222222,0.06666666666666667,0.0,0.125,0.0,0.020000000000000996,0.0
125,202109010501,2,4,4,44,8,8,14,82,0,0,1,0,1,0,0,4,1,1,2,14,0,0,0,0,0,0,0,0,0,0,2,2,0,0,0,0,0.0,0.0,5.0,2.0,37.3,0.3,0.25,0.0,0.0,1.0,5.0,37.1,0.8,0.4375,0.0,0.0,11.0,10.0,34.8,0.9,0.16666666666666666,4.0,-2.0,0.0,0.09615384615384616,0.23076923076923078,6,11,6.2,3.0,1561,1559,1263,0.0,0.0,12.0,5.0,36.5,1.0,0.6875,0.0,0.0,1.0,1.0,37.0,0.0,0.25,-0.2,0.4,54.0,-413.0,16.0,12.0,428.0,0.0,0.0,0.0,-0.125,-0.0625,0.11999999999999958,0.0
126,202109010501,8,4,7,50,5,2,0,16,0,0,0,1,1,0,0,5,2,1,0,4,0,0,0,0,1,0,0,3,1,0,0,1,0,0,0,0,0.0,0.0,11.0,11.0,35.7,1.3,0.625,0.0,0.0,12.0,1.0,37.0,0.0,0.4375,0.0,0.0,3.0,1.0,36.4,0.0,0.3,-5.0,-8.0,0.0,0.13513513513513514,0.32432432432432434,8,15,3.0,1.0,1152,1228,1428,0.0,0.0,6.0,2.0,36.8,0.6,0.26666666666666666,0.0,0.0,5.0,4.0,37.0,0.2,0.1875,-1.3000000000000003,0.6,54.0,-1016.0,16.0,16.0,448.0,0.0,0.0,0.0,-0.06666666666666667,0.0,-0.23999999999999916,0.0
127,202109010501,0,0,1,15,0,3,1,28,0,0,0,0,0,0,0,1,0,0,0,4,0,0,0,0,0,0,0,1,0,0,0,3,0,0,0,0,0.0,0.0,6.0,2.0,38.0,0.6,0.09090909090909091,0.0,0.0,15.0,15.0,40.9,2.4,0.06666666666666667,0.0,0.0,8.0,11.0,36.7,1.1,0.14285714285714285,4.5,5.0,300.0,0.0,0.0,1,1,7.8,4.0,1677,1708,1167,0.0,0.0,9.0,14.0,39.2,3.6,0.07142857142857142,0.0,0.0,17.0,18.0,38.3,3.0,0.05555555555555555,3.1,0.2,54.0,-909.0,16.0,11.0,467.0,0.0,0.0,0.0,0.0,0.0,0.11000000000000014,0.0
128,202109010501,1,0,0,10,1,1,1,30,0,0,0,0,0,0,0,2,0,0,0,7,0,0,0,0,0,0,0,1,0,0,0,3,0,0,0,0,0.0,0.0,10.0,10.0,40.7,3.3,0.45454545454545453,0.0,0.0,8.0,7.0,37.5,0.4,0.5333333333333333,0.0,0.0,11.0,6.0,37.1,0.7,0.875,-2.0,11.0,-200.0,0.05,0.175,1,2,108.1,11.0,1020,1306,1576,0.0,0.0,11.0,13.0,46.5,8.8,0.3076923076923077,0.0,0.0,7.0,15.0,37.2,3.1,0.625,1.6,0.0,53.0,-1242.0,16.0,11.0,499.0,0.2727272727272727,-0.06666666666666667,-0.0625,0.6153846153846154,-0.1875,-0.2,0.0
129,202109010501,13,7,11,84,0,0,0,0,0,0,0,0,6,2,3,19,0,0,0,0,0,0,0,0,2,2,2,7,0,0,0,0,0,0,0,0,0.0,0.0,14.0,14.0,37.6,2.6,0.8333333333333334,0.0,0.0,14.0,12.0,38.6,1.1,0.4,0.0,0.0,13.0,12.0,38.7,1.8,0.4,-1.0,-6.0,0.0,0.12087912087912088,0.3076923076923077,7,13,9.3,6.0,1716,553,1167,0.0,0.0,14.0,12.0,37.3,2.0,0.7857142857142857,0.0,0.0,16.0,14.0,38.8,2.8,0.875,0.0,0.0,54.0,-757.0,16.0,18.0,476.0,0.1111111111111111,0.0,0.06666666666666667,-0.07142857142857142,0.0,-0.10999999999999872,0.0
130,202109010501,3,0,2,19,2,1,0,5,0,0,0,3,1,0,1,5,0,0,0,1,0,0,0,0,1,0,1,2,0,0,0,1,0,0,0,0,0.0,0.0,30.0,6.0,40.3,1.1,0.3333333333333333,0.0,0.0,130.0,9.0,40.0,2.7,0.5714285714285714,0.0,0.0,150.0,8.0,37.9,1.0,0.5625,1.0,17.0,-400.0,0.0,0.09302325581395349,3,6,246.7,15.0,1586,764,1167,0.0,0.0,160.0,7.0,40.5,2.2,1.0,0.0,0.0,120.0,12.0,40.9,3.5,0.6666666666666666,1.0,0.0,54.0,-667.0,16.0,9.0,427.0,0.2222222222222222,-0.21428571428571427,0.0,-0.3125,0.0,-0.1700000000000003,0.0
131,202109010501,3,0,2,19,1,0,0,12,0,0,0,0,1,0,1,5,0,0,0,3,0,0,0,0,1,0,1,2,0,0,0,1,0,0,0,0,0.0,0.0,3.0,8.0,39.8,2.2,0.1111111111111111,0.0,0.0,10.0,10.0,37.2,0.8,0.875,0.0,0.0,3.0,6.0,38.2,1.6,0.2,-1.0,26.0,-500.0,0.03278688524590164,0.11475409836065574,3,5,32.9,9.0,1586,1507,1167,0.0,0.0,7.0,7.0,37.4,1.5,0.6875,0.0,0.0,9.0,9.0,38.5,1.3,0.3125,-0.1,0.0,54.0,-241.0,16.0,9.0,488.0,0.1111111111111111,0.0,0.0,-0.0625,0.0,0.23999999999999985,0.0
132,202109010501,4,6,5,72,0,1,0,3,0,0,0,2,3,4,5,41,0,0,0,0,0,0,0,0,0,1,0,10,0,0,0,0,0,0,0,0,0.0,0.0,13.0,14.0,39.4,1.9,0.06666666666666667,0.0,0.0,5.0,15.0,39.8,2.2,0.0625,0.0,0.0,14.0,16.0,40.8,3.2,0.0625,1.0,-4.0,0.0,0.045454545454545456,0.13636363636363635,4,8,22.8,8.0,1228,1561,1108,0.0,0.0,6.0,1.0,37.2,0.0,0.08333333333333333,0.0,0.0,9.0,7.0,38.9,1.3,0.21428571428571427,-2.8,0.2,54.0,-700.0,16.0,15.0,486.0,0.0,0.0,0.0,0.0,-0.07142857142857142,0.35999999999999943,0.0
133,202109010501,2,4,4,44,0,0,1,9,0,0,0,0,1,0,0,4,0,0,0,1,0,0,0,0,0,0,0,0,0,0,0,1,0,0,0,0,0.0,0.0,9.0,9.0,42.7,2.8,0.3,0.0,0.0,10.0,16.0,35.3,1.8,0.3333333333333333,0.0,0.0,8.0,6.0,36.2,1.0,0.25,-1.5,-3.0,-200.0,0.09433962264150944,0.32075471698113206,2,3,37.6,10.0,1561,1442,1263,0.0,0.0,9.0,7.0,35.3,0.8,0.3888888888888889,0.0,0.0,7.0,3.0,37.0,0.8,0.375,-2.1,0.2,54.0,-633.0,16.0,10.0,437.0,0.4,0.16666666666666666,0.0,-0.16666666666666666,0.0625,1.1400000000000006,0.0
134,202109010501,8,3,3,47,0,0,0,0,0,0,0,0,1,0,0,2,0,0,0,0,0,0,0,0,0,0,0,0,0,0,0,0,0,0,0,0,0.0,0.0,11.0,10.0,37.7,2.8,0.9090909090909091,0.0,0.0,15.0,14.0,35.7,2.1,0.75,0.0,0.0,15.0,14.0,38.5,2.6,0.75,2.0,28.0,200.0,0.03636363636363636,0.18181818181818182,8,16,131.0,12.0,1428,847,1263,0.0,0.0,16.0,14.0,35.1,1.3,0.8125,0.0,0.0,13.0,14.0,42.5,3.1,0.9333333333333333,0.8,0.0,54.0,-978.0,16.0,11.0,454.0,0.09090909090909091,0.125,0.0625,0.125,0.0,-0.8999999999999992,0.0
135,202109010501,2,4,4,44,12,5,10,91,0,0,0,2,1,0,0,4,4,0,3,24,0,0,0,0,0,0,0,0,2,0,1,10,0,0,0,0,0.0,0.0,6.0,11.0,41.4,2.1,0.5833333333333334,0.0,0.0,10.0,7.0,39.3,0.8,0.7142857142857143,0.0,0.0,15.0,12.0,38.8,2.3,0.7333333333333333,0.5,-3.0,-200.0,0.1875,0.4375,2,4,160.2,14.0,1561,1558,1263,0.0,0.0,14.0,13.0,38.4,1.7,0.75,0.0,0.0,6.0,12.0,40.6,2.8,0.2,0.8,0.0,54.0,-395.0,16.0,12.0,431.0,-0.16666666666666666,-0.21428571428571427,0.0,-0.0625,0.06666666666666667,0.24999999999999928,0.0
136,202109010501,4,14,3,40,4,8,12,116,0,2,0,7,0,1,0,5,0,2,3,23,0,0,0,2,0,1,0,3,0,1,1,6,0,0,0,0,0.0,0.0,100.0,110.0,43.1,7.1,0.8181818181818182,0.0,0.0,130.0,140.0,38.9,2.3,0.5625,0.0,0.0,70.0,130.0,42.6,3.9,0.07142857142857142,10.0,-1.0,-200.0,0.05555555555555555,0.16666666666666666,6,12,146.1,13.0,1605,1167,1,0.0,0.0,40.0,110.0,42.5,2.6,0.25,0.0,0.0,80.0,30.0,39.3,1.6,0.14285714285714285,-19.0,0.0,54.0,-176.0,16.0,11.0,445.0,0.18181818181818182,0.25,0.35714285714285715,0.25,0.0,0.4000000000000007,0.0
137,202109010501,0,0,1,5,0,3,3,34,0,0,0,0,0,0,1,0,0,3,1,2,0,0,0,0,0,0,0,0,0,0,1,1,0,0,0,0,0.0,0.0,7.0,8.0,39.4,2.8,1.0,0.0,0.0,9.0,16.0,36.3,1.5,0.16666666666666666,0.0,0.0,7.0,15.0,40.9,3.6,0.125,3.5,46.0,-100.0,0.014084507042253521,0.19718309859154928,5,10,19.1,7.0,1729,1170,1428,0.0,0.0,1.0,7.0,36.9,1.0,0.1111111111111111,0.0,0.0,4.0,5.0,35.5,0.4,0.058823529411764705,-1.5,0.0,54.0,-608.0,16.0,11.0,476.0,0.0,0.0,0.0625,0.0,0.0,0.7199999999999995,0.0
138,202109010501,2,2,3,24,10,4,6,117,0,0,0,0,0,0,0,0,2,0,2,27,0,0,0,0,0,0,0,0,0,0,0,18,0,0,0,0,0.0,0.0,1.0,,,,0.9090909090909091,0.0,0.0,16.0,15.0,39.6,4.8,0.875,0.0,0.0,16.0,16.0,39.3,3.7,1.0,1.0,-5.0,300.0,0.0,0.037037037037037035,5,9,281.2,16.0,1506,1013,199,,,,,,,,,,,,,,,1.0,0.0,54.0,-112.0,16.0,11.0,403.0,,0.0625,0.0,,,0.30000000000000426,0.0
139,202109010507,2,3,1,13,3,10,11,113,0,0,0,2,0,0,1,0,1,2,2,28,0,0,0,0,0,0,0,0,0,0,0,10,0,0,0,0,0.0,0.0,14.0,14.0,37.5,1.7,0.875,0.0,0.0,14.0,10.0,36.1,0.7,0.875,0.0,0.0,16.0,10.0,37.4,1.6,0.6875,-2.0,2.0,0.0,0.1111111111111111,0.3,3,5,4.4,2.0,1094,1556,334,0.0,0.0,11.0,12.0,35.9,1.6,0.4166666666666667,0.0,0.0,7.0,11.0,36.9,1.0,0.6,-0.4,0.0,55.0,-694.0,16.0,16.0,490.0,0.0625,0.0625,-0.125,0.08333333333333333,0.13333333333333333,0.14000000000000057,0.0
140,202109010507,0,2,1,13,9,8,6,68,0,0,0,1,0,1,1,6,1,0,0,10,0,0,0,1,0,1,1,4,0,0,0,1,0,0,0,1,0.0,0.0,6.0,7.0,40.3,1.4,0.6363636363636364,0.0,0.0,12.0,9.0,37.7,0.8,0.6666666666666666,0.0,0.0,11.0,7.0,37.7,0.8,0.3125,0.0,11.0,-200.0,0.014285714285714285,0.18571428571428572,1,2,3.3,1.0,1366,1618,216,0.0,0.0,8.0,7.0,37.2,1.1,0.3076923076923077,0.0,0.0,9.0,10.0,38.1,1.1,0.5625,0.4,0.0,57.0,-1157.0,16.0,11.0,517.0,-0.09090909090909091,0.0,0.0625,0.07692307692307693,0.0,0.48999999999999916,0.0
141,202109010507,0,2,1,13,6,4,7,31,0,1,0,2,0,1,1,6,1,2,0,9,0,1,0,2,0,1,1,4,0,1,0,4,0,1,0,1,0.0,0.0,13.0,16.0,36.5,1.8,0.9375,0.0,0.0,15.0,15.0,38.5,2.2,0.0625,0.0,0.0,8.0,13.0,38.7,2.4,0.5,-1.5,4.0,0.0,0.05714285714285714,0.14285714285714285,4,7,27.9,9.0,1366,1362,216,0.0,0.0,15.0,14.0,38.2,2.6,0.3125,0.0,0.0,5.0,12.0,38.4,4.1,0.8333333333333334,-0.9,0.0,55.0,-280.0,16.0,16.0,510.0,0.0,0.0,0.14285714285714285,0.125,0.16666666666666666,-0.35,0.0
142,202109010507,0,2,1,13,4,8,12,116,0,0,1,3,0,1,1,6,0,2,3,23,0,0,1,2,0,1,1,4,0,1,2,9,0,0,1,2,0.0,0.0,11.0,13.0,39.7,1.9,0.3125,0.0,0.0,11.0,13.0,40.4,3.9,0.23076923076923078,0.0,0.0,10.0,14.0,38.3,2.2,0.4375,0.5,2.0,0.0,0.047619047619047616,0.14285714285714285,4,8,17.7,7.0,1366,1167,216,0.0,0.0,4.0,6.0,36.6,0.6,0.6363636363636364,0.0,0.0,7.0,4.0,36.9,0.1,0.5625,-2.5,0.0,57.0,-358.0,16.0,16.0,496.0,0.0625,0.07692307692307693,-0.0625,0.0,0.0625,0.9400000000000006,0.0
143,202109010507,0,0,1,3,9,8,6,68,0,0,0,0,0,0,0,0,1,0,0,10,0,0,0,0,0,0,0,0,0,0,0,1,0,0,0,0,0.0,0.0,9.0,4.0,36.4,0.3,0.4375,0.0,0.0,6.0,7.0,38.0,1.3,0.3333333333333333,0.0,0.0,4.0,9.0,38.8,1.0,0.07142857142857142,2.5,-4.0,-500.0,0.0,0.07142857142857142,7,14,13.4,5.0,1554,1618,322,0.0,0.0,5.0,2.0,37.5,0.0,0.3125,0.0,0.0,10.0,2.0,36.3,0.0,0.42857142857142855,-0.9,0.4,55.0,-694.0,16.0,16.0,444.0,0.0625,0.06666666666666667,0.0,-0.125,0.0,0.07000000000000028,0.0
144,202109010507,0,0,0,3,0,0,0,16,0,0,0,2,0,0,0,0,0,0,0,4,0,0,0,0,0,0,0,0,0,0,0,0,0,0,0,0,0.0,0.0,100.0,10.0,36.6,1.4,1.0,0.0,0.0,110.0,8.0,35.6,1.4,0.8181818181818182,0.0,0.0,130.0,12.0,36.0,1.3,0.8461538461538461,1.0,-2.0,350.0,0.0,0.06666666666666667,5,9,64.5,16.0,1368,1589,1167,0.0,0.0,150.0,10.0,34.1,1.1,0.8666666666666667,0.0,0.0,120.0,12.0,37.0,1.6,0.8,0.6,0.0,57.0,-1030.0,16.0,10.0,502.0,0.0,-0.09090909090909091,0.0,-0.13333333333333333,-0.13333333333333333,0.07000000000000028,0.0
145,202109010507,13,7,11,84,8,9,14,114,0,1,0,7,6,2,3,19,0,0,2,18,0,0,0,2,1,0,0,7,0,0,0,8,0,0,0,2,0.0,0.0,16.0,18.0,34.5,1.3,0.8888888888888888,0.0,0.0,7.0,10.0,35.8,1.5,0.6428571428571429,0.0,0.0,8.0,6.0,38.4,1.5,0.125,-6.0,-4.0,0.0,,,7,13,11.9,4.0,1716,1263,1167,0.0,0.0,4.0,10.0,37.9,0.9,0.38461538461538464,0.0,0.0,5.0,8.0,37.9,1.0,0.13333333333333333,-2.0,0.0,55.0,-708.0,16.0,18.0,430.0,-0.05555555555555555,0.07142857142857142,0.0,0.07692307692307693,0.0,-0.8899999999999999,0.0
146,202109010507,4,14,9,78,0,3,3,34,0,0,1,2,2,4,6,21,0,3,1,2,0,0,1,0,1,1,2,5,0,1,0,1,0,0,0,0,0.0,0.0,1.0,1.0,41.2,0.0,0.6,0.0,0.0,16.0,12.0,38.6,2.4,0.4375,0.0,0.0,11.0,7.0,40.8,2.6,0.5454545454545454,3.0,23.0,-200.0,0.0,0.15789473684210525,5,10,56.8,13.0,1172,1170,1556,0.0,0.0,15.0,12.0,37.1,1.8,0.9375,0.0,0.0,13.0,10.0,37.2,1.6,0.875,1.8,0.2,57.0,-1331.0,16.0,10.0,525.0,-0.1,0.0625,0.0,0.0,-0.0625,0.95,0.0
147,202109010507,5,5,7,81,0,1,1,10,0,0,0,1,1,3,3,27,0,1,1,4,0,0,0,1,0,0,1,7,0,0,0,1,0,0,0,1,0.0,0.0,80.0,80.0,36.9,1.9,1.0,0.0,0.0,80.0,90.0,37.1,0.4,0.5625,0.0,0.0,100.0,60.0,37.6,0.3,0.4375,-10.0,1.0,350.0,0.08695652173913043,0.13043478260869565,2,4,20.0,8.0,1393,1541,1263,0.0,0.0,80.0,50.0,38.0,0.8,0.25,0.0,0.0,160.0,90.0,36.1,0.8,0.125,-2.0,0.0,57.0,-834.0,16.0,8.0,487.0,0.0,-0.0625,0.0,0.0,0.0625,0.06999999999999958,0.0
148,202109010507,4,4,2,46,4,8,12,116,0,0,0,2,0,1,0,4,0,2,3,23,0,0,0,1,0,0,0,2,0,1,2,9,0,0,0,1,0.0,0.0,20.0,80.0,39.8,0.7,0.25,0.0,0.0,140.0,110.0,37.6,1.7,0.3333333333333333,0.0,0.0,110.0,90.0,37.4,1.0,0.375,5.0,8.0,-200.0,0.136986301369863,0.3287671232876712,2,3,14.1,6.0,1137,1167,556,0.0,0.0,70.0,110.0,39.5,2.0,0.09090909090909091,0.0,0.0,60.0,100.0,38.6,0.5,0.0625,4.0,0.0,57.0,-1231.0,16.0,12.0,462.0,0.08333333333333333,0.13333333333333333,-0.125,0.0,0.0,0.04999999999999929,0.0
149,202109010507,13,7,11,84,8,9,14,114,0,1,0,7,6,2,3,19,0,0,2,18,0,0,0,2,1,0,0,7,0,0,0,8,0,0,0,2,0.0,0.0,6.0,5.0,35.7,0.5,0.4166666666666667,0.0,0.0,4.0,4.0,35.3,0.2,0.5,0.0,0.0,8.0,3.0,35.8,0.6,0.6363636363636364,-1.0,4.0,200.0,0.09615384615384616,0.3269230769230769,8,16,4.5,3.0,1716,1263,1167,0.0,0.0,10.0,9.0,36.2,1.3,0.5384615384615384,0.0,0.0,9.0,8.0,34.5,0.5,0.7272727272727273,1.1,0.2,55.0,-553.0,16.0,12.0,438.0,0.0,0.0,0.0,0.07692307692307693,0.0,0.15,0.0
150,202109010507,4,8,3,72,1,0,2,26,0,0,0,6,2,5,2,39,0,0,0,7,0,0,0,5,2,2,0,10,0,0,0,3,0,0,0,3,0.0,0.0,9.0,12.0,47.8,9.8,0.5833333333333334,0.0,0.0,14.0,12.0,37.9,0.7,0.4375,0.0,0.0,9.0,9.0,38.4,1.2,0.4375,-1.5,3.0,-200.0,0.0,0.15384615384615385,8,15,58.6,14.0,1645,1108,1366,0.0,0.0,9.0,5.0,37.1,0.7,0.625,0.0,0.0,15.0,10.0,37.4,0.7,0.9375,-1.1,0.0,57.0,-895.0,16.0,12.0,497.0,0.4166666666666667,0.0,0.0,-0.1875,0.0,2.1599999999999993,0.0
151,202109010507,4,6,5,72,0,2,4,28,0,0,1,3,3,4,5,41,0,1,1,7,0,0,1,2,1,1,1,9,0,0,0,0,0,0,0,0,0.0,0.0,70.0,7.0,42.4,2.4,0.8571428571428571,0.0,0.0,60.0,9.0,37.1,1.2,0.5384615384615384,0.0,0.0,60.0,15.0,38.2,1.9,0.1875,4.0,-9.0,-300.0,0.09803921568627451,0.23529411764705882,3,6,44.0,11.0,1228,1328,1108,0.0,0.0,70.0,1.0,36.3,0.0,0.08333333333333333,0.0,0.0,50.0,12.0,37.1,1.7,0.6666666666666666,0.2,0.2,57.0,-1096.0,16.0,7.0,497.0,0.14285714285714285,0.0,0.125,0.0,-0.06666666666666667,1.14,0.0
152,202109010507,2,3,4,27,0,0,0,0,0,0,0,0,1,0,0,9,0,0,0,0,0,0,0,0,0,0,0,2,0,0,0,0,0,0,0,0,0.0,0.0,80.0,5.0,43.6,0.7,0.5,0.0,0.0,140.0,13.0,37.1,1.5,0.9333333333333333,0.0,0.0,160.0,12.0,38.9,1.4,0.1875,3.5,-2.0,-200.0,0.03333333333333333,0.11666666666666667,1,1,47.5,12.0,1317,737,1186,0.0,0.0,140.0,14.0,38.2,1.8,0.8666666666666667,0.0,0.0,40.0,8.0,38.5,2.2,0.2222222222222222,0.7,0.0,57.0,-1238.0,16.0,8.0,458.0,-0.125,0.0,-0.0625,-0.06666666666666667,0.0,0.9100000000000001,0.0
153,202109010507,11,8,8,63,2,3,2,29,0,0,0,1,2,0,0,17,0,0,1,6,0,0,0,0,0,0,0,2,0,0,0,1,0,0,0,0,0.0,0.0,14.0,12.0,42.0,4.0,0.14285714285714285,0.0,0.0,9.0,13.0,37.4,1.9,0.7142857142857143,0.0,0.0,8.0,6.0,36.2,0.7,0.2,-3.0,18.0,-200.0,0.05128205128205128,0.1794871794871795,6,11,34.2,10.0,1520,1393,695,0.0,0.0,10.0,5.0,36.8,1.6,0.15384615384615385,0.0,0.0,5.0,10.0,38.6,1.1,0.2,-1.2,0.0,54.0,-687.0,16.0,14.0,514.0,0.0,0.0,0.1,0.0,0.0,0.7399999999999999,0.0
154,202109010507,4,14,3,40,3,0,3,18,0,0,0,1,0,1,0,5,1,0,1,8,0,0,0,0,0,0,0,1,0,0,0,0,0,0,0,0,0.0,0.0,10.0,14.0,40.2,3.9,0.6666666666666666,0.0,0.0,13.0,15.0,35.7,1.7,0.6,0.0,0.0,15.0,16.0,38.5,2.7,0.6875,1.0,-6.0,-200.0,0.0,0.0,6,12,63.1,15.0,1605,1036,1,0.0,0.0,8.0,15.0,38.6,2.1,0.25,0.0,0.0,10.0,3.0,37.7,0.9,0.2,-2.2,0.2,55.0,-203.0,16.0,15.0,482.0,0.3333333333333333,0.06666666666666667,0.1875,0.0,0.0,0.21000000000000013,0.0
155,202109010602,0,0,0,6,0,2,0,1,0,0,0,0,0,0,0,3,0,0,0,0,0,0,0,0,0,0,0,2,0,0,0,0,0,0,0,0,0.0,0.0,8.0,9.0,39.0,1.8,0.7857142857142857,0.0,0.0,4.0,1.0,36.9,0.0,0.125,0.0,0.0,5.0,8.0,37.4,1.1,0.25,-0.5,4.0,-200.0,0.23809523809523808,0.5238095238095238,3,5,3.5,2.0,1629,1506,1428,0.0,0.0,4.0,2.0,37.2,0.1,0.26666666666666666,0.0,0.0,6.0,10.0,40.7,2.5,0.15384615384615385,0.3,0.4,56.0,-720.0,16.0,14.0,510.0,-0.14285714285714285,0.0,0.0,-0.06666666666666667,0.07692307692307693,-0.370000000000001,0.0
156,202109010602,0,0,0,6,1,3,3,31,0,0,0,4,0,0,0,3,1,1,2,10,0,0,0,2,0,0,0,2,0,0,1,6,0,0,0,2,0.0,0.0,12.0,7.0,41.5,1.8,0.9166666666666666,0.0,0.0,12.0,12.0,37.1,0.8,0.6923076923076923,0.0,0.0,15.0,11.0,37.9,2.2,0.625,2.0,9.0,-200.0,0.0,0.03571428571428571,1,1,31.6,8.0,1230,1503,1576,0.0,0.0,13.0,11.0,37.9,1.7,0.7333333333333333,0.0,0.0,12.0,6.0,37.0,0.6,0.6666666666666666,-0.3,0.0,56.0,-1245.0,16.0,12.0,495.0,-0.3333333333333333,0.0,0.0,0.0,-0.06666666666666667,0.8200000000000003,0.0
157,202109010602,0,1,0,3,0,0,0,0,0,0,0,0,0,1,0,0,0,0,0,0,0,0,0,0,0,1,0,0,0,0,0,0,0,0,0,0,0.0,0.0,1.0,5.0,42.3,1.5,0.5,0.0,0.0,12.0,6.0,34.7,0.4,0.6470588235294118,0.0,0.0,9.0,11.0,39.0,1.0,0.5384615384615384,3.0,9.0,-200.0,0.0,0.0,8,15,5.0,3.0,1310,1705,1618,0.0,0.0,6.0,7.0,36.1,1.5,0.7857142857142857,0.0,0.0,5.0,6.0,39.2,2.0,0.4375,0.3,0.0,56.0,-627.0,16.0,10.0,479.0,-0.1,0.0,0.15384615384615385,0.0,0.0,0.479999999999999,0.0
158,202109010602,4,8,3,72,8,7,3,79,1,0,0,4,2,5,2,39,0,0,1,23,0,0,0,1,0,2,0,13,0,0,0,14,0,0,0,0,0.0,0.0,6.0,7.0,42.7,2.0,0.6,0.0,0.0,11.0,,,,,0.0,0.0,10.0,14.0,41.1,3.0,0.0625,7.0,22.0,-200.0,0.18604651162790697,0.5348837209302325,7,14,9.5,4.0,1645,1405,1366,0.0,0.0,8.0,5.0,39.4,1.9,0.3125,0.0,0.0,6.0,4.0,38.2,0.8,0.5625,-1.8,0.0,56.0,-634.0,16.0,10.0,498.0,0.2,,0.0,0.0,0.0625,1.5200000000000002,0.0
159,202109010602,0,2,4,29,9,8,6,68,0,0,0,1,0,0,0,4,1,0,0,10,0,0,0,1,0,0,0,3,1,0,0,6,0,0,0,1,0.0,0.0,13.0,10.0,37.5,1.6,0.5,0.0,0.0,10.0,7.0,36.2,1.2,0.42857142857142855,0.0,0.0,4.0,8.0,36.6,1.0,0.14285714285714285,-1.0,6.0,50.0,0.041666666666666664,0.10416666666666667,6,11,171.6,14.0,1440,1618,1167,0.0,0.0,2.0,7.0,37.3,0.7,0.5,0.0,0.0,7.0,7.0,36.0,0.8,0.5714285714285714,-0.6,0.0,54.0,-622.0,16.0,16.0,476.0,-0.0625,0.0,0.07142857142857142,0.08333333333333333,0.0,0.19000000000000056,0.0
160,202109010602,2,5,2,31,0,0,0,15,0,0,0,0,1,0,0,1,0,0,0,4,0,0,0,0,1,0,0,0,0,0,0,1,0,0,0,0,0.0,0.0,90.0,60.0,39.1,0.6,1.0,0.0,0.0,70.0,120.0,38.2,1.3,0.625,0.0,0.0,70.0,50.0,38.1,1.3,0.3333333333333333,-5.0,7.0,-200.0,0.0,0.0,3,6,133.4,11.0,1581,1145,1167,0.0,0.0,110.0,60.0,37.9,0.8,0.6,0.0,0.0,100.0,100.0,39.7,2.5,0.8125,2.0,0.0,56.0,-297.0,16.0,12.0,457.0,-0.16666666666666666,0.0,0.0,0.0,0.0,-0.08999999999999986,0.0
161,202109010602,4,3,6,58,12,5,10,91,0,0,0,1,0,0,1,9,4,0,3,24,0,0,0,1,0,0,1,1,2,0,1,10,0,0,0,0,0.0,0.0,11.0,12.0,38.5,3.1,0.9166666666666666,0.0,0.0,15.0,16.0,39.2,2.2,0.125,0.0,0.0,8.0,8.0,38.3,1.8,0.46153846153846156,-2.0,3.0,300.0,0.0,0.0625,5,9,13.9,5.0,1009,1558,298,0.0,0.0,1.0,1.0,36.4,0.0,0.16666666666666666,0.0,0.0,4.0,2.0,35.8,0.1,0.16666666666666666,-3.5,0.4,54.0,-835.0,16.0,12.0,495.0,0.08333333333333333,0.0,0.0,-0.08333333333333333,-0.08333333333333333,0.820000000000001,0.0
162,202109010602,0,2,2,9,0,0,1,9,0,0,0,0,0,0,0,1,0,0,0,3,0,0,0,0,0,0,0,0,0,0,0,2,0,0,0,0,0.0,0.0,50.0,4.0,36.4,1.6,1.0,0.0,0.0,30.0,8.0,37.1,0.9,0.1111111111111111,0.0,0.0,100.0,17.0,37.6,2.2,0.1111111111111111,6.5,-2.0,0.0,0.11956521739130435,0.30434782608695654,2,4,2.3,1.0,1148,1553,1393,0.0,0.0,30.0,2.0,37.0,0.7,0.23076923076923078,0.0,0.0,50.0,5.0,35.5,0.5,0.3,-0.4,0.2,56.0,21.0,16.0,16.0,426.0,0.0,0.0,0.05555555555555555,0.0,0.3,0.18999999999999986,0.0
163,202109010602,0,0,0,0,0,0,0,0,0,0,0,0,0,0,0,0,0,0,0,0,0,0,0,0,0,0,0,0,0,0,0,0,0,0,0,0,0.0,0.0,11.0,7.0,36.8,1.0,0.625,0.0,0.0,10.0,15.0,38.3,3.2,0.6666666666666666,0.0,0.0,3.0,1.0,36.7,0.0,0.4166666666666667,-3.0,-4.0,0.0,0.02631578947368421,0.10526315789473684,2,3,148.6,13.0,288,676,334,0.0,0.0,2.0,7.0,37.8,1.3,0.7333333333333333,0.0,0.0,1.0,6.0,37.6,1.8,0.38461538461538464,-1.0,0.2,54.0,-1008.0,16.0,16.0,490.0,0.0625,0.0,0.0,0.0,0.0,-0.11000000000000085,0.0
164,202109010602,0,0,0,13,4,8,12,116,0,0,0,1,0,0,0,4,0,2,3,23,0,0,0,0,0,0,0,4,0,1,1,6,0,0,0,0,0.0,0.0,11.0,15.0,35.8,1.9,0.6111111111111112,0.0,0.0,15.0,15.0,37.9,2.1,0.1111111111111111,0.0,0.0,6.0,10.0,39.8,2.0,0.26666666666666666,-2.5,6.0,0.0,0.04878048780487805,0.17073170731707318,1,2,19.2,6.0,1657,1167,1317,0.0,0.0,3.0,6.0,38.4,0.9,0.1875,,,,,,,,-3.2,0.0,53.0,-126.0,16.0,18.0,444.0,0.2222222222222222,-0.05555555555555555,0.13333333333333333,0.0,,-0.9700000000000003,0.0
165,202109010602,2,1,2,20,13,16,12,110,0,0,0,1,2,1,0,5,3,3,1,18,0,0,0,0,1,1,0,2,1,1,0,4,0,0,0,0,0.0,0.0,10.0,9.0,39.2,4.2,1.0,0.0,0.0,16.0,15.0,39.5,3.9,0.875,0.0,0.0,12.0,11.0,38.2,2.0,0.9333333333333333,1.0,-8.0,0.0,0.09836065573770492,0.3114754098360656,7,13,135.8,12.0,1396,1183,1556,0.0,0.0,10.0,12.0,36.4,4.8,1.0,,,,,,,,0.5,0.0,56.0,-246.0,16.0,10.0,472.0,-0.1,0.0625,-0.06666666666666667,0.0,,0.970000000000001,0.0
166,202109010602,0,0,0,5,4,3,1,22,0,0,0,0,0,0,0,3,0,0,1,8,0,0,0,0,0,0,0,1,0,0,1,3,0,0,0,0,0.0,0.0,4.0,4.0,40.6,1.9,0.2,0.0,0.0,15.0,13.0,39.2,2.0,0.125,0.0,0.0,7.0,12.0,40.2,2.3,0.13333333333333333,4.0,-11.0,-200.0,0.013888888888888888,0.19444444444444445,5,10,27.4,7.0,1672,1186,1167,0.0,0.0,13.0,11.0,37.0,1.0,0.11764705882352941,0.0,0.0,16.0,8.0,35.9,0.8,0.3125,0.6,0.0,54.0,-209.0,16.0,10.0,441.0,0.1,0.0,0.0,0.0,0.0,1.1600000000000008,0.0
167,202109010602,0,0,1,15,12,5,10,91,0,0,0,0,0,0,0,1,4,0,3,24,0,0,0,0,0,0,0,1,2,0,1,10,0,0,0,0,0.0,0.0,15.0,16.0,41.4,5.5,0.9375,0.0,0.0,15.0,13.0,38.8,2.3,0.8,,,,,,,,-3.0,4.0,-200.0,0.0,0.2,6,12,204.4,15.0,1677,1558,1167,,,,,,,,,,,,,,,-3.0,0.0,54.0,-13.0,16.0,16.0,474.0,0.0625,0.0,,,,2.6000000000000014,0.0
168,202109010602,4,6,5,72,0,0,0,1,0,0,0,1,3,4,5,41,0,0,0,1,0,0,0,1,0,1,0,10,0,0,0,1,0,0,0,1,0.0,0.0,5.0,5.0,41.6,1.9,0.3,0.0,0.0,13.0,14.0,38.5,2.7,0.9333333333333333,0.0,0.0,12.0,6.0,38.8,0.9,0.3125,0.5,-7.0,-200.0,0.03571428571428571,0.17857142857142858,8,16,80.1,9.0,1228,653,1108,0.0,0.0,9.0,14.0,38.8,2.5,0.8,,,,,,,,1.9,0.0,56.0,-294.0,16.0,10.0,483.0,0.2,0.0,0.0,0.06666666666666667,,0.8100000000000016,0.0
169,202109010602,4,8,3,72,1,3,3,31,0,0,0,0,2,5,2,39,1,1,2,10,0,0,0,0,0,2,0,13,0,0,1,6,0,0,0,0,0.0,0.0,7.0,,,,0.75,0.0,0.0,10.0,15.0,40.3,3.5,0.7333333333333333,,,,,,,,,-14.0,-600.0,0.17391304347826086,0.17391304347826086,4,7,128.9,10.0,1645,1503,1366,,,,,,,,,,,,,,,,0.0,56.0,-20.0,16.0,8.0,408.0,0.25,0.0,,,,,0.0
170,202109010602,2,3,6,35,2,2,2,41,0,0,0,3,0,1,1,15,0,0,1,11,0,0,0,3,0,1,0,10,0,0,0,6,0,0,0,3,0.0,0.0,,,,,,0.0,0.0,130.0,10.0,40.7,1.5,0.2857142857142857,0.0,0.0,120.0,10.0,36.6,1.1,0.75,0.0,,-200.0,,,4,8,,,1489,1014,565,0.0,0.0,90.0,5.0,36.9,1.8,0.4166666666666667,0.0,0.0,100.0,7.0,38.7,1.3,0.4,-1.4,0.0,54.0,-1103.0,16.0,11.0,,,0.42857142857142855,-0.08333333333333333,-0.08333333333333333,-0.06666666666666667,0.5700000000000003,0.0
171,202109010702,3,9,7,41,6,4,5,46,0,1,0,2,2,4,2,15,2,0,1,10,0,0,0,1,1,2,2,8,1,0,0,5,0,0,0,1,0.0,0.0,10.0,3.0,38.5,0.3,0.125,0.0,0.0,30.0,3.0,39.0,1.4,0.3333333333333333,0.0,0.0,10.0,5.0,39.9,1.8,0.15384615384615385,1.0,4.0,0.0,0.0136986301369863,0.1917808219178082,8,16,2.2,1.0,1576,1167,1577,0.0,0.0,20.0,,,,0.1,,,,,,,,1.0,0.6666666666666666,56.0,21.0,16.0,16.0,514.0,0.0,0.06666666666666667,0.0,0.0,,-0.6999999999999993,0.0
172,202109010702,0,0,0,1,2,2,1,25,0,0,0,0,0,0,0,1,1,1,1,10,0,0,0,0,0,0,0,1,0,1,1,3,0,0,0,0,0.0,0.0,9.0,9.0,43.0,5.3,0.8,0.0,0.0,8.0,9.0,40.9,3.1,0.3333333333333333,0.0,0.0,10.0,14.0,42.3,4.2,0.13333333333333333,2.5,18.0,-200.0,0.09433962264150944,0.24528301886792453,3,6,13.8,4.0,1677,1294,1167,0.0,0.0,7.0,11.0,37.1,1.1,0.46153846153846156,0.0,0.0,6.0,13.0,38.3,1.5,0.26666666666666666,1.0,0.0,56.0,-550.0,16.0,10.0,540.0,0.2,0.6666666666666666,0.6666666666666666,0.15384615384615385,0.0,1.3200000000000003,0.0
173,202109010702,2,3,6,31,4,5,1,40,0,0,0,1,1,1,3,15,2,2,0,8,0,0,0,0,1,0,2,6,2,2,0,3,0,0,0,0,0.0,0.0,4.0,1.0,36.0,0.0,0.16666666666666666,0.0,0.0,1.0,12.0,36.4,1.3,0.14285714285714285,0.0,0.0,3.0,6.0,38.0,1.0,0.125,2.5,27.0,400.0,,,2,3,6.1,3.0,1520,1558,695,0.0,0.0,1.0,3.0,37.9,0.1,0.13333333333333333,0.0,0.0,1.0,5.0,38.2,1.4,0.0625,-0.1,0.4,53.0,-1137.0,16.0,12.0,541.0,-0.08333333333333333,0.07142857142857142,0.0625,0.06666666666666667,0.0,-0.5900000000000005,0.0
174,202109010702,0,0,0,1,0,1,2,9,0,0,0,0,0,0,0,1,0,1,2,6,0,0,0,0,0,0,0,1,0,0,1,3,0,0,0,0,0.0,0.0,11.0,9.0,38.6,2.1,1.0,0.0,0.0,14.0,13.0,40.1,3.1,0.8125,0.0,0.0,12.0,9.0,40.1,1.8,0.8333333333333334,0.0,20.0,0.0,0.11827956989247312,0.3010752688172043,6,11,14.3,5.0,1586,1393,1167,0.0,0.0,13.0,12.0,39.3,2.3,1.0,0.0,0.0,13.0,14.0,38.4,2.4,0.5,0.9,0.0,56.0,-1234.0,16.0,11.0,458.0,-0.18181818181818182,0.0625,-0.16666666666666666,0.0,0.125,0.120000000000001,0.0
175,202109010702,0,0,0,1,2,2,3,28,0,0,0,0,0,0,0,0,1,0,2,10,0,0,0,0,0,0,0,0,0,0,0,4,0,0,0,0,0.0,0.0,90.0,30.0,41.9,1.6,0.8,0.0,0.0,80.0,90.0,36.2,0.8,0.6428571428571429,0.0,0.0,60.0,60.0,37.2,1.6,0.1875,15.0,16.0,-200.0,0.02564102564102564,0.10256410256410256,8,15,25.0,8.0,1130,1235,1328,0.0,0.0,60.0,70.0,37.8,0.6,0.5625,0.0,0.0,10.0,50.0,37.0,1.0,0.4375,2.0,0.0,56.0,-1213.0,16.0,10.0,432.0,-0.1,0.0,0.0,-0.0625,-0.0625,0.8200000000000003,0.0
176,202109010702,0,0,0,9,3,3,3,47,0,0,0,1,0,0,0,2,1,0,0,9,0,0,0,0,0,0,0,2,0,0,0,6,0,0,0,0,0.0,0.0,12.0,12.0,41.0,4.1,0.5833333333333334,0.0,0.0,8.0,5.0,36.1,0.7,0.8333333333333334,0.0,0.0,9.0,8.0,36.1,0.6,0.4375,-2.0,8.0,-30.0,0.07407407407407407,0.3333333333333333,3,5,15.3,6.0,1098,1013,1294,0.0,0.0,8.0,8.0,35.3,0.5,0.1875,0.0,0.0,6.0,6.0,38.6,1.3,0.25,-0.9,0.0,54.0,-571.0,16.0,12.0,460.0,0.4166666666666667,-0.16666666666666666,0.0,-0.0625,0.0,0.5600000000000002,0.0
177,202109010702,0,0,0,0,6,4,5,46,0,0,0,0,0,0,0,0,2,0,1,10,0,0,0,0,0,0,0,0,1,0,0,5,0,0,0,0,0.0,0.0,10.0,7.0,37.5,2.0,0.75,,,,,,,,,,,,,,,,,0.0,0.03508771929824561,0.17543859649122806,1,2,93.7,10.0,1629,1167,1428,,,,,,,,,,,,,,,,0.0,54.0,0.0,16.0,16.0,452.0,0.0,,,,,,
178,202109010702,1,3,1,6,0,0,0,1,0,0,0,0,0,0,0,1,0,0,0,1,0,0,0,0,0,0,0,1,0,0,0,1,0,0,0,0,0.0,0.0,9.0,1.0,40.5,0.0,0.09090909090909091,0.0,0.0,17.0,16.0,36.9,1.9,0.2777777777777778,0.0,0.0,14.0,9.0,37.1,1.9,0.875,4.0,18.0,-800.0,0.0,0.16666666666666666,2,4,219.6,14.0,1152,1723,1428,0.0,0.0,14.0,8.0,38.9,2.1,0.4375,0.0,0.0,13.0,15.0,39.0,2.6,0.6875,2.0,0.2,54.0,-1228.0,16.0,11.0,444.0,0.0,0.1111111111111111,0.0,0.0,0.25,0.1,0.0
179,202109010702,0,0,0,9,0,0,0,10,0,0,0,0,0,0,0,2,0,0,0,4,0,0,0,0,0,0,0,2,0,0,0,3,0,0,0,0,0.0,0.0,8.0,9.0,37.6,2.2,0.7,0.0,0.0,9.0,15.0,38.8,3.0,0.6111111111111112,0.0,0.0,11.0,10.0,35.4,0.5,0.1111111111111111,0.5,0.0,380.0,0.13333333333333333,0.32,7,13,3.4,2.0,1098,1313,1294,0.0,0.0,13.0,16.0,37.5,1.3,0.0625,0.0,0.0,8.0,13.0,37.5,2.6,0.5,0.9,0.0,56.0,-825.0,16.0,10.0,452.0,0.1,-0.1111111111111111,0.0,0.0,0.0,0.15,0.0
180,202109010702,0,0,0,2,0,1,1,9,0,0,0,0,0,0,0,1,0,0,1,1,0,0,0,0,0,0,0,0,0,0,0,0,0,0,0,0,0.0,0.0,7.0,11.0,46.6,7.5,0.5454545454545454,0.0,0.0,16.0,9.0,36.8,0.7,0.8125,0.0,0.0,6.0,11.0,40.7,3.7,1.0,0.0,4.0,-500.0,0.021739130434782608,0.17391304347826086,4,7,109.2,11.0,1279,1316,1079,0.0,0.0,12.0,10.0,39.5,2.3,0.4375,0.0,0.0,6.0,9.0,40.3,2.5,0.5555555555555556,-0.3,0.0,56.0,-685.0,16.0,11.0,488.0,0.36363636363636365,0.125,-0.36363636363636365,0.0,0.1111111111111111,0.9900000000000005,0.0
181,202109010702,0,0,0,2,0,0,1,31,0,0,0,0,0,0,0,0,0,0,1,6,0,0,0,0,0,0,0,0,0,0,0,4,0,0,0,0,0.0,0.0,6.0,11.0,44.3,4.4,0.2727272727272727,0.0,0.0,7.0,11.0,39.5,2.4,0.3125,0.0,0.0,6.0,11.0,41.5,5.6,0.18181818181818182,0.0,-2.0,-200.0,0.0,0.06896551724137931,1,1,20.2,7.0,1222,1366,1328,0.0,0.0,3.0,9.0,37.3,3.2,0.5384615384615384,,,,,,,,-0.6,0.0,56.0,-243.0,16.0,11.0,470.0,0.2727272727272727,0.0,0.6363636363636364,0.0,,1.9,0.0
182,202109010702,1,1,2,8,5,5,4,54,0,0,0,2,0,0,1,1,1,0,0,13,0,0,0,0,0,0,0,1,0,0,0,4,0,0,0,0,0.0,0.0,13.0,12.0,38.5,3.1,0.875,,,,,,,,,,,,,,,,,0.0,,,6,12,197.3,13.0,1313,1556,1108,,,,,,,,,,,,,,,,0.0,51.0,0.0,16.0,16.0,402.0,-0.125,,,,,,
183,202109010702,0,0,0,0,6,4,5,46,0,0,0,0,0,0,0,0,2,0,1,10,0,0,0,0,0,0,0,0,1,0,0,5,0,0,0,0,0.0,0.0,7.0,7.0,41.6,4.4,0.5714285714285714,0.0,0.0,13.0,10.0,39.2,1.5,0.4375,0.0,0.0,13.0,9.0,38.3,1.6,0.5333333333333333,1.0,32.0,-200.0,0.0,0.058823529411764705,7,14,222.5,15.0,1601,1167,239,0.0,0.0,15.0,13.0,39.5,3.3,0.625,0.0,0.0,14.0,8.0,37.8,1.9,1.0,0.5,0.0,54.0,-794.0,16.0,7.0,450.0,0.42857142857142855,-0.0625,0.0,0.0,0.0,0.7300000000000011,0.0
184,202109010702,0,0,0,0,2,2,3,28,0,0,0,0,0,0,0,0,1,0,2,10,0,0,0,0,0,0,0,0,0,0,0,4,0,0,0,0,0.0,0.0,10.0,8.0,36.9,1.5,0.9,0.0,0.0,16.0,14.0,38.9,3.5,0.75,0.0,0.0,15.0,14.0,39.6,2.9,0.5625,3.0,4.0,200.0,,,5,10,265.3,16.0,1463,1235,1167,0.0,0.0,8.0,11.0,46.7,7.8,0.2727272727272727,0.0,0.0,10.0,9.0,35.5,2.5,0.8,-0.1,0.0,51.0,-234.0,16.0,10.0,462.0,-0.1,0.0,0.0625,0.36363636363636365,-0.2,-0.5000000000000007,0.0
185,202109010702,0,0,0,2,0,4,5,12,0,0,0,0,0,0,0,1,0,0,0,3,0,0,0,0,0,0,0,1,0,0,0,0,0,0,0,0,0.0,0.0,7.0,6.0,38.1,1.2,0.7272727272727273,0.0,0.0,12.0,15.0,39.5,3.6,0.6875,0.0,0.0,10.0,17.0,40.2,5.9,0.29411764705882354,5.5,-9.0,300.0,0.03225806451612903,0.11290322580645161,4,8,137.2,12.0,1687,1039,1345,,,,,,,,,,,,,,,5.5,0.0,54.0,-77.0,16.0,11.0,469.0,0.0,0.0,0.29411764705882354,,,-1.0500000000000007,0.0
186,202109010702,6,2,1,34,8,9,7,56,0,0,0,1,6,1,1,16,1,4,0,11,0,0,0,1,4,0,0,4,0,2,0,2,0,0,0,0,0.0,0.0,7.0,10.0,43.1,3.4,0.8,0.0,0.0,13.0,14.0,39.7,4.3,0.8125,0.0,0.0,9.0,16.0,37.7,3.8,1.0,3.0,-5.0,-200.0,0.0,0.14285714285714285,5,9,54.3,9.0,1228,1263,1108,,,,,,,,,,,,,,,3.0,0.0,56.0,-151.0,16.0,10.0,471.0,0.1,0.0625,0.0,,,2.6999999999999993,0.0
187,202109010705,6,2,1,34,0,0,0,7,0,0,0,0,6,1,1,16,0,0,0,3,0,0,0,0,1,1,1,2,0,0,0,0,0,0,0,0,0.0,0.0,5.0,6.0,13.6,2.7,0.14285714285714285,0.0,0.0,6.0,8.0,13.5,3.4,0.6153846153846154,0.0,0.0,13.0,13.0,37.5,1.6,0.26666666666666666,3.5,2.0,-1650.0,0.4,0.48,2,2,3.3,1.0,1228,334,1108,0.0,0.0,12.0,9.0,37.5,1.0,0.21428571428571427,0.0,0.0,13.0,14.0,38.3,1.1,0.25,1.7,0.0,56.0,-1324.0,14.0,7.0,498.0,0.14285714285714285,0.0,0.0,0.14285714285714285,0.0,-7.339999999999999,0.0
188,202109010705,3,9,7,41,0,0,0,0,0,0,0,0,2,4,2,15,0,0,0,0,0,0,0,0,1,1,0,1,0,0,0,0,0,0,0,0,0.0,0.0,8.0,13.0,37.4,2.4,0.6923076923076923,0.0,0.0,7.0,14.0,37.3,1.2,0.625,0.0,0.0,4.0,5.0,37.7,0.6,0.15384615384615385,-4.0,-2.0,50.0,0.13157894736842105,0.3157894736842105,3,4,8.0,4.0,1576,489,1577,0.0,0.0,9.0,11.0,39.0,1.6,0.25,0.0,0.0,12.0,6.0,37.9,0.9,0.0625,-1.7,0.0,54.0,-973.0,14.0,13.0,514.0,0.15384615384615385,0.125,0.0,0.0,0.0,-0.2700000000000003,0.0
189,202109010705,0,0,0,5,4,5,1,40,0,0,0,0,0,0,0,0,2,2,0,8,0,0,0,0,0,0,0,0,0,0,0,1,0,0,0,0,0.0,0.0,3.0,10.0,37.3,0.8,0.4,0.0,0.0,5.0,6.0,37.3,0.3,0.875,0.0,0.0,2.0,2.0,37.7,0.1,0.4,-4.0,-2.0,-500.0,0.031746031746031744,0.1111111111111111,8,14,8.2,5.0,1674,1558,1428,0.0,0.0,2.0,5.0,39.0,0.9,0.26666666666666666,0.0,0.0,2.0,3.0,37.7,0.4,0.25,-1.4999999999999998,0.4,56.0,-693.0,14.0,15.0,498.0,0.0,-0.0625,0.0,-0.13333333333333333,0.125,-0.25000000000000144,0.0
190,202109010705,2,1,0,12,3,3,3,47,0,0,0,0,0,0,0,6,1,0,0,9,0,0,0,0,0,0,0,0,0,0,0,1,0,0,0,0,0.0,0.0,7.0,8.0,37.6,1.0,0.2,0.0,0.0,6.0,7.0,37.7,1.4,0.4666666666666667,0.0,0.0,5.0,5.0,36.4,0.6,0.9333333333333333,-1.5,14.0,0.0,0.0967741935483871,0.3064516129032258,6,9,4.5,2.0,1605,1013,1,0.0,0.0,4.0,11.0,38.2,1.2,0.6666666666666666,0.0,0.0,2.0,9.0,36.7,0.9,0.6,0.6,0.0,56.0,-512.0,14.0,15.0,490.0,0.0,0.0,-0.06666666666666667,0.0,-0.06666666666666667,0.12999999999999973,0.0
191,202109010705,3,3,3,25,0,0,0,9,0,0,0,0,2,3,1,4,0,0,0,3,0,0,0,0,2,1,0,1,0,0,0,0,0,0,0,0,0.0,0.0,6.0,7.0,40.7,1.8,1.0,0.0,0.0,7.0,8.0,36.6,0.6,0.75,0.0,0.0,7.0,12.0,38.8,1.7,0.1875,2.5,20.0,-200.0,0.0,0.0,1,1,30.4,10.0,1278,1124,625,0.0,0.0,7.0,9.0,39.0,1.9,0.875,0.0,0.0,4.0,7.0,35.1,1.3,0.6428571428571429,0.1,0.0,54.0,-676.0,14.0,10.0,428.0,-0.1,0.0,-0.0625,-0.25,0.0,0.8800000000000004,0.0
192,202109010705,5,5,3,42,2,2,1,25,1,0,0,0,3,3,2,9,1,1,1,10,0,0,0,0,0,0,1,2,1,0,0,2,0,0,0,0,0.0,0.0,6.0,16.0,38.6,2.0,0.25,0.0,0.0,9.0,9.0,36.2,1.9,0.2222222222222222,0.0,0.0,8.0,,,,,-7.0,4.0,0.0,,,3,3,18.8,7.0,1716,1294,1167,0.0,0.0,9.0,9.0,34.6,0.7,0.5,0.0,0.0,7.0,10.0,34.8,0.8,0.21428571428571427,-1.8,0.0,52.0,-568.0,14.0,16.0,470.0,0.0,0.2222222222222222,,0.14285714285714285,0.0,1.3000000000000014,0.0
193,202109010705,0,0,0,0,0,0,0,0,0,0,0,0,0,0,0,0,0,0,0,0,0,0,0,0,0,0,0,0,0,0,0,0,0,0,0,0,0.0,0.0,30.0,4.0,37.7,0.2,0.25,0.0,0.0,10.0,1.0,37.8,0.0,0.125,0.0,0.0,10.0,4.0,34.8,0.6,0.2777777777777778,0.0,-4.0,-200.0,0.0,0.0,5,8,6.9,3.0,458,698,225,0.0,0.0,30.0,2.0,34.7,0.0,0.2,0.0,0.0,10.0,2.0,36.1,0.1,0.14285714285714285,-0.3,0.6,53.0,27.0,14.0,16.0,448.0,0.0625,0.0,-0.1111111111111111,0.0,-0.07142857142857142,0.6299999999999997,0.0
194,202109010705,5,5,3,42,6,2,0,20,0,0,0,4,3,3,2,9,0,0,0,2,0,0,0,0,0,0,1,2,0,0,0,0,0,0,0,0,0.0,0.0,2.0,7.0,38.9,2.6,1.0,0.0,0.0,8.0,9.0,35.5,2.4,0.8888888888888888,0.0,0.0,9.0,14.0,36.9,2.1,0.9375,3.5,17.0,-200.0,0.02702702702702703,0.20270270270270271,7,12,9.6,6.0,1716,1428,1167,0.0,0.0,6.0,8.0,37.6,1.0,0.14285714285714285,0.0,0.0,8.0,16.0,38.4,1.5,0.11764705882352941,1.7,0.0,56.0,-1204.0,14.0,9.0,509.0,0.0,0.0,0.0,0.0,0.0,-0.11000000000000014,0.0
195,202109010705,0,0,0,0,0,0,0,0,0,0,0,0,0,0,0,0,0,0,0,0,0,0,0,0,0,0,0,0,0,0,0,0,0,0,0,0,0.0,0.0,15.0,14.0,38.6,2.2,0.9333333333333333,0.0,0.0,13.0,9.0,38.5,1.6,0.8571428571428571,0.0,0.0,14.0,13.0,39.2,3.0,0.4666666666666667,-0.5,-4.0,-600.0,0.034482758620689655,0.1724137931034483,5,7,72.0,13.0,1023,1380,1327,0.0,0.0,16.0,9.0,37.2,0.6,0.3125,0.0,0.0,13.0,11.0,38.3,1.4,0.7142857142857143,-0.6,0.0,56.0,-966.0,14.0,15.0,486.0,0.06666666666666667,-0.07142857142857142,-0.13333333333333333,0.0,0.07142857142857142,0.19000000000000056,0.0
196,202109010705,1,3,1,6,0,0,0,0,0,0,0,0,0,0,0,1,0,0,0,0,0,0,0,0,0,0,0,0,0,0,0,0,0,0,0,0,0.0,0.0,50.0,70.0,41.6,2.6,0.1111111111111111,0.0,0.0,120.0,120.0,36.8,2.2,0.7692307692307693,0.0,0.0,100.0,120.0,35.7,1.7,1.0,25.0,2.0,-200.0,0.09259259259259259,0.3148148148148148,4,6,21.7,8.0,1152,549,1428,0.0,0.0,50.0,120.0,34.8,0.8,0.7142857142857143,0.0,0.0,80.0,120.0,13.8,6.9,0.3076923076923077,10.0,0.0,56.0,-934.0,14.0,9.0,490.0,0.1111111111111111,0.15384615384615385,0.0,0.0,0.5384615384615384,5.76,0.0
197,202109010705,6,2,1,34,1,1,1,15,0,0,0,0,6,1,1,16,0,0,0,1,0,0,0,0,1,1,1,2,0,0,0,0,0,0,0,0,0.0,0.0,50.0,5.0,39.2,0.5,0.375,0.0,0.0,150.0,14.0,40.4,3.4,0.4,0.0,0.0,150.0,16.0,40.0,3.6,0.625,5.5,34.0,-200.0,0.18181818181818182,0.5227272727272727,4,5,24.8,9.0,1228,848,1108,0.0,0.0,,,,,,0.0,0.0,120.0,14.0,39.8,2.5,0.125,2.9,0.0,56.0,-1229.0,14.0,8.0,544.0,0.125,0.2,0.0625,,0.0,-0.13999999999999843,0.0
198,202109010705,0,0,0,2,1,0,0,8,0,0,0,0,0,0,0,1,1,0,0,2,0,0,0,0,0,0,0,0,0,0,0,0,0,0,0,0,0.0,0.0,11.0,6.0,35.3,0.7,1.0,0.0,0.0,10.0,6.0,34.8,0.8,1.0,0.0,0.0,13.0,13.0,35.9,0.8,0.8125,3.5,0.0,0.0,0.11702127659574468,0.2978723404255319,6,10,66.2,12.0,1426,1228,306,0.0,0.0,4.0,5.0,36.6,0.7,0.9090909090909091,0.0,0.0,7.0,9.0,36.0,0.6,0.8666666666666667,0.5,0.0,54.0,-1072.0,14.0,16.0,448.0,0.0,0.0,0.125,0.0,0.06666666666666667,-0.320000000000001,0.0
199,202109010705,0,0,1,0,0,0,0,1,0,0,0,0,0,0,0,0,0,0,0,0,0,0,0,0,0,0,0,0,0,0,0,0,0,0,0,0,0.0,0.0,2.0,8.0,36.4,1.1,0.5625,0.0,0.0,7.0,12.0,36.4,1.0,0.2777777777777778,0.0,0.0,1.0,4.0,35.6,0.3,0.14285714285714285,-2.0,-2.0,0.0,0.047619047619047616,0.16666666666666666,7,11,45.5,11.0,548,199,257,0.0,0.0,6.0,2.0,34.6,0.1,0.25,0.0,0.0,2.0,5.0,36.4,0.2,0.2,-1.5999999999999999,0.2,55.0,-771.0,14.0,16.0,496.0,0.0625,0.0,0.0,0.0,0.06666666666666667,0.17999999999999972,0.0
200,202109010705,3,9,7,41,2,2,3,28,0,0,0,1,2,4,2,15,1,0,2,10,0,0,0,1,1,1,0,1,1,0,1,2,0,0,0,0,0.0,0.0,6.0,14.0,38.0,3.6,0.35714285714285715,0.0,0.0,14.0,14.0,38.6,2.2,0.35714285714285715,0.0,0.0,1.0,1.0,36.2,0.0,0.07692307692307693,-6.5,-6.0,200.0,0.12,0.2,8,13,79.0,14.0,1576,1235,1577,0.0,0.0,4.0,5.0,36.4,0.5,0.14285714285714285,0.0,0.0,4.0,12.0,40.5,2.1,0.125,-1.3,0.2,54.0,-126.0,14.0,14.0,470.0,0.07142857142857142,0.07142857142857142,0.0,0.0,0.0,-0.2799999999999997,0.0
201,202109010807,1,2,1,18,1,0,0,7,0,0,0,0,0,1,0,2,0,0,0,2,0,0,0,0,0,0,0,1,0,0,0,0,0,0,0,0,0.0,0.0,16.0,14.0,37.4,2.2,0.875,0.0,0.0,15.0,15.0,38.4,2.7,0.6,0.0,0.0,15.0,14.0,36.6,2.0,0.9375,0.0,0.0,-200.0,0.07142857142857142,0.32142857142857145,6,10,3.3,1.0,1304,749,1503,0.0,0.0,9.0,10.0,36.6,1.1,0.8125,0.0,0.0,1.0,1.0,35.8,0.0,1.0,-3.1,0.2,55.0,-280.0,14.0,16.0,452.0,-0.125,0.06666666666666667,0.0,0.0,0.0,0.5,0.0
202,202109010807,3,1,1,20,0,0,1,14,0,0,0,2,0,0,0,3,0,0,0,1,0,0,0,0,0,0,0,1,0,0,0,0,0,0,0,0,0.0,0.0,160.0,140.0,36.7,2.2,0.875,0.0,0.0,110.0,110.0,36.6,1.8,0.9333333333333333,0.0,0.0,130.0,90.0,37.5,1.6,0.875,-25.0,12.0,-200.0,0.02127659574468085,0.1702127659574468,5,8,33.3,9.0,1403,1708,939,0.0,0.0,100.0,110.0,37.0,1.6,1.0,0.0,0.0,60.0,10.0,36.7,0.0,1.0,-26.0,0.0,55.0,-973.0,14.0,16.0,502.0,0.0,-0.06666666666666667,0.0,0.0,0.0,-0.039999999999999855,0.0
203,202109010807,0,4,2,7,0,1,2,12,0,0,0,1,0,1,1,1,0,0,1,2,0,0,0,0,0,0,0,0,0,0,0,0,0,0,0,0,0.0,0.0,16.0,16.0,40.1,3.0,0.3125,0.0,0.0,14.0,13.0,38.9,1.9,0.5714285714285714,0.0,0.0,16.0,13.0,37.3,1.9,0.875,-1.5,4.0,-200.0,0.09375,0.296875,5,7,30.8,8.0,1557,1551,1559,0.0,0.0,14.0,14.0,37.8,1.0,0.5625,0.0,0.0,1.0,1.0,37.1,0.0,0.5714285714285714,-2.9,0.2,55.0,-699.0,14.0,16.0,460.0,-0.0625,0.0,0.0625,-0.0625,0.0,0.7100000000000002,0.0
204,202109010807,3,5,4,30,1,1,1,9,0,0,0,0,0,1,1,5,1,0,0,2,0,0,0,0,0,0,0,2,0,0,0,1,0,0,0,0,0.0,0.0,11.0,13.0,37.2,2.0,0.8461538461538461,0.0,0.0,8.0,11.0,39.7,1.4,0.5714285714285714,0.0,0.0,10.0,9.0,36.8,1.2,0.625,-2.0,2.0,0.0,0.046511627906976744,0.16279069767441862,7,12,17.4,6.0,1127,351,1328,0.0,0.0,9.0,4.0,36.8,0.6,0.6666666666666666,0.0,0.0,8.0,7.0,39.9,2.0,0.5,-1.9,0.0,54.0,-770.0,14.0,13.0,448.0,0.07692307692307693,0.21428571428571427,0.1875,-0.2,0.3333333333333333,-0.24999999999999858,0.0
205,202109010807,1,1,2,8,0,0,1,0,0,0,1,0,0,0,1,1,0,0,0,0,0,0,0,0,0,0,0,0,0,0,0,0,0,0,0,0,0.0,0.0,90.0,6.0,41.0,1.5,1.0,0.0,0.0,90.0,11.0,36.5,1.8,0.8666666666666667,0.0,0.0,110.0,15.0,40.0,3.1,1.0,4.5,13.0,-200.0,0.11538461538461539,0.19230769230769232,3,4,7.1,4.0,1313,1415,1108,0.0,0.0,10.0,8.0,38.2,1.2,0.07692307692307693,0.0,0.0,40.0,6.0,37.5,1.1,0.6666666666666666,-0.3,0.0,55.0,-1168.0,14.0,10.0,477.0,0.0,0.0,0.0,0.07692307692307693,-0.13333333333333333,0.5299999999999997,0.0
206,202109010807,2,3,6,31,0,3,0,9,0,0,0,1,1,1,3,15,0,2,0,0,0,0,0,0,0,0,0,3,0,0,0,0,0,0,0,0,0.0,0.0,4.0,4.0,39.0,0.5,0.21428571428571427,0.0,0.0,2.0,6.0,37.3,0.7,0.3125,0.0,0.0,6.0,2.0,36.5,0.0,0.5333333333333333,-1.0,2.0,-500.0,0.0,0.11538461538461539,4,6,4.8,3.0,1520,1503,695,0.0,0.0,11.0,8.0,39.9,1.3,0.26666666666666666,0.0,0.0,7.0,6.0,38.0,1.8,0.42857142857142855,0.6,0.2,54.0,-770.0,14.0,14.0,470.0,-0.07142857142857142,0.0,-0.2,-0.06666666666666667,-0.21428571428571427,-0.060000000000000143,0.0
207,202109010807,1,3,1,6,6,4,5,46,0,0,0,0,0,0,0,1,2,0,1,10,0,0,0,0,0,0,0,0,0,0,1,3,0,0,0,0,0.0,0.0,,,,,,0.0,0.0,80.0,12.0,38.9,1.5,0.625,0.0,0.0,50.0,14.0,37.9,2.0,0.4375,2.0,,-600.0,0.12987012987012986,0.3246753246753247,2,2,3.3,2.0,1152,1167,1428,0.0,0.0,90.0,6.0,37.4,1.0,0.15384615384615385,0.0,0.0,110.0,6.0,37.6,0.9,0.13333333333333333,-2.6,0.0,55.0,-450.0,14.0,6.0,,,-0.0625,0.0625,0.0,-0.06666666666666667,0.43999999999999917,0.0
208,202109010807,3,0,2,16,1,2,0,9,0,0,0,1,1,0,0,2,0,1,0,1,0,0,0,0,0,0,0,1,0,1,0,0,0,0,0,0,0.0,0.0,11.0,13.0,38.9,2.1,0.38461538461538464,0.0,0.0,13.0,8.0,37.2,0.7,0.5714285714285714,0.0,0.0,11.0,10.0,40.5,2.9,0.5333333333333333,-1.5,2.0,0.0,0.04081632653061224,0.10204081632653061,6,9,149.6,13.0,1618,460,1263,0.0,0.0,12.0,9.0,35.9,1.2,0.8571428571428571,0.0,0.0,15.0,15.0,35.6,1.6,0.625,0.5,0.0,55.0,-13.0,14.0,13.0,508.0,0.0,-0.07142857142857142,-0.06666666666666667,-0.07142857142857142,0.125,0.7899999999999998,0.0
209,202109010807,0,1,1,5,3,3,3,47,0,0,0,1,0,0,1,3,1,0,0,9,0,0,0,1,0,0,0,1,0,0,0,1,0,0,0,1,0.0,0.0,140.0,14.0,37.2,1.2,0.75,0.0,0.0,80.0,11.0,13.7,7.2,0.09090909090909091,0.0,0.0,140.0,14.0,39.3,2.6,0.1875,0.0,-6.0,50.0,0.0625,0.15625,4,5,37.9,10.0,1170,1013,1404,0.0,0.0,160.0,14.0,35.3,1.5,0.7777777777777778,0.0,0.0,120.0,12.0,38.9,2.4,0.2857142857142857,-0.1,0.0,55.0,-252.0,14.0,16.0,448.0,0.0625,0.9090909090909091,0.6875,0.0,0.14285714285714285,-2.4999999999999987,0.0
210,202109010807,8,3,8,68,0,0,0,0,0,0,0,0,1,0,3,17,0,0,0,0,0,0,0,0,0,0,1,3,0,0,0,0,0,0,0,0,0.0,0.0,4.0,3.0,38.7,0.5,0.42857142857142855,0.0,0.0,16.0,11.0,36.4,1.5,0.8125,0.0,0.0,16.0,16.0,40.2,4.2,0.4375,6.5,-18.0,-400.0,0.0,0.09090909090909091,1,1,12.2,5.0,1221,1296,1263,0.0,0.0,15.0,10.0,39.0,1.5,0.6,0.0,0.0,16.0,16.0,36.8,2.4,0.5,2.5,0.2,55.0,-908.0,14.0,7.0,470.0,0.14285714285714285,-0.1875,0.5,0.0,0.1875,0.120000000000001,0.0
211,202109010807,3,1,1,20,0,0,0,10,0,0,0,0,0,0,0,3,0,0,0,4,0,0,0,0,0,0,0,1,0,0,0,0,0,0,0,0,0.0,0.0,60.0,100.0,41.4,2.8,0.1,0.0,0.0,110.0,100.0,35.8,1.2,0.8333333333333334,0.0,0.0,60.0,90.0,37.4,0.9,0.08333333333333333,-5.0,6.0,-200.0,0.0,0.15789473684210525,3,3,49.6,11.0,1403,1313,939,0.0,0.0,70.0,50.0,36.8,0.3,0.09090909090909091,0.0,0.0,60.0,60.0,36.3,0.5,0.4166666666666667,-13.0,0.0,55.0,-596.0,14.0,10.0,490.0,0.8,0.08333333333333333,0.0,0.0,-0.08333333333333333,0.9200000000000003,0.0
212,202109010807,6,2,1,34,3,3,3,47,0,0,0,1,6,1,1,16,1,0,0,9,0,0,0,1,1,1,1,2,0,0,0,1,0,0,0,0,0.0,0.0,2.0,6.0,40.5,1.8,0.1111111111111111,0.0,0.0,9.0,12.0,39.2,2.1,0.07692307692307693,0.0,0.0,13.0,10.0,37.3,1.0,0.25,2.0,2.0,-200.0,0.11578947368421053,0.29473684210526313,8,14,25.4,7.0,1228,1013,1108,0.0,0.0,7.0,4.0,35.7,0.2,0.2857142857142857,0.0,0.0,10.0,11.0,38.5,1.5,0.15384615384615385,0.2,0.0,55.0,-431.0,14.0,9.0,430.0,0.1111111111111111,0.07692307692307693,0.1875,0.0,0.0,0.75,0.0
213,202109010807,10,6,4,45,0,1,0,10,0,0,0,0,0,1,0,6,0,0,0,2,0,0,0,0,0,0,0,0,0,0,0,1,0,0,0,0,0.0,0.0,14.0,12.0,38.2,1.8,0.6428571428571429,0.0,0.0,9.0,9.0,38.2,2.2,0.6666666666666666,0.0,0.0,14.0,10.0,38.5,1.9,0.5,-1.0,8.0,0.0,0.03076923076923077,0.12307692307692308,8,13,87.0,12.0,1110,1221,938,0.0,0.0,15.0,13.0,38.8,1.5,0.13333333333333333,0.0,0.0,12.0,13.0,38.4,1.7,0.35714285714285715,0.6,0.0,55.0,-518.0,14.0,14.0,484.0,0.0,0.0,0.0625,0.0,0.14285714285714285,-0.09999999999999858,0.0
214,202109010807,2,3,6,31,6,4,5,46,0,0,0,1,1,1,3,15,2,0,1,10,0,0,0,1,0,0,0,3,0,0,1,3,0,0,0,1,0.0,0.0,7.0,10.0,38.4,1.9,0.5,0.0,0.0,16.0,15.0,37.8,2.2,0.8125,0.0,0.0,12.0,11.0,40.3,2.9,0.9166666666666666,0.5,9.0,300.0,0.03389830508474576,0.1694915254237288,7,11,172.6,14.0,1520,1167,695,0.0,0.0,14.0,14.0,38.5,1.9,0.5714285714285714,0.0,0.0,9.0,8.0,37.4,1.9,0.9166666666666666,-0.5,0.0,55.0,-190.0,14.0,12.0,461.0,0.16666666666666666,-0.0625,0.0,0.14285714285714285,0.0,0.12999999999999973,0.0
215,202109010812,1,0,0,0,1,0,0,0,1,0,0,0,1,0,0,0,1,0,0,0,1,0,0,0,0,0,0,0,0,0,0,0,0,0,0,0,0.0,0.0,13.0,10.0,36.1,1.0,0.9285714285714286,0.0,0.0,16.0,14.0,35.5,1.6,0.875,0.0,0.0,10.0,6.0,36.2,0.7,0.8571428571428571,-2.0,10.0,0.0,0.2558139534883721,0.5348837209302325,4,8,3.2,1.0,134,26,832,0.0,0.0,10.0,9.0,36.3,1.4,1.0,0.0,0.0,10.0,7.0,37.1,1.0,0.9230769230769231,-1.1,0.0,57.0,-1309.0,16.0,14.0,512.0,0.07142857142857142,0.0625,-0.07142857142857142,-0.125,0.07692307692307693,-0.2799999999999997,0.0
216,202109010812,4,4,8,30,0,1,0,3,0,0,0,0,2,2,1,7,0,0,0,0,0,0,0,0,0,0,0,1,0,0,0,0,0,0,0,0,0.0,0.0,14.0,12.0,36.7,1.2,1.0,0.0,0.0,14.0,7.0,36.2,1.0,1.0,0.0,0.0,15.0,14.0,37.0,1.4,0.9375,1.0,0.0,0.0,0.17777777777777778,0.5111111111111111,8,16,24.8,9.0,1393,580,1263,0.0,0.0,14.0,12.0,37.1,1.1,0.6875,0.0,0.0,16.0,10.0,36.0,1.3,0.75,0.1,0.0,57.0,-727.0,16.0,16.0,544.0,-0.0625,0.0,0.0,0.0,0.0625,0.05000000000000071,0.0
217,202109010812,2,0,0,17,0,0,0,2,0,0,0,1,0,0,0,7,0,0,0,1,0,0,0,0,0,0,0,2,0,0,0,0,0,0,0,0,0.0,0.0,16.0,12.0,37.2,1.2,0.625,0.0,0.0,16.0,11.0,36.2,1.6,0.625,0.0,0.0,9.0,9.0,34.5,0.4,0.7692307692307693,-1.5,-8.0,0.0,0.1111111111111111,0.18518518518518517,5,10,17.1,6.0,1571,808,1108,0.0,0.0,13.0,11.0,36.3,0.6,0.25,0.0,0.0,13.0,13.0,38.0,1.9,0.625,0.2,0.0,55.0,-1022.0,16.0,16.0,478.0,-0.0625,0.0625,0.0,0.0,0.0,-0.16999999999999887,0.0
218,202109010812,1,1,1,2,3,1,1,28,1,1,1,1,1,0,1,1,1,0,1,4,1,0,1,1,0,0,0,1,0,0,0,2,0,0,0,1,0.0,0.0,12.0,11.0,36.2,1.2,0.5384615384615384,0.0,0.0,13.0,6.0,37.2,0.8,0.7142857142857143,0.0,0.0,6.0,2.0,13.7,0.5,0.4,-4.5,6.0,0.0,0.09259259259259259,0.25925925925925924,2,4,7.4,3.0,1521,1482,1313,0.0,0.0,8.0,8.0,13.9,9.3,1.0,0.0,0.0,15.0,13.0,37.6,1.5,0.875,0.6,0.2,57.0,-1043.0,16.0,13.0,476.0,0.0,-0.07142857142857142,-0.2,-0.1,0.0625,2.0500000000000007,0.0
219,202109010812,6,2,1,34,0,0,0,3,0,0,0,0,6,1,1,16,0,0,0,0,0,0,0,0,0,0,0,1,0,0,0,0,0,0,0,0,0.0,0.0,13.0,8.0,37.9,0.9,0.125,0.0,0.0,12.0,11.0,38.3,1.2,0.13333333333333333,0.0,0.0,14.0,14.0,37.9,1.7,0.25,3.0,8.0,0.0,,,8,15,53.8,10.0,1228,260,1108,0.0,0.0,11.0,12.0,37.6,1.2,0.5,0.0,0.0,12.0,13.0,38.0,1.9,0.125,1.1,0.0,52.0,-727.0,16.0,16.0,476.0,0.0,0.0,0.3125,-0.0625,0.0625,0.04999999999999929,0.0
220,202109010812,3,5,4,30,0,3,1,7,0,1,0,0,0,1,1,5,0,0,0,3,0,0,0,0,0,0,0,0,0,0,0,0,0,0,0,0,0.0,0.0,80.0,11.0,13.9,5.9,0.15384615384615385,0.0,0.0,80.0,10.0,13.9,6.4,0.8461538461538461,0.0,0.0,60.0,14.0,37.5,1.1,0.625,1.5,-2.0,-1680.0,0.1282051282051282,0.32051282051282054,5,9,19.6,8.0,1127,1292,1328,0.0,0.0,80.0,6.0,36.6,0.6,0.5625,0.0,0.0,80.0,4.0,37.1,0.5,0.3125,-1.8,0.0,57.0,-379.0,16.0,13.0,496.0,0.07692307692307693,-0.07692307692307693,-0.0625,0.0,0.0,-6.910000000000001,0.0
221,202109010812,0,0,0,5,0,0,0,1,0,0,0,0,0,0,0,0,0,0,0,0,0,0,0,0,0,0,0,0,0,0,0,0,0,0,0,0,0.0,0.0,60.0,7.0,13.8,3.0,0.5,0.0,0.0,60.0,10.0,14.1,6.6,0.6666666666666666,0.0,0.0,,,,,,3.0,0.0,-1770.0,0.02666666666666667,0.2,4,7,9.2,5.0,1674,1433,1428,0.0,0.0,120.0,7.0,36.7,1.1,0.125,0.0,0.0,90.0,13.0,35.8,1.5,0.625,1.5,0.0,57.0,-728.0,16.0,10.0,490.0,0.0,0.16666666666666666,,0.0,0.0,-8.86,0.0
222,202109010812,0,0,0,2,0,0,2,9,0,0,0,0,0,0,0,1,0,0,1,3,0,0,0,0,0,0,0,0,0,0,1,1,0,0,0,0,0.0,0.0,50.0,50.0,41.4,1.2,0.7,0.0,0.0,140.0,110.0,37.5,1.2,0.6875,0.0,0.0,160.0,80.0,37.5,0.9,0.25,15.0,10.0,-100.0,0.03333333333333333,0.16666666666666666,6,12,191.4,16.0,1715,1145,770,0.0,0.0,140.0,130.0,39.1,1.9,0.125,0.0,0.0,160.0,90.0,37.5,0.6,0.25,10.0,0.0,57.0,-1239.0,16.0,10.0,480.0,-0.2,-0.1875,0.0,0.0,-0.125,0.6199999999999996,0.0
223,202109010812,0,1,0,0,0,1,0,0,0,1,0,0,0,0,0,0,0,0,0,0,0,0,0,0,0,0,0,0,0,0,0,0,0,0,0,0,0.0,0.0,4.0,17.0,36.5,2.1,0.16666666666666666,0.0,0.0,4.0,9.0,34.2,0.7,0.5333333333333333,0.0,0.0,1.0,16.0,35.3,0.8,0.125,-0.5,2.0,0.0,0.18181818181818182,0.42424242424242425,2,3,7.7,4.0,79,124,1,0.0,0.0,2.0,1.0,34.1,0.0,0.09090909090909091,0.0,0.0,4.0,12.0,38.5,1.3,0.125,-1.8,0.2,55.0,-329.0,16.0,18.0,456.0,-0.05555555555555555,-0.06666666666666667,0.0,0.0,0.0,-0.38999999999999985,0.0
224,202109010812,0,1,0,4,5,5,4,54,0,0,0,0,0,0,0,1,1,0,0,13,0,0,0,0,0,0,0,0,1,0,0,0,0,0,0,0,0.0,0.0,150.0,7.0,37.1,1.1,0.4666666666666667,0.0,0.0,140.0,13.0,37.3,1.9,0.9333333333333333,0.0,0.0,,,,,,6.0,6.0,-200.0,0.0,0.05555555555555555,1,2,91.1,13.0,1319,1556,334,0.0,0.0,160.0,5.0,37.0,0.4,0.5625,0.0,0.0,100.0,10.0,36.0,1.9,0.5,0.1,0.0,55.0,-582.0,16.0,15.0,454.0,0.2,0.0,,0.0,0.0,0.36000000000000015,0.0
225,202109010812,6,2,1,34,1,0,1,9,1,0,0,0,6,1,1,16,1,0,0,1,1,0,0,0,0,0,0,1,0,0,0,0,0,0,0,0,0.0,0.0,11.0,11.0,36.5,1.5,0.9375,0.0,0.0,13.0,16.0,37.5,1.4,0.75,0.0,0.0,1.0,1.0,39.4,0.0,0.08333333333333333,-5.0,2.0,0.0,0.045454545454545456,0.1590909090909091,7,13,73.4,11.0,1228,1206,1108,0.0,0.0,4.0,7.0,35.9,0.9,0.5714285714285714,0.0,0.0,1.0,1.0,36.6,0.0,0.125,-2.9,0.4,54.0,0.0,16.0,16.0,494.0,0.0,0.1875,0.0,0.07142857142857142,0.0,0.13999999999999985,0.0
226,202109010812,7,4,6,35,4,5,1,40,1,1,0,0,2,0,2,13,2,2,0,8,0,0,0,0,0,0,1,0,0,0,0,1,0,0,0,0,0.0,0.0,,,,,,0.0,0.0,160.0,14.0,36.7,1.5,0.875,0.0,0.0,130.0,13.0,38.1,2.7,1.0,-1.0,-11.0,-200.0,0.11458333333333333,0.2916666666666667,6,11,3.4,2.0,1172,1558,1556,0.0,0.0,100.0,11.0,38.8,3.0,0.8181818181818182,0.0,0.0,150.0,15.0,37.8,1.8,0.75,0.1,0.0,57.0,-1156.0,16.0,7.0,451.0,,0.0,0.0,0.0,-0.0625,-0.39999999999999786,0.0
227,202109010812,2,0,0,17,1,3,1,23,0,0,0,1,0,0,0,7,0,0,0,7,0,0,0,1,0,0,0,2,0,0,0,0,0,0,0,0,0.0,0.0,20.0,9.0,42.1,4.0,0.1111111111111111,0.0,0.0,130.0,16.0,38.2,1.8,0.6875,0.0,0.0,120.0,13.0,37.0,1.6,0.5,2.0,9.0,-300.0,0.05405405405405406,0.16216216216216217,7,14,156.0,14.0,1571,1376,1108,0.0,0.0,160.0,15.0,35.9,1.5,0.2222222222222222,0.0,0.0,110.0,13.0,38.1,1.6,0.6,0.7,0.0,57.0,-814.0,16.0,9.0,477.0,0.8888888888888888,0.125,0.14285714285714285,0.1111111111111111,0.06666666666666667,1.0300000000000005,0.0
228,202109010812,8,3,8,68,0,4,5,12,0,0,0,1,1,0,3,17,0,0,0,3,0,0,0,0,0,0,0,2,0,0,0,0,0,0,0,0,0.0,0.0,3.0,5.0,38.3,2.1,1.0,0.0,0.0,14.0,11.0,35.7,0.7,0.5,0.0,0.0,10.0,11.0,35.8,2.2,1.0,3.0,34.0,0.0,0.09523809523809523,0.30158730158730157,3,6,81.0,12.0,1221,1039,1263,0.0,0.0,12.0,14.0,38.7,1.8,0.125,0.0,0.0,13.0,14.0,39.0,2.2,0.25,2.1,0.0,55.0,-933.0,16.0,9.0,504.0,0.0,-0.07142857142857142,0.0,0.0,0.0625,-0.44000000000000056,0.0
229,202109010812,1,0,3,28,0,0,0,0,0,0,0,0,0,0,0,4,0,0,0,0,0,0,0,0,0,0,0,0,0,0,0,0,0,0,0,0,0.0,0.0,7.0,9.0,44.3,7.9,0.8888888888888888,0.0,0.0,16.0,16.0,35.8,2.2,1.0,0.0,0.0,13.0,12.0,34.8,1.7,0.9230769230769231,1.5,36.0,-400.0,0.0,1.0,3,5,158.5,15.0,1736,1650,1482,0.0,0.0,12.0,9.0,34.4,0.7,0.8461538461538461,0.0,0.0,10.0,10.0,35.7,2.0,0.2727272727272727,-0.5,0.0,54.0,-673.0,16.0,9.0,514.0,0.1111111111111111,0.0,0.0,0.0,0.0,1.8599999999999988,0.0
230,202109010812,2,0,3,17,2,1,2,8,0,0,0,0,0,0,1,3,0,0,0,2,0,0,0,0,0,0,0,0,0,0,0,0,0,0,0,0,0.0,0.0,9.0,6.0,38.3,0.5,0.2727272727272727,0.0,0.0,13.0,11.0,36.6,1.6,0.5,0.0,0.0,7.0,16.0,39.0,2.5,0.4375,5.0,14.0,-200.0,0.03125,0.125,1,1,17.6,7.0,1317,1170,1186,0.0,0.0,3.0,10.0,38.1,1.2,0.125,0.0,0.0,1.0,1.0,36.7,0.0,0.06666666666666667,-1.1,0.2,55.0,-618.0,16.0,11.0,496.0,0.0,0.0625,0.0,0.0,0.0,0.16999999999999887,0.0
231,202109010902,1,0,0,0,0,0,0,2,0,0,0,0,1,0,0,0,0,0,0,1,0,0,0,0,0,0,0,0,0,0,0,0,0,0,0,0,0.0,0.0,12.0,9.0,36.5,0.6,0.8666666666666667,0.0,0.0,4.0,7.0,35.9,0.4,0.7692307692307693,0.0,0.0,3.0,2.0,35.3,0.1,0.75,-3.5,12.0,0.0,0.0,0.25,7,14,2.2,1.0,1629,1448,1428,0.0,0.0,6.0,4.0,36.4,0.4,0.8,0.0,0.0,12.0,5.0,36.4,0.4,0.875,-1.1,0.2,56.0,-1163.0,16.0,15.0,494.0,-0.13333333333333333,0.0,0.0,0.0,0.0,-0.029999999999999714,0.0
232,202109010902,0,0,0,0,1,1,1,3,0,0,0,0,0,0,0,0,0,0,0,0,0,0,0,0,0,0,0,0,0,0,0,0,0,0,0,0,0.0,0.0,5.0,8.0,38.0,2.1,0.9285714285714286,0.0,0.0,13.0,10.0,36.6,1.0,0.75,0.0,0.0,10.0,7.0,37.1,1.3,0.9375,-0.5,20.0,-200.0,0.08333333333333333,0.125,3,5,6.9,3.0,1657,1362,1317,0.0,0.0,4.0,5.0,38.5,1.1,0.8461538461538461,0.0,0.0,6.0,5.0,37.5,1.0,0.8125,-1.1,0.0,54.0,-1275.0,16.0,14.0,448.0,0.0,0.0,-0.0625,0.07692307692307693,0.0,-0.08999999999999986,0.0
233,202109010902,0,1,0,6,0,0,0,0,0,0,0,0,0,0,0,0,0,0,0,0,0,0,0,0,0,0,0,0,0,0,0,0,0,0,0,0,0.0,0.0,10.0,14.0,36.0,1.5,0.7058823529411765,0.0,0.0,40.0,3.0,35.5,0.4,0.25,0.0,0.0,20.0,10.0,35.2,1.7,0.9285714285714286,-2.0,6.0,0.0,0.0,0.14814814814814814,4,8,5.8,2.0,1674,848,1428,0.0,0.0,40.0,3.0,34.6,0.1,0.4117647058823529,0.0,0.0,100.0,5.0,34.3,0.7,0.1111111111111111,-1.8,0.4,56.0,34.0,16.0,17.0,460.0,0.0,0.0,0.0,-0.058823529411764705,0.0,0.43000000000000044,0.0
234,202109010902,0,0,0,0,0,0,0,1,0,0,0,0,0,0,0,0,0,0,0,1,0,0,0,0,0,0,0,0,0,0,0,1,0,0,0,0,0.0,0.0,15.0,12.0,37.3,1.0,0.8125,0.0,0.0,7.0,9.0,38.0,1.3,0.4,0.0,0.0,7.0,10.0,35.5,1.3,0.5,-1.0,6.0,0.0,0.06060606060606061,0.15151515151515152,8,15,22.6,8.0,1463,1577,1167,0.0,0.0,8.0,4.0,37.4,1.0,0.375,0.0,0.0,10.0,6.0,38.0,1.9,0.3125,-1.7,0.0,54.0,-105.0,16.0,16.0,422.0,-0.0625,0.06666666666666667,0.0,0.0,0.0,-0.08000000000000043,0.0
235,202109010902,0,0,0,4,0,1,0,7,0,0,0,0,0,0,0,2,0,0,0,3,0,0,0,0,0,0,0,1,0,0,0,3,0,0,0,0,0.0,0.0,6.0,5.0,38.3,0.8,0.9090909090909091,0.0,0.0,11.0,11.0,38.6,2.2,0.75,0.0,0.0,12.0,10.0,37.1,1.3,0.6875,2.5,27.0,-670.0,0.0,0.05263157894736842,7,13,22.6,9.0,1645,1014,1366,0.0,0.0,6.0,8.0,37.5,1.2,0.8666666666666667,0.0,0.0,8.0,7.0,38.1,2.0,0.375,0.1,0.0,56.0,-1026.0,16.0,11.0,503.0,-0.09090909090909091,0.125,0.0,0.0,0.0625,0.1499999999999993,0.0
236,202109010902,0,1,0,0,3,0,2,9,0,0,0,0,0,1,0,0,0,0,1,3,0,0,0,0,0,1,0,0,0,0,1,3,0,0,0,0,0.0,0.0,50.0,6.0,43.3,2.4,0.7,0.0,0.0,160.0,14.0,38.6,2.8,0.5,0.0,0.0,120.0,10.0,38.7,1.5,0.4375,2.0,18.0,-200.0,0.04,0.1,6,11,229.2,16.0,1426,1556,306,0.0,0.0,160.0,6.0,37.8,1.5,0.5,0.0,0.0,140.0,9.0,38.6,2.6,0.375,-0.2,0.0,54.0,-1222.0,16.0,10.0,440.0,0.0,0.125,0.0625,-0.0625,0.0625,1.0199999999999996,0.0
237,202109010902,1,0,0,0,0,2,0,5,0,0,0,0,1,0,0,0,0,0,0,1,0,0,0,0,0,0,0,0,0,0,0,1,0,0,0,0,0.0,0.0,5.0,4.0,39.3,1.1,0.4,0.0,0.0,8.0,13.0,34.9,1.0,1.0,0.0,0.0,7.0,9.0,37.5,1.7,0.8,2.5,18.0,-200.0,0.0,0.1,5,10,15.7,6.0,1629,1235,1428,0.0,0.0,9.0,4.0,36.7,0.6,0.9333333333333333,0.0,0.0,8.0,7.0,37.8,1.7,0.625,-0.3,0.0,56.0,-195.0,16.0,10.0,530.0,0.0,-0.05555555555555555,0.0,-0.13333333333333333,-0.0625,0.11999999999999958,0.0
238,202109010902,1,1,1,6,2,1,0,11,1,0,0,0,0,0,1,2,1,0,0,2,0,0,0,0,0,0,1,1,0,0,0,2,0,0,0,0,0.0,0.0,13.0,5.0,35.7,0.6,0.14285714285714285,0.0,0.0,14.0,11.0,40.0,2.1,0.4,0.0,0.0,7.0,9.0,38.7,2.2,0.0625,2.0,-6.0,200.0,0.0,0.0,4,7,22.4,7.0,1172,1558,1556,0.0,0.0,7.0,8.0,38.6,1.5,0.1875,0.0,0.0,6.0,6.0,39.2,1.4,0.125,-0.1,0.0,54.0,-119.0,16.0,14.0,424.0,0.0,-0.2,0.0,0.0,0.0,-0.5600000000000002,0.0
239,202109010902,0,0,0,0,3,0,2,9,0,0,0,0,0,0,0,0,0,0,1,3,0,0,0,0,0,0,0,0,0,0,1,3,0,0,0,0,0.0,0.0,8.0,4.0,42.0,1.1,0.2,0.0,0.0,16.0,16.0,45.8,9.7,1.0,0.0,0.0,15.0,13.0,39.0,2.4,0.625,4.5,2.0,-200.0,,,3,6,69.5,13.0,1051,1556,578,0.0,0.0,13.0,9.0,37.4,1.7,0.5625,0.0,0.0,6.0,13.0,42.9,3.5,0.25,1.1,0.0,55.0,-124.0,16.0,10.0,520.0,0.0,0.0,0.0,0.0625,0.0,0.6600000000000001,0.0
240,202109010902,0,0,0,3,0,0,0,1,0,0,0,0,0,0,0,1,0,0,0,1,0,0,0,0,0,0,0,0,0,0,0,0,0,0,0,0,0.0,0.0,7.0,7.0,39.4,1.1,0.3,0.0,0.0,5.0,5.0,35.6,1.1,0.6666666666666666,0.0,0.0,4.0,3.0,35.9,0.6,0.21428571428571427,-2.0,24.0,-100.0,0.10810810810810811,0.1891891891891892,1,1,34.5,11.0,1095,361,1221,0.0,0.0,5.0,11.0,39.3,0.9,0.06666666666666667,0.0,0.0,2.0,4.0,37.6,1.0,0.1111111111111111,0.0,0.2,56.0,-1010.0,16.0,10.0,488.0,0.3,0.0,0.0,0.0,0.0,-0.010000000000000142,0.0
241,202109010902,0,0,0,0,0,0,0,1,0,0,0,0,0,0,0,0,0,0,0,0,0,0,0,0,0,0,0,0,0,0,0,0,0,0,0,0,0.0,0.0,9.0,1.0,38.2,0.0,0.09090909090909091,0.0,0.0,13.0,16.0,41.2,4.2,0.0625,0.0,0.0,15.0,16.0,34.1,1.5,1.0,7.5,-7.0,-200.0,0.0,0.15,2,4,8.5,4.0,1621,1423,1186,0.0,0.0,16.0,11.0,35.8,1.0,0.0625,0.0,0.0,10.0,10.0,33.7,0.8,1.0,1.3,0.2,56.0,-1318.0,16.0,11.0,521.0,0.0,0.0,0.0,0.0,0.0,1.4400000000000006,0.0
242,202109010902,0,1,0,10,0,1,0,7,0,0,0,0,0,0,0,2,0,0,0,3,0,0,0,0,0,0,0,1,0,0,0,3,0,0,0,0,0.0,0.0,30.0,3.0,37.2,0.2,0.21428571428571427,0.0,0.0,90.0,7.0,36.3,0.9,0.1875,0.0,0.0,,,,,,4.0,2.0,0.0,0.09230769230769231,0.3076923076923077,8,16,15.7,5.0,1348,1014,1221,0.0,0.0,70.0,5.0,37.2,0.6,0.1875,0.0,0.0,10.0,1.0,35.1,0.0,0.1875,-0.8,0.5,56.0,-1300.0,16.0,14.0,512.0,0.0,0.0,,-0.0625,-0.0625,0.5399999999999998,0.0
243,202109010902,1,0,1,5,0,0,0,0,0,0,0,0,0,0,1,0,0,0,0,0,0,0,0,0,0,0,1,0,0,0,0,0,0,0,0,0,0.0,0.0,13.0,16.0,41.8,6.3,1.0,0.0,0.0,6.0,5.0,40.5,1.6,0.6363636363636364,0.0,0.0,13.0,15.0,41.2,3.9,0.8666666666666667,-0.5,8.0,-500.0,0.1134020618556701,0.28865979381443296,5,9,31.4,10.0,1605,1414,1,0.0,0.0,10.0,13.0,37.7,2.9,0.9375,0.0,0.0,2.0,12.0,42.3,3.2,0.4375,0.0,0.0,54.0,-176.0,16.0,16.0,500.0,0.0,-0.09090909090909091,0.13333333333333333,0.0,-0.0625,0.17999999999999972,0.0
244,202109010902,0,0,1,3,0,0,0,0,0,0,0,0,0,0,0,0,0,0,0,0,0,0,0,0,0,0,0,0,0,0,0,0,0,0,0,0,0.0,0.0,9.0,9.0,41.9,1.3,0.6428571428571429,0.0,0.0,16.0,12.0,35.2,2.2,0.9375,0.0,0.0,15.0,14.0,38.2,3.0,0.75,2.5,26.0,-400.0,0.05555555555555555,0.05555555555555555,1,2,184.9,15.0,1431,1317,1428,0.0,0.0,13.0,11.0,38.2,1.9,0.9375,0.0,0.0,13.0,9.0,36.2,1.5,0.6111111111111112,-0.1,0.0,56.0,-1022.0,16.0,14.0,430.0,0.0,0.0,0.0625,-0.0625,0.16666666666666666,0.8399999999999992,0.0
245,202109010902,0,0,0,0,0,1,1,11,0,0,0,0,0,0,0,0,0,0,0,1,0,0,0,0,0,0,0,0,0,0,0,1,0,0,0,0,0.0,0.0,3.0,4.0,39.0,0.4,0.1111111111111111,0.0,0.0,12.0,15.0,40.7,3.3,0.125,0.0,0.0,12.0,16.0,36.9,2.4,0.05555555555555555,6.0,-21.0,-600.0,0.0,0.05263157894736842,6,12,48.2,12.0,1677,1428,1167,0.0,0.0,3.0,11.0,35.5,1.7,0.23076923076923078,,,,,,,,2.2,0.0,56.0,-325.0,16.0,9.0,457.0,0.0,0.0,0.05555555555555555,0.07692307692307693,,1.4300000000000004,0.0
246,202109010902,0,0,0,0,0,0,0,0,0,0,0,0,0,0,0,0,0,0,0,0,0,0,0,0,0,0,0,0,0,0,0,0,0,0,0,0,0.0,0.0,14.0,16.0,37.3,4.1,1.0,,,,,,,,,,,,,,,,,0.0,0.0,0.5,2,3,114.4,14.0,1677,406,1167,,,,,,,,,,,,,,,,0.0,51.0,0.0,16.0,16.0,444.0,0.0,,,,,,
247,202109011001,0,0,1,4,0,0,0,1,0,0,0,0,0,0,1,3,0,0,0,0,0,0,0,0,0,0,0,1,0,0,0,0,0,0,0,0,0.0,0.0,160.0,12.0,38.1,1.6,0.25,0.0,0.0,150.0,12.0,36.6,1.3,0.8125,0.0,0.0,70.0,16.0,41.8,4.8,0.1875,2.0,-8.0,0.0,0.11224489795918367,0.2857142857142857,7,14,7.2,4.0,1095,1299,1221,0.0,0.0,60.0,5.0,35.4,0.9,0.6428571428571429,0.0,0.0,160.0,7.0,37.8,0.4,0.125,-1.7,0.0,54.0,-1064.0,16.0,16.0,490.0,0.0,0.0625,0.125,-0.21428571428571427,0.0,0.18000000000000113,0.0
248,202109011001,0,0,0,0,1,0,5,26,0,0,0,0,0,0,0,0,0,0,0,7,0,0,0,0,0,0,0,0,0,0,0,6,0,0,0,0,0.0,0.0,10.0,13.0,40.8,2.3,0.0625,0.0,0.0,50.0,2.0,38.4,0.1,0.1875,0.0,0.0,40.0,8.0,39.7,1.7,0.18181818181818182,-2.5,-4.0,-200.0,0.044444444444444446,0.15555555555555556,8,16,5.8,2.0,1672,1345,1167,0.0,0.0,20.0,3.0,38.0,0.7,0.35714285714285715,,,,,,,,-2.4,0.5,54.0,21.0,16.0,16.0,434.0,0.0,0.0,-0.09090909090909091,-0.07142857142857142,,0.7099999999999987,0.0
249,202109011001,0,0,0,1,1,3,2,35,0,0,0,1,0,0,0,1,0,1,1,5,0,0,0,1,0,0,0,0,0,0,1,0,0,0,0,0,0.0,0.0,13.0,14.0,37.8,2.1,0.875,0.0,0.0,11.0,7.0,35.4,0.7,0.35714285714285715,0.0,0.0,7.0,11.0,40.1,2.5,0.125,-1.5,-6.0,50.0,0.0,0.0,3,5,8.3,5.0,1401,1167,517,0.0,0.0,4.0,1.0,37.1,0.0,0.125,0.0,0.0,3.0,8.0,37.5,2.1,0.5454545454545454,-1.8,0.2,54.0,-762.0,16.0,16.0,438.0,-0.0625,0.07142857142857142,-0.0625,0.0,0.0,-0.11000000000000085,0.0
250,202109011001,0,1,0,5,0,2,0,13,0,0,0,0,0,0,0,0,0,0,0,1,0,0,0,0,0,0,0,0,0,0,0,1,0,0,0,0,0.0,0.0,13.0,10.0,37.5,1.6,0.5,0.0,0.0,10.0,7.0,36.2,1.2,0.42857142857142855,0.0,0.0,4.0,8.0,36.6,1.0,0.14285714285714285,-1.0,6.0,50.0,0.0,0.0,8,15,43.1,8.0,1440,1618,1167,0.0,0.0,2.0,7.0,37.3,0.7,0.5,0.0,0.0,7.0,7.0,36.0,0.8,0.5714285714285714,-0.6,0.0,51.0,-608.0,16.0,16.0,476.0,-0.0625,0.0,0.07142857142857142,0.08333333333333333,0.0,0.19000000000000056,0.0
251,202109011001,2,1,1,11,1,1,4,26,0,0,0,0,0,1,0,2,0,1,2,3,0,0,0,0,0,0,0,1,0,0,1,2,0,0,0,0,0.0,0.0,30.0,4.0,37.8,1.0,0.4444444444444444,0.0,0.0,90.0,10.0,13.7,5.5,0.5,0.0,0.0,150.0,13.0,37.3,2.2,0.3125,4.5,19.0,-200.0,0.0392156862745098,0.09803921568627451,7,13,10.7,6.0,1278,1013,625,0.0,0.0,70.0,11.0,37.0,1.4,0.5625,0.0,0.0,50.0,1.0,36.1,0.0,0.18181818181818182,-0.5,0.2,54.0,-1075.0,16.0,9.0,479.0,-0.1111111111111111,0.08333333333333333,0.0,0.0625,-0.09090909090909091,-1.9900000000000009,0.0
252,202109011001,1,1,0,8,3,1,6,30,0,0,0,0,0,1,0,3,1,0,0,8,0,0,0,0,0,0,0,2,0,0,0,4,0,0,0,0,0.0,0.0,3.0,9.0,42.2,2.8,0.7,0.0,0.0,8.0,9.0,35.9,1.0,0.2777777777777778,0.0,0.0,6.0,5.0,39.3,0.4,0.13333333333333333,-2.0,-8.0,-300.0,0.0,0.1111111111111111,5,9,52.2,10.0,1489,1183,565,0.0,0.0,10.0,6.0,37.8,0.9,0.375,0.0,0.0,8.0,5.0,38.2,1.7,0.125,-1.1,0.0,53.0,-139.0,16.0,10.0,416.0,-0.1,0.1111111111111111,-0.06666666666666667,0.0,0.0,0.6100000000000001,0.0
253,202109011001,0,0,0,9,1,3,2,35,0,0,0,2,0,0,0,1,0,1,1,5,0,0,0,1,0,0,0,0,0,0,1,0,0,0,0,0,0.0,0.0,12.0,9.0,34.0,0.3,0.8888888888888888,0.0,0.0,12.0,4.0,34.5,0.7,0.75,0.0,0.0,10.0,7.0,34.4,0.5,0.7272727272727273,-1.0,-14.0,0.0,0.10526315789473684,0.18421052631578946,4,8,6.4,3.0,1098,1167,1294,0.0,0.0,12.0,8.0,33.7,0.6,0.9411764705882353,0.0,0.0,8.0,7.0,34.2,0.4,0.9411764705882353,0.0,0.0,54.0,-1071.0,16.0,18.0,462.0,-0.1111111111111111,0.0,0.0,0.0,0.0,0.03999999999999915,0.0
254,202109011001,3,0,2,18,2,0,0,9,0,0,0,0,1,0,1,1,1,0,0,2,0,0,0,0,0,0,0,0,0,0,0,1,0,0,0,0,0.0,0.0,80.0,70.0,35.8,1.2,1.0,0.0,0.0,160.0,120.0,38.5,1.6,0.6875,0.0,0.0,140.0,110.0,35.1,0.8,0.8125,20.0,10.0,200.0,0.05263157894736842,0.15789473684210525,5,10,66.1,11.0,1127,1235,1328,0.0,0.0,100.0,60.0,37.6,1.1,0.7333333333333333,0.0,0.0,120.0,130.0,39.3,2.2,0.125,6.0,0.0,54.0,-1220.0,16.0,8.0,456.0,0.0,0.0,-0.0625,-0.06666666666666667,-0.0625,-0.6100000000000001,0.0
255,202109011001,4,1,2,14,0,0,0,0,0,0,0,0,2,0,1,6,0,0,0,0,0,0,0,0,0,0,1,3,0,0,0,0,0,0,0,0,0.0,0.0,5.0,6.0,38.7,0.8,0.09090909090909091,0.0,0.0,13.0,9.0,37.6,1.8,0.4375,0.0,0.0,11.0,7.0,38.5,1.5,0.1875,0.5,-10.0,0.0,0.02631578947368421,0.19736842105263158,1,2,2.5,1.0,1228,1374,1108,0.0,0.0,13.0,6.0,37.6,1.9,0.375,0.0,0.0,13.0,13.0,37.3,1.8,0.3333333333333333,1.1,0.0,54.0,-1008.0,16.0,11.0,468.0,0.0,0.0625,0.0,0.0625,0.06666666666666667,0.28000000000000114,0.0
256,202109011001,7,4,0,9,1,0,0,0,0,0,0,0,1,0,0,1,0,0,0,0,0,0,0,0,1,0,0,1,0,0,0,0,0,0,0,0,0.0,0.0,12.0,9.0,38.1,1.8,0.625,0.0,0.0,16.0,16.0,37.8,2.6,1.0,0.0,0.0,13.0,9.0,36.3,1.0,0.6875,0.0,14.0,0.0,0.1111111111111111,0.16666666666666666,2,4,68.8,12.0,1152,57,1428,0.0,0.0,12.0,13.0,36.3,1.8,0.5625,0.0,0.0,3.0,1.0,38.1,0.0,0.2857142857142857,-1.9,0.2,54.0,-273.0,16.0,16.0,462.0,0.125,0.0,-0.0625,0.125,-0.14285714285714285,0.15,0.0
257,202109011001,2,0,0,6,0,1,1,9,0,0,0,0,0,0,0,0,0,0,1,1,0,0,0,0,0,0,0,0,0,0,0,1,0,0,0,0,0.0,0.0,13.0,10.0,36.4,1.3,0.9230769230769231,0.0,0.0,12.0,12.0,37.6,1.8,0.9285714285714286,0.0,0.0,15.0,14.0,38.1,1.9,1.0,2.0,-4.0,200.0,0.10344827586206896,0.3448275862068966,4,7,83.2,13.0,1605,1306,1,0.0,0.0,13.0,11.0,37.3,1.6,0.875,0.0,0.0,13.0,8.0,35.4,0.8,0.7857142857142857,-0.5,0.0,54.0,-167.0,16.0,13.0,424.0,0.07692307692307693,-0.07142857142857142,-0.13333333333333333,0.0625,0.0,0.23000000000000043,0.0
258,202109011001,0,0,0,2,0,0,0,2,0,0,0,0,0,0,0,1,0,0,0,0,0,0,0,0,0,0,0,1,0,0,0,0,0,0,0,0,0.0,0.0,30.0,2.0,39.8,0.0,0.08333333333333333,0.0,0.0,120.0,14.0,42.5,4.4,0.06666666666666667,0.0,0.0,120.0,15.0,41.1,5.7,0.06666666666666667,6.5,22.0,-500.0,0.0,0.3333333333333333,6,11,50.0,9.0,1611,1239,1263,0.0,0.0,150.0,12.0,38.2,1.9,0.5333333333333333,0.0,0.0,90.0,12.0,37.9,1.7,0.75,1.8,0.2,51.0,-746.0,16.0,12.0,470.0,0.0,0.06666666666666667,0.06666666666666667,0.06666666666666667,0.0,0.8099999999999994,0.0
259,202109011001,0,0,0,0,0,0,1,4,0,0,0,0,0,0,0,0,0,0,0,1,0,0,0,0,0,0,0,0,0,0,0,0,0,0,0,0,0.0,0.0,4.0,4.0,40.6,1.9,0.2,0.0,0.0,15.0,13.0,39.2,2.0,0.125,0.0,0.0,7.0,12.0,40.2,2.3,0.13333333333333333,4.0,-11.0,-200.0,0.043478260869565216,0.13043478260869565,2,3,264.3,15.0,1672,1186,1167,0.0,0.0,13.0,11.0,37.0,1.0,0.11764705882352941,0.0,0.0,16.0,8.0,35.9,0.8,0.3125,0.6,0.0,54.0,-195.0,16.0,10.0,441.0,0.1,0.0,0.0,0.0,0.0,1.1600000000000008,0.0
260,202109011001,0,1,0,6,2,1,0,23,0,0,0,0,0,1,0,1,1,0,0,6,0,0,0,0,0,1,0,0,0,0,0,1,0,0,0,0,0.0,0.0,4.0,4.0,41.9,2.5,0.6666666666666666,0.0,0.0,7.0,9.0,41.8,3.5,0.125,0.0,0.0,7.0,14.0,37.8,2.3,0.875,5.0,-13.0,-200.0,0.0,0.06896551724137931,1,1,16.7,7.0,1431,1558,1428,0.0,0.0,8.0,6.0,39.8,1.3,0.08333333333333333,0.0,0.0,11.0,15.0,37.0,2.6,0.875,1.9,0.0,54.0,-1222.0,16.0,9.0,459.0,-0.1111111111111111,0.0625,0.125,0.08333333333333333,0.0,1.1799999999999997,0.0
261,202109011001,0,0,0,0,2,2,0,15,0,0,0,0,0,0,0,0,0,0,0,3,0,0,0,0,0,0,0,0,0,0,0,3,0,0,0,0,0.0,0.0,4.0,6.0,42.7,2.3,0.4166666666666667,0.0,0.0,16.0,15.0,39.2,2.6,0.625,0.0,0.0,18.0,17.0,36.7,1.4,0.3888888888888889,5.5,1.0,-30.0,0.0,0.05,3,6,363.6,16.0,1672,1428,1167,0.0,0.0,14.0,11.0,37.7,2.8,0.35714285714285715,,,,,,,,1.7,0.0,54.0,-109.0,16.0,12.0,409.0,-0.16666666666666666,0.0625,0.1111111111111111,0.0,,1.75,0.0
262,202109011001,0,2,0,8,2,2,0,15,0,0,0,1,0,0,0,1,2,1,0,4,0,0,0,1,0,0,0,0,2,0,0,1,0,0,0,0,0.0,0.0,13.0,15.0,46.0,4.6,0.125,0.0,0.0,14.0,16.0,40.0,3.2,0.375,0.0,0.0,4.0,8.0,38.6,2.4,0.375,-3.5,6.0,-600.0,0.030303030303030304,0.12121212121212122,6,12,86.1,14.0,1503,1559,1263,0.0,0.0,7.0,11.0,35.4,1.1,0.5,,,,,,,,-2.0,0.0,54.0,-62.0,16.0,16.0,438.0,0.0625,0.1875,-0.0625,0.05555555555555555,,3.3200000000000003,0.0
263,202109011107,4,14,9,78,4,8,12,116,0,1,2,4,2,4,6,21,0,2,3,23,0,1,2,1,1,1,2,5,0,1,2,9,0,1,1,0,0.0,0.0,14.0,15.0,37.9,1.2,0.625,0.0,0.0,6.0,10.0,41.0,2.6,0.3,0.0,0.0,11.0,8.0,36.9,0.7,0.25,-3.5,0.0,0.0,0.12658227848101267,0.31645569620253167,8,11,1.4,1.0,1172,1167,1556,0.0,0.0,10.0,8.0,37.1,0.9,0.26666666666666666,0.0,0.0,7.0,7.0,36.0,0.5,0.75,-1.8,0.0,55.0,-322.0,11.0,16.0,450.0,-0.0625,0.1,0.0625,0.0,0.0,0.7699999999999996,0.0
264,202109011107,8,4,7,50,4,8,12,116,0,0,0,2,1,0,0,5,0,2,3,23,0,0,0,0,0,0,0,2,0,1,2,9,0,0,0,0,0.0,0.0,,,,,,0.0,0.0,80.0,12.0,38.9,1.5,0.625,0.0,0.0,50.0,14.0,37.9,2.0,0.4375,2.0,,-600.0,0.10526315789473684,0.15789473684210525,2,2,16.3,6.0,1152,1167,1428,0.0,0.0,90.0,6.0,37.4,1.0,0.15384615384615385,0.0,0.0,110.0,6.0,37.6,0.9,0.13333333333333333,-2.6,0.0,55.0,-437.0,11.0,6.0,,,-0.0625,0.0625,0.0,-0.06666666666666667,0.43999999999999917,0.0
265,202109011107,1,2,1,16,0,0,1,0,0,0,1,0,1,1,0,4,0,0,0,0,0,0,0,0,1,1,0,1,0,0,0,0,0,0,0,0,0.0,0.0,90.0,6.0,41.0,1.5,1.0,0.0,0.0,90.0,11.0,36.5,1.8,0.8666666666666667,0.0,0.0,110.0,15.0,40.0,3.1,1.0,4.5,13.0,-200.0,0.10344827586206896,0.3103448275862069,1,1,9.6,2.0,1313,1415,1108,0.0,0.0,10.0,8.0,38.2,1.2,0.07692307692307693,0.0,0.0,40.0,6.0,37.5,1.1,0.6666666666666666,-0.3,0.0,55.0,-1155.0,11.0,10.0,477.0,0.0,0.0,0.0,0.07692307692307693,-0.13333333333333333,0.5299999999999997,0.0
266,202109011107,4,6,5,72,0,2,4,28,0,0,1,3,3,4,5,41,0,1,1,7,0,0,1,2,1,1,1,9,0,0,0,0,0,0,0,0,0.0,0.0,70.0,7.0,42.4,2.4,0.8571428571428571,0.0,0.0,60.0,9.0,37.1,1.2,0.5384615384615384,0.0,0.0,60.0,15.0,38.2,1.9,0.1875,4.0,-9.0,-300.0,0.025974025974025976,0.19480519480519481,7,9,36.8,9.0,1228,1328,1108,0.0,0.0,70.0,1.0,36.3,0.0,0.08333333333333333,0.0,0.0,50.0,12.0,37.1,1.7,0.6666666666666666,0.2,0.2,57.0,-1075.0,11.0,7.0,497.0,0.14285714285714285,0.0,0.125,0.0,-0.06666666666666667,1.14,0.0
267,202109011107,0,3,1,5,1,3,3,31,0,1,1,1,0,1,1,3,1,1,2,10,0,1,1,1,0,1,1,1,0,1,1,3,0,1,1,1,0.0,0.0,10.0,9.0,13.8,3.1,1.0,0.0,0.0,30.0,2.0,13.5,0.2,0.16666666666666666,0.0,0.0,30.0,4.0,13.7,1.3,0.5833333333333334,-2.5,-6.0,-1770.0,0.038461538461538464,0.09615384615384616,5,5,12.2,3.0,1521,1503,1313,0.0,0.0,20.0,9.0,13.6,3.9,0.2727272727272727,0.0,0.0,20.0,2.0,13.3,0.2,0.2222222222222222,-0.7,0.4,57.0,-729.0,11.0,9.0,480.0,0.0,0.0,-0.25,0.7272727272727273,-0.1111111111111111,0.09000000000000004,0.0
268,202109011107,0,2,1,13,4,8,12,116,0,0,1,3,0,1,1,6,0,2,3,23,0,0,1,2,0,1,1,4,0,1,2,9,0,0,1,2,0.0,0.0,11.0,13.0,39.7,1.9,0.3125,0.0,0.0,11.0,13.0,40.4,3.9,0.23076923076923078,0.0,0.0,10.0,14.0,38.3,2.2,0.4375,0.5,2.0,0.0,0.041666666666666664,0.125,4,4,12.8,4.0,1366,1167,216,0.0,0.0,4.0,6.0,36.6,0.6,0.6363636363636364,0.0,0.0,7.0,4.0,36.9,0.1,0.5625,-2.5,0.0,57.0,-337.0,11.0,16.0,496.0,0.0625,0.07692307692307693,-0.0625,0.0,0.0625,0.9400000000000006,0.0
269,202109011107,7,2,4,54,3,3,4,22,0,0,0,0,1,0,0,14,1,1,1,7,0,0,0,0,0,0,0,3,1,0,0,0,0,0,0,0,0.0,0.0,6.0,9.0,45.7,6.1,0.8,0.0,0.0,14.0,12.0,36.6,1.5,0.625,0.0,0.0,10.0,6.0,37.8,1.5,1.0,-1.5,-1.0,-200.0,0.043478260869565216,0.17391304347826086,6,6,22.3,8.0,1278,1417,625,0.0,0.0,15.0,5.0,38.7,1.0,0.8,0.0,0.0,14.0,13.0,39.7,2.2,0.8125,0.1,0.0,55.0,-939.0,11.0,10.0,505.0,0.0,0.0,-0.09090909090909091,0.2,0.0625,0.9899999999999999,0.0
270,202109011107,11,3,4,48,1,0,1,24,0,0,0,1,3,0,1,13,1,0,0,9,0,0,0,1,1,0,0,1,0,0,0,1,0,0,0,0,0.0,0.0,9.0,9.0,41.2,2.9,0.8888888888888888,0.0,0.0,12.0,13.0,13.8,10.8,0.8461538461538461,0.0,0.0,11.0,8.0,36.7,1.2,0.8181818181818182,-0.5,15.0,-500.0,0.0,0.125,7,8,155.4,11.0,1348,1551,1221,0.0,0.0,12.0,8.0,36.4,1.5,0.9230769230769231,0.0,0.0,16.0,12.0,40.8,2.7,0.5,0.1,0.0,57.0,-495.0,11.0,9.0,465.0,0.1111111111111111,0.15384615384615385,0.0,0.0,0.0,-2.1799999999999984,0.0
271,202109011107,0,0,0,3,0,0,0,16,0,0,0,2,0,0,0,0,0,0,0,4,0,0,0,0,0,0,0,0,0,0,0,0,0,0,0,0,0.0,0.0,100.0,10.0,36.6,1.4,1.0,0.0,0.0,110.0,8.0,35.6,1.4,0.8181818181818182,0.0,0.0,130.0,12.0,36.0,1.3,0.8461538461538461,1.0,-2.0,350.0,0.0,0.05,3,3,13.3,5.0,1368,1589,1167,0.0,0.0,150.0,10.0,34.1,1.1,0.8666666666666667,0.0,0.0,120.0,12.0,37.0,1.6,0.8,0.6,0.0,57.0,-1009.0,11.0,10.0,502.0,0.0,-0.09090909090909091,0.0,-0.13333333333333333,-0.13333333333333333,0.07000000000000028,0.0
272,202109011107,0,0,1,6,2,2,2,41,0,0,0,0,0,0,0,2,0,0,1,11,0,0,0,0,0,0,0,0,0,0,1,1,0,0,0,0,0.0,0.0,40.0,3.0,39.2,1.3,0.45454545454545453,0.0,0.0,60.0,12.0,36.9,2.1,0.6875,0.0,0.0,110.0,11.0,36.1,0.6,0.7857142857142857,4.0,13.0,-300.0,0.0,0.0,6,7,43.4,10.0,1441,1014,1167,0.0,0.0,50.0,8.0,37.3,0.9,0.5384615384615384,0.0,0.0,20.0,4.0,36.5,0.3,0.42857142857142855,-0.2,0.2,54.0,-1211.0,11.0,11.0,465.0,-0.2727272727272727,0.0,0.0,-0.07692307692307693,-0.14285714285714285,0.5000000000000007,0.0
273,202109011107,4,4,2,46,4,8,12,116,0,0,0,2,0,1,0,4,0,2,3,23,0,0,0,1,0,0,0,2,0,1,2,9,0,0,0,1,0.0,0.0,20.0,80.0,39.8,0.7,0.25,0.0,0.0,140.0,110.0,37.6,1.7,0.3333333333333333,0.0,0.0,110.0,90.0,37.4,1.0,0.375,5.0,8.0,-200.0,0.0,0.25,8,10,19.7,7.0,1137,1167,556,0.0,0.0,70.0,110.0,39.5,2.0,0.09090909090909091,0.0,0.0,60.0,100.0,38.6,0.5,0.0625,4.0,0.0,54.0,-1210.0,11.0,12.0,462.0,0.08333333333333333,0.13333333333333333,-0.125,0.0,0.0,0.04999999999999929,0.0
274,202109011112,4,8,3,72,9,8,5,91,0,0,0,2,2,5,2,39,1,1,1,18,0,0,0,1,0,1,2,7,0,0,1,6,0,0,0,0,0.0,0.0,110.0,8.0,37.6,1.6,0.8,0.0,0.0,9.0,6.0,35.7,1.4,0.8,0.0,0.0,15.0,7.0,38.3,0.9,0.4,-0.5,6.0,-500.0,0.2727272727272727,0.5454545454545454,5,10,6.0,3.0,1645,1345,1366,0.0,0.0,13.0,4.0,37.9,0.8,0.4,0.0,0.0,15.0,14.0,36.1,1.1,0.6875,1.0,0.0,57.0,-1338.0,16.0,15.0,484.0,-0.26666666666666666,-0.1,-0.06666666666666667,-0.06666666666666667,0.0,0.08000000000000043,0.0
275,202109011112,4,5,8,99,8,9,14,114,0,0,1,9,1,0,1,21,0,0,2,18,0,0,1,1,0,0,1,7,0,0,1,3,0,0,1,0,0.0,0.0,90.0,4.0,37.0,0.8,0.8181818181818182,0.0,0.0,160.0,16.0,39.5,4.9,0.875,0.0,0.0,120.0,10.0,35.9,0.6,0.375,3.0,1.0,-100.0,0.17647058823529413,0.4117647058823529,5,9,3.9,1.0,1183,1263,1558,0.0,0.0,130.0,8.0,37.5,0.7,0.5,0.0,0.0,90.0,8.0,35.8,1.1,0.75,0.0,0.0,57.0,-1193.0,16.0,11.0,461.0,-0.18181818181818182,0.0,0.0,0.0,-0.0625,0.44000000000000056,0.0
276,202109011112,15,11,16,108,8,8,14,82,0,2,1,6,4,3,4,28,1,1,2,14,0,1,1,2,1,1,0,8,0,1,0,5,0,1,0,2,0.0,0.0,13.0,7.0,37.2,1.2,0.7692307692307693,0.0,0.0,10.0,15.0,38.6,2.0,0.0625,0.0,0.0,9.0,9.0,37.2,0.9,0.375,1.0,-2.0,50.0,0.0425531914893617,0.1702127659574468,3,5,8.3,5.0,1576,1559,1577,0.0,0.0,6.0,16.0,39.8,3.0,0.125,0.0,0.0,1.0,1.0,36.1,0.0,0.06666666666666667,-1.1,0.2,55.0,-596.0,16.0,13.0,460.0,-0.3076923076923077,0.0,0.0,0.0625,0.0,0.10000000000000071,0.0
277,202109011112,0,0,0,5,1,1,0,1,0,0,0,1,0,0,0,0,1,0,0,0,0,0,0,0,0,0,0,0,0,0,0,0,0,0,0,0,0.0,0.0,4.0,17.0,36.5,2.1,0.16666666666666666,0.0,0.0,4.0,9.0,34.2,0.7,0.5333333333333333,0.0,0.0,1.0,16.0,35.3,0.8,0.125,-0.5,2.0,0.0,0.0,0.1875,4,7,19.0,8.0,79,124,1,0.0,0.0,2.0,1.0,34.1,0.0,0.09090909090909091,0.0,0.0,4.0,12.0,38.5,1.3,0.125,-1.8,0.2,55.0,-316.0,16.0,18.0,456.0,-0.05555555555555555,-0.06666666666666667,0.0,0.0,0.0,-0.38999999999999985,0.0
278,202109011112,2,2,1,25,4,1,4,36,0,0,0,0,0,0,0,6,0,0,0,5,0,0,0,0,0,0,0,1,0,0,0,2,0,0,0,0,0.0,0.0,9.0,8.0,39.2,2.2,1.0,0.0,0.0,11.0,6.0,34.4,1.0,0.8571428571428571,0.0,0.0,15.0,14.0,36.0,1.4,1.0,3.0,-5.0,-200.0,0.05128205128205128,0.15384615384615385,1,2,42.3,10.0,1191,1376,1235,0.0,0.0,9.0,11.0,36.3,1.2,0.9375,0.0,0.0,13.0,6.0,36.6,0.5,0.75,0.1,0.0,57.0,-1307.0,16.0,10.0,521.0,-0.2,0.0,-0.2,-0.125,-0.0625,0.3300000000000004,0.0
279,202109011112,4,8,3,72,0,0,0,8,0,0,0,3,2,5,2,39,0,0,0,5,0,0,0,2,0,1,2,7,0,0,0,3,0,0,0,1,0.0,0.0,12.0,8.0,37.7,0.6,0.375,0.0,0.0,13.0,7.0,35.4,1.2,0.625,0.0,0.0,15.0,11.0,37.2,1.0,0.4375,1.5,-2.0,-200.0,0.03773584905660377,0.09433962264150944,3,6,51.4,11.0,1645,1380,1366,0.0,0.0,8.0,15.0,37.2,1.9,0.8125,0.0,0.0,5.0,10.0,36.5,1.0,0.9333333333333333,1.2,0.0,57.0,-441.0,16.0,16.0,518.0,0.0,0.1875,0.0,0.1875,0.0,0.060000000000000143,0.0
280,202109011112,4,3,1,35,1,0,1,5,0,0,0,0,2,2,0,6,0,0,0,1,0,0,0,0,0,1,0,0,0,0,0,0,0,0,0,0,0.0,0.0,16.0,12.0,37.2,1.2,0.625,0.0,0.0,16.0,11.0,36.2,1.6,0.625,0.0,0.0,9.0,9.0,34.5,0.4,0.7692307692307693,-1.5,-8.0,0.0,0.1,0.3333333333333333,8,16,4.5,2.0,1571,808,1108,0.0,0.0,13.0,11.0,36.3,0.6,0.25,0.0,0.0,13.0,13.0,38.0,1.9,0.625,0.2,0.0,55.0,-1009.0,16.0,16.0,478.0,-0.0625,0.0625,0.0,0.0,0.0,-0.16999999999999887,0.0
281,202109011112,1,4,1,41,8,9,14,114,0,0,0,4,0,0,1,7,0,0,2,18,0,0,0,0,0,0,0,1,0,0,1,3,0,0,0,0,0.0,0.0,3.0,,,,0.4,0.0,0.0,15.0,12.0,37.2,1.6,0.6875,0.0,0.0,9.0,14.0,14.0,8.8,0.9285714285714286,2.0,16.0,-400.0,0.09523809523809523,0.3333333333333333,2,4,19.6,9.0,1090,1263,1169,0.0,0.0,9.0,8.0,36.0,1.1,0.5,0.0,0.0,12.0,8.0,35.6,0.6,0.5,-1.8,0.0,57.0,-298.0,16.0,10.0,480.0,0.5,0.125,0.07142857142857142,0.0625,0.0,-1.7199999999999993,0.0
282,202109011112,4,3,1,35,0,0,0,3,0,0,0,1,2,2,0,6,0,0,0,0,0,0,0,0,0,1,0,0,0,0,0,0,0,0,0,0,0.0,0.0,120.0,11.0,35.8,2.3,0.9166666666666666,0.0,0.0,160.0,13.0,38.6,2.2,0.5,0.0,0.0,140.0,11.0,37.0,1.3,1.0,0.0,8.0,200.0,0.0,0.1111111111111111,1,1,137.2,15.0,1571,1597,1108,0.0,0.0,150.0,9.0,36.4,1.3,0.5,0.0,0.0,100.0,13.0,37.1,1.3,0.3125,0.0,0.0,55.0,-148.0,16.0,12.0,502.0,0.08333333333333333,-0.125,0.0,0.0625,0.0625,-0.04000000000000057,0.0
283,202109011112,0,1,0,3,0,0,0,1,0,0,0,0,0,1,0,0,0,0,0,0,0,0,0,0,0,0,0,0,0,0,0,0,0,0,0,0,0.0,0.0,50.0,6.0,37.5,0.6,0.5714285714285714,0.0,0.0,10.0,9.0,36.3,0.6,0.75,0.0,0.0,40.0,5.0,37.3,0.2,0.5625,-0.5,-10.0,-200.0,0.1,0.2,2,3,16.9,7.0,1310,792,1618,0.0,0.0,90.0,16.0,37.3,1.7,0.6875,0.0,0.0,10.0,1.0,36.0,0.0,0.9375,-0.3,0.2,57.0,34.0,16.0,14.0,498.0,-0.07142857142857142,0.0625,0.0625,0.0,0.0,0.2,0.0
284,202109011112,2,3,4,27,0,3,3,34,0,0,0,0,1,0,0,9,0,3,1,2,0,0,0,0,0,0,0,3,0,1,0,0,0,0,0,0,0.0,0.0,9.0,6.0,38.3,0.5,0.2727272727272727,0.0,0.0,13.0,11.0,36.6,1.6,0.5,0.0,0.0,7.0,16.0,39.0,2.5,0.4375,5.0,14.0,-200.0,0.0,0.09090909090909091,7,14,60.7,13.0,1317,1170,1186,0.0,0.0,3.0,10.0,38.1,1.2,0.125,0.0,0.0,1.0,1.0,36.7,0.0,0.06666666666666667,-1.1,0.2,55.0,-605.0,16.0,11.0,496.0,0.0,0.0625,0.0,0.0,0.0,0.16999999999999887,0.0
285,202109011112,13,7,11,84,3,10,11,113,1,1,0,7,6,2,3,19,1,2,2,28,1,0,0,1,1,0,1,2,0,0,0,5,0,0,0,0,0.0,0.0,90.0,9.0,40.9,3.0,1.0,0.0,0.0,120.0,12.0,36.7,1.6,0.4375,0.0,0.0,130.0,14.0,36.0,1.0,0.2,2.5,6.0,-500.0,0.029850746268656716,0.11940298507462686,7,13,51.5,12.0,1716,1556,1167,0.0,0.0,110.0,5.0,34.7,0.4,0.46153846153846156,0.0,0.0,120.0,9.0,35.2,1.1,0.7777777777777778,-0.7,0.0,57.0,-501.0,16.0,11.0,472.0,0.0,-0.0625,0.2,0.0,0.0,1.3399999999999992,0.0
286,202109011112,0,0,0,7,1,3,3,53,0,0,0,0,0,0,0,5,0,0,1,10,0,0,0,0,0,0,0,1,0,0,0,0,0,0,0,0,0.0,0.0,140.0,12.0,36.3,1.0,0.4375,0.0,0.0,120.0,13.0,38.1,2.1,0.5,0.0,0.0,30.0,10.0,36.3,1.1,0.8125,-1.0,8.0,-100.0,0.09090909090909091,0.30303030303030304,6,11,101.5,14.0,1161,1366,1013,0.0,0.0,80.0,3.0,35.4,0.7,0.125,0.0,0.0,60.0,11.0,36.5,1.0,0.6,-1.2,0.2,57.0,41.0,16.0,16.0,456.0,0.0,0.0,0.0,0.0,0.0,0.2299999999999997,0.0
287,202109011112,4,4,3,42,5,3,3,19,0,0,0,3,2,0,1,13,0,1,1,6,0,0,0,1,1,0,0,1,0,1,0,2,0,0,0,0,0.0,0.0,15.0,11.0,37.2,1.7,0.9333333333333333,0.0,0.0,16.0,14.0,36.5,1.8,0.75,0.0,0.0,11.0,16.0,39.0,2.3,0.75,2.5,8.0,-200.0,0.03278688524590164,0.16393442622950818,6,12,185.9,16.0,1482,770,1263,0.0,0.0,15.0,7.0,35.0,0.4,0.8125,0.0,0.0,14.0,9.0,37.3,1.2,0.8125,-1.1,0.0,57.0,-77.0,16.0,15.0,482.0,0.0,0.0625,-0.0625,0.0625,-0.0625,0.13000000000000114,0.0
288,202109011112,0,3,1,14,3,10,11,113,0,0,0,2,0,0,0,4,1,2,2,28,0,0,0,2,0,0,0,1,0,0,0,5,0,0,0,1,0.0,0.0,4.0,8.0,39.4,1.5,0.4444444444444444,0.0,0.0,7.0,3.0,36.9,0.3,0.5625,0.0,0.0,11.0,3.0,36.4,0.3,0.375,-2.5,16.0,0.0,0.1,0.3333333333333333,4,8,6.5,4.0,1333,1556,1294,0.0,0.0,13.0,7.0,35.3,1.4,0.9375,0.0,0.0,11.0,8.0,37.2,1.7,0.8125,0.4,0.4,57.0,-1003.0,16.0,9.0,494.0,0.0,0.0,0.0,-0.0625,-0.0625,0.5999999999999993,0.0
289,202109011112,0,0,0,0,0,0,0,0,0,0,0,0,0,0,0,0,0,0,0,0,0,0,0,0,0,0,0,0,0,0,0,0,0,0,0,0,0.0,0.0,50.0,80.0,38.8,1.4,1.0,0.0,0.0,100.0,60.0,32.2,0.6,0.8333333333333334,0.0,0.0,130.0,140.0,39.5,2.3,0.125,30.0,-4.0,-200.0,0.0,0.2,8,15,12.5,6.0,296,972,1,0.0,0.0,60.0,160.0,37.3,2.2,0.5,0.0,0.0,20.0,10.0,37.2,0.0,0.16666666666666666,-4.0,0.0,52.0,-320.0,16.0,10.0,492.0,-0.1,,0.0625,-0.125,0.0,-0.19000000000000056,0.0
290,202109011202,0,0,0,1,0,0,0,0,0,0,0,0,0,0,0,1,0,0,0,0,0,0,0,0,0,0,0,1,0,0,0,0,0,0,0,0,0.0,0.0,9.0,8.0,37.0,1.0,0.2857142857142857,0.0,0.0,12.0,11.0,37.9,1.4,0.5,0.0,0.0,11.0,4.0,35.4,0.7,0.38461538461538464,-2.0,4.0,0.0,0.03636363636363636,0.09090909090909091,8,15,26.4,8.0,1476,1255,1589,0.0,0.0,15.0,9.0,37.1,0.9,0.25,0.0,0.0,6.0,8.0,39.6,1.5,0.1111111111111111,-0.2,0.0,56.0,-1280.0,16.0,14.0,480.0,0.07142857142857142,-0.07142857142857142,0.0,-0.0625,0.0,-0.44000000000000056,0.0
291,202109011202,0,0,0,0,0,0,1,4,0,0,0,0,0,0,0,0,0,0,0,0,0,0,0,0,0,0,0,0,0,0,0,0,0,0,0,0,0.0,0.0,11.0,9.0,38.6,2.1,1.0,0.0,0.0,14.0,13.0,40.1,3.1,0.8125,0.0,0.0,12.0,9.0,40.1,1.8,0.8333333333333334,0.0,20.0,0.0,0.02564102564102564,0.19230769230769232,3,6,5.8,4.0,1586,1393,1167,0.0,0.0,13.0,12.0,39.3,2.3,1.0,0.0,0.0,13.0,14.0,38.4,2.4,0.5,0.9,0.0,56.0,-1219.0,16.0,11.0,458.0,-0.18181818181818182,0.0625,-0.16666666666666666,0.0,0.125,0.120000000000001,0.0
292,202109011202,0,0,0,4,0,0,1,17,0,0,0,0,0,0,0,0,0,0,1,5,0,0,0,0,0,0,0,0,0,0,0,3,0,0,0,0,0.0,0.0,80.0,8.0,37.9,0.7,0.75,0.0,0.0,90.0,10.0,39.4,1.0,0.25,0.0,0.0,80.0,5.0,36.9,1.2,0.9090909090909091,-1.5,-2.0,0.0,0.0,0.0,4,7,28.6,9.0,1655,1013,239,0.0,0.0,150.0,9.0,37.0,0.7,0.8,0.0,0.0,60.0,6.0,38.6,2.6,0.6923076923076923,-0.5,0.0,56.0,15.0,16.0,16.0,462.0,-0.25,0.0625,0.0,0.0,0.15384615384615385,0.09999999999999928,0.0
293,202109011202,1,0,0,3,0,1,0,10,0,0,0,0,0,0,0,1,0,0,0,4,0,0,0,0,0,0,0,1,0,0,0,0,0,0,0,0,0.0,0.0,14.0,12.0,37.0,0.8,0.625,0.0,0.0,16.0,10.0,37.1,1.2,0.875,0.0,0.0,13.0,15.0,40.0,2.0,0.26666666666666666,1.5,12.0,50.0,0.04081632653061224,0.1836734693877551,7,14,5.7,3.0,1561,1559,1263,0.0,0.0,16.0,15.0,38.8,1.6,0.375,0.0,0.0,9.0,6.0,36.4,0.4,0.46153846153846156,-0.7,0.0,54.0,-609.0,16.0,16.0,446.0,0.0,-0.125,0.0,0.0,0.0,-0.04999999999999929,0.0
294,202109011202,0,1,3,9,2,1,0,11,0,0,0,2,0,0,2,4,1,0,0,2,0,0,0,0,0,0,1,3,0,0,0,2,0,0,0,0,0.0,0.0,4.0,1.0,36.0,0.0,0.16666666666666666,0.0,0.0,1.0,12.0,36.4,1.3,0.14285714285714285,0.0,0.0,3.0,6.0,38.0,1.0,0.125,2.5,27.0,400.0,0.0,0.16666666666666666,2,3,3.2,1.0,1520,1558,695,0.0,0.0,1.0,3.0,37.9,0.1,0.13333333333333333,0.0,0.0,1.0,5.0,38.2,1.4,0.0625,-0.1,0.4,53.0,-1122.0,16.0,12.0,541.0,-0.08333333333333333,0.07142857142857142,0.0625,0.06666666666666667,0.0,-0.5900000000000005,0.0
295,202109011202,1,1,3,5,0,1,0,10,0,0,0,0,1,0,0,1,0,0,0,4,0,0,0,0,0,0,0,1,0,0,0,0,0,0,0,0,0.0,0.0,2.0,2.0,40.6,0.4,0.08333333333333333,0.0,0.0,7.0,6.0,38.5,1.8,0.125,0.0,0.0,5.0,14.0,44.4,6.1,0.14285714285714285,6.0,25.0,-200.0,0.0,0.5,3,5,25.1,7.0,1127,1559,1328,0.0,0.0,10.0,7.0,35.1,0.3,0.35294117647058826,,,,,,,,2.3,0.25,54.0,-522.0,16.0,12.0,459.0,0.0,0.0,0.07142857142857142,0.058823529411764705,,1.06,0.0
296,202109011202,0,3,1,9,0,0,0,1,0,0,0,0,0,0,0,2,0,0,0,0,0,0,0,0,0,0,0,2,0,0,0,0,0,0,0,0,0.0,0.0,8.0,7.0,40.7,1.7,0.3333333333333333,0.0,0.0,12.0,15.0,38.4,2.3,0.4,0.0,0.0,11.0,14.0,39.5,2.5,0.25,3.5,5.0,-200.0,0.1,0.175,2,4,14.9,5.0,1152,377,1428,0.0,0.0,10.0,6.0,35.5,1.2,0.9166666666666666,0.0,0.0,7.0,16.0,37.9,1.6,0.0625,0.9,0.0,54.0,-1157.0,16.0,9.0,499.0,-0.2222222222222222,0.2,0.0625,0.0,0.0,0.8500000000000008,0.0
297,202109011202,0,1,0,0,1,1,1,3,0,0,0,0,0,1,0,0,0,0,0,0,0,0,0,0,0,1,0,0,0,0,0,0,0,0,0,0,0.0,0.0,16.0,8.0,37.9,1.8,0.375,0.0,0.0,14.0,12.0,39.5,2.4,0.375,0.0,0.0,15.0,14.0,36.0,1.1,0.7222222222222222,3.0,0.0,0.0,0.0,0.0,4,8,301.2,16.0,1426,1362,306,0.0,0.0,11.0,14.0,37.2,1.7,0.3125,0.0,0.0,15.0,5.0,36.9,1.0,0.2777777777777778,-0.4,0.0,54.0,0.0,16.0,16.0,398.0,0.0625,0.25,-0.05555555555555555,0.125,0.0,0.4299999999999997,0.0
298,202109011202,0,3,1,9,0,0,0,0,0,0,0,0,0,0,0,2,0,0,0,0,0,0,0,0,0,0,0,2,0,0,0,0,0,0,0,0,0.0,0.0,9.0,1.0,40.5,0.0,0.09090909090909091,0.0,0.0,17.0,16.0,36.9,1.9,0.2777777777777778,0.0,0.0,14.0,9.0,37.1,1.9,0.875,4.0,18.0,-800.0,0.0,0.14285714285714285,5,9,172.7,14.0,1152,1723,1428,0.0,0.0,14.0,8.0,38.9,2.1,0.4375,0.0,0.0,13.0,15.0,39.0,2.6,0.6875,2.0,0.2,54.0,-1213.0,16.0,11.0,444.0,0.0,0.1111111111111111,0.0,0.0,0.25,0.1,0.0
299,202109011202,0,3,1,8,1,2,0,4,0,0,0,0,0,3,1,4,0,1,0,2,0,0,0,0,0,1,0,2,0,1,0,0,0,0,0,0,0.0,0.0,6.0,8.0,35.9,0.5,0.5,0.0,0.0,13.0,15.0,39.3,3.8,0.6875,0.0,0.0,10.0,10.0,37.8,2.0,0.5,1.0,10.0,350.0,0.0,0.06666666666666667,1,1,29.8,10.0,1228,1294,1108,0.0,0.0,6.0,9.0,36.4,1.5,0.46153846153846156,0.0,0.0,11.0,6.0,36.3,0.9,0.5,-1.0,0.0,56.0,-616.0,16.0,10.0,480.0,0.1,0.0625,0.125,0.0,-0.14285714285714285,0.21000000000000013,0.0
300,202109011202,1,0,0,2,0,0,0,0,0,0,0,0,0,0,0,1,0,0,0,0,0,0,0,0,0,0,0,1,0,0,0,0,0,0,0,0,0.0,0.0,14.0,8.0,38.5,1.5,0.4,0.0,0.0,16.0,7.0,37.3,1.6,0.1875,0.0,0.0,14.0,13.0,38.2,1.4,0.625,2.5,-2.0,0.0,0.05,0.2,7,13,133.6,13.0,1313,1029,1108,0.0,0.0,13.0,11.0,37.8,2.4,0.625,0.0,0.0,5.0,5.0,40.9,2.5,0.375,-0.2,0.0,53.0,-153.0,16.0,15.0,432.0,0.0,0.0,0.0,0.1875,0.25,-0.5299999999999997,0.0
301,202109011202,0,0,1,3,0,0,0,1,0,0,0,0,0,0,0,0,0,0,0,0,0,0,0,0,0,0,0,0,0,0,0,0,0,0,0,0,0.0,0.0,2.0,2.0,39.3,0.9,0.4444444444444444,0.0,0.0,11.0,10.0,37.2,1.1,0.6875,0.0,0.0,12.0,13.0,37.7,1.2,0.5625,5.5,-10.0,-200.0,0.2,0.4,5,10,129.1,12.0,1431,1613,1428,0.0,0.0,7.0,3.0,37.3,0.2,0.38461538461538464,0.0,0.0,10.0,3.0,35.4,0.8,0.1875,-0.5,0.6,56.0,-702.0,16.0,9.0,494.0,0.0,-0.125,-0.125,0.0,0.0625,0.7700000000000002,0.0
302,202109011202,1,0,0,3,0,0,0,0,0,0,0,0,0,0,0,1,0,0,0,0,0,0,0,0,0,0,0,1,0,0,0,0,0,0,0,0,0.0,0.0,9.0,9.0,42.7,2.8,0.3,0.0,0.0,10.0,16.0,35.3,1.8,0.3333333333333333,0.0,0.0,8.0,6.0,36.2,1.0,0.25,-1.5,-3.0,-200.0,0.028985507246376812,0.11594202898550725,8,16,50.4,11.0,1561,1442,1263,0.0,0.0,9.0,7.0,35.3,0.8,0.3888888888888889,0.0,0.0,7.0,3.0,37.0,0.8,0.375,-2.1,0.2,54.0,-611.0,16.0,10.0,437.0,0.4,0.16666666666666666,0.0,-0.16666666666666666,0.0625,1.1400000000000006,0.0
303,202109011202,0,0,1,2,0,0,0,0,0,0,0,0,0,0,0,0,0,0,0,0,0,0,0,0,0,0,0,0,0,0,0,0,0,0,0,0,0.0,0.0,7.0,9.0,45.5,8.3,0.7,0.0,0.0,15.0,11.0,40.1,2.9,0.4375,0.0,0.0,6.0,14.0,38.8,3.8,0.9375,2.5,-23.0,-200.0,0.0,0.07692307692307693,6,11,24.0,6.0,1278,1619,625,0.0,0.0,14.0,8.0,40.3,1.6,0.0625,0.0,0.0,11.0,12.0,41.0,5.4,0.5833333333333334,0.3,0.0,53.0,-214.0,16.0,10.0,509.0,0.1,0.25,0.0,0.0,0.3333333333333333,0.8800000000000004,0.0
304,202109011202,1,0,1,6,0,0,0,5,0,0,0,0,0,0,0,1,0,0,0,2,0,0,0,0,0,0,0,1,0,0,0,1,0,0,0,0,0.0,0.0,20.0,10.0,36.6,0.0,0.08333333333333333,0.0,0.0,150.0,150.0,39.9,4.3,0.625,0.0,0.0,110.0,160.0,37.8,3.0,0.6666666666666666,75.0,28.0,0.0,0.0,0.0,1,2,224.0,15.0,1098,1039,1294,0.0,0.0,160.0,160.0,37.7,2.9,0.5,0.0,0.0,140.0,90.0,34.8,1.1,0.8333333333333334,17.0,0.0,51.0,-863.0,16.0,12.0,442.0,0.0,0.0625,0.0,0.0,-0.1111111111111111,0.5800000000000004,0.0
305,202109011202,0,2,0,10,0,1,1,11,0,0,0,1,0,0,0,4,0,0,0,1,0,0,0,0,0,0,0,2,0,0,0,1,0,0,0,0,0.0,0.0,3.0,8.0,45.8,5.3,0.125,0.0,0.0,5.0,11.0,36.0,1.6,0.4375,0.0,0.0,4.0,14.0,37.0,1.4,0.1111111111111111,3.0,-6.0,-200.0,0.04878048780487805,0.14634146341463414,6,12,3.3,2.0,1716,1428,1167,0.0,0.0,2.0,16.0,41.7,5.1,0.1875,0.0,0.0,4.0,2.0,35.6,0.1,0.05555555555555555,-0.7,0.2,56.0,-480.0,16.0,8.0,470.0,0.875,-0.0625,0.0,0.0625,0.05555555555555555,1.4699999999999989,0.0
306,202109011210,0,0,0,0,0,0,0,0,0,0,0,0,0,0,0,0,0,0,0,0,0,0,0,0,0,0,0,0,0,0,0,0,0,0,0,0,0.0,0.0,8.0,5.0,37.1,1.9,0.42857142857142855,0.0,0.0,13.0,10.0,37.7,2.2,0.35714285714285715,0.0,0.0,15.0,7.0,36.7,1.5,0.6875,1.0,-7.0,200.0,0.0,0.25,1,1,22.3,8.0,429,516,377,0.0,0.0,8.0,10.0,36.1,1.2,0.75,0.0,0.0,7.0,7.0,37.2,1.3,0.375,0.4,0.0,55.0,-1215.0,16.0,14.0,523.0,-0.07142857142857142,0.0,-0.0625,-0.1875,0.0,0.13999999999999985,0.0
307,202109011210,1,1,1,6,0,0,0,1,0,0,0,0,0,0,1,2,0,0,0,0,0,0,0,0,0,0,0,1,0,0,0,0,0,0,0,0,0.0,0.0,110.0,,,,0.2727272727272727,0.0,0.0,130.0,15.0,37.3,1.4,0.3333333333333333,0.0,0.0,100.0,10.0,36.7,0.9,0.7333333333333333,-5.0,-14.0,-500.0,0.05128205128205128,0.1794871794871795,6,11,110.7,16.0,1172,1103,1556,0.0,0.0,120.0,13.0,37.1,1.5,0.625,0.0,0.0,100.0,4.0,35.5,0.4,0.6666666666666666,-3.0,0.0,54.0,-1195.0,16.0,11.0,500.0,0.7272727272727273,0.0,-0.13333333333333333,0.25,-0.06666666666666667,0.4999999999999993,0.0
308,202109011210,0,0,0,0,0,0,0,1,0,0,0,0,0,0,0,0,0,0,0,0,0,0,0,0,0,0,0,0,0,0,0,0,0,0,0,0,0.0,0.0,7.0,9.0,37.2,0.7,0.6666666666666666,0.0,0.0,11.0,15.0,39.2,2.5,0.3125,0.0,0.0,8.0,14.0,36.1,1.1,0.8125,2.5,0.0,0.0,0.0,0.0,1,2,5.0,3.0,1328,225,1263,0.0,0.0,10.0,10.0,35.2,0.6,0.875,0.0,0.0,5.0,7.0,35.9,0.6,0.5333333333333333,-0.9,0.0,56.0,-308.0,16.0,12.0,454.0,0.0,0.0,-0.0625,-0.0625,-0.06666666666666667,0.6600000000000008,0.0
309,202109011210,1,1,1,6,1,0,0,3,0,0,0,1,0,0,1,2,0,0,0,2,0,0,0,1,0,0,0,1,0,0,0,1,0,0,0,1,0.0,0.0,12.0,6.0,36.7,0.7,0.1875,0.0,0.0,6.0,14.0,37.8,1.5,0.0625,0.0,0.0,11.0,11.0,38.0,1.4,0.06666666666666667,2.5,6.0,-200.0,0.03225806451612903,0.16129032258064516,2,4,19.4,7.0,1172,1482,1556,0.0,0.0,11.0,9.0,37.0,0.5,0.1875,0.0,0.0,7.0,4.0,36.2,0.4,0.125,-0.9,0.0,53.0,-322.0,16.0,16.0,546.0,0.0,0.0,0.0,0.0,0.0,0.17999999999999972,0.0
310,202109011210,0,1,0,7,2,1,0,11,0,0,0,1,0,0,0,1,1,0,0,2,0,0,0,0,0,0,0,0,1,0,0,0,0,0,0,0,0.0,0.0,6.0,5.0,36.1,0.5,0.1875,0.0,0.0,6.0,9.0,38.8,1.2,0.06666666666666667,0.0,0.0,5.0,6.0,37.7,0.4,0.125,0.5,-4.0,0.0,0.0,0.0,5,9,13.6,6.0,1167,1558,460,0.0,0.0,7.0,3.0,37.5,0.8,0.125,0.0,0.0,8.0,3.0,36.0,0.5,0.5333333333333333,-1.0,0.4,53.0,0.0,16.0,16.0,470.0,0.0,0.0,0.0,0.0,-0.06666666666666667,0.15,0.0
311,202109011210,0,1,3,9,0,0,1,4,0,0,0,0,0,0,2,4,0,0,0,0,0,0,0,0,0,0,0,0,0,0,0,0,0,0,0,0,0.0,0.0,60.0,4.0,40.0,1.0,0.2222222222222222,0.0,0.0,140.0,13.0,36.9,2.3,0.875,0.0,0.0,120.0,12.0,37.0,1.6,0.6428571428571429,4.0,17.0,-200.0,0.0967741935483871,0.3225806451612903,7,14,4.3,2.0,1520,1393,695,0.0,0.0,100.0,7.0,37.9,0.9,0.5,0.0,0.0,120.0,14.0,38.3,1.5,0.625,1.4,0.0,56.0,-1223.0,16.0,9.0,487.0,0.0,0.0,0.0,-0.0625,0.125,0.24000000000000057,0.0
312,202109011210,0,0,0,6,0,0,0,1,0,0,0,0,0,0,0,2,0,0,0,0,0,0,0,0,0,0,0,0,0,0,0,0,0,0,0,0,0.0,0.0,15.0,5.0,36.8,1.0,0.4375,0.0,0.0,16.0,7.0,36.7,1.2,0.625,0.0,0.0,15.0,7.0,36.3,1.2,0.7333333333333333,1.0,-2.0,0.0,0.037037037037037035,0.09259259259259259,8,15,50.1,12.0,1393,960,1263,0.0,0.0,15.0,13.0,36.3,0.8,0.5,0.0,0.0,10.0,13.0,37.2,1.8,0.8,2.2,0.0,52.0,-265.0,16.0,16.0,458.0,-0.0625,0.125,0.13333333333333333,-0.0625,0.0,-0.04000000000000057,0.0
313,202109011210,2,2,0,14,0,1,3,2,0,0,0,0,1,1,0,3,0,1,1,0,0,0,0,0,0,0,0,1,0,1,0,0,0,0,0,0,0.0,0.0,1.0,1.0,39.7,0.0,0.09090909090909091,0.0,0.0,9.0,9.0,36.6,1.4,0.6875,0.0,0.0,5.0,5.0,36.6,0.6,0.4375,2.0,-6.0,-100.0,0.041666666666666664,0.1875,6,12,9.2,4.0,1221,260,1263,0.0,0.0,6.0,11.0,36.3,0.9,0.5625,0.0,0.0,3.0,4.0,36.6,0.1,0.5,0.8,0.2,55.0,-972.0,16.0,11.0,478.0,0.0,-0.0625,0.0625,0.1875,0.0,0.6500000000000007,0.0
314,202109011210,0,0,0,7,0,0,0,5,0,0,0,1,0,0,0,1,0,0,0,2,0,0,0,1,0,0,0,1,0,0,0,1,0,0,0,1,0.0,0.0,160.0,90.0,38.9,1.1,0.875,0.0,0.0,130.0,140.0,36.9,1.8,0.9333333333333333,0.0,0.0,130.0,90.0,35.1,0.7,1.0,0.0,-11.0,-400.0,0.0,0.0,4,8,53.4,13.0,1482,1039,1263,0.0,0.0,110.0,80.0,35.9,1.3,0.875,0.0,0.0,120.0,80.0,35.7,0.7,1.0,-8.0,0.0,53.0,-703.0,16.0,16.0,471.0,-0.125,-0.06666666666666667,-0.0625,0.0,0.0,0.7399999999999991,0.0
315,202109011210,0,1,0,8,0,0,0,3,0,0,0,1,0,0,0,1,0,0,0,1,0,0,0,0,0,0,0,0,0,0,0,0,0,0,0,0,0.0,0.0,160.0,13.0,36.6,2.1,0.875,0.0,0.0,150.0,15.0,38.3,2.6,0.9375,0.0,0.0,160.0,7.0,36.1,0.7,0.9375,-3.0,-8.0,-200.0,0.05,0.15,7,13,41.9,10.0,1183,1328,1558,0.0,0.0,90.0,9.0,34.2,1.6,0.4444444444444444,0.0,0.0,140.0,4.0,36.4,0.8,1.0,-2.4,0.0,54.0,-1260.0,16.0,16.0,500.0,-0.1875,0.0625,-0.0625,0.0,0.0,0.45,0.0
316,202109011210,0,0,1,10,2,3,1,20,0,0,0,1,0,0,0,2,0,0,1,3,0,0,0,0,0,0,0,0,0,0,1,0,0,0,0,0,0.0,0.0,12.0,1.0,33.9,0.0,0.8571428571428571,0.0,0.0,9.0,11.0,35.4,0.7,0.75,0.0,0.0,16.0,4.0,34.6,0.1,0.8888888888888888,1.5,10.0,0.0,0.09090909090909091,0.3090909090909091,5,10,24.4,9.0,1090,1263,1169,0.0,0.0,14.0,15.0,34.7,1.3,0.75,0.0,0.0,7.0,9.0,37.7,1.4,0.5,2.0,0.2,54.0,-104.0,16.0,14.0,470.0,0.0,0.0,-0.3333333333333333,-0.125,-0.0625,-0.6900000000000013,0.0
317,202109011210,0,0,0,7,1,1,0,0,0,0,0,0,0,0,0,1,1,0,0,0,0,0,0,0,0,0,0,1,0,0,0,0,0,0,0,0,0.0,0.0,15.0,14.0,36.6,2.3,1.0,0.0,0.0,12.0,13.0,38.4,2.4,0.07692307692307693,0.0,0.0,16.0,9.0,35.9,1.0,0.9375,-2.5,4.0,-200.0,0.16666666666666666,0.16666666666666666,8,16,67.6,14.0,1482,1541,1263,0.0,0.0,15.0,11.0,35.8,1.8,1.0,0.0,0.0,15.0,13.0,36.4,1.5,1.0,-0.4,0.0,52.0,-664.0,16.0,16.0,498.0,0.0,0.07692307692307693,0.0625,-0.0625,0.0,0.3000000000000007,0.0
318,202109011210,0,0,0,0,0,0,1,0,0,0,0,0,0,0,0,0,0,0,0,0,0,0,0,0,0,0,0,0,0,0,0,0,0,0,0,0,0.0,0.0,5.0,6.0,40.7,1.4,0.08333333333333333,0.0,0.0,14.0,10.0,36.0,0.6,0.3125,0.0,0.0,15.0,13.0,36.0,0.8,0.375,3.5,-17.0,-100.0,0.08,0.36,2,3,87.5,15.0,461,1051,432,0.0,0.0,11.0,10.0,37.5,1.2,0.4,0.0,0.0,12.0,15.0,34.2,0.9,0.75,1.8,0.0,54.0,-1218.0,16.0,12.0,483.0,0.08333333333333333,0.0,0.1875,0.06666666666666667,-0.0625,1.15,0.0
319,202109011210,2,1,1,14,0,1,0,1,0,0,0,0,1,0,1,6,0,0,0,0,0,0,0,0,0,0,1,1,0,0,0,0,0,0,0,0,0.0,0.0,10.0,14.0,36.2,1.4,1.0,0.0,0.0,13.0,3.0,35.7,0.8,0.8125,0.0,0.0,14.0,12.0,36.5,1.1,0.75,-1.0,0.0,-200.0,,,4,7,43.0,11.0,1576,1436,1577,0.0,0.0,11.0,14.0,35.3,0.9,0.875,0.0,0.0,5.0,1.0,36.8,0.0,0.375,-1.5,0.4,53.0,-238.0,16.0,14.0,518.0,0.0,-0.0625,0.1875,0.125,0.0625,-0.0799999999999983,0.0
320,202109011210,0,0,0,4,0,0,2,10,0,0,0,0,0,0,0,2,0,0,0,0,0,0,0,0,0,0,0,1,0,0,0,0,0,0,0,0,0.0,0.0,10.0,9.0,37.8,1.3,0.5333333333333333,0.0,0.0,18.0,14.0,35.8,1.0,0.05555555555555555,0.0,0.0,17.0,18.0,38.0,2.4,0.05555555555555555,4.5,-6.0,0.0,0.029411764705882353,0.11764705882352941,3,6,3.4,1.0,1645,1183,1366,0.0,0.0,16.0,15.0,37.4,1.2,0.1875,0.0,0.0,13.0,15.0,35.1,0.9,0.625,1.3,0.0,55.0,-560.0,16.0,15.0,514.0,0.0,0.0,0.0,0.0,-0.0625,0.379999999999999,0.0
321,202109011210,0,0,0,7,0,2,0,5,0,0,0,1,0,0,0,1,0,0,0,1,0,0,0,0,0,0,0,1,0,0,0,0,0,0,0,0,0.0,0.0,90.0,100.0,41.9,1.9,0.5,0.0,0.0,130.0,120.0,36.1,1.2,0.25,0.0,0.0,110.0,80.0,37.5,1.2,0.2727272727272727,-10.0,10.0,-30.0,0.10256410256410256,0.1794871794871795,3,5,11.1,5.0,1482,1235,1263,0.0,0.0,170.0,150.0,34.5,2.1,1.0,0.0,0.0,160.0,130.0,37.5,1.7,0.625,9.0,0.0,56.0,-1209.0,16.0,10.0,480.0,0.2,0.0625,0.18181818181818182,0.0,-0.1875,1.0399999999999998,0.0
322,202109020103,2,4,4,44,8,8,14,82,0,0,1,0,1,0,0,4,1,1,2,14,0,0,0,0,0,0,0,0,0,0,2,2,0,0,0,0,0.0,0.0,5.0,2.0,37.3,0.3,0.25,0.0,0.0,1.0,5.0,37.1,0.8,0.4375,0.0,0.0,11.0,10.0,34.8,0.9,0.16666666666666666,4.0,-2.0,0.0,0.17391304347826086,0.5217391304347826,4,7,1.9,1.0,1561,1559,1263,0.0,0.0,12.0,5.0,36.5,1.0,0.6875,0.0,0.0,1.0,1.0,37.0,0.0,0.25,-0.2,0.4,54.0,-385.0,16.0,12.0,428.0,0.0,0.0,0.0,-0.125,-0.0625,0.11999999999999958,0.0
323,202109020103,7,2,4,54,10,4,6,117,0,0,1,5,1,0,0,14,2,0,2,27,0,0,0,3,1,0,0,6,0,0,0,18,0,0,0,2,0.0,0.0,30.0,4.0,37.8,1.0,0.4444444444444444,0.0,0.0,90.0,10.0,13.7,5.5,0.5,0.0,0.0,150.0,13.0,37.3,2.2,0.3125,4.5,19.0,-200.0,0.05357142857142857,0.10714285714285714,3,6,9.1,4.0,1278,1013,625,0.0,0.0,70.0,11.0,37.0,1.4,0.5625,0.0,0.0,50.0,1.0,36.1,0.0,0.18181818181818182,-0.5,0.2,54.0,-1062.0,16.0,9.0,479.0,-0.1111111111111111,0.08333333333333333,0.0,0.0625,-0.09090909090909091,-1.9900000000000009,0.0
324,202109020103,2,3,6,35,2,2,2,41,0,0,0,3,0,1,1,15,0,0,1,11,0,0,0,3,0,1,0,10,0,0,0,6,0,0,0,3,0.0,0.0,,,,,,0.0,0.0,130.0,10.0,40.7,1.5,0.2857142857142857,0.0,0.0,120.0,10.0,36.6,1.1,0.75,0.0,,-200.0,0.024390243902439025,0.0975609756097561,5,10,185.3,13.0,1489,1014,565,0.0,0.0,90.0,5.0,36.9,1.8,0.4166666666666667,0.0,0.0,100.0,7.0,38.7,1.3,0.4,-1.4,0.0,54.0,-1076.0,16.0,11.0,,,0.42857142857142855,-0.08333333333333333,-0.08333333333333333,-0.06666666666666667,0.5700000000000003,0.0
325,202109020103,1,0,0,1,10,4,6,117,0,0,0,0,0,0,0,1,2,0,2,27,0,0,0,0,0,0,0,0,0,0,0,18,0,0,0,0,0.0,0.0,3.0,2.0,36.5,0.0,1.0,0.0,0.0,2.0,2.0,38.1,0.1,0.9230769230769231,0.0,0.0,11.0,2.0,36.1,0.3,0.875,0.0,2.0,-600.0,0.07692307692307693,0.15384615384615385,6,12,7.8,3.0,1401,1013,517,0.0,0.0,5.0,6.0,37.6,0.7,0.5625,0.0,0.0,8.0,4.0,37.8,0.5,0.9333333333333333,0.8,0.6,54.0,-651.0,16.0,15.0,426.0,-0.26666666666666666,-0.15384615384615385,-0.125,-0.0625,-0.13333333333333333,-0.20999999999999944,0.0
326,202109020103,2,2,3,24,5,4,5,38,0,0,0,0,0,0,0,0,2,0,3,6,0,0,0,0,0,0,0,0,1,0,1,3,0,0,0,0,0.0,0.0,2.0,1.0,34.1,0.0,0.625,0.0,0.0,8.0,3.0,35.4,0.2,0.625,0.0,0.0,3.0,7.0,36.0,0.9,0.25,3.0,2.0,0.0,0.1,0.4,6,11,9.6,5.0,1506,1482,199,0.0,0.0,4.0,4.0,34.9,0.5,0.375,0.0,0.0,5.0,5.0,37.8,1.2,0.4375,0.9,0.4,54.0,-119.0,16.0,16.0,466.0,-0.25,-0.25,0.0,0.0,-0.0625,-0.6899999999999992,0.0
327,202109020103,4,14,9,78,0,0,0,2,0,0,0,0,2,4,6,21,0,0,0,0,0,0,0,0,1,0,3,7,0,0,0,0,0,0,0,0,0.0,0.0,10.0,6.0,39.9,1.3,0.5833333333333334,0.0,0.0,11.0,12.0,35.3,1.3,0.75,0.0,0.0,9.0,9.0,34.5,0.9,0.75,1.5,34.0,-300.0,0.0392156862745098,0.17647058823529413,8,16,6.3,2.0,1172,1712,1556,0.0,0.0,2.0,6.0,38.3,1.3,0.125,0.0,0.0,6.0,6.0,35.3,0.5,0.6111111111111112,-0.6,0.0,54.0,-1216.0,16.0,12.0,436.0,0.16666666666666666,-0.0625,0.0,0.0,0.0,0.6200000000000003,0.0
328,202109020103,3,0,2,19,1,0,0,12,0,0,0,0,1,0,1,5,0,0,0,3,0,0,0,0,1,0,1,2,0,0,0,1,0,0,0,0,0.0,0.0,3.0,8.0,39.8,2.2,0.1111111111111111,0.0,0.0,10.0,10.0,37.2,0.8,0.875,0.0,0.0,3.0,6.0,38.2,1.6,0.2,-1.0,26.0,-500.0,0.0,0.14285714285714285,7,13,16.3,7.0,1586,1507,1167,0.0,0.0,7.0,7.0,37.4,1.5,0.6875,0.0,0.0,9.0,9.0,38.5,1.3,0.3125,-0.1,0.0,54.0,-213.0,16.0,9.0,488.0,0.1111111111111111,0.0,0.0,-0.0625,0.0,0.23999999999999985,0.0
329,202109020103,0,0,0,5,0,0,0,2,0,0,0,1,0,0,0,3,0,0,0,1,0,0,0,1,0,0,0,1,0,0,0,0,0,0,0,0,0.0,0.0,9.0,9.0,35.0,1.1,0.25,0.0,0.0,8.0,7.0,33.4,0.7,1.0,0.0,0.0,13.0,9.0,33.7,0.6,0.875,0.0,-2.0,-200.0,0.08823529411764706,0.3088235294117647,2,3,19.0,8.0,1672,1172,1167,0.0,0.0,8.0,10.0,33.7,0.8,0.9090909090909091,0.0,0.0,8.0,8.0,33.9,0.7,0.9230769230769231,0.1,0.0,54.0,-764.0,16.0,12.0,446.0,0.0,0.0,0.0,-0.09090909090909091,-0.15384615384615385,0.18999999999999986,0.0
330,202109020103,1,0,0,14,0,0,0,0,0,0,0,0,0,0,0,3,0,0,0,0,0,0,0,0,0,0,0,1,0,0,0,0,0,0,0,0,0.0,0.0,6.0,,,,0.6,0.0,0.0,11.0,12.0,41.2,2.9,0.26666666666666666,0.0,0.0,5.0,9.0,41.1,3.1,0.8571428571428571,-3.0,1.0,-200.0,0.0,0.13636363636363635,1,2,317.3,15.0,1468,1317,1328,0.0,0.0,15.0,5.0,39.0,0.5,0.6875,0.0,0.0,15.0,9.0,38.0,1.7,0.5625,-1.3,0.0,54.0,-474.0,16.0,10.0,431.0,0.4,0.13333333333333333,-0.21428571428571427,-0.1875,0.0,1.170000000000001,0.0
331,202109020103,8,4,7,50,0,0,1,7,0,0,1,0,1,0,0,5,0,0,0,0,0,0,0,0,1,0,0,3,0,0,0,0,0,0,0,0,0.0,0.0,10.0,11.0,42.3,2.6,0.7857142857142857,0.0,0.0,8.0,13.0,41.2,2.8,0.5,0.0,0.0,6.0,10.0,38.0,1.9,0.625,-0.5,8.0,-300.0,0.10526315789473684,0.3157894736842105,5,9,14.7,6.0,1152,178,1428,0.0,0.0,3.0,11.0,36.9,2.1,0.46153846153846156,0.0,0.0,5.0,5.0,35.8,0.5,0.2222222222222222,-1.4,0.0,54.0,-446.0,16.0,14.0,460.0,-0.07142857142857142,0.1875,0.0,0.23076923076923078,-0.1111111111111111,1.7300000000000004,0.0
332,202109020103,1,1,0,8,0,3,3,34,0,0,0,0,1,0,0,3,0,3,1,2,0,0,0,0,1,0,0,1,0,0,1,1,0,0,0,0,0.0,0.0,7.0,,,,0.4,0.0,0.0,11.0,11.0,40.9,3.4,0.7272727272727273,0.0,0.0,10.0,14.0,35.4,1.9,0.875,3.0,8.0,0.0,0.046511627906976744,0.13953488372093023,3,5,55.0,9.0,1611,1170,1263,0.0,0.0,9.0,11.0,37.7,1.9,0.75,0.0,0.0,10.0,6.0,34.2,0.9,0.5555555555555556,-1.8,0.0,54.0,-143.0,16.0,10.0,456.0,,0.18181818181818182,-0.0625,0.0,-0.05555555555555555,1.7799999999999983,0.0
333,202109020103,0,0,1,17,0,0,0,0,0,0,0,0,0,0,0,0,0,0,0,0,0,0,0,0,0,0,0,0,0,0,0,0,0,0,0,0,0.0,0.0,80.0,5.0,42.4,2.3,0.625,0.0,0.0,130.0,8.0,38.1,1.3,0.5333333333333333,0.0,0.0,120.0,10.0,38.0,2.0,0.9333333333333333,2.5,-7.0,-400.0,0.0,0.0,8,15,158.4,12.0,1453,1274,1428,0.0,0.0,120.0,12.0,39.1,2.1,0.125,,,,,,,,2.3,0.0,51.0,-291.0,16.0,8.0,419.0,0.0,-0.06666666666666667,0.0,0.0625,,0.9999999999999993,0.0
334,202109020103,0,0,1,15,2,1,1,9,0,0,0,0,0,0,0,1,0,0,0,1,0,0,0,0,0,0,0,1,0,0,0,0,0,0,0,0,0.0,0.0,6.0,7.0,42.7,5.1,0.5,0.0,0.0,14.0,11.0,40.1,2.1,0.6666666666666666,0.0,0.0,10.0,13.0,38.9,2.1,0.3125,3.0,19.0,-200.0,0.09302325581395349,0.32558139534883723,7,14,84.5,10.0,1677,1,1167,0.0,0.0,14.0,13.0,36.1,1.0,0.5555555555555556,0.0,0.0,15.0,16.0,39.1,3.5,0.125,2.0,0.0,54.0,-367.0,16.0,8.0,429.0,0.375,0.06666666666666667,-0.125,0.1111111111111111,0.125,1.1200000000000003,0.0
335,202109020103,8,13,13,79,4,6,5,59,0,2,0,5,0,0,0,4,1,0,1,5,0,0,0,0,0,0,0,1,1,0,1,2,0,0,0,0,0.0,0.0,12.0,11.0,45.5,6.2,0.5833333333333334,0.0,0.0,15.0,13.0,39.2,2.4,0.6875,0.0,0.0,12.0,10.0,39.6,1.3,0.6923076923076923,-0.5,18.0,-300.0,0.0,0.08333333333333333,2,4,401.3,16.0,1691,1428,1167,0.0,0.0,12.0,6.0,41.1,2.8,0.6428571428571429,0.0,0.0,13.0,8.0,39.1,1.1,0.8571428571428571,-1.3,0.0,54.0,-921.0,16.0,12.0,452.0,0.4166666666666667,0.125,-0.07692307692307693,-0.21428571428571427,0.0,1.0899999999999999,0.0
336,202109020103,0,1,4,19,0,0,0,2,0,0,0,0,0,0,1,2,0,0,0,0,0,0,0,0,0,0,1,0,0,0,0,0,0,0,0,0,0.0,0.0,1.0,7.0,37.7,1.2,1.0,0.0,0.0,16.0,9.0,34.8,0.6,0.6666666666666666,0.0,0.0,14.0,14.0,39.4,3.4,0.7142857142857143,3.5,-10.0,380.0,0.04,0.12,4,8,137.8,11.0,1601,1536,239,0.0,0.0,11.0,15.0,38.1,3.1,0.875,,,,,,,,2.9,0.0,54.0,-831.0,16.0,10.0,420.0,-0.2,0.05555555555555555,0.07142857142857142,0.0,,-0.5799999999999997,0.0
337,202109020103,4,3,1,35,0,3,3,34,0,2,0,1,2,2,0,6,0,3,1,2,0,2,0,0,2,0,0,5,0,0,1,1,0,0,0,0,,,,,,,,,,,,,,,,,,,,,,,,,0.0,0.0,1,1,251.2,14.0,1571,1170,1108,,,,,,,,,,,,,,,,,54.0,,16.0,,,,,,,,,
338,202109020112,0,2,1,14,8,8,7,66,0,1,0,1,0,2,0,6,2,4,1,13,0,1,0,1,0,1,0,2,0,1,0,4,0,1,0,1,0.0,0.0,3.0,5.0,36.0,0.9,0.4375,0.0,0.0,3.0,7.0,35.7,1.0,0.9333333333333333,0.0,0.0,6.0,4.0,36.4,0.2,0.13333333333333333,-0.5,4.0,0.0,0.08928571428571429,0.30357142857142855,5,7,3.6,1.0,1036,1294,1108,0.0,0.0,5.0,5.0,36.5,0.4,0.25,0.0,0.0,1.0,1.0,36.9,0.0,0.14285714285714285,-1.0,0.2,57.0,-168.0,14.0,16.0,490.0,0.0,0.0,0.0,-0.125,0.0,-0.25999999999999945,0.0
339,202109020112,2,4,1,18,0,0,0,12,0,0,0,4,0,0,0,2,0,0,0,4,0,0,0,1,0,0,0,1,0,0,0,1,0,0,0,1,0.0,0.0,3.0,9.0,36.6,1.5,0.8666666666666667,0.0,0.0,4.0,4.0,35.5,0.7,1.0,0.0,0.0,8.0,2.0,35.8,0.2,0.8571428571428571,-3.5,-2.0,0.0,0.0,0.08888888888888889,5,8,41.7,8.0,1254,1574,86,0.0,0.0,12.0,8.0,37.1,1.3,0.9375,0.0,0.0,6.0,5.0,36.5,1.4,0.9230769230769231,-0.4,0.2,57.0,-35.0,14.0,15.0,492.0,-0.06666666666666667,-0.08333333333333333,-0.07142857142857142,0.0,0.07692307692307693,-0.13999999999999985,0.0
340,202109020112,4,14,9,78,0,2,1,13,0,1,0,0,2,4,6,21,0,1,0,4,0,0,0,0,1,1,2,5,0,0,0,0,0,0,0,0,0.0,0.0,7.0,13.0,13.5,7.3,0.23076923076923078,0.0,0.0,5.0,1.0,13.4,0.0,0.21428571428571427,0.0,0.0,6.0,7.0,13.8,3.1,0.5384615384615384,-3.0,-2.0,-2090.0,0.08955223880597014,0.29850746268656714,2,2,4.4,3.0,1172,1313,1556,0.0,0.0,5.0,8.0,14.1,2.9,0.6428571428571429,0.0,0.0,10.0,11.0,39.4,1.9,0.07692307692307693,0.3,0.2,57.0,-420.0,14.0,13.0,472.0,0.6923076923076923,-0.14285714285714285,0.15384615384615385,0.0,0.0,-5.249999999999999,0.0
341,202109020112,7,2,4,54,1,0,0,5,0,0,0,2,1,0,0,14,0,0,0,1,0,0,0,0,0,0,0,3,0,0,0,0,0,0,0,0,0.0,0.0,10.0,6.0,38.3,0.8,0.21428571428571427,0.0,0.0,30.0,14.0,39.5,1.2,0.125,0.0,0.0,30.0,2.0,36.4,0.0,0.125,-2.0,-2.0,-200.0,0.1111111111111111,0.4444444444444444,6,10,4.1,2.0,1278,1322,625,0.0,0.0,30.0,3.0,37.8,0.4,0.25,0.0,0.0,30.0,7.0,38.4,1.5,0.5714285714285714,-0.9,0.4,57.0,13.0,14.0,14.0,454.0,0.0,0.0,0.0,-0.0625,0.07142857142857142,0.15,0.0
342,202109020112,4,14,9,78,0,3,3,34,0,0,1,2,2,4,6,21,0,3,1,2,0,0,1,0,1,1,2,5,0,1,0,1,0,0,0,0,0.0,0.0,1.0,1.0,41.2,0.0,0.6,0.0,0.0,16.0,12.0,38.6,2.4,0.4375,0.0,0.0,11.0,7.0,40.8,2.6,0.5454545454545454,3.0,23.0,-200.0,0.0,0.15,3,4,31.9,7.0,1172,1170,1556,0.0,0.0,15.0,12.0,37.1,1.8,0.9375,0.0,0.0,13.0,10.0,37.2,1.6,0.875,1.8,0.2,57.0,-1303.0,14.0,10.0,525.0,-0.1,0.0625,0.0,0.0,-0.0625,0.95,0.0
343,202109020112,15,11,16,108,8,7,3,79,2,1,0,8,4,3,4,28,0,0,1,23,0,0,0,5,2,0,1,5,0,0,0,1,0,0,0,0,0.0,0.0,6.0,12.0,55.5,14.5,0.08333333333333333,0.0,0.0,13.0,10.0,36.6,1.5,1.0,0.0,0.0,10.0,6.0,37.5,1.2,0.6428571428571429,-3.0,5.0,-200.0,0.04,0.18,3,3,47.1,10.0,1576,1405,1577,0.0,0.0,8.0,12.0,41.7,4.5,0.4166666666666667,0.0,0.0,5.0,11.0,38.8,1.4,0.5,0.0,0.0,57.0,-165.0,14.0,12.0,503.0,0.9166666666666666,-0.125,-0.07142857142857142,0.08333333333333333,-0.125,2.8300000000000005,0.0
344,202109020112,0,2,1,13,6,4,7,31,0,1,0,2,0,1,1,6,1,2,0,9,0,1,0,2,0,1,1,4,0,1,0,4,0,1,0,1,0.0,0.0,13.0,16.0,36.5,1.8,0.9375,0.0,0.0,15.0,15.0,38.5,2.2,0.0625,0.0,0.0,8.0,13.0,38.7,2.4,0.5,-1.5,4.0,0.0,0.047619047619047616,0.14285714285714285,8,13,4.5,4.0,1366,1362,216,0.0,0.0,15.0,14.0,38.2,2.6,0.3125,0.0,0.0,5.0,12.0,38.4,4.1,0.8333333333333334,-0.9,0.0,55.0,-252.0,14.0,16.0,510.0,0.0,0.0,0.14285714285714285,0.125,0.16666666666666666,-0.35,0.0
345,202109020112,3,2,2,54,0,3,1,28,0,1,0,1,0,1,0,11,0,0,0,4,0,0,0,0,0,0,0,2,0,0,0,1,0,0,0,0,0.0,0.0,160.0,140.0,36.7,2.2,0.875,0.0,0.0,110.0,110.0,36.6,1.8,0.9333333333333333,0.0,0.0,130.0,90.0,37.5,1.6,0.875,-25.0,12.0,-200.0,0.0,0.14285714285714285,6,9,12.7,5.0,1403,1708,939,0.0,0.0,100.0,110.0,37.0,1.6,1.0,0.0,0.0,60.0,10.0,36.7,0.0,1.0,-26.0,0.0,52.0,-953.0,14.0,16.0,502.0,0.0,-0.06666666666666667,0.0,0.0,0.0,-0.039999999999999855,0.0
346,202109020112,0,0,0,1,3,8,2,36,0,0,0,0,0,0,0,1,0,0,0,3,0,0,0,0,0,0,0,0,0,0,0,0,0,0,0,0,0.0,0.0,1.0,2.0,37.1,0.5,0.9,0.0,0.0,14.0,12.0,36.9,1.4,0.3125,0.0,0.0,15.0,13.0,36.6,2.2,0.9375,5.5,7.0,0.0,0.025,0.1,8,14,43.4,9.0,1487,1221,1558,0.0,0.0,12.0,15.0,37.7,2.8,0.8,0.0,0.0,10.0,15.0,37.8,2.6,0.6,2.9000000000000004,0.2,57.0,-1157.0,14.0,10.0,487.0,-0.3,0.0,0.0625,0.0,0.13333333333333333,-0.21999999999999958,0.0
347,202109020112,4,3,1,35,2,0,1,6,0,0,0,0,2,2,0,6,0,0,0,2,0,0,0,0,0,0,0,0,0,0,0,1,0,0,0,0,0.0,0.0,80.0,8.0,43.3,3.6,0.6666666666666666,0.0,0.0,140.0,11.0,38.2,1.0,0.3333333333333333,0.0,0.0,140.0,7.0,37.5,1.3,0.8666666666666667,-0.5,2.0,-400.0,0.0,0.08695652173913043,4,5,204.6,14.0,1571,1323,1108,0.0,0.0,140.0,10.0,37.8,1.9,0.7142857142857143,0.0,0.0,160.0,10.0,36.8,1.3,1.0,0.3,0.0,57.0,-760.0,14.0,9.0,484.0,0.2222222222222222,0.06666666666666667,-0.06666666666666667,0.07142857142857142,0.0,1.3400000000000005,0.0
348,202109020112,2,3,6,35,1,1,1,30,0,0,0,0,0,1,1,15,0,0,0,7,0,0,0,0,0,0,0,3,0,0,0,1,0,0,0,0,0.0,0.0,4.0,5.0,43.6,6.3,1.0,0.0,0.0,10.0,17.0,33.3,2.0,0.9411764705882353,0.0,0.0,12.0,11.0,36.2,1.2,0.9166666666666666,3.0,11.0,-200.0,0.0,0.07142857142857142,1,1,132.5,13.0,1489,1306,565,0.0,0.0,16.0,13.0,36.2,1.2,0.625,0.0,0.0,7.0,15.0,36.3,2.3,0.125,1.6,0.0,54.0,-242.0,14.0,5.0,477.0,0.0,,0.0,-0.0625,,1.1700000000000004,0.0
349,202109020112,2,2,2,16,10,4,6,117,0,0,0,2,1,2,1,5,2,0,2,27,0,0,0,1,0,1,0,1,1,0,1,4,0,0,0,0,0.0,0.0,140.0,14.0,37.2,1.2,0.75,0.0,0.0,80.0,11.0,13.7,7.2,0.09090909090909091,0.0,0.0,140.0,14.0,39.3,2.6,0.1875,0.0,-6.0,50.0,0.058823529411764705,0.14705882352941177,4,6,94.7,12.0,1170,1013,1404,0.0,0.0,160.0,14.0,35.3,1.5,0.7777777777777778,0.0,0.0,120.0,12.0,38.9,2.4,0.2857142857142857,-0.1,0.0,55.0,-232.0,14.0,16.0,448.0,0.0625,0.9090909090909091,0.6875,0.0,0.14285714285714285,-2.4999999999999987,0.0
350,202109020112,6,5,2,25,8,7,3,79,0,0,0,0,0,0,1,6,0,0,1,23,0,0,0,0,0,0,0,3,0,0,0,1,0,0,0,0,0.0,0.0,10.0,5.0,38.7,0.9,0.5,0.0,0.0,140.0,13.0,35.1,2.2,0.7333333333333333,0.0,0.0,90.0,6.0,36.2,0.6,1.0,0.5,17.0,-100.0,0.08,0.16,7,11,13.8,6.0,1383,1405,246,0.0,0.0,100.0,14.0,36.8,1.6,1.0,0.0,0.0,140.0,11.0,33.9,0.7,0.9444444444444444,1.3,0.0,57.0,-1212.0,14.0,10.0,533.0,-0.2,0.0,0.0,-0.0625,-0.1111111111111111,0.7900000000000013,0.0
351,202109020112,2,1,1,11,0,0,1,9,0,0,0,1,0,0,0,2,0,0,0,1,0,0,0,0,0,0,0,0,0,0,0,0,0,0,0,0,0.0,0.0,14.0,13.0,38.6,2.3,0.5333333333333333,0.0,0.0,16.0,15.0,38.1,2.0,0.375,0.0,0.0,14.0,13.0,36.8,1.2,0.14285714285714285,0.0,6.0,0.0,0.0,0.0,7,12,67.5,11.0,1042,1442,488,0.0,0.0,12.0,12.0,36.7,1.2,0.7692307692307693,0.0,0.0,13.0,12.0,37.3,1.3,0.6153846153846154,-0.5,0.0,52.0,-414.0,14.0,15.0,452.0,0.13333333333333333,0.0,0.0,0.0,0.07692307692307693,0.4000000000000007,0.0
352,202109020202,0,0,0,5,9,8,5,91,0,0,0,0,0,0,0,3,1,1,1,18,0,0,0,0,0,0,0,1,1,0,0,7,0,0,0,0,0.0,0.0,20.0,2.0,37.0,0.1,0.375,0.0,0.0,10.0,13.0,40.8,2.3,0.0625,0.0,0.0,50.0,2.0,38.4,0.1,0.1875,0.0,0.0,0.0,0.03773584905660377,0.16981132075471697,6,12,1.7,1.0,1672,1345,1167,0.0,0.0,40.0,8.0,39.7,1.7,0.18181818181818182,0.0,0.0,20.0,3.0,38.0,0.7,0.35714285714285715,-0.3,0.6,54.0,14.0,16.0,16.0,434.0,-0.0625,0.0,0.0,-0.09090909090909091,-0.07142857142857142,-0.09000000000000057,0.0
353,202109020202,0,1,4,19,0,0,1,3,0,0,1,0,0,0,1,2,0,0,1,0,0,0,1,0,0,0,1,0,0,0,1,0,0,0,1,0,0.0,0.0,9.0,10.0,50.9,10.4,0.7,0.0,0.0,7.0,13.0,42.4,4.7,0.8,0.0,0.0,5.0,11.0,39.8,2.7,0.4,0.5,18.0,-200.0,0.5,0.5,8,16,5.7,2.0,1601,1543,239,0.0,0.0,2.0,10.0,39.7,1.4,0.2,0.0,0.0,2.0,2.0,38.1,0.0,0.0625,-1.9,0.2,53.0,-1158.0,16.0,10.0,450.0,0.3,-0.06666666666666667,0.06666666666666667,0.0,0.0,2.829999999999999,0.0
354,202109020202,0,0,1,3,8,4,4,44,0,0,1,1,0,0,0,0,7,0,2,12,0,0,0,0,0,0,0,0,2,0,1,5,0,0,0,0,0.0,0.0,90.0,30.0,41.9,1.6,0.8,0.0,0.0,80.0,90.0,36.2,0.8,0.6428571428571429,0.0,0.0,60.0,60.0,37.2,1.6,0.1875,15.0,16.0,-200.0,0.023255813953488372,0.11627906976744186,3,5,11.0,5.0,1130,1235,1328,0.0,0.0,60.0,70.0,37.8,0.6,0.5625,0.0,0.0,10.0,50.0,37.0,1.0,0.4375,2.0,0.0,56.0,-1191.0,16.0,10.0,432.0,-0.1,0.0,0.0,-0.0625,-0.0625,0.8200000000000003,0.0
355,202109020202,1,0,0,10,0,0,0,0,0,0,0,0,0,0,0,4,0,0,0,0,0,0,0,0,0,0,0,4,0,0,0,0,0,0,0,0,0.0,0.0,6.0,5.0,40.0,1.5,0.2,0.0,0.0,9.0,10.0,40.2,2.8,0.09090909090909091,0.0,0.0,11.0,13.0,38.2,1.5,0.25,4.0,12.0,-200.0,0.0,0.1,1,2,8.8,3.0,1463,1508,1167,0.0,0.0,14.0,13.0,37.4,1.8,0.8,0.0,0.0,8.0,11.0,38.5,1.4,0.1875,1.5,0.0,54.0,-1207.0,16.0,10.0,532.0,0.0,0.09090909090909091,0.0,0.06666666666666667,-0.0625,0.5800000000000004,0.0
356,202109020202,4,6,5,68,10,4,6,117,0,0,1,8,0,0,0,7,2,0,2,27,0,0,0,0,0,0,0,0,0,0,0,18,0,0,0,0,0.0,0.0,5.0,7.0,40.2,1.0,0.6,0.0,0.0,16.0,13.0,39.8,2.2,0.5,0.0,0.0,16.0,15.0,39.1,2.6,0.875,4.0,-4.0,-400.0,0.047619047619047616,0.19047619047619047,5,10,24.4,7.0,1167,1013,460,0.0,0.0,11.0,11.0,39.7,1.7,0.42857142857142855,0.0,0.0,11.0,8.0,38.6,1.1,0.125,0.0,0.0,55.0,-1110.0,16.0,10.0,456.0,0.0,-0.0625,0.125,0.07142857142857142,0.0625,0.32999999999999974,0.0
357,202109020202,0,0,0,1,5,4,5,38,0,0,0,1,0,0,0,1,2,0,3,6,0,0,0,1,0,0,0,0,1,0,1,3,0,0,0,0,0.0,0.0,160.0,13.0,37.5,2.1,0.8125,0.0,0.0,140.0,14.0,42.7,5.6,0.6,0.0,0.0,80.0,7.0,38.7,2.4,0.5454545454545454,-3.0,4.0,0.0,0.08571428571428572,0.3,4,7,395.1,15.0,1737,1482,548,,,,,,,,,,,,,,,-3.0,0.0,56.0,14.0,16.0,16.0,460.0,-0.125,0.0,0.2727272727272727,,,-0.6000000000000014,0.0
358,202109020202,0,0,0,13,12,5,10,91,0,0,0,2,0,0,0,4,4,0,3,24,0,0,0,0,0,0,0,4,2,0,1,10,0,0,0,0,0.0,0.0,80.0,3.0,36.2,0.6,0.21428571428571427,0.0,0.0,100.0,7.0,39.1,1.5,0.7142857142857143,0.0,0.0,70.0,8.0,37.8,1.8,0.8125,2.5,10.0,200.0,0.05,0.05,5,9,11.1,6.0,1657,1558,1317,0.0,0.0,30.0,9.0,42.7,3.5,0.3,0.0,0.0,90.0,5.0,35.3,1.3,0.8461538461538461,0.6,0.2,56.0,50.0,16.0,14.0,466.0,-0.07142857142857142,-0.07142857142857142,0.0,0.0,0.07692307692307693,-0.179999999999999,0.0
359,202109020202,0,0,0,13,3,0,3,18,0,0,0,0,0,0,0,4,1,0,1,8,0,0,0,0,0,0,0,4,1,0,1,3,0,0,0,0,0.0,0.0,100.0,9.0,38.8,1.7,0.8333333333333334,0.0,0.0,80.0,6.0,39.1,2.7,1.0,0.0,0.0,40.0,8.0,37.3,0.6,0.6875,-0.5,20.0,-300.0,0.0,0.20689655172413793,3,6,9.5,4.0,1657,1036,1317,0.0,0.0,110.0,8.0,38.9,2.1,0.8,0.0,0.0,80.0,9.0,36.3,1.6,0.9375,0.2,0.0,56.0,-1214.0,16.0,12.0,452.0,0.08333333333333333,-0.4666666666666667,-0.125,0.0,-0.1875,0.5200000000000002,0.0
360,202109020202,1,0,1,22,1,3,3,31,0,0,0,3,1,0,1,12,1,1,2,10,0,0,0,1,0,0,1,10,0,0,1,6,0,0,0,1,0.0,0.0,11.0,14.0,41.5,2.6,0.7142857142857143,0.0,0.0,16.0,11.0,40.2,2.2,0.625,0.0,0.0,16.0,15.0,37.9,3.4,0.9444444444444444,0.5,2.0,200.0,0.0,0.10344827586206896,7,13,98.7,10.0,1426,1503,306,0.0,0.0,7.0,8.0,39.7,1.5,0.3333333333333333,0.0,0.0,10.0,5.0,38.5,1.1,0.5714285714285714,-2.1,0.0,53.0,-662.0,16.0,14.0,440.0,0.0,0.0625,-0.05555555555555555,0.4,0.07142857142857142,0.65,0.0
361,202109020202,1,0,1,22,3,10,11,113,0,0,0,3,1,0,1,12,1,2,2,28,0,0,0,2,0,0,1,10,0,2,1,7,0,0,0,1,0.0,0.0,50.0,6.0,43.3,2.4,0.7,0.0,0.0,160.0,14.0,38.6,2.8,0.5,0.0,0.0,120.0,10.0,38.7,1.5,0.4375,2.0,18.0,-200.0,0.0,1.0,1,1,113.8,12.0,1426,1556,306,0.0,0.0,160.0,6.0,37.8,1.5,0.5,0.0,0.0,140.0,9.0,38.6,2.6,0.375,-0.2,0.0,51.0,-1207.0,16.0,10.0,440.0,0.0,0.125,0.0625,-0.0625,0.0625,1.0199999999999996,0.0
362,202109020202,0,0,1,6,6,4,7,31,0,0,0,0,0,0,0,2,1,2,0,9,0,0,0,0,0,0,0,1,1,1,0,4,0,0,0,0,0.0,0.0,13.0,11.0,38.5,1.5,0.5,0.0,0.0,15.0,15.0,42.6,4.4,0.5,0.0,0.0,9.0,7.0,35.7,1.6,0.4166666666666667,-2.0,-8.0,0.0,0.08928571428571429,0.25,2,4,188.2,13.0,1441,1362,1167,,,,,,,,,,,,,,,-2.0,0.0,56.0,0.0,16.0,16.0,458.0,0.0625,-0.125,0.0,,,1.3999999999999986,0.0
363,202109020202,0,3,1,5,0,0,0,0,0,0,0,0,0,1,1,3,0,0,0,0,0,0,0,0,0,0,0,2,0,0,0,0,0,0,0,0,0.0,0.0,6.0,9.0,41.7,2.8,0.6363636363636364,0.0,0.0,15.0,16.0,43.7,9.5,0.375,0.0,0.0,17.0,16.0,36.6,2.9,0.7777777777777778,3.5,9.0,-200.0,0.0,0.0,2,3,104.7,11.0,1521,219,1313,0.0,0.0,13.0,9.0,39.8,3.5,0.6428571428571429,0.0,0.0,11.0,12.0,37.7,1.9,0.875,-0.1,0.0,53.0,-197.0,16.0,11.0,437.0,0.09090909090909091,0.625,0.05555555555555555,-0.07142857142857142,0.0,1.1900000000000006,0.0
364,202109020202,0,2,1,14,2,2,0,10,0,0,0,0,0,2,0,6,0,0,0,0,0,0,0,0,0,1,0,3,0,0,0,0,0,0,0,0,0.0,0.0,7.0,6.0,41.5,1.0,0.4,0.0,0.0,13.0,16.0,40.9,4.0,0.125,0.0,0.0,16.0,12.0,36.3,1.4,0.8125,3.0,10.0,-200.0,0.05714285714285714,0.14285714285714285,6,11,268.6,14.0,1036,1599,1108,0.0,0.0,13.0,13.0,38.8,3.1,0.9285714285714286,0.0,0.0,14.0,13.0,38.5,2.3,0.8125,1.1,0.0,54.0,-277.0,16.0,10.0,438.0,0.0,0.625,0.0625,0.0,0.0,0.8100000000000002,0.0
365,202109020202,1,1,0,8,0,3,1,28,0,0,0,0,1,0,0,3,0,0,0,4,0,0,0,0,1,0,0,1,0,0,0,3,0,0,0,0,0.0,0.0,110.0,110.0,36.6,2.7,0.9166666666666666,0.0,0.0,150.0,180.0,36.0,2.1,0.6666666666666666,0.0,0.0,90.0,140.0,38.9,2.4,0.6875,15.0,15.0,-400.0,0.15384615384615385,0.15384615384615385,7,14,69.5,9.0,1611,1708,1263,0.0,0.0,140.0,150.0,39.1,3.0,0.06666666666666667,,,,,,,,8.0,0.0,56.0,-834.0,16.0,12.0,443.0,0.0,-0.05555555555555555,0.0625,0.0,,-1.0399999999999998,0.0
366,202109020202,2,1,2,20,13,16,12,110,0,0,0,1,2,1,0,5,3,3,1,18,0,0,0,0,1,1,0,2,1,1,0,4,0,0,0,0,0.0,0.0,10.0,9.0,39.2,4.2,1.0,0.0,0.0,16.0,15.0,39.5,3.9,0.875,0.0,0.0,12.0,11.0,38.2,2.0,0.9333333333333333,1.0,-8.0,0.0,0.0,0.0,8,15,467.7,16.0,1396,1183,1556,0.0,0.0,10.0,12.0,36.4,4.8,1.0,,,,,,,,0.5,0.0,53.0,-218.0,16.0,10.0,472.0,-0.1,0.0625,-0.06666666666666667,0.0,,0.970000000000001,0.0
367,202109020202,11,3,4,48,0,0,0,1,0,0,0,1,3,0,1,13,0,0,0,1,0,0,0,1,1,0,1,5,0,0,0,0,0,0,0,0,0.0,0.0,80.0,,,,,0.0,0.0,,,,,,,,,,,,,,-12.0,0.0,,,4,8,57.7,8.0,1348,1084,1221,,,,,,,,,,,,,,,,,56.0,0.0,16.0,16.0,436.0,,,,,,,0.0
368,202109020206,2,1,0,12,3,3,3,47,0,0,0,0,0,0,0,6,1,0,0,9,0,0,0,0,0,0,0,0,0,0,0,1,0,0,0,0,0.0,0.0,7.0,8.0,37.6,1.0,0.2,0.0,0.0,6.0,7.0,37.7,1.4,0.4666666666666667,0.0,0.0,5.0,5.0,36.4,0.6,0.9333333333333333,-1.5,14.0,0.0,0.08450704225352113,0.29577464788732394,6,11,3.4,2.0,1605,1013,1,0.0,0.0,4.0,11.0,38.2,1.2,0.6666666666666666,0.0,0.0,2.0,9.0,36.7,0.9,0.6,0.6,0.0,56.0,-490.0,16.0,15.0,490.0,0.0,0.0,-0.06666666666666667,0.0,-0.06666666666666667,0.12999999999999973,0.0
369,202109020206,0,0,1,7,0,0,0,0,0,0,0,0,0,0,1,2,0,0,0,0,0,0,0,0,0,0,0,1,0,0,0,0,0,0,0,0,0.0,0.0,3.0,6.0,39.2,0.8,0.25,0.0,0.0,14.0,13.0,37.7,0.7,0.3125,0.0,0.0,7.0,5.0,37.0,1.1,0.3125,-0.5,6.0,0.0,0.0,0.1,4,8,21.6,6.0,1431,1728,1428,0.0,0.0,10.0,8.0,37.8,1.1,0.4,0.0,0.0,6.0,12.0,37.9,1.2,0.5,0.7,0.0,55.0,-913.0,16.0,8.0,450.0,0.0,-0.0625,0.0625,0.0,0.0,0.25000000000000144,0.0
370,202109020206,0,0,0,1,2,2,3,28,0,0,0,0,0,0,0,1,1,0,2,10,0,0,0,0,0,0,0,0,1,0,1,2,0,0,0,0,0.0,0.0,5.0,7.0,41.9,1.4,0.2222222222222222,0.0,0.0,9.0,11.0,37.0,1.9,0.9333333333333333,0.0,0.0,10.0,4.0,37.1,0.4,0.4375,-1.5,6.0,-800.0,0.05555555555555555,0.18518518518518517,5,10,5.9,3.0,1586,1235,1167,0.0,0.0,6.0,9.0,35.5,0.8,0.8,0.0,0.0,15.0,7.0,38.9,0.7,0.25,-0.2,0.0,54.0,-1289.0,16.0,9.0,492.0,0.2222222222222222,0.06666666666666667,0.0,0.13333333333333333,-0.0625,0.75,0.0
371,202109020206,0,0,0,0,4,5,1,40,0,0,0,0,0,0,0,0,2,2,0,8,0,0,0,0,0,0,0,0,0,0,0,1,0,0,0,0,0.0,0.0,7.0,7.0,39.3,1.4,0.2,0.0,0.0,12.0,7.0,37.3,0.7,0.25,0.0,0.0,7.0,11.0,37.6,1.8,0.6875,2.0,18.0,0.0,0.0,0.5,1,1,68.7,10.0,1629,1558,1428,0.0,0.0,5.0,4.0,37.2,0.3,0.0625,0.0,0.0,10.0,5.0,37.2,0.3,0.13333333333333333,-0.7,0.0,53.0,-1206.0,16.0,10.0,506.0,0.2,-0.0625,-0.0625,0.0,0.0,0.4299999999999983,0.0
372,202109020206,0,0,1,11,0,0,0,1,0,0,0,0,0,0,0,3,0,0,0,0,0,0,0,0,0,0,0,0,0,0,0,0,0,0,0,0,0.0,0.0,12.0,5.0,39.7,2.2,0.9166666666666666,0.0,0.0,10.0,11.0,38.0,1.5,0.9333333333333333,0.0,0.0,12.0,11.0,37.3,1.6,0.6875,3.0,-1.0,-30.0,0.0625,0.21875,2,3,14.5,5.0,1095,1335,1221,0.0,0.0,13.0,6.0,37.5,0.6,0.7333333333333333,0.0,0.0,15.0,10.0,37.1,1.1,0.875,0.5,0.0,56.0,-1215.0,16.0,12.0,457.0,-0.16666666666666666,-0.06666666666666667,0.0,-0.13333333333333333,0.0,0.5700000000000003,0.0
373,202109020206,3,9,7,41,6,4,5,46,0,1,0,2,2,4,2,15,2,0,1,10,0,0,0,1,1,1,0,1,0,0,1,3,0,0,0,0,0.0,0.0,10.0,1.0,37.4,0.0,0.125,0.0,0.0,10.0,3.0,38.5,0.3,0.125,0.0,0.0,30.0,3.0,39.0,1.4,0.3333333333333333,1.0,-12.0,0.0,0.10344827586206896,0.3103448275862069,3,6,8.7,4.0,1576,1167,1577,0.0,0.0,10.0,5.0,39.9,1.8,0.15384615384615385,0.0,0.0,20.0,,,,0.1,1.2,0.75,56.0,22.0,16.0,16.0,502.0,0.0,0.0,0.06666666666666667,0.0,0.0,-0.8,0.0
374,202109020206,2,1,0,20,8,9,7,56,1,0,0,3,0,0,0,8,1,4,0,11,0,0,0,0,0,0,0,0,1,0,0,0,0,0,0,0,0.0,0.0,9.0,13.0,37.2,1.8,0.5625,0.0,0.0,9.0,14.0,37.4,1.6,0.75,0.0,0.0,10.0,6.0,35.2,0.3,0.875,-3.5,-2.0,0.0,0.047619047619047616,0.047619047619047616,7,14,67.2,9.0,1090,1263,1169,0.0,0.0,3.0,1.0,36.8,0.0,0.2,0.0,0.0,8.0,3.0,36.5,0.6,0.375,-3.3,0.4,54.0,-1099.0,16.0,16.0,470.0,0.0625,0.1875,-0.125,0.0,-0.0625,0.2000000000000007,0.0
375,202109020206,0,0,0,2,1,0,0,8,0,0,0,0,0,0,0,1,1,0,0,2,0,0,0,0,0,0,0,0,0,0,0,0,0,0,0,0,0.0,0.0,11.0,6.0,35.3,0.7,1.0,0.0,0.0,10.0,6.0,34.8,0.8,1.0,0.0,0.0,13.0,13.0,35.9,0.8,0.8125,3.5,0.0,0.0,0.07692307692307693,0.34615384615384615,8,15,239.8,15.0,1426,1228,306,0.0,0.0,4.0,5.0,36.6,0.7,0.9090909090909091,0.0,0.0,7.0,9.0,36.0,0.6,0.8666666666666667,0.5,0.0,54.0,-1050.0,16.0,16.0,448.0,0.0,0.0,0.125,0.0,0.06666666666666667,-0.320000000000001,0.0
376,202109020206,0,0,1,11,1,0,0,8,0,0,0,1,0,0,0,3,1,0,0,2,0,0,0,1,0,0,0,0,0,0,0,0,0,0,0,0,0.0,0.0,10.0,4.0,38.0,1.0,0.8,0.0,0.0,12.0,15.0,39.0,2.8,0.26666666666666666,0.0,0.0,16.0,13.0,41.0,1.9,0.25,4.5,23.0,200.0,0.046511627906976744,0.18604651162790697,7,13,74.8,11.0,1095,1228,1221,0.0,0.0,9.0,8.0,41.8,3.5,0.23076923076923078,0.0,0.0,13.0,10.0,37.3,1.5,0.375,0.5,0.0,53.0,-1208.0,16.0,10.0,523.0,0.0,0.06666666666666667,0.0,0.07692307692307693,0.0,-0.13999999999999915,0.0
377,202109020206,3,3,3,25,0,0,0,9,0,0,0,0,2,3,1,4,0,0,0,3,0,0,0,0,2,1,0,1,0,0,0,0,0,0,0,0,0.0,0.0,6.0,7.0,40.7,1.8,1.0,0.0,0.0,7.0,8.0,36.6,0.6,0.75,0.0,0.0,7.0,12.0,38.8,1.7,0.1875,2.5,20.0,-200.0,0.05555555555555555,0.1388888888888889,2,4,35.8,7.0,1278,1124,625,0.0,0.0,7.0,9.0,39.0,1.9,0.875,0.0,0.0,4.0,7.0,35.1,1.3,0.6428571428571429,0.1,0.0,54.0,-654.0,16.0,10.0,428.0,-0.1,0.0,-0.0625,-0.25,0.0,0.8800000000000004,0.0
378,202109020206,0,0,0,0,3,8,6,35,0,0,0,0,0,0,0,0,0,2,1,8,0,0,0,0,0,0,0,0,0,1,0,3,0,0,0,0,0.0,0.0,10.0,1.0,35.3,0.0,0.5833333333333334,0.0,0.0,90.0,3.0,37.9,1.1,0.18181818181818182,0.0,0.0,70.0,5.0,38.8,2.6,0.4375,2.0,-6.0,200.0,0.0,0.2,8,16,57.2,8.0,1180,1559,1167,0.0,0.0,90.0,13.0,37.7,1.7,0.17647058823529413,,,,,,,,3.8,0.5,56.0,64.0,16.0,12.0,466.0,0.0,0.0,-0.0625,0.0,,-0.8100000000000016,0.0
379,202109020206,0,0,2,10,9,5,3,41,0,0,0,3,0,0,0,3,1,0,0,15,0,0,0,1,0,0,0,2,0,0,0,3,0,0,0,1,0.0,0.0,70.0,6.0,41.0,1.8,0.6666666666666666,0.0,0.0,140.0,10.0,37.5,1.3,0.4,0.0,0.0,110.0,9.0,38.1,1.9,0.07692307692307693,1.5,-1.0,-200.0,0.038461538461538464,0.11538461538461539,6,12,88.6,13.0,1447,1345,1721,0.0,0.0,140.0,10.0,36.3,0.9,0.2857142857142857,0.0,0.0,130.0,11.0,37.4,2.1,0.6875,1.0,0.0,54.0,-1096.0,16.0,9.0,463.0,0.0,0.0,0.07692307692307693,0.0,0.0625,0.8400000000000005,0.0
380,202109020206,0,0,0,2,0,1,0,19,0,0,0,0,0,0,0,1,0,0,0,2,0,0,0,0,0,0,0,0,0,0,0,0,0,0,0,0,0.0,0.0,8.0,14.0,41.2,3.6,0.07142857142857142,0.0,0.0,11.0,12.0,38.2,1.2,0.13333333333333333,0.0,0.0,3.0,7.0,36.9,1.0,0.07692307692307693,-3.5,4.0,0.0,0.08771929824561403,0.24561403508771928,4,7,2.2,1.0,1426,1306,306,0.0,0.0,7.0,11.0,37.4,1.0,0.15384615384615385,0.0,0.0,5.0,2.0,36.2,0.1,0.0625,-2.5,0.2,56.0,-1239.0,16.0,14.0,496.0,0.0,0.0,0.0,0.0,0.0,1.0800000000000005,0.0
381,202109020206,6,2,1,34,1,1,1,15,0,0,0,0,6,1,1,16,0,0,0,1,0,0,0,0,1,1,1,2,0,0,0,0,0,0,0,0,0.0,0.0,50.0,5.0,39.2,0.5,0.375,0.0,0.0,150.0,14.0,40.4,3.4,0.4,0.0,0.0,150.0,16.0,40.0,3.6,0.625,5.5,34.0,-200.0,0.3333333333333333,0.6666666666666666,3,5,80.7,12.0,1228,848,1108,0.0,0.0,,,,,,0.0,0.0,120.0,14.0,39.8,2.5,0.125,2.9,0.0,53.0,-1207.0,16.0,8.0,544.0,0.125,0.2,0.0625,,0.0,-0.13999999999999843,0.0
382,202109020206,1,0,0,6,5,5,4,54,0,0,0,2,0,0,0,2,1,0,0,13,0,0,0,1,0,0,0,0,0,0,0,3,0,0,0,0,0.0,0.0,80.0,8.0,42.1,2.1,0.5,0.0,0.0,140.0,10.0,38.6,1.5,0.9285714285714286,0.0,0.0,140.0,13.0,38.2,2.3,0.5333333333333333,2.5,-4.0,-200.0,0.0,0.06666666666666667,1,2,114.7,14.0,1509,1556,1110,0.0,0.0,100.0,12.0,39.9,3.9,0.8333333333333334,0.0,0.0,120.0,9.0,37.3,1.1,0.6875,0.4,0.0,56.0,-1193.0,16.0,8.0,534.0,0.375,0.07142857142857142,0.0,0.0,0.0,0.8300000000000012,0.0
383,202109020206,1,0,2,9,1,0,0,7,0,0,0,0,0,0,1,3,0,0,0,2,0,0,0,0,0,0,0,1,0,0,0,0,0,0,0,0,0.0,0.0,1.0,6.0,42.6,1.7,0.08333333333333333,0.0,0.0,15.0,15.0,38.8,1.7,0.25,0.0,0.0,16.0,15.0,44.6,8.0,0.375,4.5,21.0,-300.0,0.0,0.13636363636363635,5,9,275.5,16.0,1396,1445,1556,0.0,0.0,16.0,16.0,40.9,3.7,0.25,0.0,0.0,12.0,14.0,37.0,2.2,0.625,1.7,0.0,56.0,-390.0,16.0,12.0,501.0,0.0,0.0625,0.5625,0.0625,0.0625,0.9100000000000001,0.0
384,202109020212,3,9,7,41,2,1,1,9,0,1,0,1,2,4,2,15,1,0,0,0,0,0,0,0,0,1,0,2,0,0,0,0,0,0,0,0,0.0,0.0,10.0,4.0,42.5,0.9,0.16666666666666666,0.0,0.0,100.0,6.0,37.6,0.5,0.375,0.0,0.0,100.0,10.0,35.6,1.0,1.0,3.0,-12.0,-200.0,0.0,0.0,3,5,11.6,5.0,1576,225,1577,0.0,0.0,50.0,11.0,38.8,1.8,0.6,0.0,0.0,80.0,5.0,37.8,1.1,0.4,0.7,0.0,54.0,-1207.0,16.0,6.0,506.0,0.0,-0.0625,0.0,-0.13333333333333333,0.06666666666666667,0.820000000000001,0.0
385,202109020212,1,0,0,9,0,0,0,10,0,0,0,0,0,0,0,3,0,0,0,4,0,0,0,0,0,0,0,0,0,0,0,1,0,0,0,0,0.0,0.0,6.0,3.0,36.6,0.5,0.16666666666666666,0.0,0.0,10.0,10.0,35.7,1.0,0.14285714285714285,0.0,0.0,9.0,15.0,37.9,2.1,0.6875,6.0,1.0,280.0,0.0,0.17857142857142858,5,10,36.6,9.0,1333,1313,1294,0.0,0.0,3.0,8.0,37.8,0.8,0.26666666666666666,0.0,0.0,9.0,4.0,37.5,0.1,0.0625,0.0,0.2,57.0,-1200.0,16.0,12.0,471.0,,0.07142857142857142,0.0,-0.06666666666666667,0.0,-0.3899999999999991,0.0
386,202109020212,3,9,7,41,0,0,0,4,0,0,0,0,2,4,2,15,0,0,0,1,0,0,0,0,0,1,0,2,0,0,0,0,0,0,0,0,0.0,0.0,60.0,10.0,39.4,2.1,0.5,0.0,0.0,120.0,15.0,37.7,2.0,0.75,0.0,0.0,30.0,16.0,39.1,2.7,0.25,3.0,15.0,0.0,,,4,8,5.9,3.0,1576,1019,1577,0.0,0.0,10.0,5.0,37.3,0.9,0.25,0.0,0.0,10.0,5.0,35.8,0.6,0.5,-2.0,0.0,54.0,-1187.0,16.0,10.0,507.0,0.1,0.0625,0.0625,0.0,0.0,0.7600000000000009,0.0
387,202109020212,6,2,1,34,5,5,4,54,0,0,0,1,6,1,1,16,1,0,0,13,0,0,0,0,0,0,0,1,1,0,0,0,0,0,0,0,0.0,0.0,13.0,8.0,37.5,1.2,0.25,0.0,0.0,6.0,3.0,34.8,0.1,0.05555555555555555,0.0,0.0,6.0,4.0,37.7,0.4,0.07142857142857142,-2.0,2.0,0.0,0.16,0.16,5,9,2.8,1.0,1228,1556,1108,0.0,0.0,2.0,6.0,33.8,0.6,0.05555555555555555,0.0,0.0,2.0,11.0,34.7,0.5,0.125,0.9,0.2,55.0,-1001.0,16.0,16.0,486.0,-0.0625,,0.0,,,0.6599999999999995,0.0
388,202109020212,0,0,0,5,0,0,0,1,0,0,0,0,0,0,0,0,0,0,0,0,0,0,0,0,0,0,0,0,0,0,0,0,0,0,0,0,0.0,0.0,60.0,7.0,13.8,3.0,0.5,0.0,0.0,60.0,10.0,14.1,6.6,0.6666666666666666,0.0,0.0,,,,,,3.0,0.0,-1770.0,0.038461538461538464,0.17307692307692307,3,6,6.7,4.0,1674,1433,1428,0.0,0.0,120.0,7.0,36.7,1.1,0.125,0.0,0.0,90.0,13.0,35.8,1.5,0.625,1.5,0.0,57.0,-707.0,16.0,10.0,490.0,0.0,0.16666666666666666,,0.0,0.0,-8.86,0.0
389,202109020212,0,1,0,20,0,0,0,10,0,0,0,2,0,0,0,2,0,0,0,4,0,0,0,1,0,0,0,1,0,0,0,1,0,0,0,1,0.0,0.0,9.0,5.0,40.1,1.5,1.0,0.0,0.0,12.0,6.0,36.2,0.6,0.9333333333333333,0.0,0.0,9.0,14.0,40.0,2.6,0.7333333333333333,4.5,9.0,-100.0,0.0,0.047619047619047616,6,12,21.3,7.0,1728,1313,1169,0.0,0.0,7.0,6.0,36.0,0.8,0.8125,0.0,0.0,3.0,8.0,35.2,0.6,1.0,0.6,0.0,57.0,-517.0,16.0,12.0,511.0,-0.5,0.0,0.0,-0.25,0.0,1.0,0.0
390,202109020212,1,2,1,29,0,0,0,1,0,0,0,0,0,0,1,7,0,0,0,0,0,0,0,0,0,0,0,1,0,0,0,0,0,0,0,0,0.0,0.0,15.0,12.0,38.3,2.9,1.0,0.0,0.0,13.0,11.0,37.9,1.8,1.0,0.0,0.0,13.0,14.0,38.0,1.4,0.875,1.0,-16.0,-200.0,0.023809523809523808,0.11904761904761904,4,7,80.9,11.0,1482,705,1263,0.0,0.0,15.0,4.0,36.8,0.6,0.875,0.0,0.0,13.0,8.0,37.4,1.3,0.9333333333333333,-1.5,0.0,57.0,-385.0,16.0,15.0,452.0,0.0,0.0,0.0,0.0,0.0,0.28999999999999987,0.0
391,202109020212,1,1,1,2,3,1,1,28,1,1,1,1,1,0,1,1,1,0,1,4,1,0,1,1,0,0,0,1,0,0,0,2,0,0,0,1,0.0,0.0,12.0,11.0,36.2,1.2,0.5384615384615384,0.0,0.0,13.0,6.0,37.2,0.8,0.7142857142857143,0.0,0.0,6.0,2.0,13.7,0.5,0.4,-4.5,6.0,0.0,0.09090909090909091,0.2545454545454545,7,14,4.0,2.0,1521,1482,1313,0.0,0.0,8.0,8.0,13.9,9.3,1.0,0.0,0.0,15.0,13.0,37.6,1.5,0.875,0.6,0.2,57.0,-1022.0,16.0,13.0,476.0,0.0,-0.07142857142857142,-0.2,-0.1,0.0625,2.0500000000000007,0.0
392,202109020212,3,0,1,30,0,1,0,3,0,0,0,1,1,0,1,16,0,0,0,1,0,0,0,1,0,0,0,2,0,0,0,1,0,0,0,1,0.0,0.0,12.0,9.0,35.6,1.4,0.6428571428571429,0.0,0.0,11.0,8.0,35.6,0.9,0.9333333333333333,0.0,0.0,12.0,3.0,36.3,0.2,0.875,-3.0,0.0,200.0,0.0,0.0,6,11,132.1,15.0,1645,1490,1366,0.0,0.0,15.0,4.0,36.6,0.5,0.5625,0.0,0.0,15.0,9.0,36.5,1.0,0.5625,-0.4,0.2,54.0,-146.0,16.0,14.0,474.0,0.0,-0.06666666666666667,0.0625,0.0,0.0,-0.2799999999999997,0.0
393,202109020212,4,5,5,59,0,0,0,1,0,0,0,1,0,1,0,12,0,0,0,1,0,0,0,1,0,0,0,5,0,0,0,0,0,0,0,0,0.0,0.0,8.0,8.0,35.0,1.4,0.7857142857142857,0.0,0.0,12.0,10.0,36.8,1.3,0.4666666666666667,0.0,0.0,10.0,10.0,36.5,1.1,0.625,1.0,4.0,200.0,0.08695652173913043,0.30434782608695654,1,2,68.4,10.0,1183,1374,1558,0.0,0.0,7.0,9.0,36.3,0.6,0.5714285714285714,0.0,0.0,16.0,4.0,36.4,0.4,0.6875,-0.9,0.0,55.0,-146.0,16.0,14.0,456.0,0.0,0.13333333333333333,-0.0625,0.0,-0.0625,-0.2299999999999997,0.0
394,202109020212,3,9,7,41,2,2,1,25,1,0,0,3,2,4,2,15,1,1,1,10,1,0,0,2,0,1,0,2,0,0,0,2,0,0,0,2,0.0,0.0,11.0,6.0,41.2,3.0,0.9090909090909091,0.0,0.0,16.0,16.0,38.4,3.1,0.75,0.0,0.0,15.0,13.0,37.1,2.5,0.6875,3.5,4.0,-500.0,0.0,0.10869565217391304,2,3,101.4,14.0,1576,1294,1577,0.0,0.0,16.0,9.0,38.6,1.6,0.75,0.0,0.0,15.0,10.0,36.8,1.3,0.9375,0.1,0.0,55.0,-1202.0,16.0,11.0,452.0,-0.18181818181818182,0.1875,0.125,0.0625,0.0,0.8600000000000009,0.0
395,202109020212,4,4,8,30,0,1,0,3,0,0,0,0,2,2,1,7,0,0,0,0,0,0,0,0,0,0,0,1,0,0,0,0,0,0,0,0,0.0,0.0,14.0,12.0,36.7,1.2,1.0,0.0,0.0,14.0,7.0,36.2,1.0,1.0,0.0,0.0,15.0,14.0,37.0,1.4,0.9375,1.0,0.0,0.0,0.06451612903225806,0.22580645161290322,8,16,14.1,6.0,1393,580,1263,0.0,0.0,14.0,12.0,37.1,1.1,0.6875,0.0,0.0,16.0,10.0,36.0,1.3,0.75,0.1,0.0,57.0,-706.0,16.0,16.0,544.0,-0.0625,0.0,0.0,0.0,0.0625,0.05000000000000071,0.0
396,202109020212,0,0,0,8,0,0,0,3,0,0,0,0,0,0,0,1,0,0,0,1,0,0,0,0,0,0,0,0,0,0,0,0,0,0,0,0,0.0,0.0,20.0,80.0,40.5,2.1,1.0,0.0,0.0,160.0,160.0,40.0,3.3,0.8125,0.0,0.0,160.0,100.0,35.4,1.6,0.9375,10.0,-3.0,-200.0,0.0,0.0,8,15,98.4,13.0,1583,1323,118,0.0,0.0,140.0,110.0,35.7,0.9,0.9333333333333333,0.0,0.0,130.0,130.0,36.8,1.9,1.0,5.0,0.0,54.0,-642.0,16.0,8.0,489.0,-0.375,-0.0625,-0.0625,-0.06666666666666667,-0.1875,1.1700000000000004,0.0
397,202109020212,1,2,1,29,4,1,3,49,0,0,0,0,0,0,1,7,0,1,0,11,0,0,0,0,0,0,0,1,0,0,0,2,0,0,0,0,0.0,0.0,16.0,14.0,36.7,2.4,0.6875,0.0,0.0,15.0,13.0,36.9,1.4,0.9333333333333333,0.0,0.0,15.0,15.0,37.7,2.3,0.875,0.5,4.0,0.0,0.0,0.10714285714285714,2,4,81.9,12.0,1482,1183,1263,0.0,0.0,8.0,12.0,41.8,1.6,0.3333333333333333,0.0,0.0,12.0,14.0,37.6,1.9,0.4375,-0.1,0.0,56.0,-531.0,16.0,16.0,492.0,-0.0625,0.06666666666666667,0.0625,0.3333333333333333,0.0625,-0.6699999999999996,0.0
398,202109020212,0,0,1,3,0,1,1,9,0,0,1,0,0,0,1,1,0,0,1,1,0,0,1,0,0,0,1,0,0,0,1,0,0,0,1,0,0.0,0.0,70.0,8.0,38.6,2.4,0.5,0.0,0.0,80.0,15.0,39.0,2.7,0.0625,0.0,0.0,80.0,11.0,36.8,1.5,0.8571428571428571,1.5,-2.0,-200.0,0.04878048780487805,0.1951219512195122,1,1,31.9,8.0,1186,1316,792,0.0,0.0,80.0,15.0,38.9,2.3,0.06666666666666667,0.0,0.0,90.0,5.0,36.6,1.1,0.8,-0.6,0.0,56.0,-460.0,16.0,10.0,496.0,0.3,0.0625,0.0,0.06666666666666667,-0.06666666666666667,0.41000000000000014,0.0
399,202109020212,6,2,1,34,1,1,2,33,0,0,0,1,6,1,1,16,0,0,1,9,0,0,0,1,0,0,0,1,0,0,0,1,0,0,0,0,0.0,0.0,14.0,15.0,37.8,2.8,0.8,0.0,0.0,16.0,16.0,38.6,3.5,0.625,0.0,0.0,16.0,16.0,38.6,2.7,0.75,0.5,-20.0,0.0,0.05263157894736842,0.05263157894736842,7,13,210.0,16.0,1228,1405,1108,0.0,0.0,13.0,14.0,38.1,2.2,0.42857142857142855,0.0,0.0,8.0,,,,1.0,-0.3,0.0,57.0,-77.0,16.0,15.0,476.0,0.06666666666666667,0.375,0.1875,0.0,0.0,-0.09000000000000127,0.0
400,202109020307,4,8,3,72,3,10,11,113,0,0,0,2,2,5,2,39,1,2,2,28,0,0,0,1,2,2,0,10,0,0,0,10,0,0,0,1,0.0,0.0,4.0,3.0,41.4,0.6,0.6666666666666666,0.0,0.0,11.0,8.0,36.7,1.7,0.8125,0.0,0.0,7.0,6.0,37.4,0.8,0.25,1.5,-4.0,-200.0,0.0,0.1935483870967742,2,2,8.3,6.0,1645,1556,1366,0.0,0.0,4.0,4.0,37.5,0.1,0.4666666666666667,0.0,0.0,11.0,5.0,36.7,0.5,0.4375,0.0,0.2,57.0,-1195.0,13.0,9.0,490.0,-0.2222222222222222,-0.125,0.0,-0.13333333333333333,-0.0625,0.8599999999999994,0.0
401,202109020307,1,2,1,16,0,0,1,0,0,0,1,0,1,1,0,4,0,0,0,0,0,0,0,0,1,1,0,1,0,0,0,0,0,0,0,0,0.0,0.0,90.0,6.0,41.0,1.5,1.0,0.0,0.0,90.0,11.0,36.5,1.8,0.8666666666666667,0.0,0.0,110.0,15.0,40.0,3.1,1.0,4.5,13.0,-200.0,0.10714285714285714,0.21428571428571427,4,4,4.5,2.0,1313,1415,1108,0.0,0.0,10.0,8.0,38.2,1.2,0.07692307692307693,0.0,0.0,40.0,6.0,37.5,1.1,0.6666666666666666,-0.3,0.0,55.0,-1141.0,13.0,10.0,477.0,0.0,0.0,0.0,0.07692307692307693,-0.13333333333333333,0.5299999999999997,0.0
402,202109020307,15,11,16,108,10,4,6,117,4,0,0,9,4,3,4,28,2,0,2,27,2,0,0,4,2,0,1,5,1,0,1,4,1,0,0,1,0.0,0.0,2.0,3.0,39.1,0.6,0.08333333333333333,0.0,0.0,11.0,15.0,38.0,2.2,0.3125,0.0,0.0,13.0,16.0,39.4,1.9,0.125,6.5,19.0,-300.0,0.1016949152542373,0.3050847457627119,1,1,3.1,1.0,1576,1013,1577,0.0,0.0,9.0,16.0,38.7,2.2,0.75,0.0,0.0,9.0,12.0,37.2,1.6,0.5625,1.9000000000000004,0.2,57.0,-1208.0,13.0,12.0,517.0,0.0,0.1875,0.0,-0.1875,0.1875,0.30999999999999944,0.0
403,202109020307,4,6,5,72,0,2,4,28,0,0,1,3,3,4,5,41,0,1,1,7,0,0,1,2,1,1,1,9,0,0,0,0,0,0,0,0,0.0,0.0,70.0,7.0,42.4,2.4,0.8571428571428571,0.0,0.0,60.0,9.0,37.1,1.2,0.5384615384615384,0.0,0.0,60.0,15.0,38.2,1.9,0.1875,4.0,-9.0,-300.0,0.02531645569620253,0.20253164556962025,7,10,7.8,5.0,1228,1328,1108,0.0,0.0,70.0,1.0,36.3,0.0,0.08333333333333333,0.0,0.0,50.0,12.0,37.1,1.7,0.6666666666666666,0.2,0.2,57.0,-1061.0,13.0,7.0,497.0,0.14285714285714285,0.0,0.125,0.0,-0.06666666666666667,1.14,0.0
404,202109020307,0,3,1,5,1,3,3,31,0,1,1,1,0,1,1,3,1,1,2,10,0,1,1,1,0,1,1,1,0,1,1,3,0,1,1,1,0.0,0.0,10.0,9.0,13.8,3.1,1.0,0.0,0.0,30.0,2.0,13.5,0.2,0.16666666666666666,0.0,0.0,30.0,4.0,13.7,1.3,0.5833333333333334,-2.5,-6.0,-1770.0,0.05263157894736842,0.12280701754385964,5,6,5.9,3.0,1521,1503,1313,0.0,0.0,20.0,9.0,13.6,3.9,0.2727272727272727,0.0,0.0,20.0,2.0,13.3,0.2,0.2222222222222222,-0.7,0.4,57.0,-715.0,13.0,9.0,480.0,0.0,0.0,-0.25,0.7272727272727273,-0.1111111111111111,0.09000000000000004,0.0
405,202109020307,4,5,8,99,0,0,0,1,0,0,0,1,1,0,1,21,0,0,0,1,0,0,0,1,0,0,0,4,0,0,0,1,0,0,0,1,0.0,0.0,7.0,8.0,38.3,1.1,0.7,0.0,0.0,15.0,16.0,36.6,3.2,1.0,0.0,0.0,10.0,10.0,37.7,1.5,0.5333333333333333,1.0,15.0,-30.0,0.0,0.06451612903225806,3,3,86.7,11.0,1183,1070,1558,0.0,0.0,11.0,6.0,35.8,0.7,0.8461538461538461,0.0,0.0,12.0,11.0,14.4,10.4,0.75,-0.4,0.0,55.0,-432.0,13.0,10.0,545.0,-0.2,0.0,-0.06666666666666667,-0.23076923076923078,0.16666666666666666,4.86,0.0
406,202109020307,0,0,0,3,0,0,0,1,0,0,0,0,0,0,0,2,0,0,0,0,0,0,0,0,0,0,0,1,0,0,0,0,0,0,0,0,0.0,0.0,13.0,13.0,34.4,1.6,0.9230769230769231,0.0,0.0,11.0,13.0,35.5,1.3,0.6153846153846154,0.0,0.0,12.0,11.0,36.1,1.9,0.8571428571428571,-1.0,-4.0,0.0,0.04878048780487805,0.0975609756097561,8,12,70.2,10.0,1059,1018,1482,0.0,0.0,12.0,11.0,37.2,1.9,0.75,0.0,0.0,14.0,8.0,33.3,0.4,0.625,-1.2,0.0,57.0,-1086.0,13.0,13.0,474.0,0.07692307692307693,0.0,0.0,-0.125,0.0625,0.05,0.0
407,202109020307,0,0,0,2,0,0,1,4,0,0,0,1,0,0,0,1,0,0,0,1,0,0,0,0,0,0,0,1,0,0,0,1,0,0,0,0,0.0,0.0,13.0,11.0,39.2,1.3,0.6153846153846154,0.0,0.0,3.0,10.0,13.5,4.0,0.15384615384615385,0.0,0.0,4.0,8.0,14.0,6.3,0.09090909090909091,-1.5,16.0,0.0,0.0,0.0,6,9,13.0,7.0,525,275,1,0.0,0.0,5.0,6.0,13.4,2.4,0.15384615384615385,0.0,0.0,9.0,8.0,35.6,0.9,0.7857142857142857,-1.0,0.0,54.0,-1193.0,13.0,13.0,530.0,-0.07692307692307693,0.6923076923076923,0.09090909090909091,-0.07692307692307693,0.0,0.7300000000000004,0.0
408,202109020307,9,9,6,64,2,1,4,15,0,0,0,2,1,0,3,5,0,1,1,5,0,0,0,0,0,0,2,2,0,0,0,1,0,0,0,0,0.0,0.0,11.0,4.0,34.5,0.3,0.8333333333333334,0.0,0.0,11.0,5.0,34.9,0.5,0.9375,0.0,0.0,6.0,6.0,34.3,0.5,0.8,1.0,2.0,-200.0,0.05454545454545454,0.2,4,5,26.5,8.0,1127,334,1328,0.0,0.0,8.0,10.0,34.7,1.0,0.8333333333333334,0.0,0.0,10.0,3.0,33.6,0.2,0.8461538461538461,0.3,0.2,55.0,-231.0,13.0,18.0,434.0,0.0,-0.125,-0.13333333333333333,-0.05555555555555555,0.0,0.1999999999999993,0.0
409,202109020307,0,0,1,5,0,1,1,4,0,0,0,1,0,0,1,0,0,0,1,0,0,0,0,0,0,0,1,0,0,0,0,0,0,0,0,0,0.0,0.0,6.0,9.0,13.8,5.9,0.7272727272727273,0.0,0.0,11.0,10.0,13.6,2.3,0.5714285714285714,0.0,0.0,11.0,12.0,35.9,1.3,0.9375,1.5,-4.0,-1660.0,0.09375,0.3125,5,7,7.7,4.0,1729,962,1428,0.0,0.0,14.0,12.0,37.3,2.0,1.0,0.0,0.0,8.0,9.0,39.1,1.3,0.9090909090909091,0.2,0.0,57.0,-1064.0,13.0,11.0,526.0,0.09090909090909091,-0.14285714285714285,0.0,0.0,0.0,-7.43,0.0
410,202109020307,0,1,0,4,0,0,2,4,0,0,0,0,0,0,0,1,0,0,0,1,0,0,0,0,0,0,0,0,0,0,0,1,0,0,0,0,0.0,0.0,3.0,2.0,13.8,1.2,0.5,0.0,0.0,9.0,11.0,36.3,1.5,0.8461538461538461,0.0,0.0,2.0,3.0,14.1,1.7,0.23076923076923078,0.5,6.0,-1770.0,0.25,0.5,6,8,49.1,9.0,1434,695,969,0.0,0.0,1.0,3.0,13.9,0.7,0.15384615384615385,0.0,0.0,4.0,4.0,13.3,1.7,0.38461538461538464,-0.4,0.6,54.0,-21.0,13.0,8.0,496.0,-0.125,0.15384615384615385,0.0,0.07692307692307693,0.15384615384615385,2.34,0.0
411,202109020307,2,1,1,11,3,0,0,12,0,0,0,2,0,0,0,2,0,0,0,1,0,0,0,1,0,0,0,0,0,0,0,0,0,0,0,0,0.0,0.0,80.0,80.0,40.7,2.8,1.0,0.0,0.0,110.0,110.0,39.4,4.5,0.18181818181818182,0.0,0.0,140.0,110.0,13.6,3.3,0.6428571428571429,15.0,40.0,-200.0,0.045454545454545456,0.045454545454545456,7,11,361.6,13.0,1042,1104,488,0.0,0.0,130.0,120.0,37.6,2.5,0.6153846153846154,0.0,0.0,120.0,100.0,13.8,5.3,0.8333333333333334,5.0,0.0,55.0,-357.0,13.0,9.0,482.0,0.0,0.45454545454545453,0.07142857142857142,0.23076923076923078,0.0,5.5600000000000005,0.0
412,202109020307,0,0,0,3,2,2,2,41,0,0,0,1,0,0,0,2,0,0,1,11,0,0,0,1,0,0,0,1,0,0,1,1,0,0,0,1,0.0,0.0,110.0,,,,,0.0,0.0,120.0,13.0,39.2,4.0,0.6153846153846154,0.0,0.0,160.0,16.0,40.7,3.8,0.5,3.0,15.0,-300.0,0.14814814814814814,0.14814814814814814,8,13,361.2,12.0,1719,1014,1170,0.0,0.0,120.0,12.0,37.3,2.2,0.5,0.0,0.0,180.0,14.0,36.3,1.8,0.3888888888888889,-0.1,0.0,57.0,-803.0,13.0,12.0,477.0,,0.23076923076923078,0.0625,0.0,0.16666666666666666,1.2100000000000022,0.0
413,202109020402,5,5,7,81,4,3,1,36,0,0,0,4,1,3,3,27,2,1,1,7,0,0,0,3,0,2,1,10,0,0,1,3,0,0,0,2,0.0,0.0,3.0,2.0,36.8,0.3,0.14285714285714285,0.0,0.0,2.0,5.0,37.8,0.4,0.18181818181818182,0.0,0.0,5.0,3.0,36.4,0.6,0.8571428571428571,0.5,4.0,0.0,0.09523809523809523,0.19047619047619047,5,10,17.4,6.0,1393,1721,1263,0.0,0.0,4.0,5.0,35.2,0.2,0.25,0.0,0.0,10.0,3.0,34.8,0.3,0.23076923076923078,0.2,0.6,56.0,-210.0,16.0,14.0,512.0,0.0,0.0,0.0,0.0,0.0,0.6599999999999995,0.0
414,202109020402,4,14,9,78,8,8,7,66,0,1,0,1,2,4,6,21,2,4,1,13,0,0,0,1,1,0,3,7,2,3,1,8,0,0,0,1,0.0,0.0,5.0,11.0,36.9,1.2,0.5625,0.0,0.0,2.0,13.0,37.5,1.1,0.4,0.0,0.0,1.0,3.0,36.0,0.1,0.3125,-4.0,10.0,0.0,0.19148936170212766,0.5319148936170213,2,3,2.9,2.0,1172,1294,1556,0.0,0.0,1.0,1.0,37.2,0.0,0.125,0.0,0.0,1.0,1.0,38.6,0.0,0.0625,-3.2,0.6,56.0,-525.0,16.0,16.0,486.0,-0.125,0.0,-0.0625,0.0,0.0,-0.31000000000000083,0.0
415,202109020402,8,13,13,79,6,4,7,31,0,1,4,5,0,0,0,4,1,2,0,9,0,0,0,0,0,0,0,1,1,1,0,4,0,0,0,0,0.0,0.0,80.0,8.0,39.2,0.8,0.25,0.0,0.0,110.0,4.0,38.9,1.4,0.125,0.0,0.0,80.0,8.0,40.5,1.5,0.3333333333333333,0.0,2.0,-200.0,0.05357142857142857,0.19642857142857142,8,15,15.2,5.0,1691,1362,1167,0.0,0.0,50.0,9.0,38.7,1.7,0.625,,,,,,,,0.7,0.0,56.0,105.0,16.0,16.0,474.0,0.0625,0.0,0.06666666666666667,0.0,,-0.010000000000000142,0.0
416,202109020402,0,0,1,15,8,4,4,44,0,0,0,0,0,0,0,1,7,0,2,12,0,0,0,0,0,0,0,1,2,0,1,5,0,0,0,0,0.0,0.0,3.0,12.0,43.1,2.9,0.16666666666666666,0.0,0.0,6.0,9.0,35.7,1.0,0.4444444444444444,0.0,0.0,4.0,4.0,35.7,0.5,0.05555555555555555,-4.0,14.0,-200.0,0.07407407407407407,0.14814814814814814,3,6,7.0,3.0,1677,1235,1167,0.0,0.0,2.0,9.0,38.4,1.6,0.125,0.0,0.0,4.0,5.0,38.5,1.5,0.21428571428571427,-1.4000000000000001,0.0,56.0,-366.0,16.0,12.0,492.0,0.3333333333333333,-0.05555555555555555,0.0,0.0,0.0,0.6500000000000007,0.0
417,202109020402,5,5,7,81,8,8,14,82,0,0,1,4,1,3,3,27,1,1,2,14,0,0,0,1,0,2,1,10,0,0,2,2,0,0,0,1,0.0,0.0,6.0,9.0,40.8,2.7,0.1111111111111111,0.0,0.0,10.0,15.0,40.2,2.7,0.125,0.0,0.0,11.0,11.0,37.5,1.6,0.38461538461538464,1.0,15.0,-200.0,0.1375,0.325,1,2,35.5,7.0,1393,1559,1263,0.0,0.0,9.0,12.0,37.6,0.7,0.375,0.0,0.0,12.0,10.0,37.1,0.9,0.25,-0.1,0.0,56.0,-1210.0,16.0,9.0,471.0,0.4444444444444444,0.0,-0.07692307692307693,0.0,0.0,0.9999999999999993,0.0
418,202109020402,2,1,2,20,2,2,2,41,0,0,0,2,2,1,0,5,0,0,1,11,0,0,0,0,1,1,0,2,0,0,0,6,0,0,0,0,0.0,0.0,7.0,1.0,40.9,0.0,0.6,0.0,0.0,10.0,10.0,36.2,1.2,0.875,0.0,0.0,16.0,6.0,36.8,0.5,0.625,2.5,10.0,-200.0,0.0,0.0625,4,8,574.5,16.0,1396,1014,1556,0.0,0.0,16.0,11.0,38.3,2.1,0.9375,0.0,0.0,17.0,15.0,35.0,1.2,1.0,2.9,0.2,54.0,-894.0,16.0,10.0,446.0,-0.3,0.0,0.125,-0.125,0.0,0.9700000000000003,0.0
419,202109020402,8,13,8,81,0,1,0,17,0,1,0,5,0,1,0,6,0,0,0,2,0,0,0,0,0,1,0,2,0,0,0,0,0,0,0,0,0.0,0.0,4.0,7.0,35.9,1.1,0.875,0.0,0.0,2.0,15.0,40.3,3.0,0.3125,0.0,0.0,4.0,2.0,37.4,0.1,0.9285714285714286,-2.5,-2.0,0.0,0.09090909090909091,0.30303030303030304,1,1,13.1,4.0,1503,939,1263,0.0,0.0,5.0,6.0,38.0,1.7,0.6875,0.0,0.0,7.0,2.0,37.7,0.2,0.7333333333333333,-1.9,0.4,56.0,0.0,16.0,16.0,536.0,-0.0625,0.0,-0.5,-0.0625,-0.2,-0.13000000000000114,0.0
420,202109020402,4,14,9,78,1,0,2,26,0,0,0,0,2,4,6,21,0,0,0,7,0,0,0,0,1,0,3,7,0,0,0,2,0,0,0,0,0.0,0.0,3.0,3.0,38.5,0.9,0.8571428571428571,0.0,0.0,14.0,9.0,37.8,1.2,0.125,0.0,0.0,13.0,8.0,37.8,1.1,0.5,2.5,-13.0,300.0,0.045454545454545456,0.18181818181818182,8,16,274.1,13.0,1172,1108,1556,0.0,0.0,5.0,10.0,38.5,1.5,0.5714285714285714,,,,,,,,2.0,0.25,53.0,-869.0,16.0,7.0,423.0,0.0,0.0,-0.125,0.0,,0.0,0.0
421,202109020402,0,0,1,15,0,0,0,12,0,0,0,0,0,0,0,1,0,0,0,4,0,0,0,0,0,0,0,1,0,0,0,2,0,0,0,0,0.0,0.0,3.0,12.0,46.3,5.0,0.25,0.0,0.0,7.0,3.0,35.0,0.1,0.11764705882352941,0.0,0.0,3.0,4.0,34.1,0.4,0.1111111111111111,-4.0,22.0,-200.0,0.4230769230769231,0.5,6,11,2.1,1.0,1677,1574,1167,0.0,0.0,1.0,3.0,34.8,0.1,0.1111111111111111,0.0,0.0,1.0,8.0,35.7,0.8,0.1111111111111111,-0.8,0.4,56.0,-416.0,16.0,12.0,532.0,0.5,0.0,0.0,0.0,0.05555555555555555,2.1399999999999992,0.0
422,202109020402,7,2,4,54,4,1,4,36,0,0,2,2,1,0,0,14,0,0,0,5,0,0,0,0,1,0,0,6,0,0,0,2,0,0,0,0,0.0,0.0,11.0,10.0,35.5,0.6,0.8571428571428571,0.0,0.0,10.0,8.0,35.8,1.6,0.9285714285714286,0.0,0.0,7.0,11.0,39.4,2.3,0.125,0.5,4.0,200.0,,,7,14,110.9,10.0,1278,1376,625,0.0,0.0,10.0,10.0,38.2,1.5,0.4375,0.0,0.0,10.0,9.0,38.1,1.9,0.875,0.0,0.0,50.0,-140.0,16.0,14.0,432.0,0.0,0.0,0.0,-0.0625,-0.0625,-0.7600000000000009,0.0
423,202109020402,0,1,0,3,2,1,1,20,0,0,0,0,0,1,0,0,0,0,0,3,0,0,0,0,0,1,0,0,0,0,0,0,0,0,0,0,0.0,0.0,5.0,5.0,39.1,1.6,1.0,0.0,0.0,10.0,6.0,38.1,1.5,0.35714285714285715,0.0,0.0,8.0,11.0,38.3,1.5,0.3125,3.0,28.0,-300.0,0.0975609756097561,0.17073170731707318,2,4,54.1,8.0,1310,1292,1618,0.0,0.0,5.0,6.0,36.9,1.3,0.1111111111111111,,,,,,,,0.8,0.0,54.0,-684.0,16.0,12.0,452.0,-0.25,0.07142857142857142,0.0625,0.0,,0.6400000000000012,0.0
424,202109020402,13,7,11,84,3,10,11,113,1,1,0,7,6,2,3,19,1,2,2,28,1,0,0,1,2,2,2,7,0,2,1,7,0,0,0,1,0.0,0.0,7.0,8.0,40.0,4.3,1.0,0.0,0.0,15.0,14.0,40.4,3.7,0.6666666666666666,0.0,0.0,12.0,12.0,37.9,1.9,0.75,2.0,10.0,-300.0,0.06060606060606061,0.21212121212121213,7,13,161.8,12.0,1716,1556,1167,0.0,0.0,5.0,15.0,36.5,3.2,0.9375,,,,,,,,1.9,0.0,54.0,-462.0,16.0,8.0,420.0,0.0,0.13333333333333333,-0.125,0.0,,1.3,0.0
425,202109020402,4,5,1,52,12,5,10,91,0,0,0,5,0,1,0,9,4,0,3,24,0,0,0,2,0,1,0,6,2,0,1,10,0,0,0,1,0.0,0.0,30.0,,,,0.9,0.0,0.0,100.0,14.0,43.7,6.5,0.2857142857142857,0.0,0.0,140.0,13.0,38.2,1.9,0.625,-1.0,4.0,-200.0,0.0,0.06451612903225806,5,9,301.2,14.0,1736,1558,1482,0.0,0.0,150.0,16.0,44.5,7.0,0.125,,,,,,,,1.0,0.0,56.0,-140.0,16.0,10.0,524.0,0.0,0.14285714285714285,0.0,0.3125,,-0.3999999999999986,0.0
426,202109020402,0,2,2,9,1,0,2,7,0,0,0,0,0,0,0,1,0,0,0,1,0,0,0,0,0,0,0,0,0,0,0,1,0,0,0,0,0.0,0.0,70.0,70.0,41.9,1.8,1.0,0.0,0.0,160.0,150.0,36.6,3.2,0.6875,0.0,0.0,110.0,140.0,37.5,2.4,0.8125,35.0,-11.0,-300.0,0.0,0.3333333333333333,6,12,138.0,11.0,1148,79,1393,0.0,0.0,100.0,130.0,46.3,7.6,0.42857142857142855,0.0,0.0,70.0,80.0,40.8,3.2,0.5833333333333334,0.0,0.0,56.0,-492.0,16.0,7.0,445.0,0.0,0.1875,0.0,0.5714285714285714,0.25,-0.7499999999999993,0.0
427,202109020402,8,13,13,79,3,0,3,18,0,0,1,3,0,0,0,4,1,0,1,8,0,0,0,1,0,0,0,1,1,0,1,3,0,0,0,0,0.0,0.0,70.0,100.0,42.5,7.4,0.8,0.0,0.0,140.0,130.0,40.3,2.6,0.06666666666666667,0.0,0.0,150.0,150.0,37.5,2.8,0.875,25.0,11.0,-300.0,0.0,0.0,4,7,476.1,15.0,1691,1036,1167,,,,,,,,,,,,,,,25.0,0.0,53.0,-1141.0,16.0,10.0,527.0,0.2,0.13333333333333333,0.0625,,,2.5,0.0
428,202109020402,7,2,4,54,9,8,6,68,2,1,0,2,1,0,0,14,1,0,0,10,1,0,0,0,1,0,0,6,1,0,0,6,1,0,0,0,0.0,0.0,6.0,8.0,36.9,0.9,1.0,0.0,0.0,9.0,16.0,38.0,3.4,1.0,,,,,,,,8.0,6.0,400.0,0.0,0.0,3,5,96.2,9.0,1278,1618,625,,,,,,,,,,,,,,,8.0,0.0,50.0,-233.0,16.0,8.0,422.0,,-0.0625,,,,-1.1000000000000014,0.0
429,202109020512,4,5,8,99,8,9,14,114,0,0,1,9,1,0,1,21,0,0,2,18,0,0,1,1,0,0,1,7,0,0,1,3,0,0,1,0,0.0,0.0,90.0,4.0,37.0,0.8,0.8181818181818182,0.0,0.0,160.0,16.0,39.5,4.9,0.875,0.0,0.0,120.0,10.0,35.9,0.6,0.375,3.0,1.0,-100.0,0.4074074074074074,0.48148148148148145,4,7,2.4,1.0,1183,1263,1558,0.0,0.0,130.0,8.0,37.5,0.7,0.5,0.0,0.0,90.0,8.0,35.8,1.1,0.75,0.0,0.0,57.0,-1172.0,16.0,11.0,461.0,-0.18181818181818182,0.0,0.0,0.0,-0.0625,0.44000000000000056,0.0
430,202109020512,2,2,1,25,4,1,4,36,0,0,0,0,0,0,0,6,0,0,0,5,0,0,0,0,0,0,0,1,0,0,0,2,0,0,0,0,0.0,0.0,9.0,8.0,39.2,2.2,1.0,0.0,0.0,11.0,6.0,34.4,1.0,0.8571428571428571,0.0,0.0,15.0,14.0,36.0,1.4,1.0,3.0,-5.0,-200.0,0.045454545454545456,0.13636363636363635,4,8,29.1,8.0,1191,1376,1235,0.0,0.0,9.0,11.0,36.3,1.2,0.9375,0.0,0.0,13.0,6.0,36.6,0.5,0.75,0.1,0.0,57.0,-1286.0,16.0,10.0,521.0,-0.2,0.0,-0.2,-0.125,-0.0625,0.3300000000000004,0.0
431,202109020512,4,14,9,78,1,3,0,17,0,1,0,4,2,4,6,21,0,2,0,6,0,1,0,1,0,1,0,6,0,1,0,3,0,1,0,1,0.0,0.0,12.0,11.0,37.4,1.7,0.75,0.0,0.0,5.0,10.0,35.1,0.7,0.7857142857142857,0.0,0.0,5.0,5.0,34.3,0.3,0.7272727272727273,-3.0,0.0,0.0,0.0,0.125,6,11,22.8,7.0,1172,1592,1556,0.0,0.0,6.0,8.0,36.0,0.7,0.6875,0.0,0.0,3.0,7.0,36.6,0.4,0.6875,-1.0,0.0,54.0,-525.0,16.0,16.0,492.0,0.0,0.0,-0.18181818181818182,-0.125,-0.125,0.06999999999999958,0.0
432,202109020512,4,6,5,68,2,2,2,41,0,0,0,2,0,0,0,7,0,0,1,11,0,0,0,1,0,0,0,2,0,0,0,2,0,0,0,1,0.0,0.0,4.0,8.0,35.6,1.0,0.6666666666666666,0.0,0.0,6.0,7.0,35.9,0.7,0.875,0.0,0.0,10.0,4.0,36.7,0.3,0.4375,-2.0,4.0,200.0,0.1875,0.5416666666666666,2,4,45.3,10.0,1167,1014,460,0.0,0.0,9.0,15.0,37.2,2.1,0.8,0.0,0.0,6.0,4.0,37.1,0.2,0.6,0.0,0.0,57.0,-91.0,16.0,12.0,442.0,-0.08333333333333333,-0.1875,0.1875,0.13333333333333333,-0.26666666666666666,-0.43000000000000044,0.0
433,202109020512,4,0,2,24,0,0,0,15,0,0,0,2,0,0,0,6,0,0,0,4,0,0,0,1,0,0,0,2,0,0,0,2,0,0,0,1,0.0,0.0,90.0,12.0,37.2,1.4,0.8571428571428571,0.0,0.0,100.0,9.0,37.3,1.9,0.6,0.0,0.0,80.0,12.0,35.9,1.3,0.8125,0.0,-8.0,0.0,0.12121212121212122,0.29292929292929293,3,6,66.6,12.0,1557,1145,1559,0.0,0.0,20.0,13.0,37.0,1.4,0.25,0.0,0.0,30.0,4.0,35.8,0.2,0.3125,-1.2,0.0,57.0,146.0,16.0,14.0,458.0,-0.21428571428571427,0.0,0.0,0.0625,0.0,0.31000000000000083,0.0
434,202109020512,1,0,0,14,2,2,1,21,1,0,0,2,0,0,0,3,0,0,0,6,0,0,0,2,0,0,0,0,0,0,0,1,0,0,0,0,0.0,0.0,8.0,4.0,36.8,0.2,0.75,0.0,0.0,15.0,9.0,35.9,0.8,0.5,0.0,0.0,13.0,9.0,37.0,1.0,0.75,2.5,2.0,-200.0,0.14285714285714285,0.14285714285714285,8,16,5.9,3.0,1468,1436,1328,0.0,0.0,9.0,12.0,37.6,1.4,0.6875,0.0,0.0,9.0,5.0,36.5,0.8,0.5,0.5,0.0,57.0,-442.0,16.0,16.0,498.0,-0.125,0.0,0.0,-0.125,0.0,-0.11000000000000085,0.0
435,202109020512,2,3,4,27,8,7,3,79,0,1,0,2,1,0,0,9,0,0,1,23,0,0,0,2,0,0,0,3,0,0,1,3,0,0,0,2,0.0,0.0,9.0,11.0,32.7,0.9,0.75,0.0,0.0,13.0,6.0,36.4,1.5,0.5625,0.0,0.0,12.0,8.0,36.9,0.8,0.625,-1.5,4.0,200.0,0.07142857142857142,0.14285714285714285,5,9,15.8,6.0,1317,1405,1186,0.0,0.0,13.0,7.0,35.3,0.5,0.9375,0.0,0.0,9.0,8.0,36.3,0.6,0.9375,-0.5,0.0,57.0,-1121.0,16.0,16.0,498.0,,0.0,-0.25,0.0,0.0,-0.6099999999999988,0.0
436,202109020512,15,11,16,108,4,1,4,36,0,0,0,0,4,3,4,28,0,0,0,5,0,0,0,0,1,1,0,8,0,0,0,2,0,0,0,0,0.0,0.0,,,,,,0.0,0.0,120.0,11.0,34.1,1.2,0.7058823529411765,0.0,0.0,100.0,12.0,35.6,0.8,0.4,1.0,,-500.0,0.2,0.4,7,14,10.4,5.0,1576,1376,1577,0.0,0.0,80.0,12.0,34.5,0.5,0.6875,0.0,0.0,140.0,4.0,34.1,0.1,0.375,-2.1,0.0,54.0,-1144.0,16.0,5.0,,,0.0,0.26666666666666666,0.0625,0.0625,0.11000000000000014,0.0
437,202109020512,4,14,9,78,0,3,0,9,0,0,0,0,2,4,6,21,0,0,0,2,0,0,0,0,0,1,0,6,0,0,0,0,0,0,0,0,0.0,0.0,15.0,13.0,36.8,1.3,0.8125,0.0,0.0,16.0,7.0,34.3,1.3,0.7222222222222222,0.0,0.0,15.0,6.0,36.9,0.7,0.625,-3.5,-10.0,-200.0,0.05263157894736842,0.21052631578947367,2,3,94.8,13.0,1172,324,1556,0.0,0.0,15.0,15.0,35.7,1.6,0.4,0.0,0.0,7.0,7.0,38.2,1.2,0.42857142857142855,-0.4,0.0,57.0,-1268.0,16.0,16.0,482.0,-0.125,0.0,-0.0625,0.0,0.0,-0.4200000000000017,0.0
438,202109020512,4,14,3,40,0,0,0,0,0,0,0,0,0,1,0,5,0,0,0,0,0,0,0,0,0,0,0,0,0,0,0,0,0,0,0,0,0.0,0.0,4.0,5.0,13.9,1.1,0.7777777777777778,0.0,0.0,4.0,7.0,13.4,4.9,0.7777777777777778,0.0,0.0,5.0,6.0,13.7,4.5,0.6666666666666666,0.5,2.0,-1550.0,0.1,0.31666666666666665,7,13,36.2,9.0,1605,1508,1,0.0,0.0,4.0,6.0,13.6,2.8,0.3333333333333333,0.0,0.0,3.0,4.0,13.6,1.5,0.36363636363636365,-0.3,0.0,57.0,-1310.0,16.0,9.0,498.0,-0.3333333333333333,0.0,0.0,0.0,0.09090909090909091,0.040000000000000216,0.0
439,202109020512,0,0,0,12,0,0,0,15,0,0,0,1,0,0,0,3,0,0,0,4,0,0,0,1,0,0,0,1,0,0,0,2,0,0,0,1,0.0,0.0,50.0,50.0,41.4,1.2,0.7,0.0,0.0,140.0,110.0,37.5,1.2,0.6875,0.0,0.0,160.0,80.0,37.5,0.9,0.25,15.0,10.0,-100.0,0.0,0.09090909090909091,5,10,131.3,14.0,1715,1145,770,0.0,0.0,140.0,130.0,39.1,1.9,0.125,0.0,0.0,160.0,90.0,37.5,0.6,0.25,10.0,0.0,57.0,-1205.0,16.0,10.0,480.0,-0.2,-0.1875,0.0,0.0,-0.125,0.6199999999999996,0.0
440,202109020512,0,0,0,5,1,1,0,1,0,0,0,1,0,0,0,0,1,0,0,0,0,0,0,0,0,0,0,0,0,0,0,0,0,0,0,0,0.0,0.0,4.0,17.0,36.5,2.1,0.16666666666666666,0.0,0.0,4.0,9.0,34.2,0.7,0.5333333333333333,0.0,0.0,1.0,16.0,35.3,0.8,0.125,-0.5,2.0,0.0,0.0,0.17647058823529413,3,5,10.4,4.0,79,124,1,0.0,0.0,2.0,1.0,34.1,0.0,0.09090909090909091,0.0,0.0,4.0,12.0,38.5,1.3,0.125,-1.8,0.2,55.0,-295.0,16.0,18.0,456.0,-0.05555555555555555,-0.06666666666666667,0.0,0.0,0.0,-0.38999999999999985,0.0
441,202109020512,4,8,3,72,0,0,1,3,0,0,0,0,2,5,2,39,0,0,0,1,0,0,0,0,0,1,2,7,0,0,0,0,0,0,0,0,0.0,0.0,90.0,8.0,41.2,3.5,0.8888888888888888,0.0,0.0,130.0,12.0,35.0,1.7,1.0,0.0,0.0,150.0,13.0,37.1,1.5,0.4,2.5,-1.0,-30.0,0.031746031746031744,0.15873015873015872,1,2,272.9,16.0,1645,1278,1366,0.0,0.0,160.0,13.0,37.7,1.5,0.6875,0.0,0.0,130.0,8.0,35.4,1.1,0.9285714285714286,0.1,0.0,57.0,-503.0,16.0,9.0,465.0,0.0,0.0,0.0,-0.0625,0.07142857142857142,0.8900000000000006,0.0
442,202109020512,5,5,7,81,0,0,0,4,0,0,0,1,1,3,3,27,0,0,0,1,0,0,0,0,1,0,1,7,0,0,0,0,0,0,0,0,0.0,0.0,8.0,13.0,38.5,2.4,0.25,0.0,0.0,12.0,2.0,37.9,0.4,0.25,0.0,0.0,7.0,13.0,40.3,2.5,0.5384615384615384,0.0,10.0,-200.0,0.02857142857142857,0.11428571428571428,6,12,48.4,11.0,1393,402,1263,0.0,0.0,11.0,8.0,37.3,1.3,0.2,0.0,0.0,9.0,14.0,38.7,2.8,0.2,0.8,0.2,57.0,-358.0,16.0,16.0,564.0,0.0,0.0625,0.07692307692307693,0.06666666666666667,0.06666666666666667,0.019999999999999574,0.0
443,202109020512,9,9,6,64,8,4,4,44,0,0,0,0,1,0,3,5,7,0,2,12,0,0,0,0,0,0,0,1,2,0,0,2,0,0,0,0,0.0,0.0,12.0,11.0,35.7,1.0,0.5,0.0,0.0,9.0,8.0,34.6,0.6,0.7272727272727273,0.0,0.0,12.0,14.0,37.6,1.6,0.6,1.5,6.0,200.0,0.10344827586206896,0.2413793103448276,8,15,187.7,15.0,1127,1235,1328,0.0,0.0,15.0,10.0,37.7,1.0,0.6875,0.0,0.0,12.0,10.0,37.7,1.1,0.3125,0.0,0.0,55.0,-504.0,16.0,14.0,440.0,0.0,0.09090909090909091,0.13333333333333333,0.25,0.0,-0.7100000000000002,0.0
444,202109020512,3,4,1,28,0,0,2,4,0,0,0,0,2,2,0,10,0,0,0,1,0,0,0,0,0,0,0,2,0,0,0,0,0,0,0,0,0.0,0.0,5.0,9.0,37.2,1.9,0.25,0.0,0.0,8.0,13.0,37.2,1.4,0.5,0.0,0.0,5.0,2.0,36.4,0.4,0.0625,-3.5,2.0,0.0,0.025,0.2,1,1,4.4,2.0,1665,695,1577,0.0,0.0,3.0,11.0,37.9,1.4,0.125,0.0,0.0,5.0,12.0,38.7,1.4,0.0625,0.4,0.2,57.0,-548.0,16.0,12.0,486.0,-0.16666666666666666,0.125,0.0,0.0,0.0,-0.36999999999999955,0.0
445,202109020601,0,2,4,29,9,8,6,68,0,0,0,1,0,0,0,4,1,0,0,10,0,0,0,1,0,0,0,3,1,0,0,6,0,0,0,1,0.0,0.0,13.0,10.0,37.5,1.6,0.5,0.0,0.0,10.0,7.0,36.2,1.2,0.42857142857142855,0.0,0.0,4.0,8.0,36.6,1.0,0.14285714285714285,-1.0,6.0,50.0,0.12,0.29,2,2,10.7,5.0,1440,1618,1167,0.0,0.0,2.0,7.0,37.3,0.7,0.5,0.0,0.0,7.0,7.0,36.0,0.8,0.5714285714285714,-0.6,0.0,54.0,-580.0,15.0,16.0,476.0,-0.0625,0.0,0.07142857142857142,0.08333333333333333,0.0,0.19000000000000056,0.0
446,202109020601,4,6,5,72,0,0,0,7,0,0,0,0,3,4,5,41,0,0,0,3,0,0,0,0,0,1,0,10,0,0,0,0,0,0,0,0,0.0,0.0,5.0,6.0,38.7,0.8,0.09090909090909091,0.0,0.0,13.0,9.0,37.6,1.8,0.4375,0.0,0.0,11.0,7.0,38.5,1.5,0.1875,0.5,-10.0,0.0,0.041666666666666664,0.25,3,5,7.5,3.0,1228,1374,1108,0.0,0.0,13.0,6.0,37.6,1.9,0.375,0.0,0.0,13.0,13.0,37.3,1.8,0.3333333333333333,1.1,0.0,54.0,-980.0,15.0,11.0,468.0,0.0,0.0625,0.0,0.0625,0.06666666666666667,0.28000000000000114,0.0
447,202109020601,13,7,11,84,4,6,5,59,1,0,0,5,6,2,3,19,1,0,1,5,1,0,0,1,2,2,2,7,1,0,1,2,1,0,0,0,0.0,0.0,11.0,7.0,35.2,0.5,0.8181818181818182,0.0,0.0,15.0,13.0,38.4,2.0,0.1875,0.0,0.0,12.0,9.0,35.6,1.0,0.5,1.0,8.0,200.0,0.13793103448275862,0.13793103448275862,8,15,11.5,6.0,1716,1428,1167,0.0,0.0,11.0,16.0,38.0,1.7,0.25,0.0,0.0,10.0,7.0,37.1,0.7,0.08333333333333333,0.3,0.0,54.0,-839.0,15.0,11.0,490.0,0.18181818181818182,0.125,0.07142857142857142,0.125,0.08333333333333333,-0.33999999999999986,0.0
448,202109020601,0,0,0,13,6,4,7,31,0,0,0,1,0,0,0,4,1,2,0,9,0,0,0,1,0,0,0,4,1,1,0,4,0,0,0,1,0.0,0.0,5.0,8.0,38.0,2.1,0.9285714285714286,0.0,0.0,13.0,10.0,36.6,1.0,0.75,0.0,0.0,10.0,7.0,37.1,1.3,0.9375,-0.5,20.0,-200.0,0.06896551724137931,0.13793103448275862,7,12,2.0,1.0,1657,1362,1317,0.0,0.0,4.0,5.0,38.5,1.1,0.8461538461538461,0.0,0.0,6.0,5.0,37.5,1.0,0.8125,-1.1,0.0,54.0,-1246.0,15.0,14.0,448.0,0.0,0.0,-0.0625,0.07692307692307693,0.0,-0.08999999999999986,0.0
449,202109020601,0,0,0,2,6,4,7,31,0,0,0,0,0,0,0,0,1,2,0,9,0,0,0,0,0,0,0,0,1,1,0,4,0,0,0,0,0.0,0.0,13.0,12.0,34.4,1.2,1.0,0.0,0.0,16.0,12.0,33.9,0.5,0.625,0.0,0.0,13.0,12.0,34.2,0.6,0.9375,0.0,-16.0,-200.0,0.05172413793103448,0.20689655172413793,5,8,166.4,11.0,1089,1362,1428,0.0,0.0,11.0,8.0,34.9,0.7,0.4117647058823529,0.0,0.0,10.0,4.0,34.9,0.3,0.5555555555555556,-2.0,0.0,54.0,-1224.0,15.0,14.0,454.0,0.0,0.0625,0.0,0.058823529411764705,-0.05555555555555555,-0.2,0.0
450,202109020601,11,3,4,48,0,0,0,2,0,0,0,0,3,0,1,13,0,0,0,0,0,0,0,0,1,0,1,5,0,0,0,0,0,0,0,0,0.0,0.0,8.0,7.0,39.4,1.1,0.26666666666666666,0.0,0.0,6.0,11.0,40.2,1.7,0.06666666666666667,0.0,0.0,2.0,2.0,37.8,0.1,0.13333333333333333,-2.5,-4.0,-600.0,,,4,6,7.1,2.0,1348,1560,1221,0.0,0.0,10.0,13.0,36.1,1.8,0.5,0.0,0.0,3.0,5.0,37.8,0.8,0.4,-0.2,0.2,54.0,-875.0,15.0,15.0,460.0,0.06666666666666667,0.0,0.0,0.0,-0.2,0.7300000000000004,0.0
451,202109020601,4,5,1,52,0,3,0,2,0,0,0,0,0,1,0,9,0,0,0,0,0,0,0,0,0,1,0,6,0,0,0,0,0,0,0,0,0.0,0.0,90.0,9.0,39.5,1.6,0.6666666666666666,0.0,0.0,120.0,10.0,35.2,1.1,0.7777777777777778,0.0,0.0,90.0,7.0,37.5,1.5,0.6666666666666666,-1.0,11.0,-200.0,0.024691358024691357,0.19753086419753085,5,9,34.4,9.0,1736,1332,1482,0.0,0.0,70.0,15.0,37.2,2.0,0.5,0.0,0.0,70.0,8.0,34.3,0.8,0.75,0.3,0.0,54.0,-769.0,15.0,12.0,451.0,0.25,0.0,0.0,-0.25,0.0,0.8400000000000005,0.0
452,202109020601,8,4,7,50,0,1,1,10,0,0,0,0,1,0,0,5,0,1,1,4,0,0,0,0,1,0,0,3,0,0,0,1,0,0,0,0,0.0,0.0,5.0,14.0,38.8,2.1,0.6,0.0,0.0,7.0,8.0,38.7,1.5,0.2,0.0,0.0,7.0,7.0,38.6,2.0,0.125,-3.5,-8.0,0.0,0.09090909090909091,0.36363636363636365,2,3,14.2,7.0,1152,1541,1428,0.0,0.0,4.0,7.0,38.8,1.1,0.14285714285714285,0.0,0.0,9.0,9.0,36.7,1.6,0.1,-1.1,0.0,54.0,-20.0,15.0,15.0,470.0,0.0,0.0,0.0,0.0,0.0,0.4099999999999994,0.0
453,202109020601,0,1,4,19,4,8,12,116,0,0,0,2,0,0,1,2,0,2,3,23,0,0,0,0,0,0,1,0,0,1,1,6,0,0,0,0,0.0,0.0,7.0,7.0,41.6,4.4,0.5714285714285714,0.0,0.0,13.0,10.0,39.2,1.5,0.4375,0.0,0.0,13.0,9.0,38.3,1.6,0.5333333333333333,1.0,32.0,-200.0,0.08620689655172414,0.2413793103448276,4,7,322.5,13.0,1601,1167,239,0.0,0.0,15.0,13.0,39.5,3.3,0.625,0.0,0.0,14.0,8.0,37.8,1.9,1.0,0.5,0.0,54.0,-758.0,15.0,7.0,450.0,0.42857142857142855,-0.0625,0.0,0.0,0.0,0.7300000000000011,0.0
454,202109020601,8,1,2,41,7,2,3,40,0,0,0,0,1,0,0,4,2,1,0,14,0,0,0,0,1,0,0,1,0,0,0,3,0,0,0,0,0.0,0.0,140.0,9.0,37.6,1.0,0.4375,0.0,0.0,11.0,11.0,36.8,1.2,0.625,0.0,0.0,6.0,1.0,36.9,0.0,0.26666666666666666,-4.0,-6.0,-200.0,0.09090909090909091,0.3181818181818182,3,4,66.7,10.0,1304,1039,1503,0.0,0.0,13.0,3.0,36.7,0.2,1.0,0.0,0.0,14.0,7.0,37.2,0.5,0.6875,-1.1999999999999997,0.4,54.0,-1323.0,15.0,16.0,510.0,0.125,0.0625,0.06666666666666667,-0.13333333333333333,0.125,0.08999999999999915,0.0
455,202109020601,4,5,8,99,0,2,4,28,0,0,1,2,1,0,1,21,0,1,1,7,0,0,0,0,1,0,0,5,0,1,0,6,0,0,0,0,0.0,0.0,3.0,8.0,41.6,1.6,0.7,0.0,0.0,8.0,11.0,38.1,2.2,0.7333333333333333,0.0,0.0,10.0,4.0,38.2,1.0,0.875,-2.0,13.0,-200.0,0.0967741935483871,0.3225806451612903,1,1,27.8,8.0,1183,1328,1558,0.0,0.0,8.0,9.0,35.8,2.8,0.9166666666666666,,,,,,,,-0.4,0.0,54.0,-551.0,15.0,10.0,437.0,0.0,0.0,-0.1875,-0.08333333333333333,,1.730000000000001,0.0
456,202109020601,7,2,4,54,10,4,6,117,0,0,1,5,1,0,0,14,2,0,2,27,0,0,0,3,1,0,0,6,0,0,0,18,0,0,0,2,0.0,0.0,30.0,4.0,37.8,1.0,0.4444444444444444,0.0,0.0,90.0,10.0,13.7,5.5,0.5,0.0,0.0,150.0,13.0,37.3,2.2,0.3125,4.5,19.0,-200.0,0.14285714285714285,0.21428571428571427,7,13,7.6,4.0,1278,1013,625,0.0,0.0,70.0,11.0,37.0,1.4,0.5625,0.0,0.0,50.0,1.0,36.1,0.0,0.18181818181818182,-0.5,0.2,54.0,-1047.0,15.0,9.0,479.0,-0.1111111111111111,0.08333333333333333,0.0,0.0625,-0.09090909090909091,-1.9900000000000009,0.0
457,202109020601,0,0,0,4,0,0,3,8,0,0,0,0,0,0,0,0,0,0,0,1,0,0,0,0,0,0,0,0,0,0,0,0,0,0,0,0,0.0,0.0,14.0,13.0,39.8,4.2,0.8666666666666667,0.0,0.0,15.0,14.0,37.1,1.9,0.4444444444444444,0.0,0.0,9.0,8.0,35.3,1.5,0.25,-2.5,6.0,0.0,0.0,0.13043478260869565,6,11,326.3,14.0,1455,1206,1428,,,,,,,,,,,,,,,-2.5,0.0,54.0,0.0,15.0,15.0,386.0,0.0,0.0,0.0,,,2.25,0.0
458,202109020601,2,3,4,27,4,8,12,116,0,0,0,1,1,0,0,9,0,2,3,23,0,0,0,0,1,0,0,4,0,1,1,6,0,0,0,0,0.0,0.0,5.0,6.0,40.5,2.6,0.7272727272727273,0.0,0.0,15.0,14.0,40.2,4.8,0.8666666666666667,0.0,0.0,15.0,16.0,39.3,3.8,0.9375,5.0,13.0,-300.0,0.028169014084507043,0.11267605633802817,8,14,356.8,15.0,1317,1167,1186,,,,,,,,,,,,,,,5.0,0.0,54.0,-478.0,15.0,11.0,419.0,-0.18181818181818182,0.06666666666666667,0.0,,,0.6000000000000014,0.0
459,202109020601,0,0,0,1,0,0,0,1,0,0,0,1,0,0,0,0,0,0,0,0,0,0,0,0,0,0,0,0,0,0,0,0,0,0,0,0,0.0,0.0,80.0,70.0,43.1,2.7,0.3,0.0,0.0,120.0,150.0,41.4,6.0,0.8666666666666667,0.0,0.0,100.0,110.0,46.6,10.3,0.09090909090909091,20.0,25.0,-200.0,0.03125,0.15625,6,10,281.4,12.0,1681,1735,1297,,,,,,,,,,,,,,,20.0,0.0,54.0,-356.0,15.0,10.0,441.0,0.1,0.13333333333333333,0.9090909090909091,,,-1.75,0.0
460,202109020706,0,0,1,3,0,0,0,0,0,0,0,0,0,0,0,0,0,0,0,0,0,0,0,0,0,0,0,0,0,0,0,0,0,0,0,0,0.0,0.0,3.0,6.0,39.2,0.8,0.25,0.0,0.0,14.0,13.0,37.7,0.7,0.3125,0.0,0.0,7.0,5.0,37.0,1.1,0.3125,-0.5,6.0,0.0,0.0,0.125,7,14,3.7,2.0,1431,1728,1428,0.0,0.0,10.0,8.0,37.8,1.1,0.4,0.0,0.0,6.0,12.0,37.9,1.2,0.5,0.7,0.0,55.0,-893.0,16.0,8.0,450.0,0.0,-0.0625,0.0625,0.0,0.0,0.25000000000000144,0.0
461,202109020706,1,0,0,0,0,0,0,1,0,0,0,0,1,0,0,0,0,0,0,0,0,0,0,0,0,0,0,0,0,0,0,0,0,0,0,0,0.0,0.0,16.0,16.0,39.1,2.1,0.5,0.0,0.0,12.0,14.0,39.2,2.6,0.2,0.0,0.0,8.0,11.0,37.8,1.1,0.13333333333333333,-2.5,6.0,0.0,0.41379310344827586,0.5172413793103449,2,3,2.8,1.0,1629,332,1428,0.0,0.0,1.0,13.0,38.1,1.5,0.4,0.0,0.0,1.0,15.0,39.7,3.1,0.4375,-0.3,0.0,54.0,-610.0,16.0,16.0,462.0,0.125,0.0,0.0,-0.13333333333333333,0.125,-0.010000000000000142,0.0
462,202109020706,0,0,0,3,0,0,0,0,0,0,0,0,0,0,0,1,0,0,0,0,0,0,0,0,0,0,0,0,0,0,0,0,0,0,0,0,0.0,0.0,12.0,5.0,39.7,2.2,0.9166666666666666,0.0,0.0,10.0,11.0,38.0,1.5,0.9333333333333333,0.0,0.0,12.0,11.0,37.3,1.6,0.6875,3.0,-1.0,-30.0,0.05714285714285714,0.2,5,9,10.1,5.0,1095,1335,1221,0.0,0.0,13.0,6.0,37.5,0.6,0.7333333333333333,0.0,0.0,15.0,10.0,37.1,1.1,0.875,0.5,0.0,56.0,-1195.0,16.0,12.0,457.0,-0.16666666666666666,-0.06666666666666667,0.0,-0.13333333333333333,0.0,0.5700000000000003,0.0
463,202109020706,1,1,3,5,0,0,0,3,0,0,0,0,1,0,0,1,0,0,0,0,0,0,0,0,0,0,0,0,0,0,0,0,0,0,0,0,0.0,0.0,7.0,4.0,37.0,1.0,0.36363636363636365,0.0,0.0,3.0,8.0,35.4,0.9,0.5,0.0,0.0,3.0,10.0,35.2,0.7,0.6923076923076923,3.0,-2.0,-200.0,0.125,0.25,4,8,16.4,6.0,1127,1376,1328,0.0,0.0,11.0,2.0,34.9,0.0,0.16666666666666666,0.0,0.0,9.0,4.0,36.7,0.3,0.6875,-0.6,0.2,51.0,-1065.0,16.0,11.0,504.0,0.0,0.14285714285714285,0.0,0.0,-0.125,0.10999999999999943,0.0
464,202109020706,0,0,0,0,3,1,2,7,0,0,0,0,0,0,0,0,2,0,0,2,0,0,0,0,0,0,0,0,0,0,0,0,0,0,0,0,0.0,0.0,5.0,10.0,42.9,3.4,0.7,0.0,0.0,10.0,13.0,35.5,1.5,0.7857142857142857,0.0,0.0,12.0,10.0,35.8,0.9,0.5,0.0,-2.0,-200.0,0.0,0.11363636363636363,5,10,232.8,15.0,1575,1167,1576,0.0,0.0,14.0,5.0,37.1,0.6,0.6,0.0,0.0,13.0,15.0,38.3,2.4,0.1875,0.2,0.0,54.0,-1268.0,16.0,10.0,446.0,0.3,-0.07142857142857142,0.07142857142857142,-0.06666666666666667,0.0625,0.7600000000000001,0.0
465,202109020706,1,0,0,0,0,0,0,1,0,0,0,0,1,0,0,0,0,0,0,1,0,0,0,0,0,0,0,0,0,0,0,0,0,0,0,0,0.0,0.0,8.0,9.0,39.0,1.8,0.7857142857142857,0.0,0.0,4.0,1.0,36.9,0.0,0.125,0.0,0.0,5.0,8.0,37.4,1.1,0.25,-0.5,4.0,-200.0,0.08333333333333333,0.23333333333333334,6,12,30.1,8.0,1629,1506,1428,0.0,0.0,4.0,2.0,37.2,0.1,0.26666666666666666,0.0,0.0,6.0,10.0,40.7,2.5,0.15384615384615385,0.3,0.4,56.0,-672.0,16.0,14.0,510.0,-0.14285714285714285,0.0,0.0,-0.06666666666666667,0.07692307692307693,-0.370000000000001,0.0
466,202109020706,0,0,0,3,0,0,0,4,0,0,0,1,0,0,0,1,0,0,0,2,0,0,0,1,0,0,0,0,0,0,0,0,0,0,0,0,0.0,0.0,10.0,4.0,38.0,1.0,0.8,0.0,0.0,12.0,15.0,39.0,2.8,0.26666666666666666,0.0,0.0,16.0,13.0,41.0,1.9,0.25,4.5,23.0,200.0,0.13725490196078433,0.30392156862745096,8,15,46.0,10.0,1095,1228,1221,0.0,0.0,9.0,8.0,41.8,3.5,0.23076923076923078,0.0,0.0,13.0,10.0,37.3,1.5,0.375,0.5,0.0,54.0,-1188.0,16.0,10.0,523.0,0.0,0.06666666666666667,0.0,0.07692307692307693,0.0,-0.13999999999999915,0.0
467,202109020706,0,1,0,0,0,0,0,0,0,0,0,0,0,1,0,0,0,0,0,0,0,0,0,0,0,0,0,0,0,0,0,0,0,0,0,0,0.0,0.0,110.0,4.0,37.6,1.0,0.7142857142857143,0.0,0.0,30.0,1.0,38.2,0.0,0.5,0.0,0.0,80.0,8.0,37.5,0.7,0.5333333333333333,2.0,-6.0,-200.0,0.043478260869565216,0.15217391304347827,2,4,33.5,9.0,1426,1255,306,0.0,0.0,60.0,3.0,38.0,0.8,0.4375,0.0,0.0,10.0,7.0,37.5,1.2,0.16666666666666666,0.8,0.4,56.0,63.0,16.0,14.0,450.0,0.07142857142857142,-0.125,0.0,-0.0625,0.0,0.04000000000000057,0.0
468,202109020706,2,1,1,14,1,0,0,3,0,0,0,0,1,0,1,6,0,0,0,2,0,0,0,0,1,0,0,0,0,0,0,0,0,0,0,0,0.0,0.0,13.0,12.0,38.1,2.1,0.8125,0.0,0.0,11.0,11.0,37.9,3.9,1.0,0.0,0.0,16.0,8.0,36.7,0.7,0.9375,-2.0,12.0,0.0,0.07692307692307693,0.3076923076923077,6,11,7.4,4.0,1576,1482,1577,0.0,0.0,9.0,12.0,37.0,2.2,0.6875,0.0,0.0,6.0,8.0,36.8,1.1,0.5,-0.7,0.0,56.0,-1267.0,16.0,16.0,542.0,0.125,0.0,-0.0625,0.0,0.0,0.3500000000000007,0.0
469,202109020706,0,0,0,0,0,0,0,0,0,0,0,0,0,0,0,0,0,0,0,0,0,0,0,0,0,0,0,0,0,0,0,0,0,0,0,0,0.0,0.0,20.0,12.0,39.3,1.8,0.25,0.0,0.0,80.0,2.0,37.9,0.4,0.2857142857142857,0.0,0.0,10.0,1.0,38.1,0.0,0.0625,-5.5,-2.0,-200.0,0.08571428571428572,0.2857142857142857,3,6,7.2,3.0,225,173,1551,0.0,0.0,20.0,2.0,37.1,0.1,0.09090909090909091,0.0,0.0,30.0,3.0,38.7,1.0,0.125,-1.8,0.8,56.0,34.0,16.0,16.0,472.0,0.125,0.0,0.0,0.0,-0.0625,0.19999999999999857,0.0
470,202109020706,0,0,1,7,0,0,1,4,0,0,0,0,0,0,0,2,0,0,0,1,0,0,0,0,0,0,0,0,0,0,0,0,0,0,0,0,0.0,0.0,70.0,6.0,41.0,1.8,0.6666666666666666,0.0,0.0,140.0,10.0,37.5,1.3,0.4,0.0,0.0,110.0,9.0,38.1,1.9,0.07692307692307693,1.5,-1.0,-200.0,0.037037037037037035,0.1111111111111111,3,5,257.0,16.0,1447,1345,1721,0.0,0.0,140.0,10.0,36.3,0.9,0.2857142857142857,0.0,0.0,130.0,11.0,37.4,2.1,0.6875,1.0,0.0,54.0,-1076.0,16.0,9.0,463.0,0.0,0.0,0.07692307692307693,0.0,0.0625,0.8400000000000005,0.0
471,202109020706,0,0,1,2,0,0,0,6,0,0,0,0,0,0,0,0,0,0,0,2,0,0,0,0,0,0,0,0,0,0,0,0,0,0,0,0,0.0,0.0,60.0,,,,0.25,0.0,0.0,140.0,9.0,36.4,1.6,0.5714285714285714,0.0,0.0,80.0,12.0,37.2,2.2,0.35714285714285715,3.0,17.0,-100.0,0.11290322580645161,0.3225806451612903,1,2,105.0,13.0,1278,1618,625,0.0,0.0,80.0,9.0,41.6,3.4,0.18181818181818182,0.0,0.0,90.0,8.0,36.3,0.5,0.7857142857142857,-0.6,0.0,54.0,-813.0,16.0,12.0,499.0,0.08333333333333333,0.07142857142857142,0.14285714285714285,0.09090909090909091,-0.14285714285714285,-0.4099999999999994,0.0
472,202109020706,1,1,3,5,3,1,2,7,0,0,0,0,1,0,0,1,2,0,0,2,0,0,0,0,0,0,0,0,0,0,0,0,0,0,0,0,0.0,0.0,110.0,110.0,45.2,4.6,0.09090909090909091,0.0,0.0,100.0,110.0,38.1,1.8,0.16666666666666666,0.0,0.0,110.0,110.0,38.1,3.2,0.2727272727272727,0.0,45.0,-300.0,0.0,0.09090909090909091,1,1,119.0,14.0,1127,1167,1328,0.0,0.0,90.0,100.0,37.4,2.8,0.75,0.0,0.0,60.0,90.0,36.4,0.8,0.14285714285714285,-5.0,0.0,51.0,-818.0,16.0,11.0,487.0,0.9090909090909091,0.0,0.2727272727272727,0.16666666666666666,0.0,1.8300000000000012,0.0
473,202109020706,0,0,0,6,1,2,0,4,0,0,0,0,0,0,0,2,0,1,0,2,0,0,0,0,0,0,0,0,0,0,0,0,0,0,0,0,0.0,0.0,4.0,3.0,39.8,1.4,0.5555555555555556,0.0,0.0,12.0,16.0,40.2,3.4,0.375,0.0,0.0,11.0,10.0,37.5,0.7,0.0625,3.5,1.0,-200.0,0.09722222222222222,0.3055555555555556,8,16,20.6,7.0,1393,1294,1263,0.0,0.0,14.0,14.0,38.9,1.5,0.1875,0.0,0.0,12.0,5.0,38.3,0.4,0.2,0.2,0.2,56.0,-923.0,16.0,9.0,473.0,-0.3333333333333333,0.25,0.0,0.0,-0.06666666666666667,0.43000000000000044,0.0
474,202109020706,0,0,0,0,0,2,0,5,0,0,0,0,0,0,0,0,0,0,0,1,0,0,0,0,0,0,0,0,0,0,0,0,0,0,0,0,0.0,0.0,7.0,9.0,14.0,10.7,0.1,0.0,0.0,7.0,9.0,13.4,4.8,0.3333333333333333,0.0,0.0,12.0,16.0,40.0,3.2,0.125,3.5,-2.0,-1800.0,0.024390243902439025,0.1951219512195122,4,7,55.3,11.0,1401,1235,517,0.0,0.0,14.0,13.0,38.1,1.8,0.5,0.0,0.0,8.0,4.0,36.7,0.6,0.07692307692307693,-0.6,0.0,56.0,-826.0,16.0,10.0,472.0,0.7,0.25,0.1875,0.0625,0.0,-7.010000000000001,0.0
475,202109020706,0,0,0,0,0,0,0,1,0,0,0,0,0,0,0,0,0,0,0,0,0,0,0,0,0,0,0,0,0,0,0,0,0,0,0,0,0.0,0.0,7.0,,,,0.5833333333333334,0.0,0.0,9.0,10.0,14.2,13.4,1.0,0.0,0.0,14.0,11.0,36.6,1.8,1.0,1.0,2.0,-200.0,0.027777777777777776,0.1111111111111111,7,13,59.2,12.0,832,57,351,0.0,0.0,16.0,14.0,36.6,1.8,0.9375,0.0,0.0,11.0,11.0,38.3,1.2,0.1875,0.6,0.0,56.0,-887.0,16.0,12.0,490.0,0.4166666666666667,0.0,0.0,0.0625,0.0,-7.2299999999999995,0.0
476,202109020708,1,0,1,9,3,1,2,7,0,0,0,0,0,0,0,0,2,0,0,2,0,0,0,0,0,0,0,0,0,0,0,0,0,0,0,0,0.0,0.0,2.0,7.0,36.6,0.4,0.8125,0.0,0.0,6.0,3.0,35.5,0.0,0.875,0.0,0.0,5.0,5.0,36.2,0.6,0.9285714285714286,-1.0,-6.0,0.0,0.09836065573770492,0.3114754098360656,8,9,1.5,1.0,1503,1167,1263,0.0,0.0,2.0,5.0,35.7,1.3,1.0,0.0,0.0,2.0,5.0,35.7,0.5,0.9375,-0.2,0.2,55.0,-294.0,10.0,16.0,452.0,-0.125,-0.125,0.0,0.0,-0.0625,0.15999999999999942,0.0
477,202109020708,1,0,0,2,0,2,0,2,0,0,0,0,0,0,0,1,0,0,0,2,0,0,0,0,0,0,0,0,0,0,0,1,0,0,0,0,0.0,0.0,5.0,6.0,40.1,2.8,0.6666666666666666,0.0,0.0,5.0,7.0,38.1,0.7,0.25,0.0,0.0,9.0,5.0,38.1,0.5,0.125,-0.5,-7.0,-400.0,0.020833333333333332,0.1875,1,1,18.1,6.0,1313,1170,1108,0.0,0.0,3.0,7.0,38.3,1.1,0.09090909090909091,0.0,0.0,4.0,3.0,37.7,0.6,0.3333333333333333,-0.6,0.2,55.0,-510.0,10.0,6.0,491.0,0.3333333333333333,0.0625,0.0,0.0,0.0,0.46000000000000013,0.0
478,202109020708,1,0,1,5,0,0,1,4,0,0,0,0,0,0,1,0,0,0,1,1,0,0,0,0,0,0,0,0,0,0,0,0,0,0,0,0,0.0,0.0,10.0,14.0,40.2,3.9,0.6666666666666666,0.0,0.0,13.0,15.0,35.7,1.7,0.6,0.0,0.0,15.0,16.0,38.5,2.7,0.6875,1.0,-6.0,-200.0,0.0,0.0,6,6,63.0,10.0,1605,1036,1,0.0,0.0,8.0,15.0,38.6,2.1,0.25,0.0,0.0,10.0,3.0,37.7,0.9,0.2,-2.2,0.2,52.0,-154.0,10.0,15.0,482.0,0.3333333333333333,0.06666666666666667,0.1875,0.0,0.0,0.21000000000000013,0.0
479,202109020708,0,2,0,10,2,3,1,20,0,1,0,2,0,0,0,4,0,0,1,3,0,0,0,2,0,0,0,1,0,0,0,1,0,0,0,1,0.0,0.0,6.0,5.0,35.7,0.5,0.4166666666666667,0.0,0.0,4.0,4.0,35.3,0.2,0.5,0.0,0.0,8.0,3.0,35.8,0.6,0.6363636363636364,-1.0,4.0,200.0,0.0847457627118644,0.23728813559322035,7,7,5.9,2.0,1716,1263,1167,0.0,0.0,10.0,9.0,36.2,1.3,0.5384615384615384,0.0,0.0,9.0,8.0,34.5,0.5,0.7272727272727273,1.1,0.2,55.0,-504.0,10.0,12.0,438.0,0.0,0.0,0.0,0.07692307692307693,0.0,0.15,0.0
480,202109020708,0,0,0,2,0,0,0,5,0,0,0,0,0,0,0,0,0,0,0,0,0,0,0,0,0,0,0,0,0,0,0,0,0,0,0,0,0.0,0.0,14.0,15.0,40.7,2.7,0.1875,0.0,0.0,11.0,9.0,38.2,1.2,0.15384615384615385,0.0,0.0,15.0,15.0,39.2,2.4,0.26666666666666666,0.0,-8.0,0.0,0.16666666666666666,0.3333333333333333,8,10,25.9,8.0,1036,1186,1108,0.0,0.0,12.0,13.0,37.7,1.4,0.5625,0.0,0.0,4.0,8.0,36.0,0.9,0.5,-1.0,0.0,52.0,-309.0,10.0,16.0,490.0,0.0625,-0.07692307692307693,0.0,0.0,0.0,0.9900000000000005,0.0
481,202109020708,0,2,0,10,3,0,2,9,0,0,0,0,0,0,0,4,0,0,1,3,0,0,0,0,0,0,0,1,0,0,0,0,0,0,0,0,0.0,0.0,3.0,6.0,38.2,1.7,0.4,0.0,0.0,4.0,5.0,38.0,1.2,0.4,0.0,0.0,1.0,1.0,40.7,0.0,0.45454545454545453,-2.5,4.0,0.0,0.1836734693877551,0.5306122448979592,2,2,7.3,3.0,1716,1556,1167,0.0,0.0,4.0,7.0,38.2,1.9,0.3125,0.0,0.0,3.0,6.0,38.2,0.6,0.125,0.2,0.2,55.0,0.0,10.0,10.0,512.0,0.1,0.0,-0.2727272727272727,0.0,0.0,-0.020000000000000285,0.0
482,202109020708,0,0,0,4,0,0,0,2,0,0,0,1,0,0,0,0,0,0,0,1,0,0,0,0,0,0,0,0,0,0,0,0,0,0,0,0,0.0,0.0,13.0,8.0,35.8,1.2,0.7857142857142857,0.0,0.0,10.0,8.0,36.2,1.4,0.6363636363636364,0.0,0.0,10.0,10.0,39.0,2.6,0.15384615384615385,1.0,0.0,200.0,0.09523809523809523,0.16666666666666666,5,5,18.4,7.0,1548,1685,1328,0.0,0.0,7.0,12.0,38.8,1.5,0.26666666666666666,0.0,0.0,8.0,11.0,38.4,1.5,0.13333333333333333,1.0,0.0,55.0,-456.0,10.0,14.0,478.0,-0.14285714285714285,0.0,0.07692307692307693,-0.06666666666666667,0.0,-0.7799999999999997,0.0
483,202109020708,1,1,3,5,0,0,0,1,0,0,0,0,1,0,0,1,0,0,0,1,0,0,0,0,0,0,0,0,0,0,0,0,0,0,0,0,0.0,0.0,11.0,4.0,34.5,0.3,0.8333333333333334,0.0,0.0,11.0,5.0,34.9,0.5,0.9375,0.0,0.0,6.0,6.0,34.3,0.5,0.8,1.0,2.0,-200.0,0.05084745762711865,0.2033898305084746,3,3,43.6,9.0,1127,334,1328,0.0,0.0,8.0,10.0,34.7,1.0,0.8333333333333334,0.0,0.0,10.0,3.0,33.6,0.2,0.8461538461538461,0.3,0.2,55.0,-217.0,10.0,18.0,434.0,0.0,-0.125,-0.13333333333333333,-0.05555555555555555,0.0,0.1999999999999993,0.0
484,202109020708,1,0,1,9,0,0,0,0,0,0,0,0,0,0,0,0,0,0,0,0,0,0,0,0,0,0,0,0,0,0,0,0,0,0,0,0,0.0,0.0,8.0,4.0,37.0,1.8,0.75,0.0,0.0,14.0,13.0,36.1,2.1,0.75,0.0,0.0,13.0,15.0,39.4,1.4,0.125,5.5,-2.0,200.0,0.044444444444444446,0.17777777777777778,4,4,16.5,5.0,1503,951,1263,0.0,0.0,9.0,16.0,40.2,3.1,0.125,0.0,0.0,7.0,1.0,36.4,0.0,0.0625,-0.3,0.2,54.0,-930.0,10.0,12.0,482.0,-0.08333333333333333,0.1875,0.0,0.0,0.0,-0.28999999999999987,0.0
485,202109020708,0,1,0,8,0,2,0,5,0,0,0,0,0,0,0,1,0,0,0,1,0,0,0,0,0,0,0,1,0,0,0,0,0,0,0,0,0.0,0.0,16.0,7.0,34.2,0.4,0.6111111111111112,0.0,0.0,16.0,17.0,38.2,2.6,0.058823529411764705,0.0,0.0,15.0,17.0,34.4,1.9,0.2222222222222222,5.0,-4.0,0.0,0.0,0.12903225806451613,7,8,14.4,4.0,1183,1235,1558,0.0,0.0,4.0,10.0,39.1,2.6,0.4,0.0,0.0,7.0,9.0,35.5,1.3,0.1875,-0.3,0.0,54.0,-273.0,10.0,18.0,470.0,0.0,0.0,,0.1,-0.0625,-0.3499999999999993,0.0
486,202109020710,0,1,0,8,0,0,0,1,0,0,0,0,0,0,0,1,0,0,0,0,0,0,0,0,0,0,0,0,0,0,0,0,0,0,0,0,0.0,0.0,,,,,,0.0,0.0,60.0,10.0,13.7,2.3,0.5,0.0,0.0,20.0,6.0,13.6,2.7,0.36363636363636365,-4.0,,-200.0,0.12871287128712872,0.297029702970297,3,5,6.9,2.0,1183,1620,1558,0.0,0.0,30.0,1.0,13.5,0.0,0.25,0.0,0.0,10.0,4.0,13.3,0.9,0.18181818181818182,-2.3,0.25,57.0,-680.0,16.0,15.0,,,0.07142857142857142,0.09090909090909091,-0.125,0.0,0.12999999999999953,0.0
487,202109020710,2,1,1,14,0,0,1,17,0,0,0,1,1,0,1,6,0,0,1,5,0,0,0,0,0,0,1,1,0,0,0,0,0,0,0,0,0.0,0.0,9.0,8.0,36.6,0.8,0.875,0.0,0.0,7.0,4.0,34.9,0.5,0.8333333333333334,0.0,0.0,9.0,15.0,37.4,1.5,1.0,3.5,0.0,0.0,0.0,0.13043478260869565,4,8,14.8,7.0,1576,1013,1577,0.0,0.0,6.0,4.0,35.2,0.2,0.9375,0.0,0.0,3.0,14.0,36.1,2.1,0.9375,1.2,0.0,55.0,-567.0,16.0,16.0,472.0,-0.0625,0.08333333333333333,-0.0625,-0.125,-0.375,0.06999999999999958,0.0
488,202109020710,2,1,1,14,0,0,0,6,0,0,0,0,1,0,1,6,0,0,0,2,0,0,0,0,0,0,1,1,0,0,0,0,0,0,0,0,0.0,0.0,50.0,30.0,40.1,0.8,0.5454545454545454,0.0,0.0,130.0,120.0,35.4,1.4,1.0,0.0,0.0,140.0,70.0,35.6,0.8,1.0,20.0,-10.0,-200.0,0.42857142857142855,0.5,3,6,2.7,1.0,1576,1618,1577,0.0,0.0,130.0,100.0,35.2,1.0,0.9375,0.0,0.0,150.0,70.0,35.4,1.4,1.0,6.0,0.0,57.0,-1197.0,16.0,11.0,540.0,-0.2727272727272727,-0.0625,0.0,0.0,0.0,0.9600000000000002,0.0
489,202109020710,0,1,3,9,0,0,1,4,0,0,0,0,0,0,2,4,0,0,0,0,0,0,0,0,0,0,0,0,0,0,0,0,0,0,0,0,0.0,0.0,60.0,4.0,40.0,1.0,0.2222222222222222,0.0,0.0,140.0,13.0,36.9,2.3,0.875,0.0,0.0,120.0,12.0,37.0,1.6,0.6428571428571429,4.0,17.0,-200.0,0.08823529411764706,0.29411764705882354,1,1,16.0,8.0,1520,1393,695,0.0,0.0,100.0,7.0,37.9,0.9,0.5,0.0,0.0,120.0,14.0,38.3,1.5,0.625,1.4,0.0,57.0,-1196.0,16.0,9.0,487.0,0.0,0.0,0.0,-0.0625,0.125,0.24000000000000057,0.0
490,202109020710,0,3,1,8,0,0,0,5,0,0,0,1,0,3,1,4,0,0,0,2,0,0,0,0,0,1,0,1,0,0,0,1,0,0,0,0,0.0,0.0,3.0,1.0,37.3,0.0,0.375,0.0,0.0,12.0,9.0,37.1,1.3,0.3333333333333333,0.0,0.0,4.0,6.0,37.5,0.5,0.25,2.5,-7.0,300.0,0.058823529411764705,0.20588235294117646,6,12,21.4,10.0,1228,1039,1108,0.0,0.0,5.0,9.0,37.5,0.8,0.26666666666666666,0.0,0.0,10.0,5.0,37.2,0.3,0.125,0.8,0.2,57.0,-657.0,16.0,8.0,537.0,0.0,0.0,0.0625,0.06666666666666667,-0.0625,-0.020000000000000996,0.0
491,202109020710,0,3,1,8,0,1,3,2,0,1,1,0,0,3,1,4,0,1,1,0,0,1,1,0,0,1,0,1,0,1,0,0,0,1,0,0,0.0,0.0,2.0,2.0,39.8,0.2,0.36363636363636365,0.0,0.0,13.0,11.0,35.4,1.9,0.9230769230769231,0.0,0.0,13.0,13.0,37.1,1.1,0.125,5.5,7.0,-200.0,0.024096385542168676,0.1927710843373494,4,7,8.3,4.0,1228,260,1108,0.0,0.0,13.0,10.0,37.3,1.3,0.7692307692307693,0.0,0.0,15.0,8.0,36.0,1.0,0.875,1.1,0.2,57.0,-1282.0,16.0,11.0,511.0,-0.18181818181818182,0.0,0.0,0.0,-0.0625,0.5699999999999996,0.0
492,202109020710,0,0,0,0,0,0,0,0,0,0,0,0,0,0,0,0,0,0,0,0,0,0,0,0,0,0,0,0,0,0,0,0,0,0,0,0,0.0,0.0,2.0,5.0,40.6,0.6,0.1,0.0,0.0,14.0,16.0,39.1,2.3,0.4375,0.0,0.0,14.0,7.0,37.2,0.8,0.125,1.0,9.0,-200.0,0.09302325581395349,0.16279069767441862,5,10,44.0,13.0,878,156,1,0.0,0.0,12.0,15.0,37.8,1.9,0.375,0.0,0.0,14.0,13.0,37.6,1.4,0.125,1.5,0.0,57.0,-1194.0,16.0,10.0,545.0,0.0,0.5,0.0,0.0625,0.0625,0.7300000000000004,0.0
493,202109020710,0,0,0,0,0,0,0,1,0,0,0,0,0,0,0,0,0,0,0,0,0,0,0,0,0,0,0,0,0,0,0,0,0,0,0,0,0.0,0.0,1.0,8.0,14.2,8.8,0.7,0.0,0.0,1.0,3.0,13.6,0.9,0.08333333333333333,0.0,0.0,1.0,3.0,13.4,1.0,0.25,-2.5,6.0,-1770.0,0.043478260869565216,0.17391304347826086,2,4,93.7,15.0,383,980,832,0.0,0.0,1.0,2.0,13.6,0.1,0.4444444444444444,0.0,0.0,4.0,3.0,13.5,0.3,0.5,-1.1,0.8,57.0,-687.0,16.0,10.0,530.0,0.1,0.0,0.0,-0.3333333333333333,-0.125,0.13999999999999985,0.0
494,202109020710,1,1,1,6,1,0,0,3,0,0,0,1,0,0,1,2,0,0,0,2,0,0,0,1,0,0,0,1,0,0,0,1,0,0,0,1,0.0,0.0,12.0,6.0,36.7,0.7,0.1875,0.0,0.0,6.0,14.0,37.8,1.5,0.0625,0.0,0.0,11.0,11.0,38.0,1.4,0.06666666666666667,2.5,6.0,-200.0,0.03076923076923077,0.15384615384615385,1,2,32.9,11.0,1172,1482,1556,0.0,0.0,11.0,9.0,37.0,0.5,0.1875,0.0,0.0,7.0,4.0,36.2,0.4,0.125,-0.9,0.0,55.0,-295.0,16.0,16.0,546.0,0.0,0.0,0.0,0.0,0.0,0.17999999999999972,0.0
495,202109020710,2,2,0,14,0,0,0,1,0,0,0,1,1,1,0,3,0,0,0,0,0,0,0,0,0,0,0,1,0,0,0,0,0,0,0,0,0.0,0.0,90.0,,,,0.7272727272727273,0.0,0.0,80.0,9.0,14.2,12.2,1.0,0.0,0.0,140.0,16.0,38.5,2.4,0.75,7.0,2.0,-1550.0,0.044444444444444446,0.15555555555555556,5,9,21.2,9.0,1221,818,1263,0.0,0.0,70.0,10.0,38.5,2.1,0.46153846153846156,0.0,0.0,90.0,2.0,37.3,0.1,0.08333333333333333,-2.7,0.25,57.0,-721.0,16.0,11.0,498.0,0.18181818181818182,0.0,0.0625,0.38461538461538464,0.0,-6.93,0.0
496,202109020710,2,1,1,14,0,0,0,1,0,0,0,1,1,0,1,6,0,0,0,0,0,0,0,0,0,0,1,1,0,0,0,0,0,0,0,0,0.0,0.0,10.0,4.0,42.5,0.9,0.16666666666666666,0.0,0.0,100.0,6.0,37.6,0.5,0.375,0.0,0.0,100.0,10.0,35.6,1.0,1.0,3.0,-12.0,-200.0,0.14285714285714285,0.2857142857142857,8,15,12.1,5.0,1576,225,1577,0.0,0.0,50.0,11.0,38.8,1.8,0.6,0.0,0.0,80.0,5.0,37.8,1.1,0.4,0.7,0.0,57.0,-1187.0,16.0,6.0,506.0,0.0,-0.0625,0.0,-0.13333333333333333,0.06666666666666667,0.820000000000001,0.0
497,202109020710,2,1,1,14,0,1,0,1,0,0,0,0,1,0,1,6,0,0,0,0,0,0,0,0,0,0,1,1,0,0,0,0,0,0,0,0,0.0,0.0,10.0,14.0,36.2,1.4,1.0,0.0,0.0,13.0,3.0,35.7,0.8,0.8125,0.0,0.0,14.0,12.0,36.5,1.1,0.75,-1.0,0.0,-200.0,0.05,0.2,2,3,69.7,14.0,1576,1436,1577,0.0,0.0,11.0,14.0,35.3,0.9,0.875,0.0,0.0,5.0,1.0,36.8,0.0,0.375,-1.5,0.4,55.0,-211.0,16.0,14.0,518.0,0.0,-0.0625,0.1875,0.125,0.0625,-0.0799999999999983,0.0
498,202109020710,1,1,1,6,0,0,0,1,0,0,0,0,0,0,1,2,0,0,0,0,0,0,0,0,0,0,0,1,0,0,0,0,0,0,0,0,0.0,0.0,110.0,,,,0.2727272727272727,0.0,0.0,130.0,15.0,37.3,1.4,0.3333333333333333,0.0,0.0,100.0,10.0,36.7,0.9,0.7333333333333333,-5.0,-14.0,-500.0,0.05405405405405406,0.13513513513513514,6,11,36.4,12.0,1172,1103,1556,0.0,0.0,120.0,13.0,37.1,1.5,0.625,0.0,0.0,100.0,4.0,35.5,0.4,0.6666666666666666,-3.0,0.0,57.0,-1168.0,16.0,11.0,500.0,0.7272727272727273,0.0,-0.13333333333333333,0.25,-0.06666666666666667,0.4999999999999993,0.0
499,202109020710,0,0,0,4,0,0,2,10,0,0,0,0,0,0,0,2,0,0,0,0,0,0,0,0,0,0,0,1,0,0,0,0,0,0,0,0,0.0,0.0,10.0,9.0,37.8,1.3,0.5333333333333333,0.0,0.0,18.0,14.0,35.8,1.0,0.05555555555555555,0.0,0.0,17.0,18.0,38.0,2.4,0.05555555555555555,4.5,-6.0,0.0,0.08888888888888889,0.3111111111111111,7,13,13.1,6.0,1645,1183,1366,0.0,0.0,16.0,15.0,37.4,1.2,0.1875,0.0,0.0,13.0,15.0,35.1,0.9,0.625,1.3,0.0,57.0,-533.0,16.0,15.0,514.0,0.0,0.0,0.0,0.0,-0.0625,0.379999999999999,0.0
500,202109020710,0,0,0,0,3,0,2,9,0,0,0,0,0,0,0,0,0,0,1,3,0,0,0,0,0,0,0,0,0,0,0,0,0,0,0,0,0.0,0.0,13.0,13.0,45.4,7.0,0.6153846153846154,0.0,0.0,15.0,15.0,37.8,2.5,0.4375,0.0,0.0,16.0,15.0,38.3,2.2,0.3125,1.0,1.0,-400.0,0.05172413793103448,0.1206896551724138,7,14,119.9,16.0,1170,1556,1404,0.0,0.0,10.0,16.0,39.7,3.0,0.1875,0.0,0.0,5.0,1.0,36.9,0.0,0.125,-2.3,0.2,57.0,-685.0,16.0,13.0,477.0,0.38461538461538464,0.0625,0.0625,0.125,0.0,1.5099999999999993,0.0
501,202109020710,0,0,1,3,0,0,0,5,0,0,0,0,0,0,0,0,0,0,0,0,0,0,0,0,0,0,0,0,0,0,0,0,0,0,0,0,0.0,0.0,20.0,3.0,41.4,0.7,0.5555555555555556,0.0,0.0,130.0,16.0,39.6,3.1,0.5,0.0,0.0,150.0,16.0,38.6,2.4,0.125,6.5,3.0,-400.0,0.08333333333333333,0.3333333333333333,8,16,7.5,3.0,1431,1186,1428,0.0,0.0,130.0,16.0,39.5,3.5,0.25,0.0,0.0,110.0,11.0,37.7,1.1,0.375,1.6,0.2,57.0,-1190.0,16.0,9.0,507.0,-0.3333333333333333,0.1875,0.0,0.0625,0.125,0.7499999999999993,0.0
502,202109020801,0,0,0,0,1,0,0,3,0,0,0,0,0,0,0,0,0,0,0,0,0,0,0,0,0,0,0,0,0,0,0,0,0,0,0,0,0.0,0.0,9.0,10.0,39.1,2.2,0.4,0.0,0.0,12.0,10.0,35.4,0.7,0.14285714285714285,0.0,0.0,11.0,9.0,35.7,0.8,0.9230769230769231,-0.5,22.0,0.0,0.05555555555555555,0.2222222222222222,3,5,15.3,6.0,1426,322,306,0.0,0.0,13.0,10.0,34.8,0.6,0.2222222222222222,0.0,0.0,9.0,13.0,35.1,1.1,0.3333333333333333,0.6,0.0,54.0,-872.0,16.0,10.0,474.0,0.0,0.0,0.0,-0.1111111111111111,0.0,0.8600000000000001,0.0
503,202109020801,0,2,0,11,2,2,0,15,0,0,0,0,0,0,0,1,2,1,0,4,0,0,0,0,0,0,0,0,2,0,0,1,0,0,0,0,0.0,0.0,14.0,12.0,37.0,0.8,0.625,0.0,0.0,16.0,10.0,37.1,1.2,0.875,0.0,0.0,13.0,15.0,40.0,2.0,0.26666666666666666,1.5,12.0,50.0,0.04918032786885246,0.19672131147540983,6,12,3.5,2.0,1561,1559,1263,0.0,0.0,16.0,15.0,38.8,1.6,0.375,0.0,0.0,9.0,6.0,36.4,0.4,0.46153846153846156,-0.7,0.0,54.0,-581.0,16.0,16.0,446.0,0.0,-0.125,0.0,0.0,0.0,-0.04999999999999929,0.0
504,202109020801,2,2,0,15,2,2,0,15,0,0,0,2,1,1,0,5,2,1,0,4,0,0,0,0,0,1,0,3,2,0,0,1,0,0,0,0,0.0,0.0,6.0,9.0,40.8,2.7,0.1111111111111111,0.0,0.0,10.0,15.0,40.2,2.7,0.125,0.0,0.0,11.0,11.0,37.5,1.6,0.38461538461538464,1.0,15.0,-200.0,0.0,0.0,7,14,6.1,3.0,1393,1559,1263,0.0,0.0,9.0,12.0,37.6,0.7,0.375,0.0,0.0,12.0,10.0,37.1,0.9,0.25,-0.1,0.0,56.0,-1196.0,16.0,9.0,471.0,0.4444444444444444,0.0,-0.07692307692307693,0.0,0.0,0.9999999999999993,0.0
505,202109020801,2,2,0,15,0,0,0,1,0,0,0,0,1,1,0,5,0,0,0,0,0,0,0,0,0,1,0,3,0,0,0,0,0,0,0,0,0.0,0.0,150.0,70.0,38.2,1.4,0.625,0.0,0.0,100.0,110.0,36.8,1.2,0.23529411764705882,0.0,0.0,50.0,60.0,36.7,0.8,0.7142857142857143,-5.0,9.0,0.0,0.0,0.07692307692307693,7,13,14.3,5.0,1393,102,1263,0.0,0.0,70.0,30.0,36.9,0.7,0.375,0.0,0.0,30.0,30.0,37.8,0.5,0.2,-16.0,0.0,51.0,-368.0,16.0,16.0,449.0,-0.0625,0.0,-0.07142857142857142,-0.0625,-0.06666666666666667,0.07000000000000099,0.0
506,202109020801,0,0,0,1,2,0,0,9,0,0,0,0,0,0,0,0,1,0,0,2,0,0,0,0,0,0,0,0,0,0,0,1,0,0,0,0,0.0,0.0,90.0,30.0,41.9,1.6,0.8,0.0,0.0,80.0,90.0,36.2,0.8,0.6428571428571429,0.0,0.0,60.0,60.0,37.2,1.6,0.1875,15.0,16.0,-200.0,0.023529411764705882,0.2,4,8,3.3,1.0,1130,1235,1328,0.0,0.0,60.0,70.0,37.8,0.6,0.5625,0.0,0.0,10.0,50.0,37.0,1.0,0.4375,2.0,0.0,56.0,-1170.0,16.0,10.0,432.0,-0.1,0.0,0.0,-0.0625,-0.0625,0.8200000000000003,0.0
507,202109020801,0,0,0,0,0,2,1,5,0,0,0,0,0,0,0,0,0,0,0,1,0,0,0,0,0,0,0,0,0,0,0,1,0,0,0,0,0.0,0.0,80.0,80.0,42.2,1.8,0.45454545454545453,0.0,0.0,120.0,120.0,44.7,7.8,0.3333333333333333,0.0,0.0,180.0,160.0,36.3,1.4,0.1111111111111111,40.0,18.0,-200.0,0.0,0.06060606060606061,5,9,31.0,10.0,1020,1221,1576,0.0,0.0,140.0,110.0,36.7,1.4,0.7857142857142857,0.0,0.0,160.0,160.0,39.7,3.8,0.125,15.0,0.0,54.0,-1280.0,16.0,11.0,484.0,0.0,0.16666666666666666,0.0,0.0,0.0625,1.3,0.0
508,202109020801,0,0,0,0,0,0,0,1,0,0,0,0,0,0,0,0,0,0,0,0,0,0,0,0,0,0,0,0,0,0,0,0,0,0,0,0,0.0,0.0,1.0,1.0,38.0,0.0,0.3333333333333333,0.0,0.0,15.0,8.0,40.0,1.8,0.4375,0.0,0.0,11.0,5.0,38.7,2.1,0.6428571428571429,2.0,19.0,-400.0,0.1346153846153846,0.2980769230769231,6,11,16.1,8.0,1020,1034,1576,0.0,0.0,9.0,8.0,38.8,1.5,0.5384615384615384,0.0,0.0,12.0,9.0,38.3,1.0,0.4666666666666667,1.6,0.2,56.0,-1190.0,16.0,6.0,527.0,0.0,0.125,-0.2857142857142857,0.3076923076923077,-0.06666666666666667,0.06000000000000085,0.0
509,202109020801,0,0,0,0,0,0,0,0,0,0,0,0,0,0,0,0,0,0,0,0,0,0,0,0,0,0,0,0,0,0,0,0,0,0,0,0,0.0,0.0,6.0,6.0,41.1,2.2,0.25,0.0,0.0,11.0,8.0,36.8,1.6,0.75,0.0,0.0,13.0,8.0,36.9,1.2,0.11764705882352941,1.0,7.0,-200.0,0.0,0.08,4,7,56.4,11.0,1629,599,1428,0.0,0.0,13.0,13.0,37.9,2.0,0.26666666666666666,0.0,0.0,13.0,15.0,40.5,4.0,0.3125,2.3,0.0,56.0,-347.0,16.0,8.0,493.0,-0.125,-0.0625,0.0,0.0,0.3125,0.010000000000000142,0.0
510,202109020801,1,2,1,19,2,1,0,23,1,0,0,1,0,0,0,6,1,0,0,6,0,0,0,0,0,0,0,1,0,0,0,1,0,0,0,0,0.0,0.0,13.0,5.0,35.7,0.6,0.14285714285714285,0.0,0.0,14.0,11.0,40.0,2.1,0.4,0.0,0.0,7.0,9.0,38.7,2.2,0.0625,2.0,-6.0,200.0,0.0,0.0,8,16,15.9,7.0,1172,1558,1556,0.0,0.0,7.0,8.0,38.6,1.5,0.1875,0.0,0.0,6.0,6.0,39.2,1.4,0.125,-0.1,0.0,54.0,-83.0,16.0,14.0,424.0,0.0,-0.2,0.0,0.0,0.0,-0.5600000000000002,0.0
511,202109020801,2,2,0,8,1,3,2,35,0,0,0,1,1,0,0,2,0,1,1,5,0,0,0,0,1,0,0,1,0,0,1,0,0,0,0,0,0.0,0.0,40.0,70.0,42.0,2.5,0.5714285714285714,0.0,0.0,160.0,100.0,38.8,1.6,0.5,0.0,0.0,150.0,90.0,39.9,1.9,0.5625,10.0,5.0,-200.0,0.109375,0.3125,8,15,88.2,12.0,1191,1167,1235,0.0,0.0,120.0,100.0,36.8,2.3,0.9375,0.0,0.0,160.0,80.0,39.0,2.9,0.4375,2.0,0.0,56.0,-868.0,16.0,7.0,459.0,0.2857142857142857,-0.0625,0.0625,0.0,0.0,0.8,0.0
512,202109020801,1,0,0,5,1,1,1,6,0,0,0,0,0,0,0,3,0,1,1,2,0,0,0,0,0,0,0,2,0,0,0,0,0,0,0,0,0.0,0.0,9.0,8.0,40.4,1.6,0.7,0.0,0.0,12.0,13.0,38.8,1.8,0.4666666666666667,0.0,0.0,4.0,11.0,37.8,2.4,0.625,1.5,8.0,-200.0,0.0,0.125,1,2,9.7,4.0,1674,1417,1428,0.0,0.0,10.0,8.0,37.9,1.3,0.5,,,,,,,,-0.2,0.0,56.0,-453.0,16.0,10.0,520.0,0.2,0.0,0.0625,-0.125,,0.85,0.0
513,202109020801,0,0,0,2,1,0,1,7,0,0,0,1,0,0,0,1,0,0,0,1,0,0,0,0,0,0,0,1,0,0,0,1,0,0,0,0,0.0,0.0,14.0,14.0,36.1,1.5,0.7857142857142857,0.0,0.0,16.0,16.0,40.2,3.5,0.6875,0.0,0.0,15.0,13.0,37.1,1.6,0.875,-0.5,10.0,200.0,0.0,0.06666666666666667,2,3,170.3,14.0,1476,1436,1589,0.0,0.0,13.0,8.0,37.0,1.3,0.6153846153846154,0.0,0.0,9.0,4.0,40.8,0.9,0.45454545454545453,-2.8,0.0,51.0,-861.0,16.0,14.0,490.0,0.0,0.0,0.0,-0.07692307692307693,0.18181818181818182,-0.6199999999999989,0.0
514,202109020801,0,0,0,6,0,0,0,0,0,0,0,0,0,0,0,1,0,0,0,0,0,0,0,0,0,0,0,1,0,0,0,0,0,0,0,0,0.0,0.0,13.0,15.0,40.0,3.8,0.8666666666666667,0.0,0.0,13.0,13.0,37.6,2.5,0.8125,0.0,0.0,8.0,7.0,44.1,4.6,0.875,-4.0,-8.0,-200.0,0.046511627906976744,0.09302325581395349,2,4,112.9,13.0,1200,1478,324,0.0,0.0,15.0,16.0,35.9,1.9,0.5625,0.0,0.0,15.0,10.0,35.5,1.5,0.625,-0.7,0.0,54.0,-28.0,16.0,15.0,436.0,0.0,0.0,-0.125,-0.1875,0.0625,1.0700000000000003,0.0
515,202109020801,0,0,0,1,1,1,0,10,0,0,0,0,0,0,0,0,1,0,0,4,0,0,0,0,0,0,0,0,0,0,0,3,0,0,0,0,0.0,0.0,5.0,8.0,41.9,2.9,0.625,0.0,0.0,15.0,15.0,41.7,6.0,0.6,0.0,0.0,13.0,14.0,38.7,2.3,0.8666666666666667,3.0,2.0,-400.0,0.0,0.10416666666666667,3,6,263.1,16.0,1376,1482,1559,0.0,0.0,14.0,13.0,36.3,1.2,0.6,0.0,0.0,13.0,14.0,41.0,3.2,0.26666666666666666,1.0,0.0,54.0,-1186.0,16.0,8.0,464.0,0.125,0.26666666666666666,0.06666666666666667,0.0,0.4,0.7200000000000003,0.0
516,202109020801,0,0,0,0,2,0,0,9,0,0,0,0,0,0,0,0,1,0,0,2,0,0,0,0,0,0,0,0,0,0,0,1,0,0,0,0,0.0,0.0,9.0,15.0,39.5,3.6,0.25,0.0,0.0,13.0,16.0,40.2,4.0,0.125,0.0,0.0,12.0,12.0,38.5,2.7,0.125,-1.5,6.0,0.0,0.1,0.3,1,1,17.8,9.0,1677,1235,1167,0.0,0.0,12.0,11.0,36.1,2.0,1.0,,,,,,,,-1.6,0.0,53.0,0.0,16.0,16.0,496.0,0.375,0.0,0.0,0.0,,1.19,0.0
517,202109020801,0,1,0,1,2,5,6,29,0,0,0,0,0,0,0,0,0,0,0,5,0,0,0,0,0,0,0,0,0,0,0,1,0,0,0,0,0.0,0.0,2.0,1.0,36.9,0.0,0.1,0.0,0.0,15.0,16.0,38.6,4.0,0.875,0.0,0.0,10.0,15.0,40.0,3.6,0.8125,7.0,23.0,-300.0,0.0425531914893617,0.14893617021276595,5,10,248.0,15.0,1042,1263,488,0.0,0.0,14.0,15.0,43.7,5.5,0.625,0.0,0.0,6.0,7.0,38.9,1.5,0.5,1.1,0.2,56.0,-1192.0,16.0,10.0,477.0,0.1,0.0625,0.125,0.25,-0.1,-0.9100000000000001,0.0
518,202109020807,7,4,0,9,1,0,1,7,0,0,0,1,1,0,0,1,0,0,0,1,0,0,0,0,0,0,0,0,0,0,0,0,0,0,0,0,0.0,0.0,2.0,3.0,40.1,0.4,0.45454545454545453,0.0,0.0,15.0,15.0,41.1,3.3,0.2,0.0,0.0,6.0,13.0,35.1,1.8,0.5714285714285714,5.0,-6.0,-200.0,0.05084745762711865,0.11864406779661017,5,6,25.9,6.0,1152,1436,1428,0.0,0.0,6.0,16.0,38.8,2.3,0.25,0.0,0.0,11.0,9.0,36.6,0.8,0.2857142857142857,1.3,0.2,57.0,-1179.0,12.0,11.0,500.0,0.0,0.8,0.07142857142857142,0.0,0.35714285714285715,0.9300000000000004,0.0
519,202109020807,0,0,0,1,1,0,0,1,0,0,0,0,0,0,0,1,0,0,0,1,0,0,0,0,0,0,0,0,0,0,0,0,0,0,0,0,0.0,0.0,7.0,2.0,38.6,0.1,0.8181818181818182,0.0,0.0,10.0,15.0,43.1,5.4,0.3125,0.0,0.0,9.0,13.0,14.2,13.4,0.9285714285714286,5.5,-3.0,-400.0,0.1111111111111111,0.2222222222222222,6,8,8.6,5.0,882,332,695,0.0,0.0,6.0,12.0,14.6,19.6,0.9166666666666666,0.0,0.0,15.0,8.0,37.9,1.4,0.3125,0.9,0.2,54.0,-1184.0,12.0,11.0,499.0,0.09090909090909091,0.125,0.0,0.08333333333333333,-0.0625,2.9900000000000007,0.0
520,202109020807,0,0,0,0,0,0,0,1,0,0,0,0,0,0,0,0,0,0,0,1,0,0,0,0,0,0,0,0,0,0,0,0,0,0,0,0,0.0,0.0,12.0,11.0,37.8,1.4,0.6875,0.0,0.0,9.0,15.0,37.5,1.9,0.4375,0.0,0.0,9.0,13.0,34.5,1.1,1.0,1.0,-2.0,0.0,0.023809523809523808,0.19047619047619047,5,5,2.3,1.0,832,969,351,0.0,0.0,3.0,5.0,36.8,0.8,0.26666666666666666,0.0,0.0,1.0,4.0,37.0,0.3,0.26666666666666666,-2.4,0.0,57.0,-742.0,12.0,16.0,496.0,0.0,0.0,0.0,0.06666666666666667,0.0,0.2299999999999997,0.0
521,202109020807,0,1,0,6,0,0,0,1,0,0,0,1,0,0,0,1,0,0,0,0,0,0,0,0,0,0,0,0,0,0,0,0,0,0,0,0,0.0,0.0,3.0,9.0,36.6,1.5,0.8666666666666667,0.0,0.0,4.0,4.0,35.5,0.7,1.0,0.0,0.0,8.0,2.0,35.8,0.2,0.8571428571428571,-3.5,-2.0,0.0,0.0,0.10638297872340426,3,3,7.6,4.0,1254,1574,86,0.0,0.0,12.0,8.0,37.1,1.3,0.9375,0.0,0.0,6.0,5.0,36.5,1.4,0.9230769230769231,-0.4,0.2,57.0,-13.0,12.0,15.0,492.0,-0.06666666666666667,-0.08333333333333333,-0.07142857142857142,0.0,0.07692307692307693,-0.13999999999999985,0.0
522,202109020807,2,3,5,29,1,1,4,26,0,1,1,2,2,2,2,9,0,1,2,3,0,1,1,1,1,1,0,4,0,0,1,1,0,0,0,1,0.0,0.0,2.0,3.0,39.1,0.6,0.08333333333333333,0.0,0.0,11.0,15.0,38.0,2.2,0.3125,0.0,0.0,13.0,16.0,39.4,1.9,0.125,6.5,19.0,-300.0,0.1111111111111111,0.31746031746031744,7,10,3.3,2.0,1576,1013,1577,0.0,0.0,9.0,16.0,38.7,2.2,0.75,0.0,0.0,9.0,12.0,37.2,1.6,0.5625,1.9000000000000004,0.2,57.0,-1193.0,12.0,12.0,517.0,0.0,0.1875,0.0,-0.1875,0.1875,0.30999999999999944,0.0
523,202109020807,0,0,2,27,0,0,0,6,0,0,0,2,0,0,0,1,0,0,0,2,0,0,0,1,0,0,0,0,0,0,0,0,0,0,0,0,0.0,0.0,90.0,90.0,42.2,2.9,0.6363636363636364,0.0,0.0,140.0,160.0,41.6,3.9,0.125,0.0,0.0,90.0,90.0,41.0,4.0,0.4444444444444444,0.0,3.0,-200.0,0.13592233009708737,0.30097087378640774,8,12,53.0,7.0,1691,1393,1167,0.0,0.0,80.0,100.0,41.8,4.2,0.36363636363636365,0.0,0.0,140.0,70.0,40.2,1.0,0.06666666666666667,-10.0,0.0,55.0,-1045.0,12.0,11.0,455.0,0.09090909090909091,0.5625,0.0,0.5454545454545454,0.26666666666666666,0.38000000000000045,0.0
524,202109020807,0,0,0,1,0,0,0,2,0,0,0,1,0,0,0,1,0,0,0,1,0,0,0,1,0,0,0,0,0,0,0,0,0,0,0,0,0.0,0.0,13.0,11.0,39.2,1.3,0.6153846153846154,0.0,0.0,3.0,10.0,13.5,4.0,0.15384615384615385,0.0,0.0,4.0,8.0,14.0,6.3,0.09090909090909091,-1.5,16.0,0.0,0.0,0.08333333333333333,7,9,55.6,8.0,525,275,1,0.0,0.0,5.0,6.0,13.4,2.4,0.15384615384615385,0.0,0.0,9.0,8.0,35.6,0.9,0.7857142857142857,-1.0,0.0,54.0,-1178.0,12.0,13.0,530.0,-0.07692307692307693,0.6923076923076923,0.09090909090909091,-0.07692307692307693,0.0,0.7300000000000004,0.0
525,202109020807,0,0,0,10,1,1,4,26,0,0,0,1,0,0,0,0,0,1,2,3,0,0,0,0,0,0,0,0,0,0,1,1,0,0,0,0,0.0,0.0,10.0,10.0,13.9,5.5,0.6363636363636364,0.0,0.0,12.0,9.0,37.5,1.6,0.7142857142857143,0.0,0.0,7.0,7.0,13.7,3.1,0.07692307692307693,-1.5,-2.0,-1800.0,0.0,0.25,6,7,64.9,9.0,1294,1013,471,0.0,0.0,7.0,8.0,13.6,3.6,0.4,0.0,0.0,8.0,10.0,14.2,3.7,0.42857142857142855,-0.1,0.0,57.0,-412.0,12.0,11.0,516.0,0.36363636363636365,0.07142857142857142,0.15384615384615385,0.3,0.14285714285714285,2.33,0.0
526,202109020807,2,2,0,15,2,1,0,23,0,0,0,0,1,1,0,5,1,0,0,6,0,0,0,0,0,0,0,1,0,0,0,2,0,0,0,0,0.0,0.0,3.0,13.0,41.7,2.9,0.7857142857142857,0.0,0.0,14.0,14.0,41.8,4.0,0.35714285714285715,0.0,0.0,8.0,10.0,38.2,2.5,0.1,-1.5,-16.0,-400.0,0.0425531914893617,0.1702127659574468,1,1,167.4,11.0,1393,1558,1263,0.0,0.0,10.0,9.0,41.3,3.1,0.09090909090909091,0.0,0.0,9.0,13.0,39.8,2.3,0.1875,-0.5,0.0,56.0,-324.0,12.0,14.0,468.0,0.0,0.5,0.5,0.0,0.0,0.43000000000000116,0.0
527,202109020807,0,0,0,3,0,0,0,1,0,0,0,1,0,0,0,0,0,0,0,0,0,0,0,0,0,0,0,0,0,0,0,0,0,0,0,0,0.0,0.0,12.0,10.0,37.8,2.6,0.5,0.0,0.0,8.0,15.0,40.3,3.6,0.8666666666666667,0.0,0.0,6.0,12.0,36.7,2.5,1.0,1.0,-2.0,0.0,0.0273972602739726,0.1095890410958904,8,11,174.4,12.0,1434,102,969,0.0,0.0,1.0,1.0,38.6,0.0,0.5714285714285714,0.0,0.0,2.0,6.0,38.6,0.7,0.1875,-2.2,0.2,57.0,0.0,12.0,12.0,520.0,0.16666666666666666,0.06666666666666667,0.0,-0.42857142857142855,0.0,0.009999999999998722,0.0
528,202109020807,1,2,1,19,0,0,0,3,0,0,0,0,0,0,0,6,0,0,0,2,0,0,0,0,0,0,0,2,0,0,0,0,0,0,0,0,0.0,0.0,7.0,13.0,13.5,7.3,0.23076923076923078,0.0,0.0,5.0,1.0,13.4,0.0,0.21428571428571427,0.0,0.0,6.0,7.0,13.8,3.1,0.5384615384615384,-3.0,-2.0,-2090.0,0.0958904109589041,0.3013698630136986,2,2,6.1,3.0,1172,1313,1556,0.0,0.0,5.0,8.0,14.1,2.9,0.6428571428571429,0.0,0.0,10.0,11.0,39.4,1.9,0.07692307692307693,0.3,0.2,57.0,-398.0,12.0,13.0,472.0,0.6923076923076923,-0.14285714285714285,0.15384615384615385,0.0,0.0,-5.249999999999999,0.0
529,202109020807,0,0,0,1,0,0,0,0,0,0,0,0,0,0,0,0,0,0,0,0,0,0,0,0,0,0,0,0,0,0,0,0,0,0,0,0,0.0,0.0,13.0,13.0,34.4,1.6,0.9230769230769231,0.0,0.0,11.0,13.0,35.5,1.3,0.6153846153846154,0.0,0.0,12.0,11.0,36.1,1.9,0.8571428571428571,-1.0,-4.0,0.0,0.047619047619047616,0.09523809523809523,4,4,69.9,10.0,1059,1018,1482,0.0,0.0,12.0,11.0,37.2,1.9,0.75,0.0,0.0,14.0,8.0,33.3,0.4,0.625,-1.2,0.0,57.0,-1071.0,12.0,13.0,474.0,0.07692307692307693,0.0,0.0,-0.125,0.0625,0.05,0.0
530,202109020903,4,14,9,78,8,8,7,66,0,1,0,1,2,4,6,21,2,4,1,13,0,0,0,1,1,0,3,7,2,3,1,8,0,0,0,1,0.0,0.0,5.0,11.0,36.9,1.2,0.5625,0.0,0.0,2.0,13.0,37.5,1.1,0.4,0.0,0.0,1.0,3.0,36.0,0.1,0.3125,-4.0,10.0,0.0,0.18,0.52,5,10,1.4,1.0,1172,1294,1556,0.0,0.0,1.0,1.0,37.2,0.0,0.125,0.0,0.0,1.0,1.0,38.6,0.0,0.0625,-3.2,0.6,56.0,-505.0,16.0,16.0,486.0,-0.125,0.0,-0.0625,0.0,0.0,-0.31000000000000083,0.0
531,202109020903,4,4,2,46,4,6,5,59,0,0,0,4,0,1,0,4,1,0,1,5,0,0,0,0,0,1,0,2,1,0,1,2,0,0,0,0,0.0,0.0,5.0,8.0,44.7,6.5,0.75,0.0,0.0,5.0,12.0,38.4,3.1,0.25,0.0,0.0,2.0,5.0,36.0,1.7,0.4166666666666667,-1.5,19.0,-200.0,0.02702702702702703,0.10810810810810811,5,9,9.0,3.0,1137,1428,556,0.0,0.0,3.0,4.0,37.5,0.5,0.125,0.0,0.0,5.0,3.0,38.1,0.2,0.0625,-1.8,0.2,56.0,-402.0,16.0,8.0,447.0,0.25,0.16666666666666666,0.08333333333333333,0.0,0.0,1.4100000000000001,0.0
532,202109020903,13,7,11,84,8,9,14,114,0,1,0,7,6,2,3,19,0,0,2,18,0,0,0,2,2,2,2,7,0,0,1,3,0,0,0,0,0.0,0.0,10.0,10.0,37.4,1.1,0.3076923076923077,0.0,0.0,11.0,11.0,36.4,1.7,0.35714285714285715,0.0,0.0,11.0,5.0,37.9,1.9,0.125,-2.5,2.0,0.0,0.09090909090909091,0.2727272727272727,3,5,29.9,6.0,1716,1263,1167,0.0,0.0,10.0,15.0,37.3,2.3,0.7333333333333333,0.0,0.0,8.0,12.0,35.9,1.2,0.75,0.8,0.0,51.0,-897.0,16.0,13.0,450.0,0.07692307692307693,0.21428571428571427,0.0,0.0,0.0625,0.21000000000000013,0.0
533,202109020903,13,7,11,84,4,6,5,59,1,0,0,5,6,2,3,19,1,0,1,5,1,0,0,1,2,2,2,7,1,0,1,2,1,0,0,0,0.0,0.0,11.0,7.0,35.2,0.5,0.8181818181818182,0.0,0.0,15.0,13.0,38.4,2.0,0.1875,0.0,0.0,12.0,9.0,35.6,1.0,0.5,1.0,8.0,200.0,0.13333333333333333,0.16666666666666666,7,14,20.7,5.0,1716,1428,1167,0.0,0.0,11.0,16.0,38.0,1.7,0.25,0.0,0.0,10.0,7.0,37.1,0.7,0.08333333333333333,0.3,0.0,54.0,-826.0,16.0,11.0,490.0,0.18181818181818182,0.125,0.07142857142857142,0.125,0.08333333333333333,-0.33999999999999986,0.0
534,202109020903,0,0,1,15,8,4,4,44,0,0,0,0,0,0,0,1,7,0,2,12,0,0,0,0,0,0,0,1,2,0,1,5,0,0,0,0,0.0,0.0,3.0,12.0,43.1,2.9,0.16666666666666666,0.0,0.0,6.0,9.0,35.7,1.0,0.4444444444444444,0.0,0.0,4.0,4.0,35.7,0.5,0.05555555555555555,-4.0,14.0,-200.0,0.06666666666666667,0.13333333333333333,1,2,10.0,4.0,1677,1235,1167,0.0,0.0,2.0,9.0,38.4,1.6,0.125,0.0,0.0,4.0,5.0,38.5,1.5,0.21428571428571427,-1.4000000000000001,0.0,56.0,-346.0,16.0,12.0,492.0,0.3333333333333333,-0.05555555555555555,0.0,0.0,0.0,0.6500000000000007,0.0
535,202109020903,0,1,0,3,2,1,1,20,0,0,0,0,0,1,0,0,0,0,0,3,0,0,0,0,0,1,0,0,0,0,0,0,0,0,0,0,0.0,0.0,5.0,5.0,39.1,1.6,1.0,0.0,0.0,10.0,6.0,38.1,1.5,0.35714285714285715,0.0,0.0,8.0,11.0,38.3,1.5,0.3125,3.0,28.0,-300.0,0.13333333333333333,0.29523809523809524,2,3,153.8,10.0,1310,1292,1618,0.0,0.0,5.0,6.0,36.9,1.3,0.1111111111111111,,,,,,,,0.8,0.0,54.0,-664.0,16.0,12.0,452.0,-0.25,0.07142857142857142,0.0625,0.0,,0.6400000000000012,0.0
536,202109020903,1,0,1,22,1,3,3,31,0,0,0,3,1,0,1,12,1,1,2,10,0,0,0,1,0,0,1,10,0,0,1,6,0,0,0,1,0.0,0.0,4.0,6.0,41.5,1.3,0.16666666666666666,0.0,0.0,3.0,11.0,42.0,1.9,0.21428571428571427,0.0,0.0,2.0,3.0,39.1,0.4,0.38461538461538464,-1.5,24.0,-300.0,0.17142857142857143,0.42857142857142855,8,16,5.4,2.0,1426,1503,306,0.0,0.0,3.0,6.0,38.7,1.0,0.42857142857142855,0.0,0.0,1.0,2.0,39.1,0.6,0.6,-1.3,0.4,56.0,-690.0,16.0,12.0,490.0,0.08333333333333333,-0.07142857142857142,-0.23076923076923078,-0.2857142857142857,-0.3,0.8099999999999994,0.0
537,202109020903,0,0,0,1,5,4,5,38,0,0,0,1,0,0,0,1,2,0,3,6,0,0,0,1,0,0,0,0,1,0,1,3,0,0,0,0,0.0,0.0,150.0,6.0,37.8,0.6,0.375,0.0,0.0,160.0,13.0,37.5,2.1,0.8125,0.0,0.0,140.0,14.0,42.7,5.6,0.6,4.0,0.0,0.0,0.08196721311475409,0.22950819672131148,4,8,99.4,9.0,1737,1482,548,0.0,0.0,80.0,7.0,38.7,2.4,0.5454545454545454,,,,,,,,0.4,0.0,56.0,27.0,16.0,16.0,460.0,0.0,-0.125,0.0,0.2727272727272727,,-0.790000000000002,0.0
538,202109020903,3,2,2,54,0,0,0,16,0,0,0,3,0,1,0,11,0,0,0,4,0,0,0,3,0,0,0,5,0,0,0,2,0,0,0,2,0.0,0.0,100.0,9.0,40.4,3.0,0.3,0.0,0.0,110.0,12.0,37.8,2.1,0.6666666666666666,0.0,0.0,80.0,9.0,35.9,1.1,0.9166666666666666,0.0,33.0,0.0,0.1076923076923077,0.3076923076923077,6,11,80.4,8.0,1403,1589,939,0.0,0.0,80.0,9.0,37.6,2.1,1.0,0.0,0.0,100.0,6.0,38.2,1.9,0.3125,-0.9,0.0,56.0,-1130.0,16.0,10.0,547.0,0.2,0.16666666666666666,-0.08333333333333333,-0.07142857142857142,0.0625,0.45999999999999874,0.0
539,202109020903,2,1,0,19,8,8,14,82,0,0,0,0,1,1,0,1,1,1,2,14,0,0,0,0,1,0,0,1,0,0,2,2,0,0,0,0,0.0,0.0,12.0,6.0,40.4,2.0,0.8333333333333334,0.0,0.0,11.0,10.0,38.2,2.2,0.8571428571428571,0.0,0.0,18.0,10.0,36.0,1.4,0.5555555555555556,2.0,19.0,-100.0,0.0,0.0,1,1,186.9,11.0,1674,1559,1428,0.0,0.0,15.0,14.0,38.4,2.2,0.75,0.0,0.0,9.0,10.0,35.6,1.7,0.5833333333333334,1.2,0.0,51.0,-1149.0,16.0,12.0,445.0,-0.08333333333333333,-0.07142857142857142,-0.05555555555555555,0.0,-0.08333333333333333,0.9399999999999998,0.0
540,202109020903,2,3,4,27,0,0,0,0,0,0,0,0,1,0,0,9,0,0,0,0,0,0,0,0,1,0,0,4,0,0,0,0,0,0,0,0,0.0,0.0,1.0,8.0,40.3,0.9,0.3333333333333333,0.0,0.0,5.0,12.0,35.5,1.0,0.3888888888888889,0.0,0.0,13.0,3.0,33.9,0.3,0.7222222222222222,-2.5,26.0,0.0,0.08695652173913043,0.30434782608695654,7,13,201.6,12.0,1317,263,1186,0.0,0.0,12.0,11.0,38.8,2.6,0.6428571428571429,0.0,0.0,11.0,9.0,39.7,2.4,0.1875,0.1,0.2,54.0,-1048.0,16.0,12.0,442.0,0.0,0.05555555555555555,0.0,0.0,0.0,-0.21000000000000085,0.0
541,202109020903,13,7,11,84,0,0,1,9,0,0,0,2,6,2,3,19,0,0,0,3,0,0,0,0,2,2,2,7,0,0,0,2,0,0,0,0,0.0,0.0,3.0,5.0,37.6,1.6,0.3333333333333333,0.0,0.0,11.0,17.0,37.6,2.8,0.11764705882352941,0.0,0.0,8.0,2.0,34.8,0.0,0.05555555555555555,-1.5,-11.0,380.0,0.0,0.2222222222222222,4,7,48.1,7.0,1716,1553,1167,0.0,0.0,7.0,12.0,39.2,2.9,0.5714285714285714,0.0,0.0,3.0,9.0,38.4,2.4,0.5,0.3,0.2,53.0,-1110.0,16.0,9.0,495.0,-0.1111111111111111,0.29411764705882354,0.0,0.07142857142857142,0.0625,-0.31999999999999956,0.0
542,202109020903,0,2,1,14,2,2,0,10,0,0,0,0,0,2,0,6,0,0,0,0,0,0,0,0,0,1,0,3,0,0,0,0,0,0,0,0,0.0,0.0,7.0,6.0,41.5,1.0,0.4,0.0,0.0,13.0,16.0,40.9,4.0,0.125,0.0,0.0,16.0,12.0,36.3,1.4,0.8125,3.0,10.0,-200.0,0.1,0.23333333333333334,3,6,235.3,13.0,1036,1599,1108,0.0,0.0,13.0,13.0,38.8,3.1,0.9285714285714286,0.0,0.0,14.0,13.0,38.5,2.3,0.8125,1.1,0.0,54.0,-250.0,16.0,10.0,438.0,0.0,0.625,0.0625,0.0,0.0,0.8100000000000002,0.0
543,202109020903,0,1,4,19,0,0,0,2,0,0,0,0,0,0,1,2,0,0,0,0,0,0,0,0,0,0,1,0,0,0,0,0,0,0,0,0,0.0,0.0,1.0,7.0,37.7,1.2,1.0,0.0,0.0,16.0,9.0,34.8,0.6,0.6666666666666666,0.0,0.0,14.0,14.0,39.4,3.4,0.7142857142857143,3.5,-10.0,380.0,0.03571428571428571,0.10714285714285714,6,12,270.7,14.0,1601,1536,239,0.0,0.0,11.0,15.0,38.1,3.1,0.875,,,,,,,,2.9,0.0,54.0,-803.0,16.0,10.0,420.0,-0.2,0.05555555555555555,0.07142857142857142,0.0,,-0.5799999999999997,0.0
544,202109020903,4,6,5,72,5,4,5,38,0,0,0,1,3,4,5,41,2,0,3,6,0,0,0,0,0,1,0,10,1,0,1,3,0,0,0,0,0.0,0.0,90.0,6.0,38.1,1.8,0.45454545454545453,0.0,0.0,,,,,,0.0,0.0,90.0,13.0,38.7,3.4,1.0,7.0,,200.0,,,2,4,,,1228,1482,1108,,,,,,,,,,,,,,,7.0,0.0,54.0,-922.0,16.0,11.0,486.0,0.0,,-0.125,,,-0.6000000000000014,0.0
545,202109020903,1,0,0,10,0,0,0,0,0,0,0,0,0,0,0,2,0,0,0,0,0,0,0,0,0,0,0,1,0,0,0,0,0,0,0,0,0.0,0.0,60.0,8.0,42.7,5.6,0.875,0.0,0.0,150.0,13.0,38.0,2.0,0.5625,0.0,0.0,,,,,,5.0,-15.0,-300.0,,,8,15,,,1020,1420,1576,0.0,0.0,140.0,10.0,38.3,2.6,0.75,0.0,0.0,130.0,16.0,42.0,3.6,0.375,2.1,0.0,54.0,-507.0,16.0,8.0,467.0,0.0,0.125,,-0.125,-0.0625,0.18000000000000113,0.0
546,202109021012,2,1,0,19,1,1,0,8,1,1,0,1,1,1,0,1,0,1,0,1,0,1,0,0,0,0,0,0,0,0,0,0,0,0,0,0,0.0,0.0,60.0,7.0,13.8,3.0,0.5,0.0,0.0,60.0,10.0,14.1,6.6,0.6666666666666666,0.0,0.0,,,,,,3.0,0.0,-1770.0,0.04838709677419355,0.20967741935483872,6,12,8.3,4.0,1674,1433,1428,0.0,0.0,120.0,7.0,36.7,1.1,0.125,0.0,0.0,90.0,13.0,35.8,1.5,0.625,1.5,0.0,57.0,-679.0,16.0,10.0,490.0,0.0,0.16666666666666666,,0.0,0.0,-8.86,0.0
547,202109021012,2,2,1,25,4,1,4,36,0,0,0,0,0,0,0,6,0,0,0,5,0,0,0,0,0,0,0,1,0,0,0,2,0,0,0,0,0.0,0.0,9.0,8.0,39.2,2.2,1.0,0.0,0.0,11.0,6.0,34.4,1.0,0.8571428571428571,0.0,0.0,15.0,14.0,36.0,1.4,1.0,3.0,-5.0,-200.0,0.041666666666666664,0.14583333333333334,7,14,5.5,2.0,1191,1376,1235,0.0,0.0,9.0,11.0,36.3,1.2,0.9375,0.0,0.0,13.0,6.0,36.6,0.5,0.75,0.1,0.0,57.0,-1271.0,16.0,10.0,521.0,-0.2,0.0,-0.2,-0.125,-0.0625,0.3300000000000004,0.0
548,202109021012,4,0,2,24,0,0,0,15,0,0,0,2,0,0,0,6,0,0,0,4,0,0,0,1,0,0,0,2,0,0,0,2,0,0,0,1,0.0,0.0,120.0,5.0,37.2,0.6,0.3125,0.0,0.0,90.0,12.0,37.2,1.4,0.8571428571428571,0.0,0.0,100.0,9.0,37.3,1.9,0.6,2.0,2.0,0.0,0.1320754716981132,0.29245283018867924,5,10,24.6,8.0,1557,1145,1559,0.0,0.0,80.0,12.0,35.9,1.3,0.8125,0.0,0.0,20.0,13.0,37.0,1.4,0.25,1.6,0.0,57.0,15.0,16.0,16.0,460.0,0.0625,-0.21428571428571427,0.0,0.0,0.0625,0.17000000000000098,0.0
549,202109021012,0,3,1,14,3,10,11,113,0,0,0,2,0,0,0,4,1,2,2,28,0,0,0,2,0,0,0,1,0,0,0,5,0,0,0,1,0.0,0.0,4.0,8.0,39.4,1.5,0.4444444444444444,0.0,0.0,7.0,3.0,36.9,0.3,0.5625,0.0,0.0,11.0,3.0,36.4,0.3,0.375,-2.5,16.0,0.0,0.09090909090909091,0.1590909090909091,2,3,23.7,7.0,1333,1556,1294,0.0,0.0,13.0,7.0,35.3,1.4,0.9375,0.0,0.0,11.0,8.0,37.2,1.7,0.8125,0.4,0.4,57.0,-967.0,16.0,9.0,494.0,0.0,0.0,0.0,-0.0625,-0.0625,0.5999999999999993,0.0
550,202109021012,0,2,1,14,8,8,7,66,0,1,0,1,0,2,0,6,2,4,1,13,0,1,0,1,0,0,0,0,0,0,0,1,0,0,0,0,0.0,0.0,3.0,5.0,36.0,0.9,0.4375,0.0,0.0,3.0,7.0,35.7,1.0,0.9333333333333333,0.0,0.0,6.0,4.0,36.4,0.2,0.13333333333333333,-0.5,4.0,0.0,0.02666666666666667,0.12,7,13,15.9,5.0,1036,1294,1108,0.0,0.0,5.0,5.0,36.5,0.4,0.25,0.0,0.0,1.0,1.0,36.9,0.0,0.14285714285714285,-1.0,0.2,57.0,-139.0,16.0,16.0,490.0,0.0,0.0,0.0,-0.125,0.0,-0.25999999999999945,0.0
551,202109021012,3,2,2,54,3,8,2,36,0,0,0,2,0,1,0,11,0,0,0,3,0,0,0,0,0,0,0,0,0,0,0,0,0,0,0,0,0.0,0.0,4.0,5.0,43.1,2.6,0.16666666666666666,0.0,0.0,8.0,13.0,38.5,3.5,0.75,0.0,0.0,14.0,8.0,36.1,1.4,0.9333333333333333,1.5,7.0,-200.0,0.03125,0.21875,3,6,119.4,12.0,1403,1221,939,0.0,0.0,8.0,10.0,37.3,1.3,0.8,0.0,0.0,9.0,6.0,36.9,0.5,0.625,-0.1,0.0,57.0,-1189.0,16.0,12.0,439.0,0.08333333333333333,-0.0625,-0.2,0.0,-0.25,1.3600000000000008,0.0
552,202109021012,4,6,5,68,2,2,2,41,0,0,0,2,0,0,0,7,0,0,1,11,0,0,0,1,0,0,0,2,0,0,0,2,0,0,0,1,0.0,0.0,4.0,8.0,35.6,1.0,0.6666666666666666,0.0,0.0,6.0,7.0,35.9,0.7,0.875,0.0,0.0,10.0,4.0,36.7,0.3,0.4375,-2.0,4.0,200.0,0.08333333333333333,0.2777777777777778,8,16,18.6,6.0,1167,1014,460,0.0,0.0,9.0,15.0,37.2,2.1,0.8,0.0,0.0,6.0,4.0,37.1,0.2,0.6,0.0,0.0,57.0,-76.0,16.0,12.0,442.0,-0.08333333333333333,-0.1875,0.1875,0.13333333333333333,-0.26666666666666666,-0.43000000000000044,0.0
553,202109021012,0,1,1,6,0,2,3,19,0,1,1,3,0,1,1,5,0,1,1,6,0,1,1,3,0,1,1,3,0,1,1,4,0,1,1,3,0.0,0.0,16.0,15.0,36.7,1.4,0.3125,0.0,0.0,14.0,8.0,37.1,0.6,0.625,0.0,0.0,14.0,12.0,37.0,1.3,0.75,-1.5,-4.0,0.0,0.0,0.12,4,8,57.5,11.0,1323,1445,848,0.0,0.0,13.0,9.0,37.5,0.5,0.26666666666666666,0.0,0.0,12.0,6.0,36.8,0.3,0.75,-1.7,0.0,55.0,-700.0,16.0,16.0,458.0,0.0625,0.0,0.0,0.2,0.0,-0.05999999999999872,0.0
554,202109021012,10,8,5,134,1,1,1,9,0,0,0,3,1,3,2,26,1,1,1,7,0,0,0,3,0,1,0,6,1,0,0,0,0,0,0,0,0.0,0.0,11.0,6.0,34.0,0.6,0.36363636363636365,0.0,0.0,8.0,8.0,36.2,1.7,0.5,0.0,0.0,13.0,13.0,38.3,2.2,0.23076923076923078,3.5,0.0,0.0,0.07407407407407407,0.3333333333333333,6,11,255.6,16.0,1221,1423,1263,0.0,0.0,16.0,16.0,35.1,1.9,0.9375,0.0,0.0,15.0,13.0,38.1,1.3,0.6,2.2,0.0,55.0,-651.0,16.0,11.0,486.0,0.0,0.0,0.07692307692307693,0.0,-0.06666666666666667,-0.7100000000000002,0.0
555,202109021012,8,1,2,41,1,0,0,16,1,0,0,4,1,0,0,4,1,0,0,3,1,0,0,2,0,0,0,0,0,0,0,0,0,0,0,0,0.0,0.0,16.0,14.0,37.4,2.2,0.875,0.0,0.0,15.0,15.0,38.4,2.7,0.6,0.0,0.0,15.0,14.0,36.6,2.0,0.9375,0.0,0.0,-200.0,0.0,0.058823529411764705,2,4,33.9,9.0,1304,749,1503,0.0,0.0,9.0,10.0,36.6,1.1,0.8125,0.0,0.0,1.0,1.0,35.8,0.0,1.0,-3.1,0.2,55.0,-231.0,16.0,16.0,452.0,-0.125,0.06666666666666667,0.0,0.0,0.0,0.5,0.0
556,202109021012,0,0,1,6,4,1,4,36,0,0,0,1,0,0,0,2,0,0,0,5,0,0,0,1,0,0,0,1,0,0,0,2,0,0,0,1,0.0,0.0,13.0,10.0,37.6,1.4,0.7857142857142857,0.0,0.0,16.0,,,,,0.0,0.0,15.0,14.0,37.0,1.5,0.75,4.0,-2.0,-200.0,0.06451612903225806,0.12903225806451613,8,15,38.8,10.0,1441,1376,1167,0.0,0.0,15.0,8.0,37.3,1.6,0.5,0.0,0.0,12.0,11.0,36.8,1.0,0.9375,-0.3,0.0,57.0,-553.0,16.0,14.0,482.0,-0.07142857142857142,,0.0,0.0,0.0,0.21000000000000157,0.0
557,202109021012,1,0,1,6,8,9,14,114,0,0,0,1,1,0,0,1,0,0,2,18,0,0,0,0,0,0,0,1,0,0,1,3,0,0,0,0,0.0,0.0,3.0,7.0,42.2,4.2,0.875,0.0,0.0,16.0,11.0,35.6,2.1,0.625,0.0,0.0,12.0,12.0,36.5,1.3,0.8125,2.5,32.0,-400.0,0.030303030303030304,0.15151515151515152,5,9,8.0,3.0,1319,1263,334,0.0,0.0,12.0,10.0,37.0,1.0,0.4375,0.0,0.0,5.0,8.0,36.6,1.7,0.9375,0.1,0.0,57.0,-1190.0,16.0,8.0,526.0,-0.125,0.0625,0.0,0.25,0.0,0.9800000000000004,0.0
558,202109021012,0,0,1,6,9,8,5,91,0,0,0,0,0,0,0,2,1,1,1,18,0,0,0,0,0,0,0,1,0,0,1,6,0,0,0,0,0.0,0.0,1.0,2.0,39.4,0.2,0.2,0.0,0.0,16.0,12.0,36.6,1.5,0.6875,0.0,0.0,14.0,8.0,36.5,1.1,0.4666666666666667,3.0,-4.0,-200.0,0.19607843137254902,0.5294117647058824,1,1,1.9,1.0,1441,1345,1167,0.0,0.0,11.0,14.0,36.9,1.2,0.25,0.0,0.0,8.0,16.0,39.7,3.1,0.3125,3.0,0.2,57.0,-1031.0,16.0,10.0,510.0,0.0,0.0,-0.06666666666666667,0.0,0.1875,-0.09000000000000057,0.0
559,202109021012,3,4,1,28,8,4,4,44,0,0,0,1,2,2,0,10,7,0,2,12,0,0,0,0,0,0,0,2,2,0,0,2,0,0,0,0,0.0,0.0,6.0,8.0,42.1,2.4,0.1,0.0,0.0,15.0,15.0,38.0,2.3,1.0,0.0,0.0,13.0,14.0,38.2,1.9,0.26666666666666666,3.0,-7.0,-200.0,0.08064516129032258,0.22580645161290322,3,5,142.1,13.0,1665,1235,1577,0.0,0.0,13.0,14.0,38.3,1.9,0.125,0.0,0.0,9.0,14.0,37.9,1.4,0.625,1.1,0.0,57.0,-689.0,16.0,10.0,483.0,0.3,-0.0625,0.0,0.0,-0.0625,0.8100000000000008,0.0
560,202109021012,11,3,4,48,3,3,4,22,0,0,0,2,3,0,1,13,1,1,1,7,0,0,0,1,1,0,0,1,0,1,0,5,0,0,0,1,0.0,0.0,20.0,6.0,40.6,2.2,0.5454545454545454,0.0,0.0,160.0,16.0,38.9,2.9,0.875,0.0,0.0,160.0,16.0,40.6,4.1,0.25,5.0,-3.0,-200.0,0.0,0.2,1,2,204.5,15.0,1348,1417,1221,0.0,0.0,150.0,15.0,39.1,3.0,0.25,0.0,0.0,170.0,15.0,35.0,0.7,0.16666666666666666,1.7,0.0,52.0,-840.0,16.0,11.0,511.0,0.18181818181818182,0.0625,0.125,0.1875,0.1111111111111111,1.1,0.0
561,202109021012,4,3,6,58,0,0,0,1,0,0,0,1,0,0,1,9,0,0,0,1,0,0,0,1,0,0,0,2,0,0,0,1,0,0,0,1,0.0,0.0,4.0,7.0,37.3,2.0,0.7272727272727273,0.0,0.0,14.0,16.0,39.7,4.6,0.6875,0.0,0.0,9.0,7.0,36.4,1.0,0.14285714285714285,0.0,-15.0,300.0,0.0,0.1111111111111111,4,7,160.4,14.0,1009,532,298,0.0,0.0,16.0,16.0,39.5,2.5,0.125,0.0,0.0,7.0,15.0,37.4,2.6,0.9333333333333333,1.6,0.0,55.0,-52.0,16.0,11.0,489.0,-0.18181818181818182,0.25,0.0,0.25,0.06666666666666667,0.0,0.0
562,202109021107,1,0,0,10,1,1,0,9,0,0,0,2,0,0,0,1,0,1,0,3,0,0,0,0,0,0,0,0,0,0,0,0,0,0,0,0,0.0,0.0,13.0,12.0,37.0,1.4,0.7333333333333333,0.0,0.0,13.0,15.0,37.9,1.6,0.4375,0.0,0.0,7.0,6.0,36.6,0.9,0.4,-3.0,2.0,0.0,0.030303030303030304,0.15151515151515152,8,14,4.5,2.0,1255,1592,1263,0.0,0.0,8.0,1.0,35.5,0.0,0.625,0.0,0.0,9.0,3.0,37.7,0.2,0.125,-3.1999999999999997,0.4,54.0,-616.0,15.0,15.0,480.0,0.0,0.0,0.06666666666666667,-0.0625,0.0,0.09999999999999928,0.0
563,202109021107,1,1,2,8,0,0,1,0,0,0,1,0,0,0,1,1,0,0,0,0,0,0,0,0,0,0,0,0,0,0,0,0,0,0,0,0,0.0,0.0,90.0,6.0,41.0,1.5,1.0,0.0,0.0,90.0,11.0,36.5,1.8,0.8666666666666667,0.0,0.0,110.0,15.0,40.0,3.1,1.0,4.5,13.0,-200.0,0.08108108108108109,0.2702702702702703,5,8,2.2,1.0,1313,1415,1108,0.0,0.0,10.0,8.0,38.2,1.2,0.07692307692307693,0.0,0.0,40.0,6.0,37.5,1.1,0.6666666666666666,-0.3,0.0,55.0,-1113.0,15.0,10.0,477.0,0.0,0.0,0.0,0.07692307692307693,-0.13333333333333333,0.5299999999999997,0.0
564,202109021107,1,3,1,6,0,0,1,2,0,0,0,1,0,0,0,1,0,0,1,0,0,0,0,0,0,0,0,0,0,0,0,0,0,0,0,0,0.0,0.0,10.0,10.0,39.0,2.4,0.6923076923076923,0.0,0.0,7.0,12.0,35.4,1.4,1.0,0.0,0.0,3.0,7.0,35.6,0.2,0.9333333333333333,-1.5,4.0,0.0,0.12962962962962962,0.2962962962962963,3,5,22.2,7.0,1152,1199,1428,0.0,0.0,9.0,9.0,35.7,1.1,1.0,0.0,0.0,5.0,7.0,36.5,0.7,0.6666666666666666,-0.9,0.0,57.0,-1053.0,15.0,13.0,460.0,0.07692307692307693,0.0,0.0,0.0,0.0,0.4699999999999996,0.0
565,202109021107,3,5,4,30,0,0,0,0,0,0,0,0,0,1,1,5,0,0,0,0,0,0,0,0,0,0,0,2,0,0,0,0,0,0,0,0,0.0,0.0,3.0,6.0,39.8,1.8,0.2727272727272727,0.0,0.0,9.0,8.0,34.1,0.5,1.0,0.0,0.0,5.0,6.0,35.0,1.2,0.875,0.0,-2.0,-100.0,0.0625,0.21875,8,15,53.0,11.0,1127,355,1328,0.0,0.0,7.0,2.0,33.6,0.1,0.9285714285714286,0.0,0.0,5.0,7.0,35.2,1.4,0.6428571428571429,-0.4,0.2,57.0,-1170.0,15.0,11.0,502.0,0.0,-0.07142857142857142,0.0,-0.07142857142857142,0.07142857142857142,0.9699999999999989,0.0
566,202109021107,1,4,5,37,0,0,0,0,0,0,0,0,0,0,0,5,0,0,0,0,0,0,0,0,0,0,0,2,0,0,0,0,0,0,0,0,0.0,0.0,8.0,4.0,37.0,1.8,0.75,0.0,0.0,14.0,13.0,36.1,2.1,0.75,0.0,0.0,13.0,15.0,39.4,1.4,0.125,5.5,-2.0,200.0,0.0,0.07142857142857142,7,13,18.3,6.0,1503,951,1263,0.0,0.0,9.0,16.0,40.2,3.1,0.125,0.0,0.0,7.0,1.0,36.4,0.0,0.0625,-0.3,0.2,52.0,-916.0,15.0,12.0,482.0,-0.08333333333333333,0.1875,0.0,0.0,0.0,-0.28999999999999987,0.0
567,202109021107,1,1,1,2,0,3,0,9,0,0,0,0,1,0,1,1,0,2,0,0,0,0,0,0,0,0,0,0,0,0,0,0,0,0,0,0,0.0,0.0,10.0,9.0,13.8,3.1,1.0,0.0,0.0,30.0,2.0,13.5,0.2,0.16666666666666666,0.0,0.0,30.0,4.0,13.7,1.3,0.5833333333333334,-2.5,-6.0,-1770.0,0.06666666666666667,0.13333333333333333,7,12,8.0,4.0,1521,1503,1313,0.0,0.0,20.0,9.0,13.6,3.9,0.2727272727272727,0.0,0.0,20.0,2.0,13.3,0.2,0.2222222222222222,-0.7,0.4,57.0,-687.0,15.0,9.0,480.0,0.0,0.0,-0.25,0.7272727272727273,-0.1111111111111111,0.09000000000000004,0.0
568,202109021107,2,1,0,20,2,2,1,25,0,0,0,2,0,0,0,8,1,1,1,10,0,0,0,0,0,0,0,0,1,0,0,2,0,0,0,0,0.0,0.0,10.0,3.0,39.1,0.5,0.9166666666666666,0.0,0.0,9.0,11.0,37.5,1.7,0.3333333333333333,0.0,0.0,13.0,6.0,34.9,0.9,0.7142857142857143,1.5,-19.0,-200.0,0.07936507936507936,0.2222222222222222,5,9,128.4,15.0,1090,1294,1169,0.0,0.0,15.0,11.0,37.6,1.2,0.6875,0.0,0.0,15.0,7.0,38.0,1.4,0.3333333333333333,0.8,0.2,57.0,-1183.0,15.0,12.0,487.0,-0.25,0.0,0.0,0.0,0.06666666666666667,0.21000000000000013,0.0
569,202109021107,1,2,0,7,3,1,1,28,0,0,0,2,0,0,0,0,1,0,1,4,0,0,0,0,0,0,0,0,0,0,0,0,0,0,0,0,0.0,0.0,20.0,1.0,39.1,0.0,0.8181818181818182,0.0,0.0,160.0,14.0,37.0,1.9,1.0,0.0,0.0,110.0,11.0,38.8,2.4,1.0,5.0,27.0,-200.0,0.02040816326530612,0.20408163265306123,6,11,109.3,13.0,1094,1482,334,0.0,0.0,110.0,11.0,37.4,1.2,0.6666666666666666,0.0,0.0,90.0,6.0,36.5,1.3,1.0,0.7,0.2,57.0,-1029.0,15.0,11.0,529.0,-0.7272727272727273,0.0,-0.07142857142857142,0.0,-0.09090909090909091,0.4800000000000004,0.0
570,202109021107,2,0,1,3,1,0,0,2,0,0,0,0,1,0,0,0,0,0,0,0,0,0,0,0,1,0,0,0,0,0,0,0,0,0,0,0,0.0,0.0,3.0,9.0,36.6,1.5,0.8666666666666667,0.0,0.0,4.0,4.0,35.5,0.7,1.0,0.0,0.0,8.0,2.0,35.8,0.2,0.8571428571428571,-3.5,-2.0,0.0,0.0,0.10204081632653061,2,3,7.2,3.0,1254,1574,86,0.0,0.0,12.0,8.0,37.1,1.3,0.9375,0.0,0.0,6.0,5.0,36.5,1.4,0.9230769230769231,-0.4,0.2,57.0,0.0,15.0,15.0,492.0,-0.06666666666666667,-0.08333333333333333,-0.07142857142857142,0.0,0.07692307692307693,-0.13999999999999985,0.0
571,202109021107,4,5,5,59,0,0,0,1,0,0,0,0,0,1,0,12,0,0,0,1,0,0,0,0,0,0,0,3,0,0,0,0,0,0,0,0,0.0,0.0,7.0,8.0,38.3,1.1,0.7,0.0,0.0,15.0,16.0,36.6,3.2,1.0,0.0,0.0,10.0,10.0,37.7,1.5,0.5333333333333333,1.0,15.0,-30.0,0.08108108108108109,0.24324324324324326,4,6,35.6,10.0,1183,1070,1558,0.0,0.0,11.0,6.0,35.8,0.7,0.8461538461538461,0.0,0.0,12.0,11.0,14.4,10.4,0.75,-0.4,0.0,55.0,-404.0,15.0,10.0,545.0,-0.2,0.0,-0.06666666666666667,-0.23076923076923078,0.16666666666666666,4.86,0.0
572,202109021107,4,2,2,23,0,1,0,0,0,0,0,0,0,0,0,2,0,0,0,0,0,0,0,0,0,0,0,0,0,0,0,0,0,0,0,0,0.0,0.0,8.0,9.0,41.5,1.9,0.18181818181818182,0.0,0.0,9.0,11.0,36.5,1.2,0.6428571428571429,0.0,0.0,14.0,8.0,36.9,0.9,0.5625,-0.5,24.0,-200.0,0.0,0.18181818181818182,1,1,127.3,14.0,1009,1029,298,0.0,0.0,14.0,11.0,37.6,1.6,0.5333333333333333,0.0,0.0,6.0,8.0,36.0,1.3,0.42857142857142855,-0.2,0.0,52.0,-236.0,15.0,11.0,480.0,0.36363636363636365,0.14285714285714285,0.0625,0.06666666666666667,0.07142857142857142,0.9899999999999999,0.0
573,202109021107,0,0,0,0,1,0,0,8,0,0,0,0,0,0,0,0,0,0,0,2,0,0,0,0,0,0,0,0,0,0,0,0,0,0,0,0,0.0,0.0,100.0,10.0,36.6,1.4,1.0,0.0,0.0,110.0,8.0,35.6,1.4,0.8181818181818182,0.0,0.0,130.0,12.0,36.0,1.3,0.8461538461538461,1.0,-2.0,350.0,0.04,0.28,4,7,72.1,12.0,1368,1589,1167,0.0,0.0,150.0,10.0,34.1,1.1,0.8666666666666667,0.0,0.0,120.0,12.0,37.0,1.6,0.8,0.6,0.0,57.0,-967.0,15.0,10.0,502.0,0.0,-0.09090909090909091,0.0,-0.13333333333333333,-0.13333333333333333,0.07000000000000028,0.0
574,202109021107,3,0,1,30,0,0,0,10,0,0,0,1,1,0,1,16,0,0,0,4,0,0,0,0,0,0,0,3,0,0,0,1,0,0,0,0,0.0,0.0,110.0,10.0,38.3,1.8,0.9166666666666666,0.0,0.0,140.0,15.0,38.7,2.1,0.625,0.0,0.0,100.0,8.0,36.5,0.8,1.0,-1.0,-2.0,0.0,0.16666666666666666,0.4166666666666667,3,4,17.8,5.0,1645,1362,1366,0.0,0.0,130.0,8.0,38.2,1.3,0.3333333333333333,0.0,0.0,70.0,6.0,36.4,1.2,0.6428571428571429,-1.5,0.0,55.0,-953.0,15.0,12.0,468.0,0.0,-0.0625,0.0,0.0,0.07142857142857142,0.4299999999999997,0.0
575,202109021107,4,2,2,23,1,0,1,15,0,0,0,5,0,0,0,2,1,0,1,3,0,0,0,1,0,0,0,0,0,0,0,0,0,0,0,0,0.0,0.0,1.0,1.0,39.4,0.0,0.09090909090909091,0.0,0.0,18.0,16.0,35.8,1.2,0.5555555555555556,0.0,0.0,12.0,9.0,35.3,1.0,0.3333333333333333,4.0,9.0,-100.0,0.07142857142857142,0.32142857142857145,2,2,23.8,8.0,1009,1328,298,0.0,0.0,15.0,16.0,38.9,3.7,0.75,0.0,0.0,12.0,10.0,37.8,2.2,0.6666666666666666,1.8,0.2,57.0,-1177.0,15.0,11.0,491.0,0.0,0.0,0.13333333333333333,0.0625,0.0,0.010000000000000142,0.0
576,202109021107,0,0,0,0,0,0,0,0,0,0,0,0,0,0,0,0,0,0,0,0,0,0,0,0,0,0,0,0,0,0,0,0,0,0,0,0,0.0,0.0,20.0,1.0,39.2,0.0,0.1,0.0,0.0,90.0,15.0,38.8,2.1,0.2,0.0,0.0,120.0,8.0,38.6,1.7,0.14285714285714285,3.5,20.0,-100.0,0.0,0.0,6,10,26.2,9.0,777,190,551,0.0,0.0,40.0,9.0,36.9,1.7,0.35714285714285715,0.0,0.0,130.0,6.0,35.7,0.8,0.21428571428571427,0.4,0.2,57.0,-1170.0,15.0,10.0,476.0,0.0,0.0,0.0,0.0,0.07142857142857142,0.8899999999999999,0.0
577,202109021111,2,3,5,29,2,2,0,15,1,0,0,0,2,2,2,9,2,1,0,4,1,0,0,0,0,0,0,0,0,0,0,0,0,0,0,0,0.0,0.0,7.0,7.0,37.6,1.9,1.0,0.0,0.0,12.0,13.0,36.3,1.3,0.9285714285714286,0.0,0.0,12.0,7.0,36.7,1.2,0.8125,0.0,4.0,0.0,0.28888888888888886,0.5555555555555556,7,12,15.9,6.0,1576,1559,1577,0.0,0.0,3.0,7.0,35.8,0.5,1.0,0.0,0.0,11.0,7.0,35.5,0.3,0.9375,-0.6,0.0,56.0,-1146.0,15.0,8.0,478.0,0.0,-0.07142857142857142,0.0,-0.0625,0.0,0.4700000000000003,0.0
578,202109021111,3,2,5,30,0,0,1,0,0,0,1,0,0,0,0,10,0,0,0,0,0,0,0,0,0,0,0,0,0,0,0,0,0,0,0,0,0.0,0.0,10.0,12.0,36.5,1.1,0.625,0.0,0.0,8.0,11.0,37.5,1.3,0.375,0.0,0.0,11.0,2.0,36.0,0.0,0.5333333333333333,-5.0,2.0,0.0,0.07894736842105263,0.23684210526315788,4,7,63.2,11.0,1221,1435,1263,0.0,0.0,14.0,11.0,36.9,1.1,0.5625,0.0,0.0,13.0,12.0,36.6,1.0,0.5,0.0,0.2,57.0,-323.0,15.0,16.0,512.0,0.0,-0.125,-0.4,-0.0625,0.0,0.039999999999999855,0.0
579,202109021111,4,1,2,14,2,0,0,9,1,0,0,0,2,0,1,6,1,0,0,2,1,0,0,0,0,0,0,0,0,0,0,0,0,0,0,0,0.0,0.0,8.0,16.0,37.7,1.7,0.125,0.0,0.0,5.0,2.0,36.0,0.3,0.1875,0.0,0.0,4.0,6.0,35.7,0.6,0.25,-5.0,-8.0,0.0,0.19230769230769232,0.5192307692307693,6,10,2.3,1.0,1228,1235,1108,0.0,0.0,4.0,11.0,35.1,1.0,0.9375,0.0,0.0,4.0,15.0,37.4,1.3,0.1875,0.7,0.2,57.0,-764.0,15.0,16.0,514.0,0.0,0.0,0.0,0.0,0.1875,0.15000000000000072,0.0
580,202109021111,1,0,2,8,0,0,0,5,0,0,0,0,0,0,1,2,0,0,0,1,0,0,0,0,0,0,0,0,0,0,0,0,0,0,0,0,0.0,0.0,16.0,9.0,36.1,1.1,1.0,0.0,0.0,13.0,11.0,36.5,0.9,0.875,0.0,0.0,16.0,13.0,36.2,1.3,0.9375,2.0,-8.0,0.0,0.02631578947368421,0.11842105263157894,2,2,114.0,13.0,1665,1199,1577,0.0,0.0,12.0,10.0,36.7,0.9,0.875,0.0,0.0,13.0,4.0,35.8,0.4,0.8666666666666667,-1.1,0.0,57.0,-351.0,15.0,16.0,492.0,0.0,0.0,0.0625,0.0,-0.06666666666666667,0.04000000000000057,0.0
581,202109021111,1,2,1,19,0,1,0,10,0,0,0,2,0,0,0,6,0,0,0,3,0,0,0,1,0,0,0,0,0,0,0,0,0,0,0,0,0.0,0.0,5.0,4.0,36.9,0.6,0.1875,0.0,0.0,5.0,10.0,38.4,0.6,0.125,0.0,0.0,3.0,10.0,37.5,1.1,0.1875,3.0,0.0,-200.0,0.1308411214953271,0.29906542056074764,6,11,7.2,4.0,1172,1366,1556,0.0,0.0,5.0,9.0,37.9,1.6,0.2,0.0,0.0,4.0,2.0,37.3,0.1,0.1875,-0.5,0.2,54.0,-596.0,15.0,16.0,470.0,-0.0625,0.0,0.0,0.0,0.0,-0.029999999999999714,0.0
582,202109021111,4,1,2,14,1,0,0,3,1,0,0,0,2,0,1,6,0,0,0,0,0,0,0,0,0,0,0,0,0,0,0,0,0,0,0,0,0.0,0.0,8.0,14.0,37.9,2.1,0.0625,0.0,0.0,10.0,12.0,37.0,1.9,0.7333333333333333,0.0,0.0,6.0,15.0,40.2,2.5,0.0625,0.5,0.0,0.0,0.4,0.5333333333333333,7,13,4.8,2.0,1228,1620,1108,0.0,0.0,9.0,16.0,38.2,1.6,0.25,0.0,0.0,2.0,10.0,37.3,0.8,0.125,-0.4,0.0,54.0,-525.0,15.0,16.0,492.0,0.0,0.06666666666666667,0.0,0.1875,0.0,0.0,0.0
583,202109021111,0,0,0,2,0,0,0,1,0,0,0,1,0,0,0,1,0,0,0,0,0,0,0,0,0,0,0,0,0,0,0,0,0,0,0,0,0.0,0.0,10.0,13.0,39.6,3.1,0.0625,0.0,0.0,5.0,7.0,37.0,0.8,0.26666666666666666,0.0,0.0,8.0,5.0,36.9,0.6,0.1875,-4.0,-2.0,-200.0,0.029850746268656716,0.14925373134328357,8,14,9.3,5.0,1319,311,334,0.0,0.0,11.0,6.0,36.9,0.7,0.125,0.0,0.0,2.0,2.0,37.7,0.0,0.14285714285714285,-2.3,0.2,58.0,-28.0,15.0,16.0,520.0,0.0,0.06666666666666667,0.0625,0.0,0.0,0.38999999999999985,0.0
584,202109021111,3,0,1,9,2,0,0,9,0,0,0,1,1,0,0,1,1,0,0,2,0,0,0,1,0,0,0,0,0,0,0,0,0,0,0,0,0.0,0.0,90.0,100.0,41.9,1.9,0.5,0.0,0.0,130.0,120.0,36.1,1.2,0.25,0.0,0.0,110.0,80.0,37.5,1.2,0.2727272727272727,-10.0,10.0,-30.0,0.078125,0.21875,4,6,60.0,10.0,1482,1235,1263,0.0,0.0,170.0,150.0,34.5,2.1,1.0,0.0,0.0,160.0,130.0,37.5,1.7,0.625,9.0,0.0,56.0,-1168.0,15.0,10.0,480.0,0.2,0.0625,0.18181818181818182,0.0,-0.1875,1.0399999999999998,0.0
585,202109021111,0,0,1,3,2,1,4,18,0,0,0,0,0,0,0,1,1,1,2,4,0,0,0,0,0,0,0,0,0,0,0,0,0,0,0,0,0.0,0.0,13.0,13.0,36.7,1.5,0.8125,0.0,0.0,9.0,9.0,35.8,1.1,1.0,0.0,0.0,12.0,9.0,36.7,1.0,0.875,-2.0,-10.0,-200.0,0.0,0.16666666666666666,5,9,47.7,9.0,1505,1556,201,0.0,0.0,8.0,7.0,35.3,0.8,0.6875,0.0,0.0,8.0,3.0,35.9,0.5,0.6428571428571429,-2.2,0.2,54.0,-56.0,15.0,16.0,488.0,0.0,0.0,0.0,-0.0625,-0.07142857142857142,0.21000000000000085,0.0
586,202109021111,0,0,0,5,0,0,0,0,0,0,0,0,0,0,0,1,0,0,0,0,0,0,0,0,0,0,0,0,0,0,0,0,0,0,0,0,0.0,0.0,10.0,9.0,36.0,1.2,1.0,0.0,0.0,15.0,10.0,36.9,1.1,0.5333333333333333,0.0,0.0,16.0,13.0,37.8,1.7,0.75,2.0,2.0,300.0,0.0,0.09090909090909091,5,8,350.2,15.0,1583,1327,118,0.0,0.0,15.0,12.0,37.4,1.7,0.5625,0.0,0.0,15.0,12.0,36.4,1.2,0.4375,0.8,0.0,56.0,-167.0,15.0,10.0,446.0,-0.1,0.06666666666666667,0.0,0.0,0.0625,-0.12999999999999973,0.0
587,202109021111,0,0,0,2,0,0,0,0,0,0,0,0,0,0,0,1,0,0,0,0,0,0,0,0,0,0,0,0,0,0,0,0,0,0,0,0,0.0,0.0,13.0,10.0,37.7,2.9,0.7142857142857143,0.0,0.0,16.0,15.0,36.5,1.5,0.875,0.0,0.0,14.0,15.0,41.1,4.7,0.5333333333333333,2.5,-19.0,200.0,0.06557377049180328,0.13114754098360656,8,15,115.9,14.0,1611,1047,1263,0.0,0.0,14.0,16.0,39.0,2.0,0.25,0.0,0.0,5.0,12.0,38.3,1.5,0.125,0.5,0.0,56.0,-1174.0,15.0,14.0,511.0,0.07142857142857142,0.0625,0.06666666666666667,0.1875,-0.0625,-0.3699999999999989,0.0
588,202109021111,0,0,0,0,0,0,0,3,0,0,0,0,0,0,0,0,0,0,0,0,0,0,0,0,0,0,0,0,0,0,0,0,0,0,0,0,0.0,0.0,10.0,11.0,39.2,2.2,0.25,0.0,0.0,160.0,15.0,37.9,2.4,0.25,0.0,0.0,130.0,16.0,37.5,1.8,0.1875,2.5,2.0,300.0,0.0945945945945946,0.2972972972972973,3,5,67.3,12.0,1114,1086,305,0.0,0.0,150.0,3.0,36.9,0.5,0.25,0.0,0.0,140.0,6.0,37.3,0.5,0.375,-2.2,0.2,56.0,-1070.0,15.0,12.0,496.0,0.0,0.0,0.0,-0.0625,-0.1875,0.48000000000000115,0.0
589,202109021111,1,1,0,10,0,0,0,3,0,0,0,0,0,0,0,3,0,0,0,2,0,0,0,0,0,0,0,0,0,0,0,0,0,0,0,0,0.0,0.0,80.0,7.0,40.6,1.9,0.7272727272727273,0.0,0.0,70.0,13.0,36.5,1.4,0.9333333333333333,0.0,0.0,140.0,12.0,34.8,1.3,0.625,2.5,18.0,-200.0,0.0,0.1,3,4,32.6,7.0,1317,1713,1186,0.0,0.0,120.0,11.0,34.0,0.7,0.7222222222222222,0.0,0.0,150.0,11.0,34.5,0.9,0.375,0.6,0.0,56.0,-682.0,15.0,11.0,514.0,-0.09090909090909091,0.0,0.0625,0.05555555555555555,0.0625,1.4700000000000002,0.0
590,202109021111,5,0,5,17,0,0,1,4,0,0,0,0,2,0,3,7,0,0,0,1,0,0,0,0,0,0,0,0,0,0,0,0,0,0,0,0,0.0,0.0,8.0,3.0,34.5,0.0,0.2,0.0,0.0,16.0,9.0,35.0,0.5,0.16666666666666666,0.0,0.0,12.0,11.0,35.5,0.8,0.125,4.0,4.0,0.0,0.06349206349206349,0.2222222222222222,2,3,42.7,8.0,1716,1186,1167,0.0,0.0,12.0,10.0,36.4,0.8,0.3333333333333333,0.0,0.0,8.0,14.0,37.8,2.4,0.7333333333333333,2.3,0.2,54.0,-231.0,15.0,15.0,496.0,0.0,0.0,0.0625,0.0,0.06666666666666667,-0.7999999999999993,0.0
591,202109021111,0,0,0,2,0,0,0,2,0,0,0,0,0,0,0,1,0,0,0,0,0,0,0,0,0,0,0,0,0,0,0,0,0,0,0,0,0.0,0.0,1.0,2.0,41.4,0.3,0.18181818181818182,0.0,0.0,16.0,15.0,37.7,2.2,0.4375,0.0,0.0,13.0,13.0,37.9,2.3,0.23076923076923078,5.5,-6.0,-400.0,0.16216216216216217,0.40540540540540543,1,1,5.9,3.0,964,79,548,0.0,0.0,9.0,13.0,14.8,18.6,0.7857142857142857,0.0,0.0,12.0,16.0,40.4,3.1,0.0625,2.6,0.2,57.0,-1163.0,15.0,11.0,504.0,0.0,0.0,0.0,0.07142857142857142,0.0,2.49,0.0
592,202109021202,4,4,8,30,3,8,6,35,0,0,0,0,2,2,1,7,0,2,1,8,0,0,0,0,0,1,0,3,0,1,0,1,0,0,0,0,0.0,0.0,6.0,9.0,40.8,2.7,0.1111111111111111,0.0,0.0,10.0,15.0,40.2,2.7,0.125,0.0,0.0,11.0,11.0,37.5,1.6,0.38461538461538464,1.0,15.0,-200.0,0.07142857142857142,0.2857142857142857,1,2,2.9,1.0,1393,1559,1263,0.0,0.0,9.0,12.0,37.6,0.7,0.375,0.0,0.0,12.0,10.0,37.1,0.9,0.25,-0.1,0.0,56.0,-1182.0,16.0,9.0,471.0,0.4444444444444444,0.0,-0.07692307692307693,0.0,0.0,0.9999999999999993,0.0
593,202109021202,6,2,1,34,1,1,0,9,0,0,0,1,6,1,1,16,0,1,0,3,0,0,0,1,4,0,0,4,0,0,0,0,0,0,0,0,0.0,0.0,1.0,1.0,38.6,0.0,0.3333333333333333,0.0,0.0,8.0,13.0,38.7,2.7,0.375,0.0,0.0,4.0,5.0,37.9,0.9,0.26666666666666666,2.0,3.0,0.0,0.06451612903225806,0.12903225806451613,8,15,60.4,9.0,1228,1592,1108,0.0,0.0,9.0,2.0,37.8,0.6,0.0625,0.0,0.0,9.0,9.0,38.8,1.1,0.26666666666666666,0.5,0.4,54.0,-325.0,16.0,12.0,471.0,-0.08333333333333333,0.0,0.0,0.0,0.06666666666666667,0.05000000000000142,0.0
594,202109021202,2,1,0,20,1,2,1,20,0,0,0,2,0,0,0,8,0,1,0,5,0,0,0,1,0,0,0,8,0,0,0,2,0,0,0,1,0.0,0.0,10.0,60.0,39.3,0.5,0.125,0.0,0.0,80.0,100.0,37.3,2.4,0.6666666666666666,0.0,0.0,40.0,90.0,36.9,2.3,0.25,15.0,22.0,-200.0,0.04081632653061224,0.16326530612244897,8,16,80.0,11.0,1090,1721,1169,0.0,0.0,60.0,50.0,37.4,0.4,0.1875,0.0,0.0,30.0,40.0,37.7,0.6,0.26666666666666666,-9.0,0.0,56.0,-1172.0,16.0,8.0,496.0,0.0,0.0,0.0,0.0625,0.0,0.3099999999999987,0.0
595,202109021202,0,0,0,2,1,1,2,33,0,0,0,0,0,0,0,1,0,0,1,9,0,0,0,0,0,0,0,1,0,0,1,4,0,0,0,0,0.0,0.0,,,,,,0.0,0.0,110.0,15.0,37.4,2.5,0.875,0.0,0.0,60.0,16.0,39.3,2.3,0.0625,1.0,6.0,200.0,0.18867924528301888,0.5283018867924528,6,11,2.9,2.0,1426,1405,306,0.0,0.0,60.0,9.0,38.1,0.9,0.375,0.0,0.0,70.0,4.0,37.7,0.7,0.13333333333333333,-4.0,0.0,54.0,-1150.0,16.0,10.0,470.0,,0.125,0.0,0.0625,-0.06666666666666667,0.029999999999998295,0.0
596,202109021202,1,2,0,18,0,0,1,1,0,0,0,0,0,1,0,4,0,0,0,1,0,0,0,0,0,1,0,2,0,0,0,1,0,0,0,0,0.0,0.0,120.0,13.0,40.9,3.1,0.375,0.0,0.0,40.0,9.0,42.2,5.2,0.7777777777777778,,,,,,,,-4.0,2.0,-200.0,0.029411764705882353,0.14705882352941177,4,8,75.1,10.0,1642,1645,1124,,,,,,,,,,,,,,,-4.0,0.0,56.0,29.0,16.0,16.0,492.0,0.0,-0.1111111111111111,,,,-1.3000000000000043,0.0
597,202109021202,2,3,6,31,4,5,1,40,0,0,0,1,1,1,3,15,2,2,0,8,0,0,0,0,1,0,2,6,2,2,0,3,0,0,0,0,0.0,0.0,4.0,1.0,36.0,0.0,0.16666666666666666,0.0,0.0,1.0,12.0,36.4,1.3,0.14285714285714285,0.0,0.0,3.0,6.0,38.0,1.0,0.125,2.5,27.0,400.0,0.0,0.16666666666666666,7,14,6.1,3.0,1520,1558,695,0.0,0.0,1.0,3.0,37.9,0.1,0.13333333333333333,0.0,0.0,1.0,5.0,38.2,1.4,0.0625,-0.1,0.4,53.0,-1080.0,16.0,12.0,541.0,-0.08333333333333333,0.07142857142857142,0.0625,0.06666666666666667,0.0,-0.5900000000000005,0.0
598,202109021202,0,0,0,0,0,0,0,0,0,0,0,0,0,0,0,0,0,0,0,0,0,0,0,0,0,0,0,0,0,0,0,0,0,0,0,0,0.0,0.0,6.0,7.0,36.8,1.0,0.75,0.0,0.0,3.0,12.0,42.3,3.4,0.14285714285714285,0.0,0.0,5.0,5.0,41.1,0.6,0.06666666666666667,-1.0,-16.0,0.0,0.0,0.3333333333333333,2,4,22.9,6.0,1463,286,1167,0.0,0.0,1.0,12.0,37.5,1.8,0.75,,,,,,,,0.8,0.0,54.0,0.0,16.0,16.0,492.0,0.0,0.14285714285714285,0.0,0.0625,,-0.09000000000000127,0.0
599,202109021202,0,0,0,1,0,0,2,9,0,0,0,0,0,0,0,1,0,0,1,3,0,0,0,0,0,0,0,1,0,0,0,1,0,0,0,0,0.0,0.0,4.0,1.0,40.7,0.0,0.3333333333333333,0.0,0.0,13.0,14.0,39.2,4.1,0.625,0.0,0.0,15.0,14.0,37.4,1.9,0.375,6.5,22.0,-200.0,0.0,0.10869565217391304,3,6,193.7,12.0,1059,1145,1482,0.0,0.0,12.0,8.0,37.0,1.0,0.5625,0.0,0.0,12.0,9.0,38.8,1.6,0.26666666666666666,1.0,0.2,56.0,-1165.0,16.0,12.0,472.0,-0.08333333333333333,0.1875,0.0,0.0,0.0,0.6000000000000014,0.0
600,202109021202,7,4,6,35,4,1,3,49,0,0,0,1,2,0,2,13,0,1,0,11,0,0,0,0,1,0,1,7,0,0,0,5,0,0,0,0,0.0,0.0,1.0,4.0,41.1,1.3,0.18181818181818182,0.0,0.0,9.0,12.0,36.2,2.3,0.7142857142857143,0.0,0.0,4.0,6.0,36.4,0.8,0.6666666666666666,1.0,3.0,-400.0,0.0,0.16666666666666666,6,12,28.9,7.0,1172,1183,1556,0.0,0.0,10.0,6.0,34.9,0.6,0.7142857142857143,0.0,0.0,8.0,8.0,37.7,1.5,0.6153846153846154,0.2,0.0,56.0,-1150.0,16.0,11.0,511.0,0.0,0.0,-0.08333333333333333,0.0,-0.07692307692307693,0.8100000000000002,0.0
601,202109021202,1,2,3,20,0,1,0,1,0,0,0,0,0,0,0,6,0,0,0,0,0,0,0,0,0,0,0,2,0,0,0,0,0,0,0,0,0.0,0.0,8.0,7.0,39.4,1.1,0.26666666666666666,0.0,0.0,6.0,11.0,40.2,1.7,0.06666666666666667,0.0,0.0,2.0,2.0,37.8,0.1,0.13333333333333333,-2.5,-4.0,-600.0,0.0,0.0,5,10,8.8,5.0,1348,1560,1221,0.0,0.0,10.0,13.0,36.1,1.8,0.5,0.0,0.0,3.0,5.0,37.8,0.8,0.4,-0.2,0.2,54.0,-854.0,16.0,15.0,460.0,0.06666666666666667,0.0,0.0,0.0,-0.2,0.7300000000000004,0.0
602,202109021202,0,1,0,1,5,5,4,54,0,1,0,0,0,0,0,0,1,0,0,13,0,0,0,0,0,0,0,0,0,0,0,4,0,0,0,0,0.0,0.0,,,,,,0.0,0.0,130.0,11.0,37.8,1.7,0.5,,,,,,,,,,0.0,0.06153846153846154,0.2153846153846154,7,13,323.5,13.0,1554,1556,322,,,,,,,,,,,,,,,,0.0,56.0,-128.0,16.0,10.0,,,0.0,,,,,0.0
603,202109021202,0,0,0,2,1,0,0,11,0,0,0,0,0,0,0,1,0,0,0,2,0,0,0,0,0,0,0,1,0,0,0,1,0,0,0,0,,,,,,,,,,,,,,,,,,,,,,,,,0.12844036697247707,0.30275229357798167,2,3,7.3,4.0,1401,1021,517,,,,,,,,,,,,,,,,,56.0,,16.0,,,,,,,,,
604,202109021202,0,0,0,0,0,0,0,0,0,0,0,0,0,0,0,0,0,0,0,0,0,0,0,0,0,0,0,0,0,0,0,0,0,0,0,0,0.0,0.0,60.0,8.0,42.7,5.6,0.875,0.0,0.0,150.0,13.0,38.0,2.0,0.5625,0.0,0.0,,,,,,5.0,-15.0,-300.0,0.0,0.09803921568627451,3,5,402.3,15.0,1020,1420,1576,0.0,0.0,140.0,10.0,38.3,2.6,0.75,0.0,0.0,130.0,16.0,42.0,3.6,0.375,2.1,0.0,54.0,-499.0,16.0,8.0,467.0,0.0,0.125,,-0.125,-0.0625,0.18000000000000113,0.0
605,202109021202,0,0,0,3,0,0,0,3,0,0,0,0,0,0,0,1,0,0,0,0,0,0,0,0,0,0,0,0,0,0,0,0,0,0,0,0,0.0,0.0,8.0,7.0,13.5,1.6,0.25,0.0,0.0,5.0,1.0,13.5,0.0,0.16666666666666666,0.0,0.0,16.0,14.0,38.0,2.1,0.5625,3.5,-2.0,-1660.0,0.0,0.06666666666666667,5,9,576.3,16.0,1729,1522,1428,0.0,0.0,14.0,13.0,39.2,2.7,0.5333333333333333,0.0,0.0,12.0,13.0,42.6,3.9,0.6875,2.4,0.2,53.0,-104.0,16.0,12.0,452.0,0.0,0.0,0.0,0.0,-0.25,-8.39,0.0
606,202109021202,0,0,0,1,2,1,0,2,0,0,0,0,0,0,0,1,0,0,0,0,0,0,0,0,0,0,0,1,0,0,0,0,0,0,0,0,0.0,0.0,7.0,8.0,44.7,5.8,0.875,0.0,0.0,13.0,11.0,41.9,2.6,0.5384615384615384,0.0,0.0,14.0,15.0,37.4,2.9,0.9375,3.5,-12.0,-200.0,0.0,0.0,4,7,380.8,14.0,1677,1110,1167,0.0,0.0,14.0,17.0,36.1,4.3,0.9444444444444444,,,,,,,,3.1,0.0,54.0,-395.0,16.0,8.0,434.0,0.125,0.23076923076923078,0.0,0.0,,3.0300000000000002,0.0
607,202109021202,0,0,0,9,0,0,2,6,0,0,0,0,0,0,0,2,0,0,0,4,0,0,0,0,0,0,0,2,0,0,0,4,0,0,0,0,0.0,0.0,14.0,15.0,38.3,2.6,0.4375,0.0,0.0,14.0,16.0,37.1,3.4,0.5,0.0,0.0,1.0,1.0,39.3,0.0,0.5,-7.0,-4.0,-200.0,,,1,1,41.7,8.0,1098,962,1294,0.0,0.0,9.0,14.0,35.0,1.1,0.875,0.0,0.0,14.0,8.0,35.7,0.7,0.0625,-1.6,0.2,54.0,-364.0,16.0,16.0,458.0,0.0625,0.1875,-0.2,0.0,0.0,0.729999999999999,0.0
608,202109030105,0,0,0,0,1,0,0,3,0,0,0,0,0,0,0,0,0,0,0,2,0,0,0,0,0,0,0,0,0,0,0,0,0,0,0,0,,,,,,,,,,,,,,,,,,,,,,,,,0.3870967741935484,0.5161290322580645,5,9,2.0,1.0,1467,1482,336,,,,,,,,,,,,,,,,,54.0,,16.0,,,,,,,,,
609,202109030105,0,1,0,0,0,0,0,0,0,0,0,0,0,1,0,0,0,0,0,0,0,0,0,0,0,0,0,0,0,0,0,0,0,0,0,0,,,,,,,,,,,,,,,,,,,,,,,,,0.18518518518518517,0.5185185185185185,6,11,6.0,2.0,1426,1520,306,,,,,,,,,,,,,,,,,54.0,,16.0,,,,,,,,,
610,202109030105,0,0,0,1,0,0,1,4,0,0,0,0,0,0,0,0,0,0,0,1,0,0,0,0,0,0,0,0,0,0,0,0,0,0,0,0,,,,,,,,,,,,,,,,,,,,,,,,,0.058823529411764705,0.17647058823529413,1,2,42.0,10.0,1509,1345,1110,,,,,,,,,,,,,,,,,53.0,,16.0,,,,,,,,,
611,202109030105,2,1,1,14,3,0,2,9,0,0,0,0,1,0,1,6,0,0,1,3,0,0,0,0,0,0,0,0,0,0,0,0,0,0,0,0,0.0,0.0,11.0,11.0,36.7,1.0,0.6875,0.0,0.0,7.0,7.0,37.2,1.1,0.6666666666666666,0.0,0.0,14.0,3.0,36.8,0.7,0.5625,-4.0,6.0,50.0,,,5,10,13.4,5.0,1576,1556,1577,0.0,0.0,12.0,9.0,37.6,0.8,0.38461538461538464,0.0,0.0,14.0,16.0,36.9,2.2,1.0,1.2,0.2,54.0,-742.0,16.0,16.0,442.0,-0.0625,0.06666666666666667,-0.0625,-0.07692307692307693,0.0,-0.079999999999999,0.0
612,202109030105,2,1,1,14,0,0,0,0,0,0,0,0,1,0,1,6,0,0,0,0,0,0,0,0,0,0,0,0,0,0,0,0,0,0,0,0,0.0,0.0,50.0,6.0,40.2,0.9,0.06666666666666667,0.0,0.0,30.0,7.0,36.9,1.5,0.38461538461538464,0.0,0.0,10.0,4.0,36.5,0.3,0.625,-1.0,-4.0,-200.0,0.0,0.0,4,8,152.7,14.0,1576,1598,1577,0.0,0.0,10.0,2.0,36.7,0.4,0.125,0.0,0.0,90.0,2.0,38.0,0.2,0.06666666666666667,-1.3,0.4,54.0,-546.0,16.0,15.0,498.0,0.0,0.0,0.0,0.0625,0.0,0.46000000000000013,0.0
613,202109030105,0,0,1,2,0,0,0,5,0,0,0,0,0,0,0,0,0,0,0,0,0,0,0,0,0,0,0,0,0,0,0,0,0,0,0,0,,,,,,,,,,,,,,,,,,,,,,,,,0.10606060606060606,0.30303030303030304,2,3,66.3,11.0,1278,1221,625,,,,,,,,,,,,,,,,,54.0,,16.0,,,,,,,,,
614,202109030105,0,0,0,4,0,0,0,0,0,0,0,0,0,0,0,2,0,0,0,0,0,0,0,0,0,0,0,0,0,0,0,0,0,0,0,0,0.0,0.0,5.0,16.0,44.1,4.7,0.125,0.0,0.0,5.0,12.0,45.6,7.2,0.3333333333333333,0.0,0.0,2.0,7.0,38.5,2.2,0.5333333333333333,-4.5,-2.0,-200.0,0.0,0.0625,2,4,25.2,8.0,1645,1029,1366,0.0,0.0,2.0,5.0,38.2,1.0,0.06666666666666667,0.0,0.0,2.0,2.0,37.3,0.0,0.2,-3.5,0.2,51.0,-275.0,16.0,16.0,456.0,0.0625,0.0,0.0,0.0,0.0,2.1000000000000005,0.0
615,202109030105,0,0,1,2,2,3,1,20,0,0,0,0,0,0,0,0,0,0,1,3,0,0,0,0,0,0,0,0,0,0,0,0,0,0,0,0,0.0,0.0,5.0,3.0,39.9,0.6,0.09090909090909091,0.0,0.0,1.0,13.0,38.4,1.4,0.375,0.0,0.0,2.0,3.0,37.0,0.9,0.25,0.0,-5.0,-200.0,0.0,0.16,1,1,18.0,7.0,1278,1263,625,0.0,0.0,6.0,8.0,35.5,1.4,0.5555555555555556,0.0,0.0,1.0,1.0,36.8,0.0,0.16666666666666666,-0.9,0.6,54.0,-1119.0,16.0,11.0,459.0,0.0,0.125,-0.0625,0.0,0.0,0.9100000000000001,0.0
616,202109030105,1,0,0,9,2,1,0,11,0,0,0,0,0,0,0,2,1,0,0,2,0,0,0,0,0,0,0,0,0,0,0,0,0,0,0,0,0.0,0.0,1.0,1.0,39.6,0.0,0.5714285714285714,0.0,0.0,15.0,11.0,37.9,1.6,0.9375,0.0,0.0,12.0,11.0,40.8,2.7,0.1875,5.0,-14.0,-200.0,0.08888888888888889,0.15555555555555556,6,12,16.2,6.0,1333,1558,1294,0.0,0.0,10.0,7.0,38.8,1.7,0.4,0.0,0.0,3.0,10.0,40.4,2.1,0.5,1.4,0.2,54.0,-1139.0,16.0,7.0,512.0,-0.14285714285714285,-0.0625,0.0625,-0.06666666666666667,0.35714285714285715,-0.24999999999999928,0.0
617,202109030105,2,1,1,14,0,0,0,3,0,0,0,0,1,0,1,6,0,0,0,2,0,0,0,0,0,0,0,0,0,0,0,0,0,0,0,0,,,,,,,,,,,,,,,,,,,,,,,,,0.09333333333333334,0.29333333333333333,4,7,9.6,4.0,1576,460,1577,,,,,,,,,,,,,,,,,54.0,,16.0,,,,,,,,,
618,202109030105,0,1,3,9,0,0,0,0,0,0,0,0,0,0,2,4,0,0,0,0,0,0,0,0,0,0,1,1,0,0,0,0,0,0,0,0,0.0,0.0,5.0,7.0,40.5,1.5,0.8888888888888888,0.0,0.0,9.0,11.0,37.2,1.6,0.5625,0.0,0.0,8.0,9.0,36.0,0.8,0.75,1.0,4.0,-100.0,0.12727272727272726,0.3,8,16,9.4,3.0,1520,102,695,0.0,0.0,13.0,15.0,37.7,2.8,0.9375,0.0,0.0,6.0,8.0,37.1,1.1,0.6875,0.6,0.0,54.0,-1219.0,16.0,9.0,508.0,0.0,-0.0625,0.0,0.0,0.0,0.6299999999999997,0.0
619,202109030105,0,0,1,2,0,1,0,10,0,0,0,0,0,0,0,0,0,0,0,4,0,0,0,0,0,0,0,0,0,0,0,0,0,0,0,0,0.0,0.0,3.0,9.0,39.0,2.5,0.9090909090909091,0.0,0.0,7.0,4.0,39.3,0.6,0.18181818181818182,0.0,0.0,6.0,1.0,40.2,0.0,0.1875,-4.0,0.0,-600.0,0.0,0.0625,3,6,99.9,12.0,1278,1559,625,0.0,0.0,12.0,12.0,36.9,1.7,1.0,,,,,,,,0.6,0.25,54.0,-294.0,16.0,11.0,478.0,0.0,-0.09090909090909091,-0.0625,-0.0625,,0.5399999999999998,0.0
620,202109030105,0,0,0,0,0,0,0,4,0,0,0,0,0,0,0,0,0,0,0,2,0,0,0,0,0,0,0,0,0,0,0,0,0,0,0,0,0.0,0.0,,,,,,0.0,0.0,140.0,10.0,38.5,1.8,0.7333333333333333,0.0,0.0,110.0,9.0,40.1,2.2,0.4166666666666667,-1.0,,-200.0,0.041666666666666664,0.16666666666666666,7,13,161.8,15.0,1064,1417,1556,0.0,0.0,50.0,7.0,41.5,4.2,0.2,0.0,0.0,90.0,7.0,38.0,1.2,0.42857142857142855,-1.1,0.0,53.0,-1131.0,16.0,11.0,,,0.0,0.3333333333333333,0.1,-0.07142857142857142,0.010000000000000142,0.0
621,202109030105,0,0,0,0,0,0,0,4,0,0,0,0,0,0,0,0,0,0,0,2,0,0,0,0,0,0,0,0,0,0,0,1,0,0,0,0,0.0,0.0,9.0,14.0,39.6,2.7,0.375,,,,,,,,,,,,,,,,,0.0,0.07692307692307693,0.2564102564102564,7,14,38.7,9.0,1204,1228,1221,,,,,,,,,,,,,,,,0.0,54.0,0.0,16.0,16.0,476.0,0.0625,,,,,,
622,202109030105,0,0,0,3,3,1,2,7,0,0,0,0,0,0,0,1,2,0,0,2,0,0,0,0,0,0,0,1,0,0,0,0,0,0,0,0,0.0,0.0,50.0,120.0,38.9,2.0,0.625,0.0,0.0,40.0,90.0,40.4,2.1,0.2,0.0,0.0,70.0,60.0,39.6,0.8,0.25,-30.0,-4.0,0.0,0.0,0.09615384615384616,8,15,131.5,13.0,1095,1167,1221,0.0,0.0,50.0,70.0,41.5,1.7,0.16666666666666666,0.0,0.0,20.0,130.0,42.0,2.2,0.5,0.0,0.0,54.0,-1116.0,16.0,16.0,480.0,-0.0625,-0.06666666666666667,0.0,0.0,-0.14285714285714285,-0.7300000000000004,0.0
623,202109030105,0,0,0,0,0,0,0,5,0,0,0,0,0,0,0,0,0,0,0,0,0,0,0,0,0,0,0,0,0,0,0,0,0,0,0,0,0.0,0.0,,,,,,0.0,0.0,30.0,3.0,36.6,0.4,0.07142857142857142,0.0,0.0,60.0,2.0,37.3,0.3,0.07142857142857142,-1.0,10.0,200.0,0.025974025974025976,0.11688311688311688,3,5,169.8,16.0,1270,1186,969,0.0,0.0,40.0,9.0,35.0,1.6,0.26666666666666666,0.0,0.0,30.0,2.0,33.6,0.3,0.17647058823529413,0.4,0.75,54.0,-420.0,16.0,13.0,464.0,,0.0,0.0,,,1.1299999999999997,0.0
624,202109030201,2,1,4,14,0,1,0,10,0,0,0,0,0,1,1,0,0,0,0,3,0,0,0,0,0,0,0,0,0,0,0,1,0,0,0,0,0.0,0.0,8.0,5.0,36.7,1.1,0.8888888888888888,0.0,0.0,12.0,15.0,38.1,3.0,0.8,0.0,0.0,9.0,16.0,39.4,3.2,0.1875,5.5,-4.0,380.0,0.09210526315789473,0.2894736842105263,5,10,4.7,2.0,1348,1366,1221,0.0,0.0,11.0,15.0,38.3,2.2,0.625,0.0,0.0,11.0,8.0,36.5,0.7,0.9375,0.6,0.0,54.0,-863.0,16.0,9.0,498.0,-0.2222222222222222,0.06666666666666667,0.0,0.125,0.0,0.020000000000000996,0.0
625,202109030201,7,4,0,9,3,1,6,30,1,0,0,0,1,0,0,1,1,0,0,8,0,0,0,0,1,0,0,1,0,0,0,4,0,0,0,0,0.0,0.0,5.0,16.0,42.1,3.2,0.4375,0.0,0.0,1.0,10.0,37.0,1.0,0.2857142857142857,0.0,0.0,4.0,2.0,36.8,0.1,0.14285714285714285,-7.0,21.0,0.0,0.13580246913580246,0.32098765432098764,7,13,4.5,1.0,1152,1183,1428,0.0,0.0,1.0,2.0,36.5,0.7,0.5,0.0,0.0,1.0,4.0,38.1,0.7,0.06666666666666667,-3.2,0.4,54.0,-1117.0,16.0,16.0,469.0,0.3125,0.0,0.0,-0.125,0.0,0.85,0.0
626,202109030201,2,2,0,15,0,0,0,1,0,0,0,0,1,1,0,5,0,0,0,0,0,0,0,0,0,1,0,3,0,0,0,0,0,0,0,0,0.0,0.0,150.0,70.0,38.2,1.4,0.625,0.0,0.0,100.0,110.0,36.8,1.2,0.23529411764705882,0.0,0.0,50.0,60.0,36.7,0.8,0.7142857142857143,-5.0,9.0,0.0,0.030303030303030304,0.21212121212121213,8,15,9.5,7.0,1393,102,1263,0.0,0.0,70.0,30.0,36.9,0.7,0.375,0.0,0.0,30.0,30.0,37.8,0.5,0.2,-16.0,0.0,54.0,-305.0,16.0,16.0,449.0,-0.0625,0.0,-0.07142857142857142,-0.0625,-0.06666666666666667,0.07000000000000099,0.0
627,202109030201,2,1,1,11,1,1,4,26,0,0,0,0,0,1,0,2,0,1,2,3,0,0,0,0,0,0,0,1,0,0,1,2,0,0,0,0,0.0,0.0,30.0,4.0,37.8,1.0,0.4444444444444444,0.0,0.0,90.0,10.0,13.7,5.5,0.5,0.0,0.0,150.0,13.0,37.3,2.2,0.3125,4.5,19.0,-200.0,0.18181818181818182,0.5272727272727272,3,6,6.1,3.0,1278,1013,625,0.0,0.0,70.0,11.0,37.0,1.4,0.5625,0.0,0.0,50.0,1.0,36.1,0.0,0.18181818181818182,-0.5,0.2,54.0,-977.0,16.0,9.0,479.0,-0.1111111111111111,0.08333333333333333,0.0,0.0625,-0.09090909090909091,-1.9900000000000009,0.0
628,202109030201,0,2,0,5,0,0,0,0,0,0,0,0,0,1,0,2,0,0,0,0,0,0,0,0,0,1,0,2,0,0,0,0,0,0,0,0,0.0,0.0,60.0,70.0,39.4,1.3,0.5,0.0,0.0,80.0,70.0,39.4,1.6,0.625,0.0,0.0,120.0,50.0,36.3,0.9,0.75,-10.0,25.0,-300.0,0.045454545454545456,0.09090909090909091,2,4,149.8,12.0,1036,1426,1108,0.0,0.0,130.0,70.0,39.2,1.9,0.6875,0.0,0.0,160.0,150.0,34.9,1.7,0.5,16.0,0.0,54.0,-835.0,16.0,10.0,441.0,0.2,-0.1875,0.0,-0.0625,0.1875,0.9199999999999996,0.0
629,202109030201,0,0,0,0,0,0,0,1,0,0,0,0,0,0,0,0,0,0,0,0,0,0,0,0,0,0,0,0,0,0,0,0,0,0,0,0,0.0,0.0,6.0,5.0,40.0,1.5,0.2,0.0,0.0,9.0,10.0,40.2,2.8,0.09090909090909091,0.0,0.0,11.0,13.0,38.2,1.5,0.25,4.0,12.0,-200.0,0.05714285714285714,0.2,1,1,8.8,6.0,1463,1508,1167,0.0,0.0,14.0,13.0,37.4,1.8,0.8,0.0,0.0,8.0,11.0,38.5,1.4,0.1875,1.5,0.0,53.0,-1123.0,16.0,10.0,532.0,0.0,0.09090909090909091,0.0,0.06666666666666667,-0.0625,0.5800000000000004,0.0
630,202109030201,2,3,0,16,2,1,4,18,0,0,0,1,0,0,0,0,1,1,2,4,0,0,0,0,0,0,0,0,1,0,2,1,0,0,0,0,0.0,0.0,16.0,16.0,42.8,6.0,0.375,0.0,0.0,10.0,10.0,35.2,1.9,0.7,0.0,0.0,9.0,16.0,35.8,2.7,0.5,0.0,12.0,0.0,0.023255813953488372,0.19767441860465115,4,8,7.9,5.0,1167,1556,460,0.0,0.0,9.0,9.0,38.1,1.1,0.07142857142857142,0.0,0.0,7.0,10.0,38.4,1.7,0.125,-1.3,0.0,54.0,-1196.0,16.0,16.0,456.0,0.0,0.0,-0.0625,0.0,0.0,0.5899999999999999,0.0
631,202109030201,0,0,0,2,1,0,1,7,0,0,0,1,0,0,0,1,0,0,0,1,0,0,0,0,0,0,0,1,0,0,0,1,0,0,0,0,0.0,0.0,14.0,14.0,36.1,1.5,0.7857142857142857,0.0,0.0,16.0,16.0,40.2,3.5,0.6875,0.0,0.0,15.0,13.0,37.1,1.6,0.875,-0.5,10.0,200.0,0.0,0.09433962264150944,2,3,21.4,9.0,1476,1436,1589,0.0,0.0,13.0,8.0,37.0,1.3,0.6153846153846154,0.0,0.0,9.0,4.0,40.8,0.9,0.45454545454545453,-2.8,0.0,54.0,-798.0,16.0,14.0,490.0,0.0,0.0,0.0,-0.07692307692307693,0.18181818181818182,-0.6199999999999989,0.0
632,202109030201,1,2,1,19,3,0,0,5,0,0,0,0,0,0,0,6,0,0,0,2,0,0,0,0,0,0,0,1,0,0,0,0,0,0,0,0,0.0,0.0,3.0,3.0,38.5,0.9,0.8571428571428571,0.0,0.0,14.0,9.0,37.8,1.2,0.125,0.0,0.0,13.0,8.0,37.8,1.1,0.5,2.5,-13.0,300.0,0.04081632653061224,0.16326530612244897,5,9,183.0,14.0,1172,1108,1556,0.0,0.0,5.0,10.0,38.5,1.5,0.5714285714285714,,,,,,,,2.0,0.25,53.0,-792.0,16.0,7.0,423.0,0.0,0.0,-0.125,0.0,,0.0,0.0
633,202109030201,0,1,1,6,0,3,1,8,0,0,1,1,0,1,0,2,0,0,0,1,0,0,0,0,0,1,0,1,0,0,0,1,0,0,0,0,0.0,0.0,7.0,1.0,40.9,0.0,0.6,0.0,0.0,10.0,10.0,36.2,1.2,0.875,0.0,0.0,16.0,6.0,36.8,0.5,0.625,2.5,10.0,-200.0,0.0,0.0,6,11,64.7,10.0,1396,1014,1556,0.0,0.0,16.0,11.0,38.3,2.1,0.9375,0.0,0.0,17.0,15.0,35.0,1.2,1.0,2.9,0.2,54.0,-817.0,16.0,10.0,446.0,-0.3,0.0,0.125,-0.125,0.0,0.9700000000000003,0.0
634,202109030201,5,0,5,17,2,1,4,18,1,0,2,0,2,0,3,7,1,1,2,4,0,0,1,0,2,0,2,5,1,0,2,1,0,0,1,0,0.0,0.0,1.0,5.0,41.7,0.9,0.3333333333333333,0.0,0.0,4.0,11.0,36.5,1.3,0.75,0.0,0.0,5.0,4.0,37.2,0.6,0.4375,-0.5,20.0,-200.0,0.08695652173913043,0.15217391304347827,4,7,6.9,4.0,1716,1556,1167,0.0,0.0,5.0,2.0,37.6,0.2,0.13333333333333333,0.0,0.0,8.0,7.0,34.4,0.7,0.4444444444444444,-0.5,0.2,54.0,-1005.0,16.0,12.0,484.0,0.0,0.0625,-0.0625,0.0,0.05555555555555555,1.3500000000000008,0.0
635,202109030201,0,0,0,6,1,0,1,4,0,0,0,0,0,0,0,4,0,0,0,3,0,0,0,0,0,0,0,0,0,0,0,1,0,0,0,0,0.0,0.0,10.0,,,,1.0,0.0,0.0,110.0,10.0,39.9,2.2,0.07142857142857142,0.0,0.0,130.0,12.0,36.4,1.8,1.0,2.0,-7.0,-200.0,0.0,0.05714285714285714,6,12,178.6,13.0,1446,260,75,,,,,,,,,,,,,,,2.0,0.0,54.0,-264.0,16.0,10.0,457.0,,0.14285714285714285,-0.125,,,3.5,0.0
636,202109030201,4,1,2,14,0,0,0,1,0,0,0,0,2,0,1,6,0,0,0,0,0,0,0,0,0,0,1,3,0,0,0,0,0,0,0,0,0.0,0.0,1.0,1.0,38.6,0.0,0.3333333333333333,0.0,0.0,8.0,13.0,38.7,2.7,0.375,0.0,0.0,4.0,5.0,37.9,0.9,0.26666666666666666,2.0,3.0,0.0,0.07692307692307693,0.2153846153846154,7,14,13.6,8.0,1228,1592,1108,0.0,0.0,9.0,2.0,37.8,0.6,0.0625,0.0,0.0,9.0,9.0,38.8,1.1,0.26666666666666666,0.5,0.4,54.0,-276.0,16.0,12.0,471.0,-0.08333333333333333,0.0,0.0,0.0,0.06666666666666667,0.05000000000000142,0.0
637,202109030201,0,0,0,0,2,1,4,18,0,0,0,0,0,0,0,0,1,1,2,4,0,0,0,0,0,0,0,0,1,0,2,1,0,0,0,0,0.0,0.0,50.0,6.0,43.3,2.4,0.7,0.0,0.0,160.0,14.0,38.6,2.8,0.5,0.0,0.0,120.0,10.0,38.7,1.5,0.4375,2.0,18.0,-200.0,0.0,0.058823529411764705,3,5,359.1,16.0,1426,1556,306,0.0,0.0,160.0,6.0,37.8,1.5,0.5,0.0,0.0,140.0,9.0,38.6,2.6,0.375,-0.2,0.0,51.0,-1123.0,16.0,10.0,440.0,0.0,0.125,0.0625,-0.0625,0.0625,1.0199999999999996,0.0
638,202109030201,2,0,0,6,0,0,0,1,0,0,0,0,0,0,0,0,0,0,0,0,0,0,0,0,0,0,0,0,0,0,0,0,0,0,0,0,0.0,0.0,15.0,15.0,38.0,3.4,0.9375,0.0,0.0,9.0,11.0,42.0,4.0,0.7142857142857143,0.0,0.0,11.0,9.0,39.3,2.2,0.875,-3.0,0.0,0.0,0.028985507246376812,0.14492753623188406,8,16,255.8,15.0,1605,1642,1,,,,,,,,,,,,,,,-3.0,0.0,54.0,0.0,16.0,16.0,484.0,0.0625,0.07142857142857142,0.125,,,-0.6499999999999986,0.0
639,202109030201,1,0,1,12,2,1,4,18,0,0,0,0,0,0,0,3,1,1,2,4,0,0,0,0,0,0,0,2,1,0,2,1,0,0,0,0,0.0,0.0,1.0,1.0,38.0,0.0,0.4444444444444444,0.0,0.0,11.0,8.0,36.3,0.8,0.5714285714285714,0.0,0.0,11.0,16.0,39.6,3.5,0.25,7.5,2.0,-300.0,0.08333333333333333,0.3333333333333333,1,2,142.5,11.0,1009,1556,298,0.0,0.0,8.0,15.0,41.4,3.8,0.125,,,,,,,,5.0,0.25,51.0,-156.0,16.0,9.0,454.0,-0.3333333333333333,-0.14285714285714285,0.125,0.0,,-1.35,0.0
640,202109030303,0,0,1,5,2,2,2,41,0,0,0,0,0,0,1,0,0,0,1,11,0,0,0,0,0,0,0,0,0,0,0,6,0,0,0,0,0.0,0.0,6.0,11.0,40.4,2.0,0.9166666666666666,0.0,0.0,13.0,8.0,36.1,0.9,0.8571428571428571,0.0,0.0,8.0,9.0,36.4,0.4,0.42857142857142855,-1.0,25.0,-200.0,0.125,0.29464285714285715,5,9,6.4,3.0,1729,1014,1428,0.0,0.0,11.0,5.0,36.1,0.5,0.875,0.0,0.0,13.0,11.0,36.1,1.2,0.9375,-0.3,0.0,54.0,-916.0,16.0,12.0,453.0,0.08333333333333333,-0.14285714285714285,0.07142857142857142,0.0,0.0,0.8599999999999994,0.0
641,202109030303,0,0,1,15,8,8,7,66,0,0,0,0,0,0,0,1,2,4,1,13,0,0,0,0,0,0,0,1,2,3,1,8,0,0,0,0,0.0,0.0,9.0,9.0,43.0,5.3,0.8,0.0,0.0,8.0,9.0,40.9,3.1,0.3333333333333333,0.0,0.0,10.0,14.0,42.3,4.2,0.13333333333333333,2.5,18.0,-200.0,0.17857142857142858,0.5178571428571429,3,6,3.5,1.0,1677,1294,1167,0.0,0.0,7.0,11.0,37.1,1.1,0.46153846153846156,0.0,0.0,6.0,13.0,38.3,1.5,0.26666666666666666,1.0,0.0,56.0,-438.0,16.0,10.0,540.0,0.2,0.6666666666666666,0.6666666666666666,0.15384615384615385,0.0,1.3200000000000003,0.0
642,202109030303,4,6,5,72,0,0,0,0,0,0,0,0,3,4,5,41,0,0,0,0,0,0,0,0,0,1,0,10,0,0,0,0,0,0,0,0,0.0,0.0,1.0,1.0,40.1,0.0,0.1111111111111111,0.0,0.0,1.0,6.0,36.3,0.4,0.2857142857142857,0.0,0.0,1.0,9.0,37.7,1.5,0.5714285714285714,4.0,40.0,-300.0,0.0851063829787234,0.2978723404255319,1,2,9.2,5.0,1228,1356,1108,0.0,0.0,5.0,3.0,37.4,0.1,0.0625,0.0,0.0,9.0,2.0,37.2,0.1,0.0625,-0.1,0.6,54.0,-436.0,16.0,9.0,484.0,0.0,-0.07142857142857142,-0.07142857142857142,0.0,0.0,0.4699999999999996,0.0
643,202109030303,11,3,4,48,8,8,7,66,0,0,0,2,3,0,1,13,2,4,1,13,0,0,0,1,1,0,1,5,2,3,1,8,0,0,0,1,0.0,0.0,100.0,9.0,36.3,1.1,0.75,0.0,0.0,50.0,7.0,36.7,2.1,0.25,0.0,0.0,100.0,4.0,37.6,0.4,0.125,-2.5,11.0,400.0,0.08955223880597014,0.22388059701492538,2,3,47.2,10.0,1348,1294,1221,0.0,0.0,50.0,10.0,40.2,2.1,0.3333333333333333,0.0,0.0,40.0,7.0,35.9,0.8,0.5,-0.1,0.0,54.0,-705.0,16.0,12.0,479.0,0.0,0.08333333333333333,0.0,0.13333333333333333,0.07142857142857142,-0.2700000000000003,0.0
644,202109030303,1,4,1,41,4,3,1,36,0,0,0,0,0,0,1,7,2,1,1,7,0,0,0,0,0,0,1,4,0,0,1,3,0,0,0,0,0.0,0.0,10.0,60.0,39.3,0.5,0.125,0.0,0.0,80.0,100.0,37.3,2.4,0.6666666666666666,0.0,0.0,40.0,90.0,36.9,2.3,0.25,15.0,22.0,-200.0,0.13253012048192772,0.3253012048192771,5,10,11.5,6.0,1090,1721,1169,0.0,0.0,60.0,50.0,37.4,0.4,0.1875,0.0,0.0,30.0,40.0,37.7,0.6,0.26666666666666666,-9.0,0.0,56.0,-1117.0,16.0,8.0,496.0,0.0,0.0,0.0,0.0625,0.0,0.3099999999999987,0.0
645,202109030303,4,6,5,72,1,0,1,6,0,0,0,0,3,4,5,41,0,0,0,1,0,0,0,0,0,1,0,10,0,0,0,1,0,0,0,0,0.0,0.0,40.0,3.0,40.3,0.3,0.7272727272727273,0.0,0.0,40.0,6.0,37.3,0.5,0.4375,0.0,0.0,50.0,3.0,37.1,0.6,0.6,0.0,-7.0,-400.0,0.0,0.09259259259259259,4,8,6.9,4.0,1228,1026,1108,0.0,0.0,110.0,5.0,36.5,0.7,0.875,,,,,,,,0.3,0.5,56.0,-1127.0,16.0,11.0,453.0,-0.18181818181818182,-0.0625,0.0,0.0,,1.1599999999999988,0.0
646,202109030303,1,1,0,8,0,0,0,0,0,0,0,0,1,0,0,3,0,0,0,0,0,0,0,0,1,0,0,1,0,0,0,0,0,0,0,0,0.0,0.0,2.0,3.0,40.0,1.5,0.2727272727272727,0.0,0.0,8.0,11.0,35.3,1.2,0.6666666666666666,0.0,0.0,11.0,7.0,37.6,0.7,0.3125,2.0,-5.0,-200.0,0.022988505747126436,0.19540229885057472,2,4,71.2,11.0,1611,388,1263,0.0,0.0,8.0,8.0,38.9,1.7,0.4,0.0,0.0,10.0,7.0,35.8,0.5,0.2777777777777778,0.5,0.2,56.0,-158.0,16.0,11.0,511.0,-0.09090909090909091,0.0,-0.0625,-0.06666666666666667,0.05555555555555555,0.4800000000000004,0.0
647,202109030303,0,1,0,11,2,0,0,7,0,0,0,0,0,1,0,8,0,0,0,1,0,0,0,0,0,1,0,2,0,0,0,1,0,0,0,0,0.0,0.0,11.0,16.0,36.6,2.6,1.0,0.0,0.0,8.0,8.0,37.1,0.7,0.5625,0.0,0.0,4.0,9.0,36.3,1.3,0.75,-3.5,4.0,0.0,0.10256410256410256,0.3076923076923077,8,16,16.4,8.0,1287,1160,1235,0.0,0.0,1.0,7.0,39.8,0.9,0.25,0.0,0.0,3.0,2.0,38.2,0.2,0.25,-2.9,0.2,56.0,-42.0,16.0,16.0,484.0,0.0,0.0625,-0.125,0.0,-0.0625,-0.5899999999999999,0.0
648,202109030303,0,1,1,10,1,2,2,18,0,0,0,1,0,0,0,3,1,0,1,4,0,0,0,0,0,0,0,3,0,0,0,1,0,0,0,0,0.0,0.0,7.0,11.0,46.6,7.5,0.5454545454545454,0.0,0.0,16.0,9.0,36.8,0.7,0.8125,0.0,0.0,6.0,11.0,40.7,3.7,1.0,0.0,4.0,-500.0,0.0,0.11538461538461539,8,15,286.1,16.0,1279,1316,1079,0.0,0.0,12.0,10.0,39.5,2.3,0.4375,0.0,0.0,6.0,9.0,40.3,2.5,0.5555555555555556,-0.3,0.0,56.0,-573.0,16.0,11.0,488.0,0.36363636363636365,0.125,-0.36363636363636365,0.0,0.1111111111111111,0.9900000000000005,0.0
649,202109030303,7,0,3,30,0,0,0,1,0,0,0,0,1,0,0,7,0,0,0,0,0,0,0,0,0,0,0,3,0,0,0,0,0,0,0,0,0.0,0.0,7.0,7.0,36.6,1.5,0.4166666666666667,0.0,0.0,2.0,10.0,37.6,0.8,0.4375,0.0,0.0,1.0,3.0,37.9,0.6,0.25,-2.0,-2.0,200.0,0.075,0.25,7,13,4.6,2.0,1431,617,1428,0.0,0.0,1.0,2.0,35.2,0.3,0.17647058823529413,,,,,,,,-2.2,0.5,56.0,-49.0,16.0,12.0,464.0,0.16666666666666666,-0.0625,-0.0625,-0.058823529411764705,,0.38999999999999985,0.0
650,202109030303,11,3,4,48,0,0,0,2,0,0,0,0,3,0,1,13,0,0,0,0,0,0,0,0,1,0,1,5,0,0,0,0,0,0,0,0,0.0,0.0,8.0,7.0,39.4,1.1,0.26666666666666666,0.0,0.0,6.0,11.0,40.2,1.7,0.06666666666666667,0.0,0.0,2.0,2.0,37.8,0.1,0.13333333333333333,-2.5,-4.0,-600.0,0.022727272727272728,0.13636363636363635,7,14,20.5,9.0,1348,1560,1221,0.0,0.0,10.0,13.0,36.1,1.8,0.5,0.0,0.0,3.0,5.0,37.8,0.8,0.4,-0.2,0.2,54.0,-799.0,16.0,15.0,460.0,0.06666666666666667,0.0,0.0,0.0,-0.2,0.7300000000000004,0.0
651,202109030303,1,0,0,10,1,1,0,3,0,0,0,1,0,0,0,4,0,0,0,1,0,0,0,1,0,0,0,4,0,0,0,1,0,0,0,1,0.0,0.0,15.0,12.0,37.3,1.0,0.8125,0.0,0.0,7.0,9.0,38.0,1.3,0.4,0.0,0.0,7.0,10.0,35.5,1.3,0.5,-1.0,6.0,0.0,0.0392156862745098,0.1568627450980392,4,7,141.1,15.0,1463,1577,1167,0.0,0.0,8.0,4.0,37.4,1.0,0.375,0.0,0.0,10.0,6.0,38.0,1.9,0.3125,-1.7,0.0,53.0,0.0,16.0,16.0,422.0,-0.0625,0.06666666666666667,0.0,0.0,0.0,-0.08000000000000043,0.0
652,202109030303,3,0,2,19,2,3,2,29,0,0,0,1,1,0,1,5,0,0,1,6,0,0,0,0,1,0,1,2,0,0,1,4,0,0,0,0,0.0,0.0,11.0,9.0,38.6,2.1,1.0,0.0,0.0,14.0,13.0,40.1,3.1,0.8125,0.0,0.0,12.0,9.0,40.1,1.8,0.8333333333333334,0.0,20.0,0.0,0.07692307692307693,0.3076923076923077,6,12,14.2,7.0,1586,1393,1167,0.0,0.0,13.0,12.0,39.3,2.3,1.0,0.0,0.0,13.0,14.0,38.4,2.4,0.5,0.9,0.0,53.0,-1122.0,16.0,11.0,458.0,-0.18181818181818182,0.0625,-0.16666666666666666,0.0,0.125,0.120000000000001,0.0
653,202109030303,0,0,0,1,0,1,1,7,0,0,0,0,0,0,0,1,0,0,0,0,0,0,0,0,0,0,0,0,0,0,0,0,0,0,0,0,0.0,0.0,10.0,1.0,38.3,0.0,0.1111111111111111,0.0,0.0,140.0,14.0,38.3,1.7,0.5625,0.0,0.0,80.0,8.0,39.3,1.4,0.125,3.5,19.0,-300.0,0.029411764705882353,0.23529411764705882,3,5,118.5,14.0,969,568,201,0.0,0.0,70.0,15.0,44.4,5.4,0.125,0.0,0.0,40.0,10.0,37.7,2.1,0.4666666666666667,1.9,0.2,56.0,-136.0,16.0,9.0,515.0,0.0,0.0,0.0,0.0,-0.06666666666666667,-0.49000000000000127,0.0
654,202109030303,8,13,8,81,0,1,1,1,0,0,0,0,0,1,0,6,0,1,1,1,0,0,0,0,0,1,0,2,0,0,0,0,0,0,0,0,0.0,0.0,3.0,7.0,40.1,3.7,0.6363636363636364,0.0,0.0,13.0,15.0,38.2,2.3,1.0,0.0,0.0,10.0,13.0,39.6,3.3,0.4375,3.0,3.0,-200.0,0.0,0.05555555555555555,6,11,75.2,13.0,1503,832,1263,0.0,0.0,6.0,9.0,43.6,5.3,0.8888888888888888,0.0,0.0,12.0,15.0,36.1,3.4,0.375,1.0,0.0,53.0,-120.0,16.0,11.0,505.0,-0.09090909090909091,0.0,0.0625,-0.3333333333333333,0.3125,0.2600000000000001,0.0
655,202109030303,8,4,7,50,0,0,1,6,0,0,0,0,1,0,0,5,0,0,0,0,0,0,0,0,1,0,0,3,0,0,0,0,0,0,0,0,0.0,0.0,12.0,9.0,38.1,1.8,0.625,0.0,0.0,16.0,16.0,37.8,2.6,1.0,0.0,0.0,13.0,9.0,36.3,1.0,0.6875,0.0,14.0,0.0,0.08333333333333333,0.14583333333333334,1,1,74.8,12.0,1152,57,1428,0.0,0.0,12.0,13.0,36.3,1.8,0.5625,0.0,0.0,3.0,1.0,38.1,0.0,0.2857142857142857,-1.9,0.2,54.0,-169.0,16.0,16.0,462.0,0.125,0.0,-0.0625,0.125,-0.14285714285714285,0.15,0.0
656,202109030307,1,0,1,22,1,1,1,30,0,0,0,0,1,0,1,12,0,0,0,7,0,0,0,0,0,0,0,0,0,0,0,1,0,0,0,0,0.0,0.0,8.0,14.0,41.2,3.6,0.07142857142857142,0.0,0.0,11.0,12.0,38.2,1.2,0.13333333333333333,0.0,0.0,3.0,7.0,36.9,1.0,0.07692307692307693,-3.5,4.0,0.0,0.07575757575757576,0.21212121212121213,8,10,2.3,1.0,1426,1306,306,0.0,0.0,7.0,11.0,37.4,1.0,0.15384615384615385,0.0,0.0,5.0,2.0,36.2,0.1,0.0625,-2.5,0.2,54.0,-1149.0,10.0,14.0,496.0,0.0,0.0,0.0,0.0,0.0,1.0800000000000005,0.0
657,202109030307,8,4,7,50,1,0,2,26,0,0,1,4,1,0,0,5,0,0,0,7,0,0,0,0,0,0,0,2,0,0,0,3,0,0,0,0,0.0,0.0,16.0,16.0,34.7,1.3,1.0,0.0,0.0,10.0,15.0,43.4,6.2,0.06666666666666667,0.0,0.0,14.0,14.0,37.2,1.9,0.6875,-1.0,4.0,0.0,0.043478260869565216,0.043478260869565216,7,7,6.2,3.0,1152,1108,1428,0.0,0.0,11.0,12.0,34.3,0.9,1.0,0.0,0.0,6.0,13.0,38.6,2.5,0.875,-0.9,0.0,54.0,-1086.0,10.0,16.0,534.0,0.0,0.0,0.0,0.0,0.0,0.13000000000000042,0.0
658,202109030307,3,0,2,19,0,1,1,10,0,0,0,0,1,0,1,5,0,1,1,4,0,0,0,0,0,0,0,0,0,0,0,1,0,0,0,0,0.0,0.0,20.0,1.0,36.8,0.0,0.125,0.0,0.0,30.0,4.0,37.4,0.9,0.125,0.0,0.0,60.0,4.0,35.7,0.3,0.2857142857142857,1.5,2.0,0.0,0.1038961038961039,0.2987012987012987,8,9,8.2,5.0,1586,1541,1167,0.0,0.0,10.0,3.0,38.2,1.3,0.125,0.0,0.0,40.0,4.0,39.2,0.6,0.25,0.5,0.4,54.0,91.0,10.0,16.0,486.0,0.0,0.0,-0.07142857142857142,0.0,0.0,-0.5600000000000016,0.0
659,202109030307,0,2,4,29,2,1,0,13,0,1,0,2,0,0,0,4,1,0,0,2,0,0,0,0,0,0,0,1,0,0,0,1,0,0,0,0,0.0,0.0,9.0,2.0,39.0,0.8,0.8333333333333334,0.0,0.0,9.0,15.0,37.6,1.2,0.625,0.0,0.0,1.0,1.0,36.4,0.0,0.15384615384615385,-0.5,-1.0,-100.0,0.12612612612612611,0.2972972972972973,1,1,4.9,2.0,1440,1199,1167,0.0,0.0,1.0,4.0,35.8,0.4,0.5454545454545454,0.0,0.0,1.0,2.0,36.4,0.0,0.14285714285714285,-1.1,0.6,57.0,-1121.0,10.0,12.0,487.0,-0.5,0.0625,0.0,-0.18181818181818182,0.0,0.7000000000000007,0.0
660,202109030307,0,0,3,15,4,2,1,13,0,0,0,1,0,0,2,5,2,0,1,8,0,0,0,1,0,0,1,1,1,0,0,3,0,0,0,1,0.0,0.0,40.0,4.0,40.9,1.9,0.5714285714285714,0.0,0.0,160.0,14.0,40.3,2.5,0.4375,0.0,0.0,110.0,15.0,39.5,2.8,0.125,5.5,-8.0,-300.0,0.02564102564102564,0.11538461538461539,4,4,48.6,9.0,1505,351,201,0.0,0.0,60.0,9.0,37.0,1.3,0.8333333333333334,0.0,0.0,90.0,5.0,36.1,1.0,0.6,-0.3,0.0,57.0,-806.0,10.0,7.0,486.0,-0.2857142857142857,-0.125,0.0,-0.08333333333333333,-0.1,1.2899999999999991,0.0
661,202109030307,0,3,1,5,3,8,2,36,0,2,0,1,0,1,1,3,0,0,0,3,0,0,0,0,0,1,1,1,0,0,0,0,0,0,0,0,0.0,0.0,1.0,1.0,39.9,0.0,0.1111111111111111,0.0,0.0,15.0,12.0,37.2,2.0,0.625,0.0,0.0,12.0,11.0,38.0,1.5,0.75,5.0,-10.0,-200.0,0.04,0.16,3,3,8.1,4.0,1521,1221,1313,0.0,0.0,15.0,12.0,40.0,2.9,0.375,0.0,0.0,15.0,11.0,37.1,1.6,0.875,2.0,0.2,53.0,-1206.0,10.0,9.0,454.0,0.0,0.0,-0.08333333333333333,0.125,0.0,0.2799999999999997,0.0
662,202109030307,15,11,16,108,8,7,3,79,2,1,0,8,4,3,4,28,0,0,1,23,0,0,0,5,2,0,1,5,0,0,0,1,0,0,0,0,0.0,0.0,3.0,8.0,39.4,2.3,0.6666666666666666,0.0,0.0,10.0,9.0,36.3,0.8,0.9375,0.0,0.0,9.0,5.0,36.1,0.2,0.8125,-1.5,9.0,-550.0,0.13333333333333333,0.2,7,8,36.1,7.0,1576,1405,1577,0.0,0.0,5.0,9.0,38.6,1.7,0.4666666666666667,0.0,0.0,10.0,10.0,37.8,0.9,0.75,0.4,0.0,57.0,-1128.0,10.0,9.0,505.0,0.0,-0.0625,0.0,-0.06666666666666667,-0.1875,0.08999999999999986,0.0
663,202109030307,0,3,1,5,1,3,3,31,0,1,1,1,0,1,1,3,1,1,2,10,0,1,1,1,0,1,1,1,0,1,1,3,0,1,1,1,0.0,0.0,10.0,9.0,13.8,3.1,1.0,0.0,0.0,30.0,2.0,13.5,0.2,0.16666666666666666,0.0,0.0,30.0,4.0,13.7,1.3,0.5833333333333334,-2.5,-6.0,-1770.0,0.13414634146341464,0.32926829268292684,5,5,8.5,6.0,1521,1503,1313,0.0,0.0,20.0,9.0,13.6,3.9,0.2727272727272727,0.0,0.0,20.0,2.0,13.3,0.2,0.2222222222222222,-0.7,0.4,57.0,-631.0,10.0,9.0,480.0,0.0,0.0,-0.25,0.7272727272727273,-0.1111111111111111,0.09000000000000004,0.0
664,202109030307,8,13,13,79,0,0,3,8,0,0,0,0,0,0,0,4,0,0,0,1,0,0,0,0,0,0,0,1,0,0,0,0,0,0,0,0,0.0,0.0,3.0,6.0,39.9,1.2,0.3333333333333333,0.0,0.0,10.0,10.0,37.5,2.3,0.6363636363636364,0.0,0.0,12.0,10.0,38.1,2.0,0.3076923076923077,2.0,29.0,-200.0,0.02857142857142857,0.14285714285714285,2,2,39.7,8.0,1691,1206,1167,0.0,0.0,6.0,7.0,37.8,0.7,0.36363636363636365,0.0,0.0,14.0,10.0,38.0,1.0,0.25,0.5,0.0,57.0,-916.0,10.0,9.0,505.0,-0.1111111111111111,0.0,0.0,0.0,0.1875,0.35,0.0
665,202109030307,4,14,3,40,4,8,12,116,0,2,0,7,0,1,0,5,0,2,3,23,0,0,0,2,0,0,0,1,0,1,2,9,0,0,0,1,0.0,0.0,50.0,90.0,38.6,2.2,0.8,0.0,0.0,100.0,100.0,38.6,4.1,1.0,0.0,0.0,110.0,140.0,38.0,3.0,0.5333333333333333,25.0,15.0,-100.0,0.0851063829787234,0.14893617021276595,6,6,56.2,10.0,1605,1167,1,0.0,0.0,60.0,40.0,37.4,1.3,0.875,0.0,0.0,20.0,70.0,36.4,1.0,0.25,-10.0,0.0,57.0,-70.0,10.0,10.0,487.0,0.1,0.0,0.2,-0.25,0.0,0.5600000000000008,0.0
666,202109030410,0,0,0,2,0,0,0,0,0,0,0,0,0,0,0,1,0,0,0,0,0,0,0,0,0,0,0,0,0,0,0,0,0,0,0,0,0.0,0.0,12.0,9.0,37.1,0.6,0.1875,0.0,0.0,10.0,12.0,38.6,1.4,0.1875,0.0,0.0,9.0,14.0,37.1,2.0,0.375,2.5,4.0,0.0,0.2,0.4,6,12,6.1,3.0,525,609,1,0.0,0.0,3.0,3.0,38.1,0.8,0.5,0.0,0.0,5.0,1.0,35.6,0.0,0.5,-2.5,0.4,57.0,-994.0,16.0,16.0,510.0,0.0625,-0.0625,0.0625,-0.1,-0.1875,0.35,0.0
667,202109030410,13,7,11,84,0,0,1,8,0,0,1,2,6,2,3,19,0,0,0,1,0,0,0,0,1,0,0,0,0,0,0,0,0,0,0,0,0.0,0.0,6.0,2.0,37.4,0.1,0.0625,0.0,0.0,3.0,7.0,39.0,0.7,0.0625,0.0,0.0,4.0,9.0,36.5,1.2,0.16666666666666666,3.5,-10.0,-200.0,0.08823529411764706,0.22058823529411764,2,4,13.2,7.0,1716,1341,1167,0.0,0.0,7.0,2.0,36.2,0.1,0.0625,0.0,0.0,5.0,1.0,37.3,0.0,0.06666666666666667,-0.7,0.6,55.0,-293.0,16.0,16.0,482.0,0.0,0.0,0.25,0.0,0.0,0.3,0.0
668,202109030410,0,0,0,0,0,0,0,0,0,0,0,0,0,0,0,0,0,0,0,0,0,0,0,0,0,0,0,0,0,0,0,0,0,0,0,0,0.0,0.0,20.0,2.0,40.3,0.1,0.09090909090909091,0.0,0.0,90.0,10.0,37.2,1.3,0.9090909090909091,0.0,0.0,110.0,14.0,37.7,2.5,0.75,6.0,-6.0,-100.0,0.034482758620689655,0.10344827586206896,3,5,66.0,10.0,518,177,225,0.0,0.0,120.0,13.0,36.9,2.0,0.375,0.0,0.0,90.0,5.0,36.2,0.6,0.125,0.9,0.2,57.0,-1120.0,16.0,11.0,460.0,0.0,-0.09090909090909091,0.0,0.125,0.0,0.8499999999999993,0.0
669,202109030410,1,1,0,3,1,1,0,3,1,1,0,3,1,1,0,2,1,1,0,2,1,1,0,2,0,0,0,0,0,0,0,0,0,0,0,0,0.0,0.0,13.0,10.0,36.1,1.0,0.9285714285714286,0.0,0.0,16.0,14.0,35.5,1.6,0.875,0.0,0.0,10.0,6.0,36.2,0.7,0.8571428571428571,-2.0,10.0,0.0,0.30434782608695654,0.5652173913043478,3,6,3.5,1.0,134,26,832,0.0,0.0,10.0,9.0,36.3,1.4,1.0,0.0,0.0,10.0,7.0,37.1,1.0,0.9230769230769231,-1.1,0.0,57.0,-1197.0,16.0,14.0,512.0,0.07142857142857142,0.0625,-0.07142857142857142,-0.125,0.07692307692307693,-0.2799999999999997,0.0
670,202109030410,4,14,9,78,0,0,0,7,0,0,0,0,2,4,6,21,0,0,0,3,0,0,0,0,0,1,1,1,0,0,0,0,0,0,0,0,0.0,0.0,8.0,9.0,37.1,0.5,0.125,0.0,0.0,6.0,6.0,36.3,0.9,0.26666666666666666,0.0,0.0,4.0,3.0,36.4,0.3,0.25,-3.0,24.0,0.0,,,5,10,9.4,6.0,1172,1374,1556,0.0,0.0,6.0,3.0,36.8,0.1,0.375,0.0,0.0,6.0,5.0,37.2,0.4,0.4166666666666667,-1.0999999999999999,0.4,55.0,-531.0,16.0,16.0,518.0,0.0,0.0,0.0,-0.0625,0.0,-0.07000000000000028,0.0
671,202109030410,15,11,16,108,10,4,6,117,4,0,0,9,4,3,4,28,2,0,2,27,2,0,0,4,0,1,0,0,0,0,0,0,0,0,0,0,0.0,0.0,10.0,12.0,37.4,1.9,0.8571428571428571,0.0,0.0,5.0,10.0,36.4,1.0,0.5714285714285714,0.0,0.0,9.0,1.0,35.2,0.0,0.875,-5.5,6.0,-500.0,0.06896551724137931,0.3103448275862069,4,7,25.3,8.0,1576,1013,1577,0.0,0.0,11.0,3.0,37.9,0.4,0.6875,0.0,0.0,6.0,10.0,36.9,1.4,0.375,-1.0999999999999999,0.4,55.0,-567.0,16.0,14.0,482.0,0.07142857142857142,0.14285714285714285,0.0,-0.375,0.0,-0.05,0.0
672,202109030410,4,4,3,42,0,1,1,10,0,0,0,2,2,0,1,13,0,1,1,4,0,0,0,1,0,0,0,3,0,0,0,0,0,0,0,0,0.0,0.0,15.0,14.0,36.6,2.3,1.0,0.0,0.0,12.0,13.0,38.4,2.4,0.07692307692307693,0.0,0.0,16.0,9.0,35.9,1.0,0.9375,-2.5,4.0,-200.0,0.0625,0.125,8,16,108.0,13.0,1482,1541,1263,0.0,0.0,15.0,11.0,35.8,1.8,1.0,0.0,0.0,15.0,13.0,36.4,1.5,1.0,-0.4,0.0,55.0,-566.0,16.0,16.0,498.0,0.0,0.07692307692307693,0.0625,-0.0625,0.0,0.3000000000000007,0.0
673,202109030410,2,2,2,16,1,1,1,9,1,1,1,2,1,2,1,5,1,1,1,7,1,1,1,1,0,0,0,1,0,0,0,1,0,0,0,1,0.0,0.0,110.0,110.0,43.7,4.7,1.0,0.0,0.0,160.0,60.0,36.8,1.3,0.9375,0.0,0.0,160.0,100.0,37.0,1.5,0.875,-5.0,1.0,-200.0,0.09375,0.3125,7,14,244.9,15.0,1170,1423,1404,0.0,0.0,100.0,110.0,37.0,1.6,0.46153846153846156,0.0,0.0,80.0,50.0,36.2,0.6,0.8125,-7.0,0.0,57.0,-1109.0,16.0,11.0,475.0,0.0,-0.0625,0.0,0.15384615384615385,0.0,1.4799999999999998,0.0
674,202109030410,0,0,0,0,0,0,0,1,0,0,0,0,0,0,0,0,0,0,0,1,0,0,0,0,0,0,0,0,0,0,0,0,0,0,0,0,0.0,0.0,40.0,2.0,37.1,0.0,0.2857142857142857,0.0,0.0,150.0,13.0,36.3,2.1,0.875,0.0,0.0,120.0,12.0,37.2,1.0,0.75,5.0,7.0,-500.0,0.0967741935483871,0.22580645161290322,2,3,32.5,9.0,779,232,334,0.0,0.0,80.0,7.0,36.6,0.4,0.35714285714285715,0.0,0.0,100.0,9.0,36.7,1.9,0.4375,0.8,0.2,57.0,-1114.0,16.0,7.0,489.0,-0.14285714285714285,-0.0625,0.0625,-0.07142857142857142,0.0,0.04999999999999929,0.0
675,202109030410,4,0,3,20,1,0,0,14,0,0,0,3,1,0,0,6,0,0,0,4,0,0,0,0,0,0,0,1,0,0,0,0,0,0,0,0,0.0,0.0,13.0,15.0,39.0,2.5,0.875,0.0,0.0,14.0,11.0,35.6,0.8,0.9375,0.0,0.0,8.0,12.0,37.8,1.8,0.5625,-1.5,4.0,-600.0,0.05263157894736842,0.13157894736842105,1,2,79.3,12.0,1095,1168,1221,0.0,0.0,12.0,10.0,35.8,1.1,0.875,0.0,0.0,12.0,5.0,37.1,1.2,0.3125,-2.1,0.0,55.0,-118.0,16.0,16.0,504.0,0.0625,0.0625,0.0,0.0,0.0,0.36000000000000015,0.0
676,202109030410,0,2,2,9,0,0,0,6,0,0,0,2,0,0,0,1,0,0,0,3,0,0,0,1,0,0,0,0,0,0,0,0,0,0,0,0,0.0,0.0,1.0,1.0,38.6,0.0,0.2727272727272727,0.0,0.0,13.0,8.0,37.8,1.4,0.13333333333333333,0.0,0.0,11.0,15.0,33.3,1.4,0.8888888888888888,7.0,17.0,-200.0,0.02531645569620253,0.11392405063291139,8,15,4.5,2.0,1148,1189,1393,0.0,0.0,6.0,11.0,36.4,0.8,0.25,0.0,0.0,3.0,7.0,32.7,0.4,0.5,1.5,0.2,57.0,-1084.0,16.0,11.0,489.0,-0.18181818181818182,0.0,,-0.0625,,1.3199999999999996,0.0
677,202109030410,4,5,1,52,4,8,12,116,0,0,0,1,0,1,0,9,0,2,3,23,0,0,0,1,0,0,0,0,0,0,0,1,0,0,0,0,0.0,0.0,60.0,4.0,13.3,0.8,0.6666666666666666,0.0,0.0,40.0,12.0,13.5,7.8,0.14285714285714285,0.0,0.0,50.0,7.0,13.5,2.3,0.3333333333333333,1.5,2.0,-1650.0,0.17543859649122806,0.5263157894736842,4,8,8.6,5.0,1736,1167,1482,0.0,0.0,130.0,15.0,38.2,2.2,0.1875,0.0,0.0,80.0,15.0,38.1,2.1,0.25,2.5,0.0,57.0,-489.0,16.0,12.0,520.0,-0.4166666666666667,0.21428571428571427,-0.08333333333333333,0.0,-0.0625,-7.4300000000000015,0.0
678,202109030410,4,6,5,72,9,8,6,68,0,1,0,5,3,4,5,41,1,0,0,10,0,0,0,1,0,0,1,3,0,0,0,0,0,0,0,0,0.0,0.0,4.0,9.0,42.4,2.8,0.1,0.0,0.0,13.0,12.0,38.5,1.7,0.14285714285714285,0.0,0.0,13.0,13.0,38.6,2.1,0.6153846153846154,2.0,1.0,-200.0,0.022727272727272728,0.19318181818181818,5,9,6.4,4.0,1228,1618,1108,0.0,0.0,16.0,8.0,35.2,0.8,0.8125,0.0,0.0,12.0,11.0,37.2,1.6,0.8461538461538461,0.0,0.0,57.0,-1031.0,16.0,10.0,505.0,0.0,0.0,0.07692307692307693,0.0,0.07692307692307693,1.3699999999999988,0.0
679,202109030410,4,6,5,72,8,9,14,114,0,0,0,7,3,4,5,41,0,0,2,18,0,0,0,3,0,0,1,3,0,0,0,3,0,0,0,0,0.0,0.0,7.0,4.0,39.3,0.7,0.7,0.0,0.0,15.0,12.0,36.7,0.9,0.4,0.0,0.0,9.0,13.0,37.4,2.2,0.6875,4.5,3.0,-400.0,0.10126582278481013,0.3037974683544304,1,1,70.3,11.0,1228,1263,1108,0.0,0.0,11.0,14.0,36.8,1.2,0.25,0.0,0.0,11.0,12.0,37.2,1.6,0.5,1.8,0.0,55.0,-374.0,16.0,10.0,507.0,-0.2,0.13333333333333333,-0.0625,0.0625,0.0,0.4099999999999994,0.0
680,202109030410,4,8,3,72,0,1,0,6,0,1,0,1,2,5,2,39,0,1,0,2,0,1,0,0,0,0,0,0,0,0,0,0,0,0,0,0,0.0,0.0,8.0,8.0,37.5,0.3,0.75,0.0,0.0,16.0,15.0,35.9,1.7,1.0,0.0,0.0,15.0,13.0,36.2,1.8,1.0,2.5,16.0,0.0,0.028169014084507043,0.14084507042253522,7,13,255.4,16.0,1645,1641,1366,0.0,0.0,16.0,10.0,37.1,1.9,0.875,0.0,0.0,14.0,14.0,38.8,2.7,0.5625,0.7,0.0,57.0,-865.0,16.0,12.0,496.0,0.08333333333333333,0.0,0.0,0.125,0.0,-0.3799999999999997,0.0
681,202109030410,0,0,0,2,1,0,2,26,0,0,0,2,0,0,0,1,0,0,0,7,0,0,0,1,0,0,0,1,0,0,0,1,0,0,0,1,0.0,0.0,12.0,11.0,39.9,3.0,0.9166666666666666,0.0,0.0,14.0,16.0,36.5,1.8,0.875,0.0,0.0,13.0,11.0,36.8,1.1,0.8125,0.0,15.0,-500.0,0.0,0.09090909090909091,6,11,201.9,14.0,1128,1108,1263,0.0,0.0,13.0,10.0,36.7,1.2,0.5,0.0,0.0,14.0,5.0,36.5,0.3,0.625,-1.8,0.0,57.0,-1082.0,16.0,12.0,499.0,0.08333333333333333,0.0,0.0,0.0,-0.0625,0.6599999999999995,0.0
682,202109040102,4,0,3,20,1,3,0,7,0,0,0,0,1,0,0,6,0,1,0,2,0,0,0,0,1,0,0,3,0,0,0,1,0,0,0,0,0.0,0.0,40.0,2.0,37.8,0.0,0.125,0.0,0.0,100.0,2.0,37.4,0.6,0.07142857142857142,,,,,,,,0.0,-4.0,-200.0,0.08571428571428572,0.22857142857142856,1,1,2.7,2.0,1095,1665,1221,,,,,,,,,,,,,,,0.0,1.0,55.0,14.0,9.0,8.0,478.0,0.0,0.0,,,,0.3999999999999986,0.0
683,202109040102,0,0,1,5,0,1,0,10,0,0,0,0,0,0,0,1,0,0,0,1,0,0,0,0,0,0,0,0,0,0,0,0,0,0,0,0,0.0,0.0,6.0,3.0,13.5,1.9,0.23076923076923078,0.0,0.0,6.0,8.0,13.4,3.6,0.7142857142857143,0.0,0.0,6.0,4.0,13.5,1.6,0.35714285714285715,0.5,14.0,-1680.0,0.3939393939393939,0.5151515151515151,2,2,2.6,1.0,832,882,351,0.0,0.0,8.0,7.0,13.5,5.2,0.8333333333333334,0.0,0.0,7.0,,,,,0.8,0.25,55.0,-799.0,9.0,13.0,488.0,-0.07692307692307693,-0.5714285714285714,-0.07142857142857142,-0.16666666666666666,,-0.009999999999999964,0.0
684,202109040102,0,0,1,5,1,3,0,7,0,0,0,0,0,0,1,0,0,1,0,2,0,0,0,0,0,0,0,0,0,0,0,1,0,0,0,0,0.0,0.0,6.0,9.0,13.5,4.7,0.21428571428571427,0.0,0.0,3.0,7.0,13.6,3.7,0.16666666666666666,0.0,0.0,14.0,11.0,38.9,1.3,0.3125,1.0,-4.0,-1570.0,0.13157894736842105,0.30701754385964913,7,7,5.3,3.0,1729,1665,1428,0.0,0.0,12.0,8.0,39.3,2.1,0.6666666666666666,0.0,0.0,14.0,11.0,37.8,1.7,0.7857142857142857,0.5,0.0,55.0,-924.0,9.0,14.0,514.0,0.42857142857142855,0.25,0.125,0.13333333333333333,-0.2857142857142857,-7.429999999999998,0.0
685,202109040102,1,0,1,22,2,1,1,9,0,0,0,0,1,0,1,12,0,0,0,1,0,0,0,0,0,0,1,10,0,0,0,0,0,0,0,0,0.0,0.0,40.0,9.0,41.7,1.9,0.2222222222222222,0.0,0.0,90.0,8.0,39.1,1.8,0.2,0.0,0.0,60.0,8.0,38.8,1.5,0.1875,-0.5,-1.0,-200.0,0.07692307692307693,0.28205128205128205,3,3,42.1,6.0,1426,1,306,0.0,0.0,60.0,6.0,40.4,1.9,0.4166666666666667,0.0,0.0,50.0,7.0,42.0,2.3,0.2222222222222222,-0.6,0.0,54.0,-1001.0,9.0,9.0,419.0,0.7777777777777778,0.0,0.0,-0.08333333333333333,0.0,-0.18999999999999914,0.0
686,202109040102,0,0,0,0,0,0,2,1,0,0,0,0,0,0,0,0,0,0,0,0,0,0,0,0,0,0,0,0,0,0,0,0,0,0,0,0,0.0,0.0,9.0,10.0,45.6,6.7,0.5,0.0,0.0,9.0,9.0,40.3,6.1,1.0,0.0,0.0,8.0,5.0,38.4,1.9,0.7777777777777778,-2.5,8.0,-200.0,0.04,0.18,4,4,157.7,8.0,1045,239,969,0.0,0.0,11.0,12.0,37.8,4.5,1.0,,,,,,,,0.2,0.0,55.0,-130.0,9.0,10.0,502.0,0.5,0.0,-0.2222222222222222,0.0,,2.530000000000001,0.0
687,202109040102,0,0,0,0,8,9,14,114,0,0,0,0,0,0,0,0,0,0,2,18,0,0,0,0,0,0,0,0,0,0,1,3,0,0,0,0,0.0,0.0,70.0,70.0,41.4,1.2,0.5,0.0,0.0,130.0,140.0,42.3,5.2,0.2857142857142857,0.0,0.0,120.0,80.0,40.2,2.2,0.7333333333333333,5.0,-20.0,-300.0,0.0,0.15384615384615385,5,5,161.7,9.0,1467,1263,336,0.0,0.0,90.0,60.0,38.6,2.3,0.5555555555555556,0.0,0.0,120.0,130.0,39.7,3.0,1.0,4.0,0.0,51.0,-1005.0,9.0,12.0,460.0,-0.08333333333333333,0.07142857142857142,-0.06666666666666667,0.2222222222222222,0.0,0.7099999999999987,0.0
688,202109040102,9,9,6,64,2,3,2,29,2,0,0,0,1,0,3,5,0,0,1,6,0,0,0,0,1,0,1,2,0,0,1,4,0,0,0,0,0.0,0.0,150.0,15.0,37.3,1.9,1.0,0.0,0.0,13.0,12.0,13.5,3.5,0.6428571428571429,0.0,0.0,12.0,10.0,13.6,4.7,0.16666666666666666,-2.5,-4.0,50.0,0.0,0.0,6,6,121.3,7.0,1127,1393,1328,0.0,0.0,12.0,9.0,13.6,3.5,0.5833333333333334,0.0,0.0,11.0,10.0,13.9,7.0,0.25,-1.3,0.0,51.0,-1120.0,9.0,15.0,464.0,0.0,0.07142857142857142,0.3333333333333333,0.16666666666666666,0.5833333333333334,4.67,0.0
689,202109040102,0,0,0,0,1,0,2,17,0,0,0,0,0,0,0,0,0,0,1,5,0,0,0,0,0,0,0,0,0,0,1,4,0,0,0,0,0.0,0.0,5.0,,,,1.0,0.0,0.0,7.0,7.0,39.3,1.7,0.8888888888888888,0.0,0.0,7.0,8.0,37.9,1.9,0.8125,1.0,-3.0,-200.0,,,8,8,18.1,5.0,1534,1620,1235,0.0,0.0,4.0,4.0,37.1,1.2,0.6,0.0,0.0,5.0,,,,,-1.5,0.0,55.0,-486.0,9.0,11.0,491.0,0.0,-0.1111111111111111,-0.0625,0.0,,1.0999999999999979,0.0
690,202109040102,0,0,0,6,8,8,7,66,0,0,0,0,0,0,0,3,2,4,1,13,0,0,0,0,0,0,0,2,2,3,1,8,0,0,0,0,0.0,0.0,10.0,7.0,39.5,1.5,0.6666666666666666,0.0,0.0,7.0,9.0,38.1,1.0,0.7333333333333333,0.0,0.0,2.0,3.0,39.6,0.8,0.35714285714285715,-2.0,41.0,-200.0,,,8,9,5.8,4.0,1629,1294,1428,0.0,0.0,1.0,3.0,38.5,0.4,0.7857142857142857,0.0,0.0,5.0,2.0,38.3,0.6,0.7857142857142857,-1.6,0.6,51.0,-1004.0,9.0,12.0,491.0,0.08333333333333333,0.0,-0.14285714285714285,-0.35714285714285715,-0.7142857142857143,0.2000000000000007,0.0
691,202109040110,4,5,8,99,8,9,14,114,0,0,1,9,1,0,1,21,0,0,2,18,0,0,1,1,0,0,0,3,0,0,0,3,0,0,0,1,0.0,0.0,90.0,4.0,37.0,0.8,0.8181818181818182,0.0,0.0,160.0,16.0,39.5,4.9,0.875,0.0,0.0,120.0,10.0,35.9,0.6,0.375,3.0,1.0,-100.0,0.08333333333333333,0.3125,7,13,7.6,5.0,1183,1263,1558,0.0,0.0,130.0,8.0,37.5,0.7,0.5,0.0,0.0,90.0,8.0,35.8,1.1,0.75,0.0,0.0,57.0,-990.0,16.0,11.0,461.0,-0.18181818181818182,0.0,0.0,0.0,-0.0625,0.44000000000000056,0.0
692,202109040110,4,8,3,72,0,0,0,1,0,0,0,0,2,5,2,39,0,0,0,1,0,0,0,0,0,0,0,0,0,0,0,0,0,0,0,0,0.0,0.0,16.0,15.0,37.5,2.3,0.75,0.0,0.0,14.0,7.0,37.1,0.5,0.25,0.0,0.0,15.0,12.0,36.4,1.0,0.5,-1.5,16.0,0.0,0.027777777777777776,0.1388888888888889,5,9,30.7,11.0,1645,1070,1366,0.0,0.0,15.0,7.0,37.3,1.3,0.5625,0.0,0.0,11.0,11.0,38.0,1.2,0.1875,-0.8,0.0,55.0,-847.0,16.0,16.0,474.0,0.0625,0.0625,0.0,0.0625,0.0625,-0.11999999999999958,0.0
693,202109040110,10,8,5,134,0,0,0,2,0,0,0,1,1,3,2,26,0,0,0,0,0,0,0,0,1,0,0,2,0,0,0,0,0,0,0,0,0.0,0.0,90.0,,,,0.7272727272727273,0.0,0.0,80.0,9.0,14.2,12.2,1.0,0.0,0.0,140.0,16.0,38.5,2.4,0.75,7.0,2.0,-1550.0,0.13274336283185842,0.3008849557522124,5,10,21.9,7.0,1221,818,1263,0.0,0.0,70.0,10.0,38.5,2.1,0.46153846153846156,0.0,0.0,90.0,2.0,37.3,0.1,0.08333333333333333,-2.7,0.25,57.0,-546.0,16.0,11.0,498.0,0.18181818181818182,0.0,0.0625,0.38461538461538464,0.0,-6.93,0.0
694,202109040110,1,0,1,6,3,8,2,36,0,0,0,0,1,0,0,1,0,0,0,3,0,0,0,0,0,0,0,0,0,0,0,0,0,0,0,0,0.0,0.0,8.0,7.0,40.4,1.7,0.6666666666666666,0.0,0.0,15.0,13.0,41.5,3.2,0.13333333333333333,0.0,0.0,14.0,14.0,38.2,2.4,0.8125,3.5,-6.0,-200.0,0.40625,0.53125,3,5,3.1,1.0,1319,1221,334,0.0,0.0,9.0,16.0,38.2,1.9,0.5,0.0,0.0,7.0,7.0,37.7,0.7,0.0625,0.3,0.0,55.0,-927.0,16.0,9.0,486.0,0.1111111111111111,0.0,0.125,0.0625,0.0,0.8699999999999989,0.0
695,202109040110,13,7,11,84,13,16,12,110,1,1,1,2,6,2,3,19,3,3,1,18,0,0,1,1,1,0,0,0,0,0,0,0,0,0,0,0,0.0,0.0,7.0,5.0,39.7,1.4,0.75,0.0,0.0,14.0,9.0,37.7,1.5,0.3125,0.0,0.0,11.0,11.0,36.4,1.2,0.7857142857142857,3.0,0.0,-200.0,0.1044776119402985,0.29850746268656714,4,8,21.3,6.0,1716,1183,1167,0.0,0.0,9.0,11.0,36.6,1.0,0.35714285714285715,0.0,0.0,15.0,13.0,35.9,1.5,0.75,1.8,0.0,57.0,-1002.0,16.0,8.0,492.0,0.125,0.0,-0.07142857142857142,0.07142857142857142,0.0625,0.870000000000001,0.0
696,202109040110,15,11,16,108,10,4,6,117,4,0,0,9,4,3,4,28,2,0,2,27,2,0,0,4,0,1,0,0,0,0,0,0,0,0,0,0,0.0,0.0,9.0,8.0,36.6,0.8,0.875,0.0,0.0,7.0,4.0,34.9,0.5,0.8333333333333334,0.0,0.0,9.0,15.0,37.4,1.5,1.0,3.5,0.0,0.0,0.07894736842105263,0.2894736842105263,3,6,6.1,3.0,1576,1013,1577,0.0,0.0,6.0,4.0,35.2,0.2,0.9375,0.0,0.0,3.0,14.0,36.1,2.1,0.9375,1.2,0.0,55.0,-392.0,16.0,16.0,472.0,-0.0625,0.08333333333333333,-0.0625,-0.125,-0.375,0.06999999999999958,0.0
697,202109040110,2,2,2,16,1,1,1,9,1,1,1,2,1,2,1,5,1,1,1,7,1,1,1,1,0,0,0,1,0,0,0,1,0,0,0,1,0.0,0.0,110.0,110.0,43.7,4.7,1.0,0.0,0.0,160.0,60.0,36.8,1.3,0.9375,0.0,0.0,160.0,100.0,37.0,1.5,0.875,-5.0,1.0,-200.0,0.09090909090909091,0.30303030303030304,1,2,182.7,16.0,1170,1423,1404,0.0,0.0,100.0,110.0,37.0,1.6,0.46153846153846156,0.0,0.0,80.0,50.0,36.2,0.6,0.8125,-7.0,0.0,57.0,-1005.0,16.0,11.0,475.0,0.0,-0.0625,0.0,0.15384615384615385,0.0,1.4799999999999998,0.0
698,202109040110,9,9,6,64,8,8,14,82,0,0,0,3,1,0,3,5,1,1,2,14,0,0,0,1,0,0,0,0,0,0,0,0,0,0,0,0,0.0,0.0,10.0,5.0,37.4,1.1,0.2222222222222222,0.0,0.0,160.0,15.0,39.6,2.9,0.375,0.0,0.0,100.0,12.0,38.0,1.5,0.6666666666666666,3.5,-7.0,350.0,0.02247191011235955,0.19101123595505617,6,11,23.6,9.0,1127,1559,1328,0.0,0.0,40.0,12.0,37.2,1.3,0.375,0.0,0.0,90.0,8.0,36.6,0.6,0.3125,0.3,0.0,57.0,-902.0,16.0,9.0,471.0,0.1111111111111111,0.0,0.0,0.0,0.0,0.3999999999999993,0.0
699,202109040110,1,0,0,1,1,1,0,5,1,0,0,1,0,0,0,0,0,0,0,1,0,0,0,0,0,0,0,0,0,0,0,0,0,0,0,0,0.0,0.0,20.0,5.0,38.3,0.9,0.7777777777777778,0.0,0.0,140.0,15.0,37.6,1.7,0.5,0.0,0.0,130.0,9.0,36.1,0.7,0.625,2.0,4.0,-400.0,0.044444444444444446,0.08888888888888889,7,14,52.2,13.0,737,987,322,0.0,0.0,140.0,8.0,36.1,0.5,0.6,0.0,0.0,160.0,,,,,0.3,0.0,57.0,-989.0,16.0,9.0,490.0,-0.2222222222222222,0.0,0.0,-0.06666666666666667,,0.8099999999999987,0.0
700,202109040110,0,0,0,5,1,0,1,24,0,0,0,0,0,0,0,1,1,0,0,9,0,0,0,0,0,0,0,0,0,0,0,0,0,0,0,0,0.0,0.0,2.0,1.0,37.1,0.0,0.09090909090909091,0.0,0.0,11.0,16.0,38.1,2.5,0.125,0.0,0.0,13.0,15.0,38.9,2.4,0.125,7.0,2.0,200.0,0.025,0.1125,2,4,7.2,4.0,1491,1551,1013,0.0,0.0,4.0,1.0,35.2,0.0,0.07142857142857142,0.0,0.0,12.0,15.0,39.3,2.5,0.06666666666666667,1.3,0.4,55.0,-418.0,16.0,11.0,488.0,0.0,0.0,0.0,0.0,0.0,-0.1499999999999993,0.0
701,202109040110,4,0,3,20,1,0,0,14,0,0,0,3,1,0,0,6,0,0,0,4,0,0,0,0,0,0,0,1,0,0,0,0,0,0,0,0,0.0,0.0,13.0,15.0,39.0,2.5,0.875,0.0,0.0,14.0,11.0,35.6,0.8,0.9375,0.0,0.0,8.0,12.0,37.8,1.8,0.5625,-1.5,4.0,-600.0,0.06666666666666667,0.3,1,1,93.4,14.0,1095,1168,1221,0.0,0.0,12.0,10.0,35.8,1.1,0.875,0.0,0.0,12.0,5.0,37.1,1.2,0.3125,-2.1,0.0,55.0,-14.0,16.0,16.0,504.0,0.0625,0.0625,0.0,0.0,0.0,0.36000000000000015,0.0
702,202109040110,0,0,0,1,0,0,0,1,0,0,0,1,0,0,0,0,0,0,0,0,0,0,0,0,0,0,0,0,0,0,0,0,0,0,0,0,0.0,0.0,4.0,4.0,36.8,0.6,0.5555555555555556,0.0,0.0,12.0,15.0,36.1,1.9,1.0,0.0,0.0,8.0,14.0,36.8,1.9,0.9375,5.0,6.0,0.0,0.08695652173913043,0.2318840579710145,4,7,5.1,2.0,1122,551,1,0.0,0.0,7.0,12.0,37.1,1.5,0.5,0.0,0.0,2.0,12.0,35.9,0.8,0.8125,1.3,0.0,55.0,-299.0,16.0,9.0,502.0,0.0,0.0,0.0,0.1875,-0.0625,0.07999999999999971,0.0
703,202109040110,5,5,7,81,0,0,3,4,0,0,1,0,1,3,3,27,0,0,1,0,0,0,1,0,0,0,0,1,0,0,0,0,0,0,0,0,0.0,0.0,15.0,5.0,36.8,1.0,0.4375,0.0,0.0,16.0,7.0,36.7,1.2,0.625,0.0,0.0,15.0,7.0,36.3,1.2,0.7333333333333333,1.0,-2.0,0.0,0.03333333333333333,0.13333333333333333,6,12,140.1,15.0,1393,960,1263,0.0,0.0,15.0,13.0,36.3,0.8,0.5,0.0,0.0,10.0,13.0,37.2,1.8,0.8,2.2,0.0,55.0,-63.0,16.0,16.0,458.0,-0.0625,0.125,0.13333333333333333,-0.0625,0.0,-0.04000000000000057,0.0
704,202109040110,2,4,3,17,0,3,0,23,0,1,0,1,0,0,0,1,0,1,0,3,0,0,0,0,0,0,0,0,0,0,0,0,0,0,0,0,0.0,0.0,7.0,9.0,37.2,0.7,0.6666666666666666,0.0,0.0,11.0,15.0,39.2,2.5,0.3125,0.0,0.0,8.0,14.0,36.1,1.1,0.8125,2.5,0.0,0.0,0.0,0.08333333333333333,8,16,22.6,8.0,1328,225,1263,0.0,0.0,10.0,10.0,35.2,0.6,0.875,0.0,0.0,5.0,7.0,35.9,0.6,0.5333333333333333,-0.9,0.0,57.0,-106.0,16.0,12.0,454.0,0.0,0.0,-0.0625,-0.0625,-0.06666666666666667,0.6600000000000008,0.0
705,202109040110,1,0,1,0,1,0,1,0,1,0,1,0,1,0,1,0,1,0,1,0,1,0,1,0,0,0,0,0,0,0,0,0,0,0,0,0,0.0,0.0,2.0,5.0,40.6,0.6,0.1,0.0,0.0,14.0,16.0,39.1,2.3,0.4375,0.0,0.0,14.0,7.0,37.2,0.8,0.125,1.0,9.0,-200.0,0.02702702702702703,0.13513513513513514,8,15,49.9,12.0,878,156,1,0.0,0.0,12.0,15.0,37.8,1.9,0.375,0.0,0.0,14.0,13.0,37.6,1.4,0.125,1.5,0.0,57.0,-1019.0,16.0,10.0,545.0,0.0,0.5,0.0,0.0625,0.0625,0.7300000000000004,0.0
706,202109040110,4,5,8,99,1,0,0,0,1,0,0,0,1,0,1,21,1,0,0,0,1,0,0,0,0,0,0,3,0,0,0,0,0,0,0,0,0.0,0.0,14.0,11.0,38.3,1.2,0.1875,0.0,0.0,12.0,10.0,38.4,1.6,0.2857142857142857,0.0,0.0,10.0,16.0,37.6,1.7,0.3125,2.5,0.0,-200.0,0.06060606060606061,0.12121212121212122,2,3,28.4,10.0,1183,992,1558,0.0,0.0,4.0,13.0,39.1,2.4,0.21428571428571427,0.0,0.0,1.0,14.0,37.8,2.7,0.35714285714285715,0.9,0.0,55.0,-43.0,16.0,16.0,494.0,-0.0625,0.0,0.125,0.14285714285714285,0.21428571428571427,0.029999999999999714,0.0
707,202109040207,11,3,4,48,1,3,3,53,0,0,0,4,3,0,1,13,0,0,1,10,0,0,0,2,1,0,0,1,0,0,0,2,0,0,0,1,0.0,0.0,8.0,5.0,36.7,1.1,0.8888888888888888,0.0,0.0,12.0,15.0,38.1,3.0,0.8,0.0,0.0,9.0,16.0,39.4,3.2,0.1875,5.5,-4.0,380.0,0.09876543209876543,0.2962962962962963,8,11,6.4,3.0,1348,1366,1221,0.0,0.0,11.0,15.0,38.3,2.2,0.625,0.0,0.0,11.0,8.0,36.5,0.7,0.9375,0.6,0.0,53.0,-751.0,12.0,9.0,498.0,-0.2222222222222222,0.06666666666666667,0.0,0.125,0.0,0.020000000000000996,0.0
708,202109040207,0,0,0,6,1,0,1,9,0,0,0,0,0,0,0,3,0,0,0,0,0,0,0,0,0,0,0,0,0,0,0,0,0,0,0,0,0.0,0.0,12.0,9.0,36.5,0.6,0.8666666666666667,0.0,0.0,4.0,7.0,35.9,0.4,0.7692307692307693,0.0,0.0,3.0,2.0,35.3,0.1,0.75,-3.5,12.0,0.0,0.1111111111111111,0.25,3,3,24.3,8.0,1629,1448,1428,0.0,0.0,6.0,4.0,36.4,0.4,0.8,0.0,0.0,12.0,5.0,36.4,0.4,0.875,-1.1,0.2,55.0,-952.0,12.0,15.0,494.0,-0.13333333333333333,0.0,0.0,0.0,0.0,-0.029999999999999714,0.0
709,202109040207,8,4,7,50,2,1,0,13,1,0,0,2,1,0,0,5,1,0,0,2,0,0,0,0,0,0,0,2,0,0,0,1,0,0,0,0,0.0,0.0,10.0,10.0,39.0,2.4,0.6923076923076923,0.0,0.0,7.0,12.0,35.4,1.4,1.0,0.0,0.0,3.0,7.0,35.6,0.2,0.9333333333333333,-1.5,4.0,0.0,0.058823529411764705,0.11764705882352941,7,9,35.9,9.0,1152,1199,1428,0.0,0.0,9.0,9.0,35.7,1.1,1.0,0.0,0.0,5.0,7.0,36.5,0.7,0.6666666666666666,-0.9,0.0,57.0,-891.0,12.0,13.0,460.0,0.07692307692307693,0.0,0.0,0.0,0.0,0.4699999999999996,0.0
710,202109040207,2,1,0,19,12,5,10,91,0,0,0,1,1,1,0,1,4,0,3,24,0,0,0,0,0,1,0,0,2,0,1,4,0,0,0,0,0.0,0.0,3.0,10.0,37.3,0.8,0.4,0.0,0.0,5.0,6.0,37.3,0.3,0.875,0.0,0.0,2.0,2.0,37.7,0.1,0.4,-4.0,-2.0,-500.0,0.12941176470588237,0.3176470588235294,4,4,2.9,1.0,1674,1558,1428,0.0,0.0,2.0,5.0,39.0,0.9,0.26666666666666666,0.0,0.0,2.0,3.0,37.7,0.4,0.25,-1.4999999999999998,0.4,55.0,-475.0,12.0,15.0,498.0,0.0,-0.0625,0.0,-0.13333333333333333,0.125,-0.25000000000000144,0.0
711,202109040207,3,2,2,54,8,7,3,79,0,0,0,4,0,1,0,11,0,0,1,23,0,0,0,1,0,0,0,2,0,0,0,1,0,0,0,1,0.0,0.0,16.0,11.0,36.1,0.8,0.9375,0.0,0.0,9.0,1.0,37.2,0.0,0.26666666666666666,0.0,0.0,7.0,8.0,37.1,1.6,0.23076923076923078,-1.5,-2.0,0.0,0.06666666666666667,0.26666666666666666,5,5,159.8,12.0,1403,1405,939,0.0,0.0,12.0,4.0,36.7,0.4,0.3333333333333333,0.0,0.0,3.0,8.0,38.6,1.1,0.4,-0.3,0.2,52.0,-490.0,12.0,16.0,456.0,0.0625,-0.06666666666666667,-0.07692307692307693,0.06666666666666667,0.0,-0.45,0.0
712,202109040207,10,8,5,134,2,1,0,16,0,0,0,3,1,3,2,26,0,0,0,2,0,0,0,0,0,0,2,8,0,0,0,1,0,0,0,0,0.0,0.0,11.0,16.0,40.6,4.3,0.25,0.0,0.0,8.0,9.0,35.7,0.8,0.5714285714285714,0.0,0.0,8.0,9.0,36.1,0.9,0.875,-3.5,4.0,-400.0,0.0196078431372549,0.19607843137254902,7,10,9.1,5.0,1221,1079,1263,0.0,0.0,10.0,6.0,35.8,0.9,0.9375,0.0,0.0,10.0,6.0,35.7,0.7,1.0,-2.3,0.0,57.0,-777.0,12.0,16.0,502.0,-0.0625,0.0,0.0,0.0,0.0,0.9700000000000003,0.0
713,202109040207,0,2,4,29,2,1,0,13,0,1,0,2,0,0,0,4,1,0,0,2,0,0,0,0,0,0,0,1,0,0,0,1,0,0,0,0,0.0,0.0,9.0,2.0,39.0,0.8,0.8333333333333334,0.0,0.0,9.0,15.0,37.6,1.2,0.625,0.0,0.0,1.0,1.0,36.4,0.0,0.15384615384615385,-0.5,-1.0,-100.0,0.0,0.047619047619047616,8,12,11.9,6.0,1440,1199,1167,0.0,0.0,1.0,4.0,35.8,0.4,0.5454545454545454,0.0,0.0,1.0,2.0,36.4,0.0,0.14285714285714285,-1.1,0.6,57.0,-1015.0,12.0,12.0,487.0,-0.5,0.0625,0.0,-0.18181818181818182,0.0,0.7000000000000007,0.0
714,202109040207,0,0,1,5,2,2,2,41,0,0,0,0,0,0,1,0,0,0,1,11,0,0,0,0,0,0,1,0,0,0,1,1,0,0,0,0,0.0,0.0,6.0,11.0,40.4,2.0,0.9166666666666666,0.0,0.0,13.0,8.0,36.1,0.9,0.8571428571428571,0.0,0.0,8.0,9.0,36.4,0.4,0.42857142857142855,-1.0,25.0,-200.0,0.024691358024691357,0.1111111111111111,6,8,38.6,10.0,1729,1014,1428,0.0,0.0,11.0,5.0,36.1,0.5,0.875,0.0,0.0,13.0,11.0,36.1,1.2,0.9375,-0.3,0.0,53.0,-810.0,12.0,12.0,453.0,0.08333333333333333,-0.14285714285714285,0.07142857142857142,0.0,0.0,0.8599999999999994,0.0
715,202109040207,4,14,9,78,0,3,3,34,0,0,1,2,2,4,6,21,0,3,1,2,0,0,1,0,1,1,2,5,0,1,0,1,0,0,0,0,0.0,0.0,1.0,1.0,41.2,0.0,0.6,0.0,0.0,16.0,12.0,38.6,2.4,0.4375,0.0,0.0,11.0,7.0,40.8,2.6,0.5454545454545454,3.0,23.0,-200.0,0.0,0.15384615384615385,6,7,46.2,11.0,1172,1170,1556,0.0,0.0,15.0,12.0,37.1,1.8,0.9375,0.0,0.0,13.0,10.0,37.2,1.6,0.875,1.8,0.2,57.0,-1106.0,12.0,10.0,525.0,-0.1,0.0625,0.0,0.0,-0.0625,0.95,0.0
716,202109040207,1,2,1,16,0,0,1,0,0,0,1,0,1,1,0,4,0,0,0,0,0,0,0,0,1,1,0,1,0,0,0,0,0,0,0,0,0.0,0.0,90.0,6.0,41.0,1.5,1.0,0.0,0.0,90.0,11.0,36.5,1.8,0.8666666666666667,0.0,0.0,110.0,15.0,40.0,3.1,1.0,4.5,13.0,-200.0,0.075,0.275,2,2,3.9,2.0,1313,1415,1108,0.0,0.0,10.0,8.0,38.2,1.2,0.07692307692307693,0.0,0.0,40.0,6.0,37.5,1.1,0.6666666666666666,-0.3,0.0,55.0,-951.0,12.0,10.0,477.0,0.0,0.0,0.0,0.07692307692307693,-0.13333333333333333,0.5299999999999997,0.0
717,202109040207,5,5,7,81,0,0,1,1,0,0,0,0,1,3,3,27,0,0,0,0,0,0,0,0,0,0,1,7,0,0,0,0,0,0,0,0,0.0,0.0,40.0,12.0,38.8,1.4,0.0625,0.0,0.0,30.0,4.0,35.9,0.8,0.1,0.0,0.0,30.0,15.0,36.6,1.6,0.3333333333333333,1.5,10.0,-200.0,0.0,0.0,1,1,15.3,7.0,1393,471,1263,0.0,0.0,120.0,3.0,36.8,0.3,0.05555555555555555,0.0,0.0,90.0,14.0,34.5,1.5,0.75,0.3,0.2,53.0,15.0,12.0,16.0,516.0,0.0,0.0,0.0,0.0,0.0,0.7699999999999996,0.0
718,202109040207,15,11,16,108,4,8,12,116,0,0,2,2,4,3,4,28,0,2,3,23,0,0,0,0,2,0,1,5,0,1,2,9,0,0,0,0,0.0,0.0,20.0,5.0,36.6,0.8,0.3333333333333333,0.0,0.0,70.0,10.0,37.9,1.2,0.0625,0.0,0.0,40.0,6.0,37.7,1.1,0.5625,0.5,6.0,0.0,0.022222222222222223,0.18888888888888888,5,6,8.3,4.0,1576,1167,1577,0.0,0.0,10.0,1.0,37.4,0.0,0.125,0.0,0.0,10.0,3.0,38.5,0.3,0.125,-1.3,0.4,55.0,28.0,12.0,12.0,508.0,0.0,0.0,0.0,0.0,0.0,-0.32999999999999974,0.0
719,202109040212,2,3,6,35,3,10,11,113,0,1,0,5,0,1,1,15,1,2,2,28,0,1,0,3,0,0,0,2,0,0,0,5,0,0,0,0,0.0,0.0,3.0,6.0,37.0,0.4,0.8125,0.0,0.0,2.0,1.0,36.3,0.0,0.375,0.0,0.0,8.0,2.0,36.1,0.0,0.4666666666666667,-2.0,6.0,0.0,0.09859154929577464,0.23943661971830985,8,16,4.5,2.0,1489,1556,565,0.0,0.0,5.0,8.0,34.6,0.9,1.0,0.0,0.0,9.0,9.0,37.5,1.1,0.4666666666666667,1.3,0.4,57.0,-140.0,16.0,16.0,528.0,-0.125,-0.0625,0.0,0.0,0.06666666666666667,0.06999999999999958,0.0
720,202109040212,13,7,11,84,1,3,3,31,0,0,2,3,6,2,3,19,1,1,2,10,0,0,1,0,1,0,1,2,0,0,0,0,0,0,0,0,0.0,0.0,14.0,14.0,35.3,1.9,0.8571428571428571,0.0,0.0,8.0,5.0,34.4,1.0,1.0,0.0,0.0,11.0,12.0,37.3,2.3,0.8125,-1.0,-2.0,-400.0,0.07317073170731707,0.2682926829268293,5,9,4.4,1.0,1716,1503,1167,0.0,0.0,14.0,11.0,37.2,1.0,0.75,0.0,0.0,10.0,4.0,36.3,0.8,0.8571428571428571,-1.4,0.0,57.0,-497.0,16.0,14.0,504.0,-0.14285714285714285,0.0,0.0,-0.125,0.0,-0.4800000000000004,0.0
721,202109040212,4,3,1,35,1,0,1,5,0,0,0,0,2,2,0,6,0,0,0,1,0,0,0,0,0,1,0,0,0,0,0,0,0,0,0,0,0.0,0.0,16.0,12.0,37.2,1.2,0.625,0.0,0.0,16.0,11.0,36.2,1.6,0.625,0.0,0.0,9.0,9.0,34.5,0.4,0.7692307692307693,-1.5,-8.0,0.0,0.041666666666666664,0.08333333333333333,6,12,34.1,9.0,1571,808,1108,0.0,0.0,13.0,11.0,36.3,0.6,0.25,0.0,0.0,13.0,13.0,38.0,1.9,0.625,0.2,0.0,55.0,-805.0,16.0,16.0,478.0,-0.0625,0.0625,0.0,0.0,0.0,-0.16999999999999887,0.0
722,202109040212,2,2,1,25,2,2,2,41,0,0,0,3,0,0,0,6,0,0,1,11,0,0,0,0,0,0,0,1,0,0,0,2,0,0,0,0,0.0,0.0,9.0,,,,0.1111111111111111,0.0,0.0,11.0,15.0,38.0,3.2,0.9333333333333333,0.0,0.0,12.0,11.0,37.4,1.0,0.25,-4.0,24.0,-300.0,0.0,0.0,6,11,6.2,3.0,1191,1014,1235,0.0,0.0,9.0,14.0,38.4,1.7,0.3125,0.0,0.0,6.0,13.0,40.3,3.6,0.35714285714285715,-0.3,0.0,53.0,-803.0,16.0,9.0,552.0,0.8888888888888888,-0.06666666666666667,0.0625,-0.0625,0.0,-0.7899999999999991,0.0
723,202109040212,1,4,1,41,8,9,14,114,0,0,0,4,0,0,1,7,0,0,2,18,0,0,0,0,0,0,0,1,0,0,1,3,0,0,0,0,0.0,0.0,9.0,13.0,37.2,1.8,0.5625,0.0,0.0,9.0,14.0,37.4,1.6,0.75,0.0,0.0,10.0,6.0,35.2,0.3,0.875,-3.5,-2.0,0.0,0.02197802197802198,0.18681318681318682,8,15,6.5,4.0,1090,1263,1169,0.0,0.0,3.0,1.0,36.8,0.0,0.2,0.0,0.0,8.0,3.0,36.5,0.6,0.375,-3.3,0.4,53.0,-903.0,16.0,16.0,470.0,0.0625,0.1875,-0.125,0.0,-0.0625,0.2000000000000007,0.0
724,202109040212,5,5,7,81,0,0,2,5,0,0,2,3,1,3,3,27,0,0,1,3,0,0,1,3,1,0,1,7,0,0,1,2,0,0,1,2,0.0,0.0,14.0,12.0,36.7,1.2,1.0,0.0,0.0,14.0,7.0,36.2,1.0,1.0,0.0,0.0,15.0,14.0,37.0,1.4,0.9375,1.0,0.0,0.0,0.13043478260869565,0.3130434782608696,3,5,19.3,8.0,1393,580,1263,0.0,0.0,14.0,12.0,37.1,1.1,0.6875,0.0,0.0,16.0,10.0,36.0,1.3,0.75,0.1,0.0,57.0,-510.0,16.0,16.0,544.0,-0.0625,0.0,0.0,0.0,0.0625,0.05000000000000071,0.0
725,202109040212,15,11,16,108,1,3,3,31,0,0,0,3,4,3,4,28,1,1,2,10,0,0,0,0,1,1,0,8,0,0,0,0,0,0,0,0,0.0,0.0,90.0,6.0,36.3,1.2,0.4375,0.0,0.0,100.0,6.0,35.3,0.8,0.75,0.0,0.0,90.0,10.0,42.2,4.5,0.1,2.0,-12.0,0.0,0.13095238095238096,0.32142857142857145,4,7,18.4,7.0,1576,1503,1577,0.0,0.0,120.0,7.0,38.8,0.8,0.26666666666666666,0.0,0.0,140.0,10.0,39.4,1.3,0.21428571428571427,0.9,0.0,57.0,29.0,16.0,16.0,470.0,0.0,0.0,0.1,0.0,0.14285714285714285,-0.9700000000000003,0.0
726,202109040212,2,3,4,27,5,4,5,38,0,0,0,0,1,0,0,9,2,0,3,6,0,0,0,0,0,0,0,3,0,0,0,1,0,0,0,0,0.0,0.0,3.0,6.0,36.5,0.6,0.4375,0.0,0.0,7.0,12.0,38.3,1.7,0.0625,0.0,0.0,7.0,7.0,38.0,0.8,0.125,0.5,-6.0,50.0,0.1,0.3,2,4,8.1,5.0,1317,1482,1186,0.0,0.0,1.0,1.0,36.7,0.0,0.07142857142857142,0.0,0.0,5.0,2.0,36.9,0.1,0.125,-1.9,0.4,55.0,-188.0,16.0,16.0,494.0,0.0625,0.0,0.0,0.0,0.0,0.07999999999999971,0.0
727,202109040212,7,2,4,54,1,0,0,12,0,0,0,2,1,0,0,14,0,0,0,3,0,0,0,0,0,0,0,2,0,0,0,0,0,0,0,0,0.0,0.0,130.0,10.0,37.4,1.8,0.375,0.0,0.0,10.0,14.0,38.4,2.1,0.25,0.0,0.0,4.0,9.0,36.1,1.5,0.36363636363636365,-0.5,-2.0,50.0,0.02631578947368421,0.13157894736842105,7,13,9.7,6.0,1278,1507,625,0.0,0.0,8.0,5.0,37.3,0.5,0.125,0.0,0.0,12.0,9.0,36.9,1.0,0.4375,-1.1,0.0,56.0,-1119.0,16.0,16.0,470.0,0.0,0.0,0.0,0.0,-0.1875,0.21000000000000013,0.0
728,202109040212,10,8,5,134,1,1,1,30,0,0,0,2,1,3,2,26,0,0,0,7,0,0,0,0,0,1,0,6,0,0,0,1,0,0,0,0,0.0,0.0,16.0,15.0,39.4,3.7,0.375,0.0,0.0,15.0,12.0,38.1,2.4,0.9333333333333333,0.0,0.0,13.0,16.0,37.8,1.8,0.4375,0.5,-14.0,-200.0,0.12903225806451613,0.16129032258064516,4,8,36.3,10.0,1221,1306,1263,0.0,0.0,6.0,13.0,38.6,1.3,0.7333333333333333,0.0,0.0,15.0,5.0,36.7,0.7,0.5,-1.9,0.0,57.0,-622.0,16.0,16.0,498.0,0.125,-0.06666666666666667,-0.0625,-0.06666666666666667,-0.0625,0.48999999999999916,0.0
729,202109040212,1,2,1,9,1,3,0,17,0,1,0,3,0,1,0,1,0,2,0,6,0,1,0,0,0,0,0,0,0,1,0,3,0,0,0,0,0.0,0.0,13.0,12.0,37.0,1.4,0.7333333333333333,0.0,0.0,13.0,15.0,37.9,1.6,0.4375,0.0,0.0,7.0,6.0,36.6,0.9,0.4,-3.0,2.0,0.0,0.0392156862745098,0.17647058823529413,3,6,45.4,13.0,1255,1592,1263,0.0,0.0,8.0,1.0,35.5,0.0,0.625,0.0,0.0,9.0,3.0,37.7,0.2,0.125,-3.1999999999999997,0.4,55.0,-454.0,16.0,15.0,480.0,0.0,0.0,0.06666666666666667,-0.0625,0.0,0.09999999999999928,0.0
730,202109040212,4,14,9,78,4,8,12,116,0,1,2,4,2,4,6,21,0,2,3,23,0,1,2,1,0,1,0,6,0,0,0,2,0,0,0,1,0.0,0.0,10.0,13.0,36.2,2.0,0.23076923076923078,0.0,0.0,11.0,12.0,38.0,2.2,0.5625,0.0,0.0,5.0,12.0,39.1,1.8,0.4,-0.5,2.0,0.0,0.0,0.06060606060606061,1,1,38.7,11.0,1172,1167,1556,0.0,0.0,3.0,11.0,38.4,1.1,0.375,0.0,0.0,2.0,11.0,38.6,1.6,0.1875,-0.5,0.0,57.0,-14.0,16.0,13.0,476.0,0.15384615384615385,0.125,0.06666666666666667,-0.0625,0.0,-0.5199999999999996,0.0
731,202109040212,0,0,0,1,3,8,2,36,0,0,0,0,0,0,0,1,0,0,0,3,0,0,0,0,0,0,0,0,0,0,0,0,0,0,0,0,0.0,0.0,1.0,2.0,37.1,0.5,0.9,0.0,0.0,14.0,12.0,36.9,1.4,0.3125,0.0,0.0,15.0,13.0,36.6,2.2,0.9375,5.5,7.0,0.0,0.0,0.0,1,2,131.0,15.0,1487,1221,1558,0.0,0.0,12.0,15.0,37.7,2.8,0.8,0.0,0.0,10.0,15.0,37.8,2.6,0.6,2.9000000000000004,0.2,57.0,-960.0,16.0,10.0,487.0,-0.3,0.0,0.0625,0.0,0.13333333333333333,-0.21999999999999958,0.0
732,202109040212,9,9,6,64,0,0,0,3,0,0,0,2,1,0,3,5,0,0,0,1,0,0,0,0,0,0,0,1,0,0,0,0,0,0,0,0,0.0,0.0,7.0,8.0,38.3,2.3,0.875,0.0,0.0,13.0,5.0,36.2,0.9,1.0,0.0,0.0,15.0,13.0,36.4,1.5,0.875,2.5,0.0,-200.0,0.07142857142857142,0.2857142857142857,7,14,48.2,14.0,1127,1462,1328,0.0,0.0,15.0,16.0,41.2,4.2,0.4375,0.0,0.0,15.0,7.0,37.5,0.6,0.9375,0.9,0.0,54.0,-553.0,16.0,8.0,492.0,0.0,0.0,0.0,0.125,0.0,-0.3400000000000006,0.0
733,202109040212,1,0,1,13,3,3,4,22,0,0,1,1,1,0,1,6,1,1,1,7,0,0,1,1,0,0,0,1,0,1,0,5,0,0,0,1,0.0,0.0,9.0,7.0,36.0,1.0,0.7,0.0,0.0,11.0,11.0,37.6,1.4,0.5833333333333334,0.0,0.0,14.0,11.0,13.8,10.1,0.7142857142857143,2.0,-5.0,350.0,0.02,0.2,5,10,198.7,16.0,1583,1417,118,0.0,0.0,15.0,15.0,36.7,1.9,0.4,0.0,0.0,16.0,16.0,37.8,2.5,0.6875,2.2,0.0,57.0,-1080.0,16.0,10.0,475.0,-0.1,-0.08333333333333333,0.07142857142857142,,0.0,-0.2699999999999996,0.0
734,202109040212,4,14,9,78,0,0,1,6,0,0,0,0,2,4,6,21,0,0,0,1,0,0,0,0,0,1,0,6,0,0,0,0,0,0,0,0,0.0,0.0,14.0,16.0,39.3,3.1,0.4375,0.0,0.0,10.0,10.0,34.4,1.5,0.8,0.0,0.0,15.0,13.0,36.9,1.1,0.1111111111111111,-1.5,0.0,0.0,0.07317073170731707,0.24390243902439024,2,3,43.7,12.0,1172,548,1556,0.0,0.0,12.0,16.0,39.5,3.1,0.1875,0.0,0.0,6.0,11.0,37.4,1.7,0.125,-0.4,0.0,57.0,-245.0,16.0,16.0,524.0,0.0,-0.1,0.05555555555555555,0.125,0.0,-0.13000000000000042,0.0
735,202109040304,0,0,0,1,5,4,5,38,0,0,0,0,0,0,0,1,2,0,3,6,0,0,0,0,0,0,0,0,0,0,0,2,0,0,0,0,0.0,0.0,,,,,,0.0,0.0,20.0,5.0,36.8,0.4,0.4375,0.0,0.0,30.0,3.0,37.1,0.3,0.5,-2.0,-6.0,0.0,0.1282051282051282,0.3076923076923077,7,7,2.5,1.0,1270,1482,969,0.0,0.0,20.0,3.0,38.0,0.4,0.26666666666666666,0.0,0.0,10.0,8.0,37.7,0.7,0.5714285714285714,0.9,0.5,55.0,-890.0,8.0,15.0,438.0,,0.0,0.0,0.06666666666666667,-0.07142857142857142,-0.36000000000000154,0.0
736,202109040304,0,0,0,13,13,16,12,110,0,0,0,0,0,0,0,4,3,3,1,18,0,0,0,0,0,0,0,0,0,0,0,2,0,0,0,0,0.0,0.0,100.0,13.0,37.8,1.9,0.6666666666666666,0.0,0.0,120.0,6.0,39.0,0.5,0.25,0.0,0.0,100.0,12.0,39.5,2.2,0.07142857142857142,-0.5,8.0,0.0,0.0,0.2,3,3,2.8,2.0,1657,1183,1317,0.0,0.0,10.0,1.0,40.2,0.0,0.08333333333333333,0.0,0.0,30.0,8.0,37.3,1.1,0.625,-1.5,0.2,52.0,-1107.0,8.0,15.0,440.0,-0.13333333333333333,0.0,0.0,0.0,-0.0625,-0.020000000000000285,0.0
737,202109040304,1,0,0,10,0,2,1,13,0,0,0,0,0,0,0,2,0,1,0,4,0,0,0,0,0,0,0,1,0,0,0,0,0,0,0,0,0.0,0.0,7.0,12.0,46.7,6.9,0.4166666666666667,0.0,0.0,8.0,10.0,41.1,3.2,0.7692307692307693,0.0,0.0,7.0,12.0,39.7,2.6,0.5,0.0,-12.0,-200.0,0.0,0.14814814814814814,1,1,8.3,4.0,1020,1313,1576,0.0,0.0,9.0,5.0,38.2,0.2,0.7857142857142857,0.0,0.0,4.0,3.0,39.0,2.8,0.5,-2.3,0.2,55.0,-811.0,8.0,12.0,460.0,0.5833333333333334,-0.15384615384615385,-0.0625,-0.07142857142857142,0.0,1.8300000000000005,0.0
738,202109040304,0,1,1,1,4,8,12,116,0,0,0,0,0,0,0,0,0,2,3,23,0,0,0,0,0,0,0,0,0,0,0,1,0,0,0,0,0.0,0.0,80.0,8.0,44.1,4.9,0.7777777777777778,0.0,0.0,140.0,13.0,41.5,3.7,0.125,0.0,0.0,140.0,12.0,37.5,2.6,0.6875,2.0,18.0,-400.0,0.0,0.05555555555555555,8,8,31.7,7.0,1074,1167,1503,0.0,0.0,70.0,4.0,39.5,3.4,0.5,,,,,,,,-1.3,0.0,54.0,-829.0,8.0,9.0,466.0,0.2222222222222222,0.0,0.0,0.0,,1.7800000000000005,0.0
739,202109040304,0,2,1,9,3,0,3,18,0,0,0,0,0,0,0,4,1,0,1,8,0,0,0,0,0,0,0,0,0,0,0,0,0,0,0,0,0.0,0.0,9.0,8.0,38.6,1.7,0.9090909090909091,0.0,0.0,16.0,15.0,36.1,2.8,0.9375,0.0,0.0,15.0,15.0,40.7,4.1,0.4375,3.5,16.0,300.0,0.0,0.058823529411764705,6,6,41.3,8.0,1343,1036,1428,0.0,0.0,13.0,13.0,40.6,3.2,0.3125,0.0,0.0,10.0,10.0,41.3,3.1,0.14285714285714285,0.2,0.0,54.0,-1014.0,8.0,11.0,434.0,-0.09090909090909091,0.0,0.0,0.1875,0.0,-0.9899999999999991,0.0
740,202109040304,0,0,0,0,0,0,0,1,0,0,0,0,0,0,0,0,0,0,0,0,0,0,0,0,0,0,0,0,0,0,0,0,0,0,0,0,0.0,0.0,8.0,7.0,39.8,3.1,1.0,0.0,0.0,14.0,12.0,40.5,2.6,0.8571428571428571,0.0,0.0,13.0,9.0,42.4,5.0,0.6923076923076923,1.0,0.0,-800.0,0.038461538461538464,0.17307692307692307,5,5,27.5,6.0,1704,517,1712,0.0,0.0,9.0,5.0,41.5,2.5,1.0,0.0,0.0,14.0,10.0,41.9,4.1,0.7142857142857143,-0.1,0.0,55.0,-147.0,8.0,8.0,478.0,0.0,0.0,0.0,-0.3,-0.14285714285714285,-0.5200000000000002,0.0
741,202109040304,0,0,0,0,0,2,4,28,0,0,0,0,0,0,0,0,0,1,1,7,0,0,0,0,0,0,0,0,0,0,1,1,0,0,0,0,0.0,0.0,5.0,9.0,44.6,3.3,0.2,0.0,0.0,15.0,12.0,39.0,1.8,0.6,0.0,0.0,15.0,11.0,39.0,3.3,0.9333333333333333,1.0,18.0,-200.0,0.12643678160919541,0.3103448275862069,2,2,5.1,3.0,1594,1328,1599,0.0,0.0,16.0,16.0,35.5,1.9,0.7222222222222222,0.0,0.0,13.0,12.0,38.0,2.0,0.5,1.0,0.0,55.0,-957.0,8.0,10.0,480.0,0.5,0.0,0.0,-0.05555555555555555,0.21428571428571427,1.6700000000000004,0.0
742,202109040304,8,13,13,79,4,6,5,59,0,2,0,5,0,0,0,4,1,0,1,5,0,0,0,0,0,0,0,1,0,0,0,1,0,0,0,0,0.0,0.0,16.0,14.0,36.6,2.5,0.8125,0.0,0.0,12.0,7.0,35.8,1.5,0.4375,0.0,0.0,10.0,16.0,37.9,3.1,0.1111111111111111,1.0,2.0,0.0,0.0,0.0,4,4,23.4,5.0,1691,1428,1167,0.0,0.0,10.0,10.0,43.8,6.0,0.9,0.0,0.0,5.0,8.0,40.9,5.3,1.0,-0.9,0.0,54.0,-323.0,8.0,16.0,420.0,0.1875,0.0,0.0,0.1,0.0,-1.6599999999999995,0.0
743,202109040308,2,1,2,20,1,1,1,9,0,0,0,1,2,1,0,5,1,1,1,7,0,0,0,0,0,0,0,0,0,0,0,3,0,0,0,0,0.0,0.0,7.0,6.0,39.8,1.5,0.7272727272727273,0.0,0.0,10.0,12.0,35.7,0.9,1.0,0.0,0.0,13.0,7.0,37.3,0.7,0.875,0.5,6.0,-200.0,0.0,0.08928571428571429,8,10,38.1,8.0,1396,1423,1556,0.0,0.0,6.0,8.0,36.9,0.6,0.6875,0.0,0.0,9.0,10.0,35.7,1.4,1.0,0.4,0.0,55.0,-869.0,11.0,11.0,510.0,0.0,0.0,-0.125,0.0625,-0.06666666666666667,0.6999999999999993,0.0
744,202109040308,7,2,4,54,2,1,1,3,0,0,0,1,1,0,0,14,0,0,0,1,0,0,0,0,0,0,0,3,0,0,0,1,0,0,0,0,0.0,0.0,50.0,7.0,36.7,0.7,0.4166666666666667,0.0,0.0,10.0,3.0,36.1,0.1,0.36363636363636365,0.0,0.0,70.0,3.0,35.2,0.5,0.5833333333333334,-2.0,2.0,200.0,0.10975609756097561,0.3048780487804878,6,7,15.8,4.0,1278,1713,625,0.0,0.0,20.0,1.0,35.8,0.0,0.14285714285714285,0.0,0.0,20.0,2.0,37.0,1.0,0.15384615384615385,-1.2,0.8,55.0,70.0,11.0,12.0,444.0,0.08333333333333333,-0.09090909090909091,0.0,0.0,0.0,-0.029999999999999007,0.0
745,202109040308,0,1,4,19,1,1,0,8,0,0,0,0,0,0,1,2,0,1,0,1,0,0,0,0,0,0,0,0,0,1,0,0,0,0,0,0,0.0,0.0,5.0,6.0,38.2,1.3,0.8333333333333334,0.0,0.0,11.0,8.0,36.3,1.0,0.8125,0.0,0.0,10.0,11.0,37.5,0.9,0.26666666666666666,2.5,-5.0,0.0,0.0,0.14285714285714285,5,5,5.7,3.0,1601,1433,239,0.0,0.0,7.0,5.0,36.8,0.8,0.75,0.0,0.0,10.0,6.0,36.9,0.8,0.7692307692307693,-0.3,0.0,52.0,-1000.0,11.0,6.0,495.0,0.0,-0.1875,-0.06666666666666667,-0.125,0.0,0.21000000000000085,0.0
746,202109040308,4,0,4,20,9,8,6,68,0,0,0,1,0,0,0,2,1,0,0,10,0,0,0,0,0,0,0,1,0,0,0,1,0,0,0,0,0.0,0.0,90.0,30.0,36.9,0.5,0.5384615384615384,0.0,0.0,70.0,110.0,37.3,1.0,0.6666666666666666,0.0,0.0,20.0,90.0,37.5,1.0,0.3076923076923077,30.0,-2.0,0.0,0.024390243902439025,0.10975609756097561,7,9,51.5,10.0,1447,1618,1721,0.0,0.0,60.0,20.0,37.3,0.7,0.5333333333333333,0.0,0.0,70.0,70.0,36.3,1.0,0.7692307692307693,-1.0,0.0,57.0,-99.0,11.0,13.0,500.0,0.0,0.0,0.0,0.0,0.15384615384615385,0.12000000000000029,0.0
747,202109040308,5,5,7,81,4,3,1,36,0,0,0,4,1,3,3,27,2,1,1,7,0,0,0,3,0,0,1,7,1,1,0,0,0,0,0,0,0.0,0.0,3.0,2.0,36.8,0.3,0.14285714285714285,0.0,0.0,2.0,5.0,37.8,0.4,0.18181818181818182,0.0,0.0,5.0,3.0,36.4,0.6,0.8571428571428571,0.5,4.0,0.0,0.2978723404255319,0.5531914893617021,3,3,3.7,2.0,1393,1721,1263,0.0,0.0,4.0,5.0,35.2,0.2,0.25,0.0,0.0,10.0,3.0,34.8,0.3,0.23076923076923078,0.2,0.6,55.0,-15.0,11.0,14.0,512.0,0.0,0.0,0.0,0.0,0.0,0.6599999999999995,0.0
748,202109040308,4,4,2,46,1,3,0,7,1,1,0,2,0,1,0,4,0,1,0,2,0,0,0,0,0,0,0,2,0,0,0,1,0,0,0,0,0.0,0.0,50.0,50.0,39.2,1.4,0.5,0.0,0.0,80.0,100.0,13.9,6.0,0.9166666666666666,0.0,0.0,60.0,50.0,13.8,3.5,0.6363636363636364,0.0,-2.0,-200.0,0.0273972602739726,0.1506849315068493,4,4,45.4,9.0,1137,1665,556,0.0,0.0,60.0,80.0,13.6,2.0,0.5454545454545454,0.0,0.0,110.0,80.0,13.6,3.3,0.45454545454545453,4.0,0.0,55.0,-1016.0,11.0,10.0,466.0,-0.1,-0.08333333333333333,-0.09090909090909091,-0.18181818181818182,-0.18181818181818182,5.15,0.0
749,202109040308,8,13,13,79,0,0,3,8,0,0,0,0,0,0,0,4,0,0,0,1,0,0,0,0,0,0,0,1,0,0,0,0,0,0,0,0,0.0,0.0,3.0,6.0,39.9,1.2,0.3333333333333333,0.0,0.0,10.0,10.0,37.5,2.3,0.6363636363636364,0.0,0.0,12.0,10.0,38.1,2.0,0.3076923076923077,2.0,29.0,-200.0,0.12931034482758622,0.3103448275862069,2,2,21.6,6.0,1691,1206,1167,0.0,0.0,6.0,7.0,37.8,0.7,0.36363636363636365,0.0,0.0,14.0,10.0,38.0,1.0,0.25,0.5,0.0,57.0,-804.0,11.0,9.0,505.0,-0.1111111111111111,0.0,0.0,0.0,0.1875,0.35,0.0
750,202109040308,2,1,0,19,1,0,1,24,1,0,0,1,1,1,0,1,1,0,0,9,1,0,0,0,0,1,0,0,0,0,0,1,0,0,0,0,0.0,0.0,3.0,3.0,39.6,1.2,0.3333333333333333,0.0,0.0,13.0,14.0,36.6,1.7,1.0,0.0,0.0,10.0,12.0,37.5,1.6,0.8125,4.5,7.0,-200.0,0.0625,0.25,6,6,25.3,7.0,1674,1551,1428,0.0,0.0,4.0,12.0,36.7,1.2,0.9375,0.0,0.0,7.0,7.0,39.1,0.5,0.4375,0.6,0.2,52.0,-208.0,11.0,9.0,487.0,0.1111111111111111,0.0,0.0625,0.0,0.0,0.08999999999999986,0.0
751,202109040308,8,4,7,50,1,0,2,26,0,0,1,4,1,0,0,5,0,0,0,7,0,0,0,0,0,0,0,2,0,0,0,3,0,0,0,0,0.0,0.0,16.0,16.0,34.7,1.3,1.0,0.0,0.0,10.0,15.0,43.4,6.2,0.06666666666666667,0.0,0.0,14.0,14.0,37.2,1.9,0.6875,-1.0,4.0,0.0,0.12790697674418605,0.313953488372093,1,1,1.9,1.0,1152,1108,1428,0.0,0.0,11.0,12.0,34.3,0.9,1.0,0.0,0.0,6.0,13.0,38.6,2.5,0.875,-0.9,0.0,55.0,-974.0,11.0,16.0,534.0,0.0,0.0,0.0,0.0,0.0,0.13000000000000042,0.0
752,202109040308,0,0,0,3,13,16,12,110,0,0,0,0,0,0,0,0,3,3,1,18,0,0,0,0,0,0,0,0,2,2,0,10,0,0,0,0,0.0,0.0,3.0,5.0,46.2,5.5,0.125,0.0,0.0,11.0,14.0,40.1,1.9,0.4,0.0,0.0,5.0,10.0,38.4,1.3,0.36363636363636365,2.5,-11.0,-200.0,0.0,0.0,8,11,19.3,5.0,1368,1183,1167,0.0,0.0,4.0,11.0,37.3,2.4,0.18181818181818182,0.0,0.0,11.0,12.0,42.1,3.4,0.07692307692307693,1.1,0.0,51.0,-1008.0,11.0,8.0,497.0,0.375,0.13333333333333333,0.0,0.18181818181818182,0.07692307692307693,1.1000000000000008,0.0
753,202109040308,5,5,7,81,0,0,1,7,0,0,0,2,1,3,3,27,0,0,0,0,0,0,0,0,0,0,1,7,0,0,0,0,0,0,0,0,0.0,0.0,70.0,8.0,41.3,2.6,0.4,0.0,0.0,110.0,11.0,39.3,2.2,0.36363636363636365,0.0,0.0,110.0,13.0,38.7,1.7,0.13333333333333333,2.5,6.0,-200.0,0.02857142857142857,0.22857142857142856,7,8,65.5,11.0,1393,178,1263,0.0,0.0,80.0,8.0,36.5,1.0,0.5,0.0,0.0,70.0,8.0,38.9,1.8,0.8,-0.3,0.0,55.0,-1000.0,11.0,10.0,494.0,0.4,0.0,0.0,0.0,0.06666666666666667,0.7599999999999995,0.0
754,202109040402,0,0,0,0,1,1,1,9,0,0,0,0,0,0,0,0,1,0,0,2,0,0,0,0,0,0,0,0,0,0,0,0,0,0,0,0,0.0,0.0,4.0,10.0,40.7,1.6,0.15384615384615385,0.0,0.0,15.0,14.0,39.7,2.0,0.3125,0.0,0.0,9.0,3.0,37.0,0.6,0.08333333333333333,-3.5,6.0,0.0,0.13636363636363635,0.22727272727272727,5,5,10.6,4.0,1657,351,1317,0.0,0.0,11.0,7.0,36.6,1.7,0.5833333333333334,0.0,0.0,13.0,16.0,36.1,1.6,0.0625,0.5,0.2,54.0,-985.0,11.0,13.0,508.0,0.0,0.0,0.0,-0.08333333333333333,0.0,1.2300000000000004,0.0
755,202109040402,0,0,0,0,5,5,4,54,0,0,0,0,0,0,0,0,1,0,0,13,0,0,0,0,0,0,0,0,0,0,0,4,0,0,0,0,0.0,0.0,11.0,9.0,39.5,2.0,0.23076923076923078,0.0,0.0,11.0,10.0,39.0,2.1,0.5,0.0,0.0,11.0,11.0,36.3,1.7,0.6875,1.0,20.0,0.0,0.38235294117647056,0.5294117647058824,2,2,2.5,1.0,1467,1556,336,0.0,0.0,4.0,1.0,36.1,0.0,0.8571428571428571,0.0,0.0,7.0,5.0,36.6,0.6,0.75,-1.7,0.2,54.0,-1060.0,11.0,13.0,504.0,0.0,0.1875,0.0,-0.42857142857142855,0.0,0.8699999999999996,0.0
756,202109040402,0,0,0,0,1,0,0,4,0,0,0,0,0,0,0,0,0,0,0,0,0,0,0,0,0,0,0,0,0,0,0,0,0,0,0,0,0.0,0.0,12.0,12.0,40.3,2.2,1.0,0.0,0.0,2.0,10.0,36.2,1.5,0.6923076923076923,0.0,0.0,1.0,6.0,36.2,0.4,0.6428571428571429,-3.0,11.0,-400.0,0.0,0.0,7,9,7.9,3.0,1204,57,1221,0.0,0.0,3.0,3.0,36.9,0.5,0.7272727272727273,0.0,0.0,4.0,2.0,39.1,0.2,0.42857142857142855,-2.7,0.4,51.0,-467.0,11.0,14.0,457.0,0.0,-0.07692307692307693,-0.14285714285714285,-0.09090909090909091,-0.07142857142857142,0.16999999999999957,0.0
757,202109040402,0,0,0,0,0,0,0,0,0,0,0,0,0,0,0,0,0,0,0,0,0,0,0,0,0,0,0,0,0,0,0,0,0,0,0,0,0.0,0.0,9.0,4.0,37.0,0.3,0.7333333333333333,0.0,0.0,7.0,10.0,39.6,1.6,0.42857142857142855,0.0,0.0,9.0,2.0,36.5,0.0,0.2,-1.0,-18.0,-500.0,0.2916666666666667,0.5416666666666666,6,7,3.2,2.0,1670,578,882,0.0,0.0,15.0,11.0,36.5,1.5,0.3125,0.0,0.0,12.0,11.0,38.7,1.6,0.5384615384615384,1.5,0.2,54.0,-1119.0,11.0,15.0,494.0,0.13333333333333333,0.07142857142857142,0.0,0.0,0.07692307692307693,-0.030000000000000426,0.0
758,202109040402,0,0,0,0,0,0,0,0,0,0,0,0,0,0,0,0,0,0,0,0,0,0,0,0,0,0,0,0,0,0,0,0,0,0,0,0,0.0,0.0,2.0,1.0,38.0,0.0,0.25,0.0,0.0,9.0,12.0,43.2,6.0,0.25,0.0,0.0,12.0,15.0,40.7,3.4,0.4666666666666667,7.0,-6.0,-300.0,0.1095890410958904,0.2602739726027397,6,6,18.9,7.0,1463,1003,1167,0.0,0.0,9.0,8.0,36.5,0.9,0.9333333333333333,0.0,0.0,2.0,7.0,39.3,1.7,0.2222222222222222,0.8,0.2,54.0,-1002.0,11.0,12.0,454.0,-0.16666666666666666,0.4166666666666667,0.06666666666666667,0.06666666666666667,-0.1111111111111111,0.41000000000000086,0.0
759,202109040402,0,0,0,0,0,0,0,1,0,0,0,0,0,0,0,0,0,0,0,0,0,0,0,0,0,0,0,0,0,0,0,0,0,0,0,0,0.0,0.0,,,,,,0.0,0.0,20.0,12.0,36.4,1.2,0.14285714285714285,0.0,0.0,20.0,1.0,35.8,0.0,0.08333333333333333,-11.0,4.0,200.0,0.125,0.3068181818181818,8,11,41.8,8.0,1601,197,239,0.0,0.0,20.0,3.0,36.8,0.5,0.25,0.0,0.0,60.0,8.0,38.8,2.4,0.375,-1.0,0.5,54.0,-650.0,11.0,11.0,488.0,,0.0,0.0,0.0,0.0,-0.8199999999999996,0.0
760,202109040402,0,0,0,0,2,1,1,9,0,0,0,0,0,0,0,0,1,0,0,0,0,0,0,0,0,0,0,0,0,0,0,0,0,0,0,0,0.0,0.0,2.0,5.0,44.0,5.4,0.2,0.0,0.0,6.0,11.0,37.5,2.3,0.3333333333333333,0.0,0.0,6.0,7.0,39.4,2.4,0.09090909090909091,1.0,17.0,-300.0,0.1724137931034483,0.5172413793103449,7,8,12.5,6.0,1243,225,1428,0.0,0.0,1.0,5.0,40.5,1.0,0.21428571428571427,0.0,0.0,3.0,5.0,36.1,0.8,0.2857142857142857,-0.6,0.0,54.0,-387.0,11.0,5.0,475.0,0.8,0.3333333333333333,0.0,0.0,-0.07142857142857142,1.2799999999999998,0.0
761,202109040402,1,0,0,3,6,4,5,46,1,0,0,0,1,0,0,1,2,0,1,10,1,0,0,0,1,0,0,1,1,0,0,5,1,0,0,0,0.0,0.0,90.0,8.0,38.5,1.0,0.1111111111111111,0.0,0.0,130.0,11.0,38.2,1.8,0.6,0.0,0.0,150.0,10.0,38.6,1.7,0.5,1.0,0.0,-500.0,0.058823529411764705,0.23529411764705882,4,4,316.8,11.0,1655,1167,239,0.0,0.0,140.0,6.0,39.9,1.6,0.4666666666666667,0.0,0.0,100.0,9.0,40.8,2.7,0.9,-0.3,0.0,51.0,-917.0,11.0,9.0,462.0,0.0,0.13333333333333333,0.125,0.06666666666666667,0.1,-0.629999999999999,0.0
762,202109040402,0,0,0,0,3,1,1,28,0,0,0,0,0,0,0,0,1,0,1,4,0,0,0,0,0,0,0,0,1,0,0,2,0,0,0,0,0.0,0.0,3.0,4.0,37.4,1.3,0.4166666666666667,0.0,0.0,14.0,7.0,35.1,1.2,0.6666666666666666,0.0,0.0,18.0,17.0,39.6,4.0,0.05555555555555555,6.5,-1.0,300.0,0.0,0.05405405405405406,3,3,257.7,10.0,1534,1482,1235,0.0,0.0,18.0,13.0,35.7,0.8,0.8888888888888888,0.0,0.0,11.0,11.0,38.9,2.7,0.8461538461538461,2.0000000000000004,0.0,54.0,-1007.0,11.0,12.0,457.0,0.0,-0.1111111111111111,0.05555555555555555,0.0,0.0,-0.36000000000000015,0.0
763,202109040402,0,0,0,0,0,1,0,10,0,0,0,0,0,0,0,0,0,0,0,2,0,0,0,0,0,0,0,0,0,0,0,1,0,0,0,0,0.0,0.0,4.0,9.0,41.2,1.3,0.9,0.0,0.0,6.0,12.0,37.7,2.1,0.35714285714285715,0.0,0.0,7.0,16.0,41.8,3.5,0.1875,3.5,4.0,-200.0,0.021739130434782608,0.18478260869565216,8,10,10.9,5.0,1534,1221,1235,0.0,0.0,6.0,8.0,36.2,1.0,0.1875,0.0,0.0,10.0,5.0,36.7,0.5,0.1875,-1.2,0.0,54.0,-754.0,11.0,10.0,488.0,-0.4,0.0,0.0,0.0,0.0,1.05,0.0
764,202109040402,0,1,1,16,0,1,0,10,0,0,0,1,0,0,0,2,0,0,0,2,0,0,0,0,0,0,0,0,0,0,0,1,0,0,0,0,0.0,0.0,,,,,,0.0,0.0,90.0,11.0,41.9,5.5,0.6363636363636364,0.0,0.0,100.0,6.0,38.7,1.0,0.38461538461538464,-5.0,,-200.0,0.13559322033898305,0.3135593220338983,1,1,77.0,9.0,1713,1221,215,,,,,,,,,,,,,,,-5.0,0.0,54.0,-975.0,11.0,7.0,,,0.09090909090909091,0.0,,,3.1999999999999957,0.0
765,202109040511,4,6,5,72,1,0,2,17,1,0,0,0,3,4,5,41,0,0,1,5,0,0,0,0,1,0,0,2,0,0,0,0,0,0,0,0,0.0,0.0,8.0,14.0,37.9,2.1,0.0625,0.0,0.0,10.0,12.0,37.0,1.9,0.7333333333333333,0.0,0.0,6.0,15.0,40.2,2.5,0.0625,0.5,0.0,0.0,0.12222222222222222,0.3,8,15,5.5,3.0,1228,1620,1108,0.0,0.0,9.0,16.0,38.2,1.6,0.25,0.0,0.0,2.0,10.0,37.3,0.8,0.125,-0.4,0.0,55.0,-350.0,16.0,16.0,492.0,0.0,0.06666666666666667,0.0,0.1875,0.0,0.0,0.0
766,202109040511,4,14,9,78,1,3,3,53,0,2,0,1,2,4,6,21,0,0,1,10,0,0,0,0,0,0,0,0,0,0,0,0,0,0,0,0,0.0,0.0,5.0,4.0,36.9,0.6,0.1875,0.0,0.0,5.0,10.0,38.4,0.6,0.125,0.0,0.0,3.0,10.0,37.5,1.1,0.1875,3.0,0.0,-200.0,0.13333333333333333,0.30833333333333335,4,8,16.9,9.0,1172,1366,1556,0.0,0.0,5.0,9.0,37.9,1.6,0.2,0.0,0.0,4.0,2.0,37.3,0.1,0.1875,-0.5,0.2,54.0,-421.0,16.0,16.0,470.0,-0.0625,0.0,0.0,0.0,0.0,-0.029999999999999714,0.0
767,202109040511,5,5,7,81,0,3,0,23,0,2,0,2,1,3,3,27,0,1,0,3,0,1,0,0,0,1,0,0,0,1,0,0,0,1,0,0,0.0,0.0,1.0,3.0,35.0,0.5,0.75,0.0,0.0,1.0,3.0,34.9,0.7,0.6875,0.0,0.0,4.0,7.0,35.4,0.6,0.75,2.0,8.0,0.0,0.12,0.26666666666666666,5,10,5.5,2.0,1393,225,1263,0.0,0.0,2.0,1.0,35.6,0.0,0.75,0.0,0.0,4.0,4.0,36.1,0.1,0.6875,0.0,0.6,57.0,-350.0,16.0,16.0,514.0,0.0,-0.0625,0.0,-0.1875,0.0,-0.2900000000000006,0.0
768,202109040511,0,1,4,19,13,16,12,110,0,0,0,0,0,0,1,2,3,3,1,18,0,0,0,0,0,0,0,0,0,0,0,0,0,0,0,0,0.0,0.0,1.0,1.0,37.5,0.0,0.625,0.0,0.0,4.0,4.0,35.9,0.3,0.5625,0.0,0.0,2.0,4.0,36.2,0.7,0.3125,1.5,2.0,-200.0,0.09375,0.21875,6,12,6.3,4.0,1601,1183,239,0.0,0.0,7.0,1.0,37.4,0.0,0.5,0.0,0.0,7.0,4.0,37.5,0.2,0.6153846153846154,0.3,0.4,54.0,-919.0,16.0,8.0,508.0,-0.375,-0.1875,0.125,-0.0625,0.0,-0.15,0.0
769,202109040511,13,7,11,84,8,8,14,82,0,0,0,1,6,2,3,19,1,1,2,14,0,0,0,1,0,0,0,2,0,0,0,1,0,0,0,1,0.0,0.0,2.0,3.0,41.0,0.7,0.2,0.0,0.0,6.0,16.0,36.3,2.1,0.6875,0.0,0.0,14.0,4.0,35.7,0.3,0.375,0.5,-5.0,-200.0,0.08,0.14,8,16,49.3,13.0,1716,1559,1167,0.0,0.0,10.0,8.0,36.9,0.5,0.35714285714285715,0.0,0.0,5.0,12.0,36.6,1.6,0.6875,1.0,0.2,57.0,-959.0,16.0,10.0,453.0,0.0,0.0625,0.0,-0.07142857142857142,0.0625,0.8199999999999996,0.0
770,202109040511,4,5,8,99,8,9,14,114,0,0,1,9,1,0,1,21,0,0,2,18,0,0,1,1,0,0,0,0,0,0,0,0,0,0,0,0,0.0,0.0,90.0,4.0,37.0,0.8,0.8181818181818182,0.0,0.0,160.0,16.0,39.5,4.9,0.875,0.0,0.0,120.0,10.0,35.9,0.6,0.375,3.0,1.0,-100.0,0.017543859649122806,0.10526315789473684,6,11,43.4,12.0,1183,1263,1558,0.0,0.0,130.0,8.0,37.5,0.7,0.5,0.0,0.0,90.0,8.0,35.8,1.1,0.75,0.0,0.0,57.0,-976.0,16.0,11.0,461.0,-0.18181818181818182,0.0,0.0,0.0,-0.0625,0.44000000000000056,0.0
771,202109040511,4,8,3,72,9,8,5,91,0,0,0,2,2,5,2,39,1,1,1,18,0,0,0,1,0,0,0,1,0,0,0,0,0,0,0,0,0.0,0.0,110.0,8.0,37.6,1.6,0.8,0.0,0.0,9.0,6.0,35.7,1.4,0.8,0.0,0.0,15.0,7.0,38.3,0.9,0.4,-0.5,6.0,-500.0,0.025,0.125,2,4,37.5,11.0,1645,1345,1366,0.0,0.0,13.0,4.0,37.9,0.8,0.4,0.0,0.0,15.0,14.0,36.1,1.1,0.6875,1.0,0.0,57.0,-1121.0,16.0,15.0,484.0,-0.26666666666666666,-0.1,-0.06666666666666667,-0.06666666666666667,0.0,0.08000000000000043,0.0
772,202109040511,2,1,0,19,1,1,0,8,1,1,0,1,1,1,0,1,0,1,0,1,0,1,0,0,0,0,0,0,0,0,0,0,0,0,0,0,0.0,0.0,60.0,7.0,13.8,3.0,0.5,0.0,0.0,60.0,10.0,14.1,6.6,0.6666666666666666,0.0,0.0,,,,,,3.0,0.0,-1770.0,0.024096385542168676,0.10843373493975904,3,6,14.8,8.0,1674,1433,1428,0.0,0.0,120.0,7.0,36.7,1.1,0.125,0.0,0.0,90.0,13.0,35.8,1.5,0.625,1.5,0.0,57.0,-498.0,16.0,10.0,490.0,0.0,0.16666666666666666,,0.0,0.0,-8.86,0.0
773,202109040511,15,11,16,108,1,3,1,8,1,2,0,0,4,3,4,28,1,1,0,0,1,1,0,0,0,0,1,0,0,0,0,0,0,0,0,0,0.0,0.0,9.0,2.0,38.1,0.4,0.5,0.0,0.0,8.0,15.0,37.8,1.5,0.26666666666666666,0.0,0.0,5.0,9.0,37.2,0.9,0.5454545454545454,3.5,-6.0,-200.0,0.10714285714285714,0.30952380952380953,4,7,5.2,1.0,1576,1613,1577,0.0,0.0,6.0,11.0,37.7,1.5,0.3125,0.0,0.0,7.0,3.0,35.7,0.2,0.4375,-0.2,0.4,55.0,-908.0,16.0,12.0,470.0,-0.16666666666666666,0.0,0.0,0.125,0.0,0.48999999999999916,0.0
774,202109040511,0,0,0,2,0,0,0,0,0,0,0,0,0,0,0,1,0,0,0,0,0,0,0,0,0,0,0,0,0,0,0,0,0,0,0,0,0.0,0.0,12.0,9.0,37.1,0.6,0.1875,0.0,0.0,10.0,12.0,38.6,1.4,0.1875,0.0,0.0,9.0,14.0,37.1,2.0,0.375,2.5,4.0,0.0,0.021505376344086023,0.1827956989247312,1,1,17.9,10.0,525,609,1,0.0,0.0,3.0,3.0,38.1,0.8,0.5,0.0,0.0,5.0,1.0,35.6,0.0,0.5,-2.5,0.4,57.0,-876.0,16.0,16.0,510.0,0.0625,-0.0625,0.0625,-0.1,-0.1875,0.35,0.0
775,202109040511,10,8,5,134,2,0,3,6,0,0,2,2,1,3,2,26,0,0,2,2,0,0,2,1,0,0,0,2,0,0,0,0,0,0,0,0,0.0,0.0,1.0,1.0,39.7,0.0,0.09090909090909091,0.0,0.0,9.0,9.0,36.6,1.4,0.6875,0.0,0.0,5.0,5.0,36.6,0.6,0.4375,2.0,-6.0,-100.0,0.06976744186046512,0.23255813953488372,1,2,14.1,6.0,1221,260,1263,0.0,0.0,6.0,11.0,36.3,0.9,0.5625,0.0,0.0,3.0,4.0,36.6,0.1,0.5,0.8,0.2,57.0,-756.0,16.0,11.0,478.0,0.0,-0.0625,0.0625,0.1875,0.0,0.6500000000000007,0.0
776,202109040511,15,11,16,108,0,0,0,7,0,0,0,0,4,3,4,28,0,0,0,4,0,0,0,0,0,0,1,0,0,0,0,0,0,0,0,0,0.0,0.0,2.0,5.0,39.7,0.9,0.2,0.0,0.0,10.0,12.0,36.5,1.0,0.5714285714285714,0.0,0.0,10.0,11.0,37.6,1.1,0.1875,3.0,-31.0,-400.0,0.02666666666666667,0.14666666666666667,7,14,10.0,5.0,1576,1331,1577,0.0,0.0,10.0,8.0,36.3,1.0,0.3125,0.0,0.0,10.0,8.0,38.4,0.8,0.125,0.2,0.0,54.0,-486.0,16.0,10.0,497.0,0.0,0.0,0.0,-0.0625,0.0,0.28000000000000114,0.0
777,202109040511,2,4,4,44,2,2,2,41,0,0,0,3,1,0,0,4,0,0,1,11,0,0,0,1,0,0,0,0,0,0,0,0,0,0,0,0,0.0,0.0,16.0,13.0,36.4,1.2,0.875,0.0,0.0,11.0,10.0,36.3,1.5,0.8125,0.0,0.0,13.0,11.0,35.7,0.9,1.0,-1.0,-4.0,0.0,0.10204081632653061,0.32653061224489793,7,13,58.0,15.0,1561,1014,1263,0.0,0.0,15.0,13.0,36.1,1.3,0.9375,0.0,0.0,9.0,7.0,36.3,0.7,0.6875,-0.9,0.0,55.0,-148.0,16.0,16.0,480.0,0.0,-0.0625,0.0,-0.0625,-0.125,0.039999999999999855,0.0
778,202109040511,3,3,3,25,4,8,12,116,0,0,0,3,1,0,0,7,0,2,3,23,0,0,0,2,0,0,0,1,0,0,0,1,0,0,0,1,0.0,0.0,160.0,2.0,37.6,0.1,0.25,0.0,0.0,120.0,10.0,37.1,0.9,0.625,0.0,0.0,140.0,5.0,37.6,1.1,0.1875,1.5,2.0,-200.0,0.019230769230769232,0.19230769230769232,3,5,52.7,14.0,1618,1167,1263,0.0,0.0,140.0,14.0,36.5,1.4,0.8125,0.0,0.0,120.0,8.0,36.4,0.3,0.8125,1.5999999999999999,0.2,57.0,-161.0,16.0,16.0,506.0,0.0625,0.0,0.0,0.0625,-0.125,0.3000000000000007,0.0
779,202109040511,9,9,6,64,0,0,0,1,0,0,0,1,1,0,3,5,0,0,0,0,0,0,0,0,0,0,0,0,0,0,0,0,0,0,0,0,0.0,0.0,15.0,,,,,0.0,0.0,12.0,15.0,38.7,2.9,0.1875,0.0,0.0,13.0,14.0,37.6,1.3,0.0625,-1.0,2.0,-400.0,0.125,0.15625,5,9,14.3,7.0,1127,81,1328,0.0,0.0,15.0,12.0,37.4,0.6,0.1875,0.0,0.0,12.0,12.0,37.2,1.1,0.25,-1.1,0.0,55.0,-224.0,16.0,16.0,476.0,,0.0,0.0,0.0,0.0625,0.4700000000000003,0.0
780,202109040511,0,1,0,3,8,7,3,79,0,0,0,0,0,1,0,0,0,0,1,23,0,0,0,0,0,0,0,0,0,0,0,2,0,0,0,0,0.0,0.0,10.0,4.0,41.4,0.8,0.9090909090909091,0.0,0.0,170.0,15.0,33.6,0.9,1.0,0.0,0.0,170.0,15.0,35.5,1.9,0.7647058823529411,5.5,4.0,-400.0,0.0,0.043478260869565216,2,3,69.8,16.0,1310,1405,1618,0.0,0.0,160.0,16.0,36.5,1.7,0.9375,0.0,0.0,130.0,11.0,34.2,0.5,0.8125,1.5,0.0,57.0,-749.0,16.0,11.0,504.0,-0.45454545454545453,0.0,0.0,0.0625,-0.125,1.1499999999999992,0.0
781,202109040512,4,14,9,78,0,1,2,5,0,0,0,2,2,4,6,21,0,0,0,2,0,0,0,1,0,1,0,6,0,0,0,0,0,0,0,0,0.0,0.0,8.0,7.0,40.7,3.9,0.75,0.0,0.0,11.0,5.0,36.4,0.9,0.625,0.0,0.0,8.0,14.0,36.7,1.4,0.75,3.5,5.0,-600.0,0.10810810810810811,0.25675675675675674,2,3,4.5,1.0,1172,1418,1556,0.0,0.0,5.0,12.0,37.2,1.1,0.875,0.0,0.0,6.0,2.0,35.6,0.2,0.625,-0.3,0.2,57.0,-1003.0,16.0,8.0,503.0,0.25,-0.0625,-0.1875,-0.0625,-0.0625,0.9399999999999998,0.0
782,202109040512,7,0,3,30,1,0,0,1,1,0,0,0,1,0,0,7,1,0,0,1,1,0,0,0,0,0,0,0,0,0,0,0,0,0,0,0,0.0,0.0,3.0,6.0,39.2,0.8,0.25,0.0,0.0,14.0,13.0,37.7,0.7,0.3125,0.0,0.0,7.0,5.0,37.0,1.1,0.3125,-0.5,6.0,0.0,0.03773584905660377,0.16981132075471697,8,15,6.6,4.0,1431,1728,1428,0.0,0.0,10.0,8.0,37.8,1.1,0.4,0.0,0.0,6.0,12.0,37.9,1.2,0.5,0.7,0.0,55.0,-704.0,16.0,8.0,450.0,0.0,-0.0625,0.0625,0.0,0.0,0.25000000000000144,0.0
783,202109040512,11,8,8,63,2,1,0,16,0,0,0,0,2,0,0,17,0,0,0,2,0,0,0,0,1,0,0,4,0,0,0,0,0,0,0,0,0.0,0.0,14.0,10.0,39.2,1.6,0.5625,0.0,0.0,13.0,16.0,37.9,2.6,0.9375,0.0,0.0,13.0,16.0,38.2,2.1,0.5625,3.0,2.0,0.0,0.0,0.08333333333333333,8,16,27.1,9.0,1520,1079,695,0.0,0.0,9.0,3.0,36.8,0.4,0.125,0.0,0.0,8.0,13.0,38.5,1.6,0.125,-0.7,0.2,53.0,-134.0,16.0,16.0,460.0,0.0,0.0,0.1875,0.0,0.0,0.2500000000000007,0.0
784,202109040512,5,5,7,81,0,0,2,5,0,0,2,3,1,3,3,27,0,0,1,3,0,0,1,3,1,0,1,7,0,0,1,2,0,0,1,2,0.0,0.0,14.0,12.0,36.7,1.2,1.0,0.0,0.0,14.0,7.0,36.2,1.0,1.0,0.0,0.0,15.0,14.0,37.0,1.4,0.9375,1.0,0.0,0.0,0.13445378151260504,0.31092436974789917,4,7,19.5,8.0,1393,580,1263,0.0,0.0,14.0,12.0,37.1,1.1,0.6875,0.0,0.0,16.0,10.0,36.0,1.3,0.75,0.1,0.0,57.0,-497.0,16.0,16.0,544.0,-0.0625,0.0,0.0,0.0,0.0625,0.05000000000000071,0.0
785,202109040512,8,13,8,81,4,8,12,116,0,0,0,4,0,1,0,6,0,2,3,23,0,0,0,0,0,0,0,1,0,0,0,2,0,0,0,0,0.0,0.0,2.0,7.0,36.6,0.4,0.8125,0.0,0.0,6.0,3.0,35.5,0.0,0.875,0.0,0.0,5.0,5.0,36.2,0.6,0.9285714285714286,-1.0,-6.0,0.0,0.10294117647058823,0.29411764705882354,5,10,5.4,2.0,1503,1167,1263,0.0,0.0,2.0,5.0,35.7,1.3,1.0,0.0,0.0,2.0,5.0,35.7,0.5,0.9375,-0.2,0.2,55.0,-105.0,16.0,16.0,452.0,-0.125,-0.125,0.0,0.0,-0.0625,0.15999999999999942,0.0
786,202109040512,1,2,1,9,1,3,0,17,0,1,0,3,0,1,0,1,0,2,0,6,0,1,0,0,0,0,0,0,0,1,0,3,0,0,0,0,0.0,0.0,13.0,12.0,37.0,1.4,0.7333333333333333,0.0,0.0,13.0,15.0,37.9,1.6,0.4375,0.0,0.0,7.0,6.0,36.6,0.9,0.4,-3.0,2.0,0.0,0.02702702702702703,0.14864864864864866,3,5,71.9,13.0,1255,1592,1263,0.0,0.0,8.0,1.0,35.5,0.0,0.625,0.0,0.0,9.0,3.0,37.7,0.2,0.125,-3.1999999999999997,0.4,55.0,-441.0,16.0,15.0,480.0,0.0,0.0,0.06666666666666667,-0.0625,0.0,0.09999999999999928,0.0
787,202109040512,4,4,3,42,2,1,1,7,0,0,1,3,2,0,1,13,0,0,1,3,0,0,1,3,1,0,0,1,0,0,0,0,0,0,0,0,0.0,0.0,9.0,7.0,36.9,1.6,0.75,0.0,0.0,10.0,7.0,36.0,0.6,0.75,0.0,0.0,7.0,8.0,36.1,1.4,0.75,0.5,0.0,0.0,0.05555555555555555,0.2222222222222222,5,9,40.0,10.0,1482,516,1263,0.0,0.0,12.0,7.0,37.1,0.6,1.0,0.0,0.0,6.0,4.0,34.7,0.1,0.8125,-0.6,0.0,54.0,-28.0,16.0,16.0,496.0,-0.0625,0.0,0.0,0.0,0.0,0.329999999999999,0.0
788,202109040512,1,0,0,22,2,2,0,10,0,0,0,1,0,0,0,2,0,0,0,0,0,0,0,0,0,0,0,0,0,0,0,0,0,0,0,0,0.0,0.0,5.0,5.0,38.7,0.8,0.4444444444444444,0.0,0.0,18.0,11.0,33.2,0.6,0.6111111111111112,0.0,0.0,14.0,10.0,36.6,1.1,0.8125,2.5,5.0,-200.0,0.0,0.045454545454545456,1,1,50.3,11.0,1449,1599,1306,0.0,0.0,7.0,1.0,37.4,0.0,0.625,0.0,0.0,7.0,4.0,36.4,0.5,0.6875,-1.2,0.2,57.0,-1070.0,16.0,9.0,489.0,0.0,0.0,-0.1875,-0.125,-0.0625,0.04000000000000128,0.0
789,202109040512,2,3,4,27,1,3,3,53,0,0,1,0,1,0,0,9,0,0,1,10,0,0,0,0,0,0,0,3,0,0,0,0,0,0,0,0,0.0,0.0,7.0,10.0,13.7,7.5,0.5714285714285714,0.0,0.0,14.0,12.0,39.5,2.2,0.625,0.0,0.0,11.0,9.0,40.4,2.5,0.4,-0.5,-4.0,-1650.0,0.0,0.0,4,8,12.6,7.0,1317,1366,1186,0.0,0.0,13.0,8.0,38.9,1.6,0.7857142857142857,0.0,0.0,7.0,9.0,34.5,1.1,0.6363636363636364,-0.6,0.0,53.0,-735.0,16.0,14.0,502.0,0.14285714285714285,0.0625,0.2,-0.21428571428571427,0.0,-4.1,0.0
790,202109040512,0,3,1,14,0,2,1,13,0,0,0,0,0,0,0,4,0,1,0,4,0,0,0,0,0,0,0,1,0,1,0,4,0,0,0,0,0.0,0.0,6.0,3.0,36.6,0.5,0.16666666666666666,0.0,0.0,10.0,10.0,35.7,1.0,0.14285714285714285,0.0,0.0,9.0,15.0,37.9,2.1,0.6875,6.0,1.0,280.0,0.07142857142857142,0.23809523809523808,6,11,10.1,6.0,1333,1313,1294,0.0,0.0,3.0,8.0,37.8,0.8,0.26666666666666666,0.0,0.0,9.0,4.0,37.5,0.1,0.0625,0.0,0.2,57.0,-991.0,16.0,12.0,471.0,,0.07142857142857142,0.0,-0.06666666666666667,0.0,-0.3899999999999991,0.0
791,202109040512,11,3,4,48,1,3,3,53,0,0,0,4,3,0,1,13,0,0,1,10,0,0,0,2,1,0,0,1,0,0,0,0,0,0,0,0,0.0,0.0,8.0,5.0,36.7,1.1,0.8888888888888888,0.0,0.0,12.0,15.0,38.1,3.0,0.8,0.0,0.0,9.0,16.0,39.4,3.2,0.1875,5.5,-4.0,380.0,0.10843373493975904,0.3132530120481928,2,4,6.7,5.0,1348,1366,1221,0.0,0.0,11.0,15.0,38.3,2.2,0.625,0.0,0.0,11.0,8.0,36.5,0.7,0.9375,0.6,0.0,53.0,-738.0,16.0,9.0,498.0,-0.2222222222222222,0.06666666666666667,0.0,0.125,0.0,0.020000000000000996,0.0
792,202109040512,2,1,3,20,1,0,0,5,0,0,0,1,0,0,0,6,0,0,0,1,0,0,0,0,0,0,0,1,0,0,0,0,0,0,0,0,0.0,0.0,10.0,1.0,37.7,0.0,0.14285714285714285,0.0,0.0,110.0,11.0,37.0,1.7,0.9090909090909091,0.0,0.0,130.0,15.0,38.0,1.9,0.5333333333333333,7.0,20.0,-200.0,0.0,0.045454545454545456,7,14,92.5,15.0,1655,1322,239,0.0,0.0,150.0,10.0,37.5,1.5,0.5625,0.0,0.0,,,,,,3.1,0.25,57.0,-926.0,16.0,7.0,476.0,0.0,0.09090909090909091,0.06666666666666667,0.125,,-0.03999999999999915,0.0
793,202109040512,1,0,0,10,0,0,0,8,0,0,0,3,0,0,0,3,0,0,0,3,0,0,0,3,0,0,0,3,0,0,0,3,0,0,0,3,0.0,0.0,16.0,11.0,36.9,1.2,0.9375,0.0,0.0,16.0,10.0,37.9,1.0,0.4375,0.0,0.0,14.0,13.0,36.7,1.7,0.6,1.0,0.0,0.0,0.02564102564102564,0.1282051282051282,1,2,85.7,14.0,1199,1649,351,0.0,0.0,15.0,7.0,36.6,0.7,0.375,0.0,0.0,14.0,13.0,37.1,1.3,0.5,0.1,0.0,54.0,-119.0,16.0,16.0,456.0,0.0,-0.0625,0.2,0.0,0.0625,0.08999999999999915,0.0
794,202109040512,4,6,5,72,4,3,1,36,1,0,0,1,3,4,5,41,2,1,1,7,1,0,0,1,1,0,2,11,0,0,0,2,0,0,0,1,0.0,0.0,9.0,8.0,38.5,1.8,1.0,0.0,0.0,6.0,12.0,36.0,1.0,1.0,0.0,0.0,13.0,2.0,36.1,0.2,0.75,-3.0,23.0,-200.0,0.12359550561797752,0.30337078651685395,3,6,5.5,3.0,1228,1721,1108,0.0,0.0,6.0,9.0,36.6,1.3,0.5333333333333333,0.0,0.0,8.0,4.0,35.7,0.8,0.75,-1.1,0.2,57.0,-902.0,16.0,11.0,495.0,0.0,0.0,-0.0625,0.06666666666666667,-0.1875,0.4999999999999993,0.0
795,202109040512,1,0,1,13,3,3,4,22,0,0,1,1,1,0,1,6,1,1,1,7,0,0,1,1,0,0,0,1,0,1,0,5,0,0,0,1,0.0,0.0,9.0,7.0,36.0,1.0,0.7,0.0,0.0,11.0,11.0,37.6,1.4,0.5833333333333334,0.0,0.0,14.0,11.0,13.8,10.1,0.7142857142857143,2.0,-5.0,350.0,0.06349206349206349,0.14285714285714285,6,12,315.0,16.0,1583,1417,118,0.0,0.0,15.0,15.0,36.7,1.9,0.4,0.0,0.0,16.0,16.0,37.8,2.5,0.6875,2.2,0.0,57.0,-1067.0,16.0,10.0,475.0,-0.1,-0.08333333333333333,0.07142857142857142,,0.0,-0.2699999999999996,0.0
796,202109040512,5,5,7,81,7,2,3,40,0,0,0,0,1,3,3,27,2,1,0,14,0,0,0,0,1,0,1,7,2,0,0,2,0,0,0,0,0.0,0.0,12.0,14.0,35.1,2.0,0.7857142857142857,0.0,0.0,12.0,16.0,38.3,2.9,0.75,0.0,0.0,14.0,15.0,35.2,1.6,0.875,0.5,4.0,0.0,0.08163265306122448,0.14285714285714285,7,13,58.1,12.0,1393,1039,1263,0.0,0.0,8.0,12.0,34.8,1.3,0.7692307692307693,0.0,0.0,10.0,1.0,33.9,0.0,0.8461538461538461,-3.0,0.2,55.0,-161.0,16.0,14.0,528.0,-0.07142857142857142,0.0,0.0625,0.0,0.07692307692307693,0.5900000000000005,0.0
797,202109040602,7,2,4,54,1,0,2,11,0,0,0,0,1,0,0,14,0,0,0,4,0,0,0,0,1,0,0,6,0,0,0,1,0,0,0,0,0.0,0.0,8.0,10.0,38.8,1.6,0.7272727272727273,0.0,0.0,9.0,12.0,37.3,2.0,0.625,0.0,0.0,2.0,8.0,36.3,1.4,0.14285714285714285,-1.0,10.0,0.0,0.1694915254237288,0.5084745762711864,7,7,2.0,1.0,1278,1542,625,0.0,0.0,2.0,12.0,39.5,2.0,0.08333333333333333,0.0,0.0,2.0,6.0,36.5,0.4,0.23076923076923078,-0.8,0.0,55.0,-1000.0,10.0,11.0,524.0,-0.18181818181818182,0.0625,0.07142857142857142,0.08333333333333333,0.0,0.23999999999999916,0.0
798,202109040602,4,0,3,20,1,0,0,4,0,0,0,0,1,0,0,6,0,0,0,0,0,0,0,0,1,0,0,3,0,0,0,0,0,0,0,0,0.0,0.0,110.0,14.0,39.6,2.2,0.125,0.0,0.0,60.0,10.0,38.5,2.1,0.25,0.0,0.0,8.0,8.0,38.1,1.6,0.14285714285714285,-3.0,10.0,-200.0,0.05263157894736842,0.21052631578947367,6,6,12.7,4.0,1095,1103,1221,0.0,0.0,4.0,11.0,38.2,1.1,0.0625,0.0,0.0,6.0,3.0,37.7,1.1,0.0625,-2.1,0.2,52.0,-1127.0,10.0,16.0,536.0,0.0,-0.08333333333333333,0.0,0.0,0.0,0.4099999999999994,0.0
799,202109040602,15,11,16,108,8,4,4,44,0,0,0,0,4,3,4,28,7,0,2,12,0,0,0,0,1,0,2,15,2,0,1,5,0,0,0,0,0.0,0.0,7.0,8.0,38.4,1.0,0.1,0.0,0.0,13.0,13.0,37.7,1.8,0.21428571428571427,0.0,0.0,11.0,14.0,37.7,3.3,0.6428571428571429,3.0,0.0,0.0,0.13186813186813187,0.3076923076923077,2,2,2.4,2.0,1576,1235,1577,0.0,0.0,8.0,11.0,36.7,1.2,0.3333333333333333,0.0,0.0,1.0,1.0,36.1,0.0,0.14285714285714285,-1.6,0.2,55.0,-917.0,10.0,10.0,504.0,0.0,0.21428571428571427,0.14285714285714285,0.16666666666666666,0.0,0.5599999999999994,0.0
800,202109040602,0,0,1,5,1,3,0,7,0,0,0,0,0,0,1,0,0,1,0,2,0,0,0,0,0,0,0,0,0,0,0,1,0,0,0,0,0.0,0.0,6.0,9.0,13.5,4.7,0.21428571428571427,0.0,0.0,3.0,7.0,13.6,3.7,0.16666666666666666,0.0,0.0,14.0,11.0,38.9,1.3,0.3125,1.0,-4.0,-1570.0,0.1322314049586777,0.3140495867768595,7,8,8.0,3.0,1729,1665,1428,0.0,0.0,12.0,8.0,39.3,2.1,0.6666666666666666,0.0,0.0,14.0,11.0,37.8,1.7,0.7857142857142857,0.5,0.0,55.0,-909.0,10.0,14.0,514.0,0.42857142857142855,0.25,0.125,0.13333333333333333,-0.2857142857142857,-7.429999999999998,0.0
801,202109040602,0,0,0,0,1,2,1,17,0,0,0,0,0,0,0,0,0,1,0,3,0,0,0,0,0,0,0,0,0,1,0,2,0,0,0,0,0.0,0.0,6.0,9.0,41.5,4.3,0.3333333333333333,0.0,0.0,12.0,6.0,37.2,0.7,0.4,0.0,0.0,11.0,6.0,39.0,0.7,0.2727272727272727,-1.5,0.0,-200.0,0.10588235294117647,0.3058823529411765,4,4,42.2,6.0,1289,1208,1428,0.0,0.0,15.0,14.0,40.3,2.5,0.3125,0.0,0.0,5.0,7.0,39.3,1.3,0.4,0.4,0.0,54.0,-995.0,10.0,9.0,438.0,0.6666666666666666,0.06666666666666667,0.0,-0.0625,0.0,0.13000000000000114,0.0
802,202109040602,4,0,4,20,2,3,2,29,0,0,0,0,0,0,0,2,0,0,1,6,0,0,0,0,0,0,0,0,0,0,1,4,0,0,0,0,0.0,0.0,30.0,4.0,40.7,0.2,0.3,0.0,0.0,110.0,15.0,41.1,2.7,0.1875,0.0,0.0,110.0,9.0,38.8,2.9,0.4375,2.5,10.0,-200.0,0.0784313725490196,0.13725490196078433,3,3,67.6,7.0,1447,1393,1721,0.0,0.0,50.0,9.0,39.1,1.9,0.4666666666666667,0.0,0.0,100.0,7.0,39.1,0.9,0.0625,0.0,0.0,54.0,-416.0,10.0,10.0,514.0,0.1,0.125,0.125,0.0,0.0,0.5200000000000002,0.0
803,202109040602,0,0,1,1,1,1,1,30,0,0,0,0,0,0,1,0,0,0,0,7,0,0,0,0,0,0,1,0,0,0,0,3,0,0,0,0,0.0,0.0,4.0,8.0,43.1,2.8,0.3333333333333333,0.0,0.0,11.0,8.0,36.3,1.3,0.7857142857142857,0.0,0.0,11.0,7.0,35.9,1.8,0.9166666666666666,-0.5,30.0,-300.0,0.0,0.043478260869565216,1,1,34.7,5.0,1575,1306,1576,0.0,0.0,12.0,13.0,39.3,2.0,0.875,0.0,0.0,9.0,5.0,36.9,0.6,0.8125,-0.1,0.0,54.0,-996.0,10.0,9.0,442.0,0.0,-0.07142857142857142,0.0,0.0,0.0,0.9400000000000006,0.0
804,202109040602,0,0,2,10,1,3,3,53,0,0,0,0,0,0,2,5,0,0,1,10,0,0,0,0,0,0,0,2,0,0,0,5,0,0,0,0,0.0,0.0,60.0,50.0,39.0,1.5,0.7272727272727273,0.0,0.0,150.0,110.0,40.8,1.9,0.4666666666666667,0.0,0.0,120.0,140.0,40.5,2.6,0.1875,45.0,36.0,-200.0,0.0,0.0,8,9,191.1,9.0,1446,1366,75,0.0,0.0,90.0,80.0,39.7,2.6,0.6,0.0,0.0,90.0,120.0,41.9,4.5,0.25,11.0,0.0,54.0,-975.0,10.0,11.0,488.0,-0.2727272727272727,0.0,0.25,0.0,0.0625,-0.4700000000000003,0.0
805,202109040602,11,8,8,63,0,1,0,6,0,0,0,0,2,0,0,17,0,1,0,2,0,0,0,0,0,0,0,6,0,0,0,0,0,0,0,0,0.0,0.0,15.0,14.0,39.6,2.9,0.7333333333333333,0.0,0.0,13.0,14.0,38.2,2.4,0.7142857142857143,0.0,0.0,1.0,1.0,39.6,0.0,0.14285714285714285,-6.5,0.0,-200.0,0.017241379310344827,0.10344827586206896,5,5,85.3,8.0,1520,1641,695,0.0,0.0,15.0,15.0,37.1,3.0,0.5333333333333333,0.0,0.0,8.0,9.0,39.5,2.6,0.7,-0.9,0.2,55.0,-742.0,10.0,15.0,420.0,0.0,0.07142857142857142,0.0,0.3333333333333333,-0.1,0.13000000000000042,0.0
806,202109040602,1,2,4,11,0,0,0,2,0,0,0,0,0,2,0,2,0,0,0,1,0,0,0,0,0,2,0,1,0,0,0,0,0,0,0,0,0.0,0.0,8.0,8.0,39.7,1.8,0.8,0.0,0.0,15.0,14.0,41.4,4.9,0.26666666666666666,0.0,0.0,11.0,8.0,39.4,2.7,0.6363636363636364,0.0,7.0,-100.0,0.09090909090909091,0.21212121212121213,8,10,320.2,10.0,1548,1172,1328,0.0,0.0,10.0,10.0,39.7,3.1,0.9,0.0,0.0,12.0,8.0,38.5,2.5,0.6153846153846154,-0.4,0.0,55.0,-1001.0,10.0,10.0,485.0,-0.1,0.06666666666666667,-0.18181818181818182,0.0,0.0,0.41000000000000014,0.0
807,202109040706,0,0,0,6,1,0,1,9,0,0,0,0,0,0,0,3,0,0,0,0,0,0,0,0,0,0,0,0,0,0,0,0,0,0,0,0,0.0,0.0,12.0,9.0,36.5,0.6,0.8666666666666667,0.0,0.0,4.0,7.0,35.9,0.4,0.7692307692307693,0.0,0.0,3.0,2.0,35.3,0.1,0.75,-3.5,12.0,0.0,0.11842105263157894,0.27631578947368424,8,12,4.5,1.0,1629,1448,1428,0.0,0.0,6.0,4.0,36.4,0.4,0.8,0.0,0.0,12.0,5.0,36.4,0.4,0.875,-1.1,0.2,55.0,-932.0,13.0,15.0,494.0,-0.13333333333333333,0.0,0.0,0.0,0.0,-0.029999999999999714,0.0
808,202109040706,5,5,7,81,0,3,0,23,0,2,0,2,1,3,3,27,0,1,0,3,0,1,0,0,0,0,1,7,0,0,0,3,0,0,0,0,0.0,0.0,5.0,8.0,40.3,2.7,0.8333333333333334,0.0,0.0,12.0,14.0,37.0,1.7,0.9333333333333333,0.0,0.0,8.0,7.0,36.4,0.9,0.6666666666666666,-0.5,-3.0,-200.0,0.10144927536231885,0.2898550724637681,6,8,5.9,4.0,1393,225,1263,0.0,0.0,13.0,9.0,37.7,1.3,0.5,0.0,0.0,6.0,5.0,36.8,0.3,0.5,-1.1,0.0,55.0,-1001.0,13.0,12.0,473.0,-0.25,0.06666666666666667,0.06666666666666667,-0.0625,-0.0625,0.6299999999999997,0.0
809,202109040706,0,1,4,19,1,1,0,8,0,0,0,0,0,0,1,2,0,1,0,1,0,0,0,0,0,0,0,0,0,1,0,0,0,0,0,0,0.0,0.0,5.0,6.0,38.2,1.3,0.8333333333333334,0.0,0.0,11.0,8.0,36.3,1.0,0.8125,0.0,0.0,10.0,11.0,37.5,0.9,0.26666666666666666,2.5,-5.0,0.0,0.0,0.10638297872340426,7,10,5.6,3.0,1601,1433,239,0.0,0.0,7.0,5.0,36.8,0.8,0.75,0.0,0.0,10.0,6.0,36.9,0.8,0.7692307692307693,-0.3,0.0,55.0,-986.0,13.0,6.0,495.0,0.0,-0.1875,-0.06666666666666667,-0.125,0.0,0.21000000000000085,0.0
810,202109040706,8,4,7,50,2,1,0,13,1,0,0,2,1,0,0,5,1,0,0,2,0,0,0,0,0,0,0,2,0,0,0,1,0,0,0,0,0.0,0.0,10.0,10.0,39.0,2.4,0.6923076923076923,0.0,0.0,7.0,12.0,35.4,1.4,1.0,0.0,0.0,3.0,7.0,35.6,0.2,0.9333333333333333,-1.5,4.0,0.0,0.05714285714285714,0.14285714285714285,4,5,8.4,6.0,1152,1199,1428,0.0,0.0,9.0,9.0,35.7,1.1,1.0,0.0,0.0,5.0,7.0,36.5,0.7,0.6666666666666666,-0.9,0.0,57.0,-871.0,13.0,13.0,460.0,0.07692307692307693,0.0,0.0,0.0,0.0,0.4699999999999996,0.0
811,202109040706,1,0,1,22,5,2,0,16,1,0,0,0,1,0,1,12,2,1,0,4,1,0,0,0,0,0,0,0,0,1,0,2,0,0,0,0,0.0,0.0,11.0,6.0,35.3,0.7,1.0,0.0,0.0,10.0,6.0,34.8,0.8,1.0,0.0,0.0,13.0,13.0,35.9,0.8,0.8125,3.5,0.0,0.0,0.02127659574468085,0.18085106382978725,6,9,48.7,11.0,1426,1228,306,0.0,0.0,4.0,5.0,36.6,0.7,0.9090909090909091,0.0,0.0,7.0,9.0,36.0,0.6,0.8666666666666667,0.5,0.0,53.0,-834.0,13.0,16.0,448.0,0.0,0.0,0.125,0.0,0.06666666666666667,-0.320000000000001,0.0
812,202109040706,1,2,1,16,0,0,1,0,0,0,1,0,1,1,0,4,0,0,0,0,0,0,0,0,1,1,0,1,0,0,0,0,0,0,0,0,0.0,0.0,90.0,6.0,41.0,1.5,1.0,0.0,0.0,90.0,11.0,36.5,1.8,0.8666666666666667,0.0,0.0,110.0,15.0,40.0,3.1,1.0,4.5,13.0,-200.0,0.1,0.32,2,2,5.1,2.0,1313,1415,1108,0.0,0.0,10.0,8.0,38.2,1.2,0.07692307692307693,0.0,0.0,40.0,6.0,37.5,1.1,0.6666666666666666,-0.3,0.0,55.0,-931.0,13.0,10.0,477.0,0.0,0.0,0.0,0.07692307692307693,-0.13333333333333333,0.5299999999999997,0.0
813,202109040706,4,0,4,20,9,8,6,68,0,0,0,1,0,0,0,2,1,0,0,10,0,0,0,0,0,0,0,1,0,0,0,1,0,0,0,0,0.0,0.0,90.0,30.0,36.9,0.5,0.5384615384615384,0.0,0.0,70.0,110.0,37.3,1.0,0.6666666666666666,0.0,0.0,20.0,90.0,37.5,1.0,0.3076923076923077,30.0,-2.0,0.0,0.13114754098360656,0.3114754098360656,8,13,12.3,7.0,1447,1618,1721,0.0,0.0,60.0,20.0,37.3,0.7,0.5333333333333333,0.0,0.0,70.0,70.0,36.3,1.0,0.7692307692307693,-1.0,0.0,57.0,-85.0,13.0,13.0,500.0,0.0,0.0,0.0,0.0,0.15384615384615385,0.12000000000000029,0.0
814,202109040706,7,2,4,54,2,1,1,3,0,0,0,1,1,0,0,14,0,0,0,1,0,0,0,0,0,0,0,3,0,0,0,1,0,0,0,0,0.0,0.0,40.0,2.0,37.3,0.1,0.18181818181818182,0.0,0.0,50.0,7.0,36.7,0.7,0.4166666666666667,0.0,0.0,10.0,3.0,36.1,0.1,0.36363636363636365,0.5,-12.0,0.0,0.10465116279069768,0.3023255813953488,1,1,7.2,5.0,1278,1713,625,0.0,0.0,70.0,3.0,35.2,0.5,0.5833333333333334,0.0,0.0,20.0,1.0,35.8,0.0,0.14285714285714285,-0.6,0.8,55.0,14.0,13.0,11.0,432.0,0.09090909090909091,0.08333333333333333,-0.09090909090909091,0.0,0.0,0.45,0.0
815,202109040706,5,5,7,81,8,8,14,82,0,0,1,4,1,3,3,27,1,1,2,14,0,0,0,1,0,0,1,7,1,0,0,3,0,0,0,0,0.0,0.0,6.0,9.0,40.8,2.7,0.1111111111111111,0.0,0.0,10.0,15.0,40.2,2.7,0.125,0.0,0.0,11.0,11.0,37.5,1.6,0.38461538461538464,1.0,15.0,-200.0,0.07692307692307693,0.1346153846153846,7,11,19.9,8.0,1393,1559,1263,0.0,0.0,9.0,12.0,37.6,0.7,0.375,0.0,0.0,12.0,10.0,37.1,0.9,0.25,-0.1,0.0,55.0,-1001.0,13.0,9.0,471.0,0.4444444444444444,0.0,-0.07692307692307693,0.0,0.0,0.9999999999999993,0.0
816,202109040706,0,0,1,0,8,8,14,82,0,0,1,0,0,0,1,0,1,1,2,14,0,0,1,0,0,0,0,0,1,0,0,3,0,0,0,0,0.0,0.0,30.0,2.0,35.4,0.3,0.16666666666666666,0.0,0.0,40.0,9.0,37.2,1.1,0.4166666666666667,0.0,0.0,80.0,11.0,38.0,1.6,0.6875,4.5,-12.0,200.0,0.06818181818181818,0.22727272727272727,4,4,44.9,10.0,1180,1559,1167,0.0,0.0,10.0,1.0,35.3,0.0,0.5833333333333334,0.0,0.0,90.0,3.0,37.9,1.1,0.18181818181818182,-0.6,0.6,55.0,111.0,13.0,12.0,470.0,0.0,-0.08333333333333333,-0.125,0.0,0.0,-0.30999999999999944,0.0
817,202109040706,3,2,2,54,8,7,3,79,0,0,0,4,0,1,0,11,0,0,1,23,0,0,0,1,0,0,0,2,0,0,0,1,0,0,0,1,0.0,0.0,16.0,11.0,36.1,0.8,0.9375,0.0,0.0,9.0,1.0,37.2,0.0,0.26666666666666666,0.0,0.0,7.0,8.0,37.1,1.6,0.23076923076923078,-1.5,-2.0,0.0,0.05,0.25,5,6,23.4,9.0,1403,1405,939,0.0,0.0,12.0,4.0,36.7,0.4,0.3333333333333333,0.0,0.0,3.0,8.0,38.6,1.1,0.4,-0.3,0.2,52.0,-470.0,13.0,16.0,456.0,0.0625,-0.06666666666666667,-0.07692307692307693,0.06666666666666667,0.0,-0.45,0.0
818,202109040706,0,0,2,10,0,1,1,4,0,0,0,1,0,0,2,5,0,0,1,0,0,0,0,0,0,0,0,0,0,0,0,0,0,0,0,0,0.0,0.0,160.0,15.0,38.9,2.3,0.75,0.0,0.0,160.0,13.0,39.8,3.4,0.3125,0.0,0.0,120.0,8.0,40.7,2.6,0.6428571428571429,-3.5,4.0,-200.0,0.12121212121212122,0.15151515151515152,5,7,278.9,13.0,1446,962,75,0.0,0.0,130.0,10.0,37.7,2.0,0.7333333333333333,,,,,,,,-2.0,0.0,55.0,21.0,13.0,16.0,446.0,0.0,0.0625,0.0,0.0,,0.26999999999999813,0.0
819,202109040706,4,3,6,58,0,1,1,4,0,0,0,0,0,0,1,9,0,0,0,1,0,0,0,0,0,0,0,3,0,0,0,0,0,0,0,0,0.0,0.0,13.0,16.0,37.2,2.3,0.125,0.0,0.0,12.0,13.0,39.8,3.3,0.07692307692307693,0.0,0.0,13.0,14.0,38.2,1.9,0.21428571428571427,-1.0,-10.0,0.0,0.023809523809523808,0.10714285714285714,3,3,54.9,12.0,1009,14,298,0.0,0.0,10.0,10.0,36.4,1.3,0.8571428571428571,0.0,0.0,12.0,10.0,37.1,0.9,0.8,-1.5,0.0,55.0,-14.0,13.0,16.0,452.0,0.0,0.0,0.14285714285714285,0.07142857142857142,0.0,0.36000000000000015,0.0
820,202109040802,7,2,4,54,0,0,0,0,0,0,0,0,1,0,0,14,0,0,0,0,0,0,0,0,1,0,0,6,0,0,0,0,0,0,0,0,0.0,0.0,10.0,3.0,37.8,0.6,0.7142857142857143,0.0,0.0,50.0,3.0,36.2,0.4,0.8333333333333334,0.0,0.0,20.0,2.0,35.4,0.3,0.8571428571428571,-0.5,2.0,-200.0,0.17391304347826086,0.2608695652173913,6,6,1.5,1.0,1278,1465,625,0.0,0.0,90.0,3.0,38.0,1.2,0.13333333333333333,,,,,,,,-0.1,1.0,55.0,8.0,10.0,14.0,472.0,-0.14285714285714285,0.0,-0.14285714285714285,0.0,,0.019999999999999574,0.0
821,202109040802,0,0,0,0,2,1,4,15,0,0,0,0,0,0,0,0,0,1,1,5,0,0,0,0,0,0,0,0,0,1,1,1,0,0,0,0,0.0,0.0,40.0,3.0,37.8,0.8,0.21428571428571427,0.0,0.0,70.0,6.0,36.4,0.9,0.2,,,,,,,,3.0,-6.0,0.0,0.12987012987012986,0.2857142857142857,8,10,6.4,3.0,465,334,699,,,,,,,,,,,,,,,3.0,0.5,55.0,14.0,10.0,14.0,424.0,0.0,0.0,,,,1.3999999999999986,0.0
822,202109040802,0,0,0,0,1,1,2,5,0,0,0,0,0,0,0,0,0,1,0,1,0,0,0,0,0,0,0,0,0,0,0,0,0,0,0,0,0.0,0.0,70.0,20.0,40.9,0.7,0.5384615384615384,0.0,0.0,100.0,90.0,37.7,0.7,0.125,0.0,0.0,140.0,100.0,38.4,2.4,0.21428571428571427,40.0,18.0,-400.0,0.021052631578947368,0.17894736842105263,4,4,8.2,4.0,1045,857,969,0.0,0.0,100.0,90.0,36.4,1.6,0.6428571428571429,0.0,0.0,130.0,140.0,41.3,2.7,0.125,24.0,0.0,54.0,-849.0,10.0,13.0,532.0,0.07692307692307693,0.0,0.2857142857142857,0.21428571428571427,0.0,0.05000000000000071,0.0
823,202109040802,0,0,0,6,8,8,7,66,0,0,0,0,0,0,0,3,2,4,1,13,0,0,0,0,0,0,0,2,2,3,1,8,0,0,0,0,0.0,0.0,10.0,7.0,39.5,1.5,0.6666666666666666,0.0,0.0,7.0,9.0,38.1,1.0,0.7333333333333333,0.0,0.0,2.0,3.0,39.6,0.8,0.35714285714285715,-2.0,41.0,-200.0,0.0,0.0,2,2,6.2,2.0,1629,1294,1428,0.0,0.0,1.0,3.0,38.5,0.4,0.7857142857142857,0.0,0.0,5.0,2.0,38.3,0.6,0.7857142857142857,-1.6,0.6,51.0,-982.0,10.0,12.0,491.0,0.08333333333333333,0.0,-0.14285714285714285,-0.35714285714285715,-0.7142857142857143,0.2000000000000007,0.0
824,202109040802,0,0,0,0,0,1,1,4,0,0,0,0,0,0,0,0,0,0,0,1,0,0,0,0,0,0,0,0,0,0,0,0,0,0,0,0,0.0,0.0,5.0,4.0,40.5,0.6,0.3333333333333333,0.0,0.0,10.0,14.0,39.4,3.2,0.75,0.0,0.0,15.0,15.0,40.1,2.9,0.625,5.5,6.0,0.0,0.0,0.15789473684210525,7,8,78.9,8.0,1204,14,1221,0.0,0.0,8.0,5.0,38.9,1.9,0.5,0.0,0.0,8.0,6.0,38.2,1.4,0.5555555555555556,-0.5,0.0,54.0,-292.0,10.0,9.0,448.0,0.0,0.0,0.125,0.0,0.1111111111111111,0.5099999999999995,0.0
825,202109040802,0,0,0,0,0,0,0,1,0,0,0,0,0,0,0,0,0,0,0,0,0,0,0,0,0,0,0,0,0,0,0,0,0,0,0,0,0.0,0.0,8.0,7.0,39.8,3.1,1.0,0.0,0.0,14.0,12.0,40.5,2.6,0.8571428571428571,0.0,0.0,13.0,9.0,42.4,5.0,0.6923076923076923,1.0,0.0,-800.0,0.08823529411764706,0.29411764705882354,7,7,224.0,9.0,1704,517,1712,0.0,0.0,9.0,5.0,41.5,2.5,1.0,0.0,0.0,14.0,10.0,41.9,4.1,0.7142857142857143,-0.1,0.0,55.0,-132.0,10.0,8.0,478.0,0.0,0.0,0.0,-0.3,-0.14285714285714285,-0.5200000000000002,0.0
826,202109040802,1,0,1,22,2,1,1,9,0,0,0,0,1,0,1,12,0,0,0,1,0,0,0,0,0,0,1,10,0,0,0,0,0,0,0,0,0.0,0.0,40.0,9.0,41.7,1.9,0.2222222222222222,0.0,0.0,90.0,8.0,39.1,1.8,0.2,0.0,0.0,60.0,8.0,38.8,1.5,0.1875,-0.5,-1.0,-200.0,0.047619047619047616,0.23809523809523808,1,1,28.0,6.0,1426,1,306,0.0,0.0,60.0,6.0,40.4,1.9,0.4166666666666667,0.0,0.0,50.0,7.0,42.0,2.3,0.2222222222222222,-0.6,0.0,51.0,-979.0,10.0,9.0,419.0,0.7777777777777778,0.0,0.0,-0.08333333333333333,0.0,-0.18999999999999914,0.0
827,202109040802,3,2,2,29,0,0,1,4,0,0,0,0,0,1,0,5,0,0,0,1,0,0,0,0,0,1,0,3,0,0,0,0,0,0,0,0,0.0,0.0,8.0,9.0,43.7,4.5,0.25,0.0,0.0,15.0,15.0,40.6,3.8,0.75,0.0,0.0,7.0,8.0,40.4,3.7,0.7,-0.5,-18.0,-300.0,0.10344827586206896,0.2988505747126437,3,3,49.0,7.0,1098,275,1294,0.0,0.0,7.0,8.0,35.7,1.7,0.5,0.0,0.0,9.0,11.0,37.3,3.1,0.16666666666666666,-0.3,0.0,54.0,-401.0,10.0,12.0,430.0,0.4166666666666667,0.0,0.1,0.0,0.0,1.770000000000001,0.0
828,202109040802,0,0,0,13,4,8,12,116,0,0,0,1,0,0,0,4,0,2,3,23,0,0,0,0,0,0,0,4,0,1,1,6,0,0,0,0,0.0,0.0,1.0,1.0,39.3,0.0,0.16666666666666666,0.0,0.0,10.0,9.0,40.9,4.1,0.7,0.0,0.0,16.0,17.0,38.9,3.1,0.47058823529411764,8.0,24.0,-200.0,0.0,0.0,8,9,245.7,10.0,1657,1167,1317,0.0,0.0,10.0,10.0,38.0,3.4,0.9,0.0,0.0,7.0,10.0,34.5,2.9,1.0,1.9000000000000004,0.2,50.0,-956.0,10.0,12.0,414.0,0.0,0.1,0.11764705882352941,0.1,-0.08333333333333333,1.2499999999999993,0.0
829,202109040802,4,8,3,72,0,0,0,0,0,0,0,0,2,5,2,39,0,0,0,0,0,0,0,0,0,2,0,13,0,0,0,0,0,0,0,0,0.0,0.0,90.0,120.0,43.8,4.5,0.3333333333333333,0.0,0.0,130.0,160.0,43.3,5.7,0.3125,0.0,0.0,90.0,150.0,41.5,3.9,0.1875,15.0,35.0,-200.0,0.09803921568627451,0.3137254901960784,5,5,15.1,5.0,1645,1090,1366,0.0,0.0,50.0,100.0,41.5,4.2,0.3,0.0,0.0,50.0,40.0,38.2,1.6,0.2857142857142857,-22.0,0.0,55.0,-917.0,10.0,12.0,487.0,0.5833333333333334,0.125,0.0,0.0,-0.07142857142857142,1.2999999999999985,0.0
830,202109050102,4,14,3,40,2,3,2,29,0,1,0,1,0,1,0,5,0,0,1,6,0,0,0,0,0,1,0,3,0,0,1,4,0,0,0,0,0.0,0.0,9.0,9.0,37.1,1.7,1.0,0.0,0.0,12.0,9.0,34.5,0.4,1.0,0.0,0.0,10.0,10.0,35.0,1.1,0.7,0.5,-10.0,-200.0,0.0625,0.140625,4,4,8.1,6.0,1605,1393,1,0.0,0.0,12.0,11.0,34.4,0.8,0.8461538461538461,0.0,0.0,9.0,10.0,39.8,2.9,0.36363636363636365,0.4,0.0,55.0,-1086.0,11.0,12.0,460.0,-0.08333333333333333,-0.08333333333333333,0.1,-0.07692307692307693,0.6363636363636364,-0.529999999999999,0.0
831,202109050102,3,2,2,54,1,2,0,10,0,0,0,0,0,1,0,11,0,1,0,0,0,0,0,0,0,0,0,5,0,1,0,0,0,0,0,0,0.0,0.0,90.0,7.0,41.1,3.3,0.45454545454545453,0.0,0.0,170.0,18.0,35.7,2.0,0.6666666666666666,0.0,0.0,60.0,10.0,39.5,3.1,0.7,1.5,-18.0,-300.0,0.024390243902439025,0.12195121951219512,7,9,6.9,5.0,1403,1438,939,0.0,0.0,110.0,9.0,37.2,2.3,1.0,0.0,0.0,80.0,13.0,40.1,3.4,0.6923076923076923,0.3,0.0,54.0,-989.0,11.0,11.0,462.0,0.18181818181818182,0.05555555555555555,0.1,0.0,0.23076923076923078,0.05,0.0
832,202109050102,0,0,0,13,13,16,12,110,0,0,0,0,0,0,0,4,3,3,1,18,0,0,0,0,0,0,0,4,1,1,0,4,0,0,0,0,0.0,0.0,100.0,13.0,37.8,1.9,0.6666666666666666,0.0,0.0,120.0,6.0,39.0,0.5,0.25,0.0,0.0,100.0,12.0,39.5,2.2,0.07142857142857142,-0.5,8.0,0.0,0.0,0.2222222222222222,6,6,4.9,3.0,1657,1183,1317,0.0,0.0,10.0,1.0,40.2,0.0,0.08333333333333333,0.0,0.0,30.0,8.0,37.3,1.1,0.625,-1.5,0.2,52.0,-1086.0,11.0,15.0,440.0,-0.13333333333333333,0.0,0.0,0.0,-0.0625,-0.020000000000000285,0.0
833,202109050102,0,0,1,5,1,3,0,7,0,0,0,0,0,0,1,0,0,1,0,2,0,0,0,0,0,0,0,0,0,0,0,1,0,0,0,0,0.0,0.0,6.0,9.0,13.5,4.7,0.21428571428571427,0.0,0.0,3.0,7.0,13.6,3.7,0.16666666666666666,0.0,0.0,14.0,11.0,38.9,1.3,0.3125,1.0,-4.0,-1570.0,0.128,0.304,8,11,4.8,2.0,1729,1665,1428,0.0,0.0,12.0,8.0,39.3,2.1,0.6666666666666666,0.0,0.0,14.0,11.0,37.8,1.7,0.7857142857142857,0.5,0.0,55.0,-896.0,11.0,14.0,514.0,0.42857142857142855,0.25,0.125,0.13333333333333333,-0.2857142857142857,-7.429999999999998,0.0
834,202109050102,5,5,7,81,0,0,0,0,0,0,0,0,1,3,3,27,0,0,0,0,0,0,0,0,0,2,1,10,0,0,0,0,0,0,0,0,0.0,0.0,7.0,9.0,35.5,1.2,0.625,0.0,0.0,3.0,7.0,35.1,0.5,0.5,0.0,0.0,5.0,4.0,34.6,0.6,0.8125,-2.5,-8.0,0.0,0.0,0.25,7,8,6.8,4.0,1393,391,1263,0.0,0.0,8.0,9.0,36.7,0.9,0.2777777777777778,0.0,0.0,6.0,5.0,34.9,0.8,0.16666666666666666,-0.6,0.0,55.0,-302.0,11.0,16.0,432.0,-0.1875,-0.0625,0.0,0.05555555555555555,-0.05555555555555555,-0.039999999999999855,0.0
835,202109050102,0,0,0,6,0,0,0,0,0,0,0,0,0,0,0,3,0,0,0,0,0,0,0,0,0,0,0,2,0,0,0,0,0,0,0,0,0.0,0.0,90.0,110.0,39.7,2.6,0.9166666666666666,0.0,0.0,90.0,90.0,38.6,1.9,1.0,0.0,0.0,140.0,140.0,37.1,2.2,0.17647058823529413,15.0,9.0,-300.0,0.018518518518518517,0.18518518518518517,5,5,66.4,9.0,1629,258,1428,0.0,0.0,120.0,160.0,39.4,4.7,1.0,0.0,0.0,100.0,110.0,39.2,2.7,0.5625,7.0,0.0,55.0,-991.0,11.0,12.0,493.0,0.0,-0.08333333333333333,0.11764705882352941,0.0,0.125,0.020000000000000285,0.0
836,202109050102,1,0,0,10,2,1,0,5,0,0,0,0,0,0,0,4,0,0,0,1,0,0,0,0,0,0,0,4,0,0,0,1,0,0,0,0,0.0,0.0,1.0,7.0,38.2,2.0,0.8181818181818182,0.0,0.0,1.0,3.0,34.7,0.3,0.75,,,,,,,,-4.0,8.0,0.0,0.125,0.3125,6,7,3.4,1.0,1463,764,1167,,,,,,,,,,,,,,,-4.0,0.5,55.0,0.0,11.0,11.0,498.0,-0.09090909090909091,-0.25,,,,3.5,0.0
837,202109050102,1,2,4,11,0,0,0,2,0,0,0,0,0,2,0,2,0,0,0,1,0,0,0,0,0,2,0,1,0,0,0,0,0,0,0,0,0.0,0.0,8.0,8.0,39.7,1.8,0.8,0.0,0.0,15.0,14.0,41.4,4.9,0.26666666666666666,0.0,0.0,11.0,8.0,39.4,2.7,0.6363636363636364,0.0,7.0,-100.0,0.03636363636363636,0.2,1,1,308.6,11.0,1548,1172,1328,0.0,0.0,10.0,10.0,39.7,3.1,0.9,0.0,0.0,12.0,8.0,38.5,2.5,0.6153846153846154,-0.4,0.0,55.0,-988.0,11.0,10.0,485.0,-0.1,0.06666666666666667,-0.18181818181818182,0.0,0.0,0.41000000000000014,0.0
838,202109050102,1,0,0,10,5,2,0,16,0,0,0,0,0,0,0,4,2,1,0,4,0,0,0,0,0,0,0,4,1,0,0,1,0,0,0,0,0.0,0.0,60.0,110.0,43.9,3.1,0.08333333333333333,0.0,0.0,70.0,90.0,40.0,3.0,0.2727272727272727,0.0,0.0,70.0,90.0,38.3,2.7,0.1111111111111111,-10.0,30.0,-300.0,0.0,0.041666666666666664,3,3,33.6,7.0,1463,1228,1167,0.0,0.0,60.0,140.0,39.5,2.6,0.058823529411764705,,,,,,,,9.0,0.0,54.0,-745.0,11.0,12.0,476.0,0.5,0.0,0.2222222222222222,0.0,,1.4899999999999998,0.0
839,202109050102,5,5,7,81,2,1,2,10,0,0,0,0,1,3,3,27,0,0,0,1,0,0,0,0,0,2,1,10,0,0,0,0,0,0,0,0,0.0,0.0,70.0,6.0,39.3,0.9,0.8,0.0,0.0,90.0,11.0,46.7,7.0,0.2727272727272727,0.0,0.0,80.0,10.0,40.3,3.6,0.45454545454545453,2.0,-11.0,-100.0,0.11764705882352941,0.23529411764705882,8,10,56.6,8.0,1393,577,1263,0.0,0.0,140.0,15.0,34.6,1.2,1.0,0.0,0.0,140.0,15.0,36.5,2.1,0.17647058823529413,2.2,0.0,55.0,-554.0,11.0,10.0,459.0,-0.1,0.45454545454545453,0.0,0.0,0.0,1.7699999999999996,0.0
840,202109050102,0,2,1,9,1,0,2,11,0,0,0,0,0,0,0,4,0,0,0,4,0,0,0,0,0,0,0,4,0,0,0,1,0,0,0,0,0.0,0.0,70.0,12.0,45.9,4.3,0.25,0.0,0.0,150.0,15.0,43.9,6.1,0.4375,0.0,0.0,150.0,16.0,38.3,3.3,0.125,2.0,19.0,-200.0,0.11764705882352941,0.14705882352941177,2,2,104.6,10.0,1343,1542,1428,0.0,0.0,140.0,13.0,36.9,1.5,0.3888888888888889,0.0,0.0,100.0,11.0,43.3,6.6,0.45454545454545453,-0.4,0.0,54.0,-866.0,11.0,12.0,453.0,0.4166666666666667,0.125,0.0,-0.05555555555555555,0.18181818181818182,1.2200000000000002,0.0
841,202109050110,4,6,5,72,2,1,4,15,0,0,0,0,3,4,5,41,0,1,1,5,0,0,0,0,0,0,1,3,0,0,0,2,0,0,0,0,0.0,0.0,5.0,6.0,13.6,2.7,0.14285714285714285,0.0,0.0,6.0,8.0,13.5,3.4,0.6153846153846154,0.0,0.0,13.0,13.0,37.5,1.6,0.26666666666666666,3.5,2.0,-1650.0,0.13043478260869565,0.31521739130434784,8,15,2.9,1.0,1228,334,1108,0.0,0.0,12.0,9.0,37.5,1.0,0.21428571428571427,0.0,0.0,13.0,14.0,38.3,1.1,0.25,1.7,0.0,55.0,-1079.0,16.0,7.0,498.0,0.14285714285714285,0.0,0.0,0.14285714285714285,0.0,-7.339999999999999,0.0
842,202109050110,15,11,16,108,0,0,0,1,0,0,0,0,4,3,4,28,0,0,0,0,0,0,0,0,0,1,0,0,0,0,0,0,0,0,0,0,0.0,0.0,3.0,5.0,36.6,0.4,0.7272727272727273,0.0,0.0,8.0,5.0,35.0,0.6,0.6875,0.0,0.0,11.0,4.0,37.2,0.4,0.5,-0.5,0.0,0.0,0.1282051282051282,0.2948717948717949,2,3,5.0,2.0,1576,81,1577,0.0,0.0,8.0,6.0,37.2,1.1,0.375,0.0,0.0,14.0,9.0,37.1,0.8,0.6875,0.9,0.0,53.0,-456.0,16.0,11.0,498.0,-0.18181818181818182,0.0625,0.0,-0.125,0.0625,-0.3200000000000003,0.0
843,202109050110,7,2,4,54,8,9,14,114,0,0,0,1,1,0,0,14,0,0,2,18,0,0,0,1,0,0,0,1,0,0,0,3,0,0,0,1,0.0,0.0,14.0,7.0,36.0,1.1,0.625,0.0,0.0,13.0,12.0,37.0,1.3,1.0,0.0,0.0,14.0,5.0,36.2,0.3,0.8125,-1.0,10.0,-200.0,0.125,0.1875,4,8,27.9,10.0,1278,1263,625,0.0,0.0,14.0,13.0,36.4,1.9,1.0,0.0,0.0,14.0,10.0,37.1,1.2,0.8125,0.7,0.0,54.0,-190.0,16.0,16.0,506.0,0.0,0.0,-0.0625,0.0,0.0,-0.16000000000000014,0.0
844,202109050110,7,0,3,30,4,3,1,22,3,0,0,0,1,0,0,7,0,0,1,8,0,0,0,0,0,0,0,0,0,0,0,0,0,0,0,0,0.0,0.0,20.0,3.0,41.4,0.7,0.5555555555555556,0.0,0.0,130.0,16.0,39.6,3.1,0.5,0.0,0.0,150.0,16.0,38.6,2.4,0.125,6.5,3.0,-400.0,0.023529411764705882,0.10588235294117647,5,10,14.4,7.0,1431,1186,1428,0.0,0.0,130.0,16.0,39.5,3.5,0.25,0.0,0.0,110.0,11.0,37.7,1.1,0.375,1.6,0.2,54.0,-987.0,16.0,9.0,507.0,-0.3333333333333333,0.1875,0.0,0.0625,0.125,0.7499999999999993,0.0
845,202109050110,15,11,16,108,10,4,6,117,4,0,0,9,4,3,4,28,2,0,2,27,2,0,0,4,0,1,0,0,0,0,0,0,0,0,0,0,0.0,0.0,9.0,8.0,36.6,0.8,0.875,0.0,0.0,7.0,4.0,34.9,0.5,0.8333333333333334,0.0,0.0,9.0,15.0,37.4,1.5,1.0,3.5,0.0,0.0,0.06976744186046512,0.27906976744186046,1,2,6.2,3.0,1576,1013,1577,0.0,0.0,6.0,4.0,35.2,0.2,0.9375,0.0,0.0,3.0,14.0,36.1,2.1,0.9375,1.2,0.0,53.0,-364.0,16.0,16.0,472.0,-0.0625,0.08333333333333333,-0.0625,-0.125,-0.375,0.06999999999999958,0.0
846,202109050110,4,4,2,46,3,10,11,113,0,0,1,3,0,1,0,4,1,2,2,28,0,0,0,0,0,0,0,0,0,0,1,0,0,0,0,0,0.0,0.0,12.0,13.0,37.8,2.5,0.6153846153846154,0.0,0.0,16.0,12.0,35.1,1.8,1.0,0.0,0.0,13.0,10.0,35.2,1.1,1.0,-1.5,4.0,-500.0,0.05128205128205128,0.1282051282051282,5,9,143.1,14.0,1137,1556,556,0.0,0.0,16.0,10.0,35.8,1.2,1.0,0.0,0.0,13.0,11.0,36.5,1.0,0.9375,-0.6,0.0,53.0,-246.0,16.0,13.0,494.0,0.38461538461538464,0.0,0.0,0.0,0.0,0.18999999999999986,0.0
847,202109050110,5,5,7,81,0,0,3,4,0,0,1,0,1,3,3,27,0,0,1,0,0,0,1,0,0,0,0,1,0,0,0,0,0,0,0,0,0.0,0.0,15.0,5.0,36.8,1.0,0.4375,0.0,0.0,16.0,7.0,36.7,1.2,0.625,0.0,0.0,15.0,7.0,36.3,1.2,0.7333333333333333,1.0,-2.0,0.0,0.03225806451612903,0.12903225806451613,7,14,179.1,15.0,1393,960,1263,0.0,0.0,15.0,13.0,36.3,0.8,0.5,0.0,0.0,10.0,13.0,37.2,1.8,0.8,2.2,0.0,51.0,-35.0,16.0,16.0,458.0,-0.0625,0.125,0.13333333333333333,-0.0625,0.0,-0.04000000000000057,0.0
848,202109050110,4,4,3,42,0,1,1,10,0,0,0,2,2,0,1,13,0,1,1,4,0,0,0,1,0,0,0,3,0,0,0,0,0,0,0,0,0.0,0.0,15.0,14.0,36.6,2.3,1.0,0.0,0.0,12.0,13.0,38.4,2.4,0.07692307692307693,0.0,0.0,16.0,9.0,35.9,1.0,0.9375,-2.5,4.0,-200.0,0.10227272727272728,0.29545454545454547,8,16,54.7,13.0,1482,1541,1263,0.0,0.0,15.0,11.0,35.8,1.8,1.0,0.0,0.0,15.0,13.0,36.4,1.5,1.0,-0.4,0.0,52.0,-434.0,16.0,16.0,498.0,0.0,0.07692307692307693,0.0625,-0.0625,0.0,0.3000000000000007,0.0
849,202109050110,4,6,5,72,7,2,3,40,0,1,0,2,3,4,5,41,2,1,0,14,0,1,0,2,0,0,1,3,0,0,0,4,0,0,0,1,0.0,0.0,3.0,1.0,37.3,0.0,0.375,0.0,0.0,12.0,9.0,37.1,1.3,0.3333333333333333,0.0,0.0,4.0,6.0,37.5,0.5,0.25,2.5,-7.0,300.0,0.0625,0.28125,3,6,33.5,12.0,1228,1039,1108,0.0,0.0,5.0,9.0,37.5,0.8,0.26666666666666666,0.0,0.0,10.0,5.0,37.2,0.3,0.125,0.8,0.2,55.0,-454.0,16.0,8.0,537.0,0.0,0.0,0.0625,0.06666666666666667,-0.0625,-0.020000000000000996,0.0
850,202109050110,3,4,1,28,4,1,4,36,1,1,0,2,2,2,0,10,0,0,0,5,0,0,0,1,0,0,0,0,0,0,0,0,0,0,0,0,0.0,0.0,50.0,50.0,38.9,1.2,0.7142857142857143,0.0,0.0,150.0,80.0,37.4,0.6,0.4375,0.0,0.0,120.0,80.0,36.9,1.0,0.3125,15.0,-6.0,-30.0,0.018867924528301886,0.18867924528301888,6,12,24.1,8.0,1665,1376,1577,0.0,0.0,130.0,60.0,36.7,1.1,0.5625,0.0,0.0,150.0,90.0,37.1,0.8,0.75,6.0,0.0,55.0,-865.0,16.0,7.0,470.0,0.0,-0.0625,-0.0625,0.0625,0.0,0.429999999999999,0.0
851,202109050110,4,14,9,78,5,4,5,38,1,0,1,0,2,4,6,21,2,0,3,6,1,0,1,0,0,1,1,1,0,0,1,0,0,0,1,0,0.0,0.0,12.0,6.0,36.7,0.7,0.1875,0.0,0.0,6.0,14.0,37.8,1.5,0.0625,0.0,0.0,11.0,11.0,38.0,1.4,0.06666666666666667,2.5,6.0,-200.0,0.025974025974025976,0.14285714285714285,4,7,30.7,11.0,1172,1482,1556,0.0,0.0,11.0,9.0,37.0,0.5,0.1875,0.0,0.0,7.0,4.0,36.2,0.4,0.125,-0.9,0.0,53.0,-92.0,16.0,16.0,546.0,0.0,0.0,0.0,0.0,0.0,0.17999999999999972,0.0
852,202109050110,4,14,9,78,1,3,0,17,0,1,0,4,2,4,6,21,0,2,0,6,0,1,0,1,0,1,1,1,0,0,0,0,0,0,0,0,0.0,0.0,12.0,11.0,37.4,1.7,0.75,0.0,0.0,5.0,10.0,35.1,0.7,0.7857142857142857,0.0,0.0,5.0,5.0,34.3,0.3,0.7272727272727273,-3.0,0.0,0.0,0.0,0.23529411764705882,2,4,11.3,5.0,1172,1592,1556,0.0,0.0,6.0,8.0,36.0,0.7,0.6875,0.0,0.0,3.0,7.0,36.6,0.4,0.6875,-1.0,0.0,56.0,-315.0,16.0,16.0,492.0,0.0,0.0,-0.18181818181818182,-0.125,-0.125,0.06999999999999958,0.0
853,202109050110,1,0,1,22,0,1,0,7,0,0,0,0,1,0,1,12,0,0,0,2,0,0,0,0,0,0,0,0,0,0,0,0,0,0,0,0,0.0,0.0,11.0,16.0,44.9,7.4,0.0625,0.0,0.0,8.0,13.0,37.2,1.3,0.2,0.0,0.0,5.0,11.0,41.0,2.7,0.14285714285714285,-2.5,-6.0,-200.0,0.09615384615384616,0.3076923076923077,7,13,8.8,4.0,1426,1430,306,0.0,0.0,10.0,3.0,36.2,0.5,0.0625,0.0,0.0,8.0,15.0,40.5,3.0,0.125,-1.2,0.2,53.0,-771.0,16.0,16.0,482.0,0.125,0.0,0.0,0.0,0.0,0.9799999999999998,0.0
854,202109050110,10,8,5,134,0,0,0,2,0,0,0,1,1,3,2,26,0,0,0,0,0,0,0,0,1,0,0,2,0,0,0,0,0,0,0,0,0.0,0.0,90.0,,,,0.7272727272727273,0.0,0.0,80.0,9.0,14.2,12.2,1.0,0.0,0.0,140.0,16.0,38.5,2.4,0.75,7.0,2.0,-1550.0,0.13008130081300814,0.3089430894308943,3,5,26.8,9.0,1221,818,1263,0.0,0.0,70.0,10.0,38.5,2.1,0.46153846153846156,0.0,0.0,90.0,2.0,37.3,0.1,0.08333333333333333,-2.7,0.25,54.0,-518.0,16.0,11.0,498.0,0.18181818181818182,0.0,0.0625,0.38461538461538464,0.0,-6.93,0.0
855,202109050110,13,7,11,84,2,2,2,41,0,0,1,0,6,2,3,19,0,0,1,11,0,0,0,0,1,0,0,0,0,0,0,2,0,0,0,0,0.0,0.0,6.0,15.0,37.2,1.9,0.5333333333333333,0.0,0.0,8.0,4.0,36.2,0.4,0.6875,0.0,0.0,13.0,9.0,35.0,0.6,0.9375,-3.0,2.0,0.0,0.06521739130434782,0.21739130434782608,6,11,14.3,6.0,1716,1014,1167,0.0,0.0,11.0,12.0,37.6,1.3,0.625,0.0,0.0,7.0,9.0,37.3,0.9,0.5,-0.4,0.0,52.0,0.0,16.0,15.0,452.0,0.06666666666666667,-0.0625,0.0,0.0,0.0,-0.15999999999999873,0.0
856,202109050110,13,7,11,84,3,10,11,113,1,1,0,7,6,2,3,19,1,2,2,28,1,0,0,1,1,0,0,0,0,0,1,0,0,0,0,0,0.0,0.0,,,,,,0.0,0.0,80.0,1.0,36.7,0.0,0.125,0.0,0.0,10.0,3.0,34.4,0.1,0.07692307692307693,2.0,0.0,0.0,,,1,1,,,1716,1556,1167,0.0,0.0,10.0,10.0,34.4,0.6,0.3333333333333333,0.0,0.0,10.0,5.0,34.7,0.1,0.1875,1.9,0.5,53.0,0.0,16.0,15.0,452.0,,0.0,0.0,0.0,0.0625,0.6,0.0
857,202109050112,0,2,2,9,0,1,0,1,0,0,0,0,0,0,0,1,0,1,0,1,0,0,0,0,0,0,0,0,0,0,0,0,0,0,0,0,0.0,0.0,13.0,11.0,41.0,1.4,0.0625,0.0,0.0,8.0,10.0,36.8,2.0,0.5833333333333334,0.0,0.0,13.0,9.0,36.4,1.4,0.9375,-1.0,2.0,-200.0,0.05555555555555555,0.1388888888888889,8,16,14.5,7.0,1148,1179,1393,0.0,0.0,7.0,11.0,36.4,1.0,0.9333333333333333,0.0,0.0,7.0,5.0,36.5,1.2,0.125,-1.1,0.0,57.0,-830.0,16.0,16.0,500.0,0.0,0.08333333333333333,0.0,-0.06666666666666667,0.0,0.9399999999999998,0.0
858,202109050112,7,0,3,30,1,0,0,1,1,0,0,0,1,0,0,7,1,0,0,1,1,0,0,0,0,0,0,0,0,0,0,0,0,0,0,0,0.0,0.0,3.0,6.0,39.2,0.8,0.25,0.0,0.0,14.0,13.0,37.7,0.7,0.3125,0.0,0.0,7.0,5.0,37.0,1.1,0.3125,-0.5,6.0,0.0,0.037037037037037035,0.18518518518518517,4,7,6.4,3.0,1431,1728,1428,0.0,0.0,10.0,8.0,37.8,1.1,0.4,0.0,0.0,6.0,12.0,37.9,1.2,0.5,0.7,0.0,56.0,-690.0,16.0,8.0,450.0,0.0,-0.0625,0.0625,0.0,0.0,0.25000000000000144,0.0
859,202109050112,1,0,1,22,1,1,1,30,0,0,0,0,1,0,1,12,0,0,0,7,0,0,0,0,0,0,0,0,0,0,0,1,0,0,0,0,0.0,0.0,8.0,14.0,41.2,3.6,0.07142857142857142,0.0,0.0,11.0,12.0,38.2,1.2,0.13333333333333333,0.0,0.0,3.0,7.0,36.9,1.0,0.07692307692307693,-3.5,4.0,0.0,0.12658227848101267,0.3037974683544304,7,14,4.3,1.0,1426,1306,306,0.0,0.0,7.0,11.0,37.4,1.0,0.15384615384615385,0.0,0.0,5.0,2.0,36.2,0.1,0.0625,-2.5,0.2,56.0,-1016.0,16.0,14.0,496.0,0.0,0.0,0.0,0.0,0.0,1.0800000000000005,0.0
860,202109050112,1,2,1,9,1,3,0,17,0,1,0,3,0,1,0,1,0,2,0,6,0,1,0,0,0,0,0,0,0,1,0,3,0,0,0,0,0.0,0.0,13.0,12.0,37.0,1.4,0.7333333333333333,0.0,0.0,13.0,15.0,37.9,1.6,0.4375,0.0,0.0,7.0,6.0,36.6,0.9,0.4,-3.0,2.0,0.0,0.02631578947368421,0.14473684210526316,6,12,50.5,14.0,1255,1592,1263,0.0,0.0,8.0,1.0,35.5,0.0,0.625,0.0,0.0,9.0,3.0,37.7,0.2,0.125,-3.1999999999999997,0.4,55.0,-427.0,16.0,15.0,480.0,0.0,0.0,0.06666666666666667,-0.0625,0.0,0.09999999999999928,0.0
861,202109050112,2,1,2,20,1,1,1,9,0,0,0,1,2,1,0,5,1,1,1,7,0,0,0,0,1,0,0,2,1,0,0,0,0,0,0,0,0.0,0.0,7.0,6.0,39.8,1.5,0.7272727272727273,0.0,0.0,10.0,12.0,35.7,0.9,1.0,0.0,0.0,13.0,7.0,37.3,0.7,0.875,0.5,6.0,-200.0,0.01694915254237288,0.1016949152542373,1,1,20.5,10.0,1396,1423,1556,0.0,0.0,6.0,8.0,36.9,0.6,0.6875,0.0,0.0,9.0,10.0,35.7,1.4,1.0,0.4,0.0,56.0,-848.0,16.0,11.0,510.0,0.0,0.0,-0.125,0.0625,-0.06666666666666667,0.6999999999999993,0.0
862,202109050112,4,0,3,20,0,0,1,8,0,0,0,2,1,0,0,6,0,0,0,2,0,0,0,0,0,0,0,0,0,0,0,0,0,0,0,0,0.0,0.0,160.0,12.0,38.1,1.6,0.25,0.0,0.0,150.0,12.0,36.6,1.3,0.8125,0.0,0.0,70.0,16.0,41.8,4.8,0.1875,2.0,-8.0,0.0,0.07142857142857142,0.2857142857142857,7,13,29.8,11.0,1095,1299,1221,0.0,0.0,60.0,5.0,35.4,0.9,0.6428571428571429,0.0,0.0,160.0,7.0,37.8,0.4,0.125,-1.7,0.0,54.0,-827.0,16.0,16.0,490.0,0.0,0.0625,0.125,-0.21428571428571427,0.0,0.18000000000000113,0.0
863,202109050112,2,2,1,25,2,2,2,41,0,0,0,3,0,0,0,6,0,0,1,11,0,0,0,0,0,0,0,1,0,0,0,2,0,0,0,0,0.0,0.0,9.0,,,,0.1111111111111111,0.0,0.0,11.0,15.0,38.0,3.2,0.9333333333333333,0.0,0.0,12.0,11.0,37.4,1.0,0.25,-4.0,24.0,-300.0,0.0,0.0,2,3,8.4,5.0,1191,1014,1235,0.0,0.0,9.0,14.0,38.4,1.7,0.3125,0.0,0.0,6.0,13.0,40.3,3.6,0.35714285714285715,-0.3,0.0,53.0,-776.0,16.0,9.0,552.0,0.8888888888888888,-0.06666666666666667,0.0625,-0.0625,0.0,-0.7899999999999991,0.0
864,202109050112,5,5,7,81,0,0,2,5,0,0,2,3,1,3,3,27,0,0,1,3,0,0,1,3,1,0,1,7,0,0,1,2,0,0,1,2,0.0,0.0,14.0,12.0,36.7,1.2,1.0,0.0,0.0,14.0,7.0,36.2,1.0,1.0,0.0,0.0,15.0,14.0,37.0,1.4,0.9375,1.0,0.0,0.0,0.12903225806451613,0.3064516129032258,4,8,18.2,8.0,1393,580,1263,0.0,0.0,14.0,12.0,37.1,1.1,0.6875,0.0,0.0,16.0,10.0,36.0,1.3,0.75,0.1,0.0,57.0,-483.0,16.0,16.0,544.0,-0.0625,0.0,0.0,0.0,0.0625,0.05000000000000071,0.0
865,202109050112,4,0,2,24,0,0,0,15,0,0,0,2,0,0,0,6,0,0,0,4,0,0,0,1,0,0,0,2,0,0,0,2,0,0,0,1,0.0,0.0,100.0,13.0,38.5,2.3,0.38461538461538464,0.0,0.0,80.0,3.0,36.3,0.3,0.375,0.0,0.0,120.0,5.0,37.2,0.6,0.3125,-4.0,6.0,-200.0,0.06451612903225806,0.2903225806451613,3,5,40.6,12.0,1557,1145,1559,0.0,0.0,90.0,12.0,37.2,1.4,0.8571428571428571,0.0,0.0,100.0,9.0,37.3,1.9,0.6,0.1,0.2,57.0,6.0,16.0,13.0,458.0,0.0,0.0625,0.0625,-0.21428571428571427,0.0,0.15,0.0
866,202109050112,0,3,1,5,5,4,5,38,0,0,0,0,0,1,1,3,2,0,3,6,0,0,0,0,0,0,0,0,0,0,0,1,0,0,0,0,0.0,0.0,12.0,11.0,36.2,1.2,0.5384615384615384,0.0,0.0,13.0,6.0,37.2,0.8,0.7142857142857143,0.0,0.0,6.0,2.0,13.7,0.5,0.4,-4.5,6.0,0.0,0.0,0.0,6,11,18.4,9.0,1521,1482,1313,0.0,0.0,8.0,8.0,13.9,9.3,1.0,0.0,0.0,15.0,13.0,37.6,1.5,0.875,0.6,0.2,57.0,-799.0,16.0,13.0,476.0,0.0,-0.07142857142857142,-0.2,-0.1,0.0625,2.0500000000000007,0.0
867,202109050112,10,8,5,134,1,1,1,9,0,0,0,3,1,3,2,26,1,1,1,7,0,0,0,3,0,1,0,6,1,0,0,0,0,0,0,0,0.0,0.0,11.0,6.0,34.0,0.6,0.36363636363636365,0.0,0.0,8.0,8.0,36.2,1.7,0.5,0.0,0.0,13.0,13.0,38.3,2.2,0.23076923076923078,3.5,0.0,0.0,0.08571428571428572,0.2857142857142857,5,9,215.4,16.0,1221,1423,1263,0.0,0.0,16.0,16.0,35.1,1.9,0.9375,0.0,0.0,15.0,13.0,38.1,1.3,0.6,2.2,0.0,55.0,-456.0,16.0,11.0,486.0,0.0,0.0,0.07692307692307693,0.0,-0.06666666666666667,-0.7100000000000002,0.0
868,202109050112,1,4,1,41,8,9,14,114,0,0,0,4,0,0,1,7,0,0,2,18,0,0,0,0,0,0,0,1,0,0,1,3,0,0,0,0,0.0,0.0,3.0,,,,0.4,0.0,0.0,15.0,12.0,37.2,1.6,0.6875,0.0,0.0,9.0,14.0,14.0,8.8,0.9285714285714286,2.0,16.0,-400.0,0.0,0.25,3,6,131.2,15.0,1090,1263,1169,0.0,0.0,9.0,8.0,36.0,1.1,0.5,0.0,0.0,12.0,8.0,35.6,0.6,0.5,-1.8,0.0,54.0,-67.0,16.0,10.0,480.0,0.5,0.125,0.07142857142857142,0.0625,0.0,-1.7199999999999993,0.0
869,202109050112,0,3,1,14,0,2,1,13,0,0,0,0,0,0,0,4,0,1,0,4,0,0,0,0,0,0,0,1,0,1,0,4,0,0,0,0,0.0,0.0,6.0,3.0,36.6,0.5,0.16666666666666666,0.0,0.0,10.0,10.0,35.7,1.0,0.14285714285714285,0.0,0.0,9.0,15.0,37.9,2.1,0.6875,6.0,1.0,280.0,0.06666666666666667,0.2222222222222222,1,2,50.5,13.0,1333,1313,1294,0.0,0.0,3.0,8.0,37.8,0.8,0.26666666666666666,0.0,0.0,9.0,4.0,37.5,0.1,0.0625,0.0,0.2,57.0,-977.0,16.0,12.0,471.0,,0.07142857142857142,0.0,-0.06666666666666667,0.0,-0.3899999999999991,0.0
870,202109050112,4,3,1,35,1,0,1,5,0,0,0,0,2,2,0,6,0,0,0,1,0,0,0,0,0,1,0,0,0,0,0,0,0,0,0,0,0.0,0.0,16.0,12.0,37.2,1.2,0.625,0.0,0.0,16.0,11.0,36.2,1.6,0.625,0.0,0.0,9.0,9.0,34.5,0.4,0.7692307692307693,-1.5,-8.0,0.0,0.04,0.12,2,4,7.0,4.0,1571,808,1108,0.0,0.0,13.0,11.0,36.3,0.6,0.25,0.0,0.0,13.0,13.0,38.0,1.9,0.625,0.2,0.0,55.0,-778.0,16.0,16.0,478.0,-0.0625,0.0625,0.0,0.0,0.0,-0.16999999999999887,0.0
871,202109050112,4,6,5,72,0,2,4,28,0,0,1,3,3,4,5,41,0,1,1,7,0,0,1,2,1,0,2,11,0,0,0,0,0,0,0,0,0.0,0.0,70.0,7.0,42.4,2.4,0.8571428571428571,0.0,0.0,60.0,9.0,37.1,1.2,0.5384615384615384,0.0,0.0,60.0,15.0,38.2,1.9,0.1875,4.0,-9.0,-300.0,0.13978494623655913,0.3225806451612903,5,10,9.9,6.0,1228,1328,1108,0.0,0.0,70.0,1.0,36.3,0.0,0.08333333333333333,0.0,0.0,50.0,12.0,37.1,1.7,0.6666666666666666,0.2,0.2,57.0,-844.0,16.0,7.0,497.0,0.14285714285714285,0.0,0.125,0.0,-0.06666666666666667,1.14,0.0
872,202109050112,1,0,0,10,12,5,10,91,0,0,0,0,0,0,0,2,4,0,3,24,0,0,0,0,0,0,0,0,0,0,0,3,0,0,0,0,0.0,0.0,16.0,6.0,33.2,0.2,0.05555555555555555,0.0,0.0,8.0,11.0,37.0,2.9,0.18181818181818182,0.0,0.0,10.0,3.0,34.9,0.2,0.08333333333333333,-1.5,18.0,200.0,0.0,0.0,8,15,5.9,2.0,1020,1558,1576,0.0,0.0,8.0,16.0,40.4,3.3,0.25,0.0,0.0,5.0,15.0,38.7,1.5,0.0625,2.3,0.2,54.0,-343.0,16.0,18.0,468.0,,0.09090909090909091,0.0,0.0,0.0,-1.44,0.0
873,202109050204,0,0,0,0,0,0,0,0,0,0,0,0,0,0,0,0,0,0,0,0,0,0,0,0,0,0,0,0,0,0,0,0,0,0,0,0,0.0,0.0,20.0,14.0,38.1,2.2,0.125,0.0,0.0,6.0,8.0,37.3,0.6,0.0625,0.0,0.0,7.0,3.0,35.1,0.3,0.18181818181818182,-5.5,-2.0,50.0,0.2857142857142857,0.5306122448979592,6,7,2.8,1.0,684,655,429,0.0,0.0,14.0,12.0,39.4,1.8,0.125,0.0,0.0,5.0,7.0,37.3,0.7,0.375,-1.0,0.2,54.0,-1091.0,12.0,16.0,502.0,0.0625,0.0,0.0,0.0,0.0,-0.04999999999999929,0.0
874,202109050204,4,14,9,78,1,3,3,53,0,2,0,1,2,4,6,21,0,0,1,10,0,0,0,0,0,1,0,1,0,0,0,1,0,0,0,0,0.0,0.0,10.0,1.0,37.3,0.0,0.14285714285714285,0.0,0.0,150.0,12.0,37.1,1.6,0.4,0.0,0.0,140.0,11.0,37.9,2.0,0.75,5.0,27.0,-100.0,0.03571428571428571,0.19642857142857142,5,6,11.0,5.0,1172,1366,1556,0.0,0.0,70.0,15.0,39.1,3.8,0.5625,0.0,0.0,160.0,15.0,35.3,1.6,0.625,3.1,0.2,55.0,-980.0,12.0,7.0,489.0,0.0,0.06666666666666667,-0.0625,0.25,-0.125,0.2,0.0
875,202109050204,2,3,4,27,8,7,3,79,0,1,0,2,1,0,0,9,0,0,1,23,0,0,0,2,0,0,0,0,0,0,0,1,0,0,0,0,,,,,,,,,,,,,,,,,,,,,,,,,0.12698412698412698,0.30158730158730157,5,5,4.3,2.0,1317,1405,1186,,,,,,,,,,,,,,,,,54.0,,12.0,,,,,,,,,
876,202109050204,1,2,4,11,8,8,7,66,0,0,0,0,0,2,0,2,2,4,1,13,0,0,0,0,0,0,0,0,0,0,0,0,0,0,0,0,0.0,0.0,13.0,11.0,36.8,2.4,0.875,0.0,0.0,11.0,14.0,41.2,3.9,0.9375,0.0,0.0,3.0,6.0,40.8,2.6,0.3,-2.5,-8.0,-1400.0,0.043478260869565216,0.08695652173913043,4,4,60.7,10.0,1548,1294,1328,0.0,0.0,14.0,6.0,39.5,1.1,1.0,0.0,0.0,12.0,11.0,38.4,2.0,0.875,-0.8,0.0,55.0,-245.0,12.0,16.0,480.0,-0.3125,-0.125,0.1,-0.125,0.0,-0.15,0.0
877,202109050204,3,0,4,26,2,0,1,6,0,0,0,0,1,0,1,3,0,0,0,2,0,0,0,0,0,0,0,0,0,0,0,0,0,0,0,0,0.0,0.0,13.0,10.0,36.5,1.2,0.8125,0.0,0.0,16.0,6.0,36.5,0.7,0.8125,0.0,0.0,12.0,12.0,36.4,1.4,1.0,1.0,-14.0,0.0,0.023809523809523808,0.14285714285714285,1,1,42.5,9.0,1642,1323,1124,0.0,0.0,12.0,11.0,38.8,3.5,0.5384615384615384,0.0,0.0,11.0,9.0,39.1,2.6,1.0,0.3,0.0,54.0,-812.0,12.0,16.0,482.0,0.0625,-0.1875,0.0,0.38461538461538464,-0.2727272727272727,-0.75,0.0
878,202109050204,0,2,1,14,2,2,1,21,0,0,0,0,0,2,0,6,0,0,0,6,0,0,0,0,0,0,0,0,0,0,0,0,0,0,0,0,0.0,0.0,6.0,13.0,41.1,4.2,0.2857142857142857,0.0,0.0,13.0,5.0,35.5,0.3,0.7142857142857143,0.0,0.0,8.0,10.0,36.5,1.4,0.8181818181818182,-1.5,0.0,-300.0,0.13829787234042554,0.3191489361702128,8,12,5.4,3.0,1036,1436,1108,0.0,0.0,4.0,12.0,36.5,1.1,0.42857142857142855,0.0,0.0,11.0,5.0,35.3,0.4,0.375,-0.9,0.0,54.0,-658.0,12.0,14.0,470.0,0.14285714285714285,-0.5714285714285714,0.18181818181818182,0.0,-0.125,1.060000000000001,0.0
879,202109050204,2,1,0,22,8,4,4,44,0,0,0,0,0,0,0,4,7,0,2,12,0,0,0,0,0,0,0,0,0,0,0,1,0,0,0,0,,,,,,,,,,,,,,,,,,,,,,,,,0.0,0.2631578947368421,7,9,9.6,4.0,1713,1235,215,,,,,,,,,,,,,,,,,52.0,,12.0,,,,,,,,,
880,202109050204,3,1,1,2,0,0,0,0,0,0,0,0,1,1,0,0,0,0,0,0,0,0,0,0,0,0,0,0,0,0,0,0,0,0,0,0,0.0,0.0,10.0,9.0,38.9,1.8,0.7272727272727273,0.0,0.0,12.0,13.0,40.2,3.1,0.6875,0.0,0.0,18.0,17.0,36.8,3.0,0.6111111111111112,4.0,40.0,-100.0,0.06382978723404255,0.2127659574468085,3,3,15.7,7.0,225,760,1551,0.0,0.0,16.0,16.0,35.9,1.5,0.7777777777777778,0.0,0.0,7.0,8.0,38.9,2.0,0.3333333333333333,0.1,0.0,54.0,-811.0,12.0,11.0,452.0,0.0,-0.125,0.1111111111111111,-0.05555555555555555,0.0,0.43000000000000044,0.0
881,202109050204,7,2,4,54,1,0,1,6,0,0,0,0,1,0,0,14,0,0,0,4,0,0,0,0,0,0,0,1,0,0,0,0,0,0,0,0,0.0,0.0,8.0,1.0,38.9,0.0,0.3333333333333333,0.0,0.0,8.0,8.0,40.2,2.2,0.16666666666666666,0.0,0.0,7.0,6.0,37.8,1.4,0.07692307692307693,2.5,-6.0,-500.0,0.020833333333333332,0.1875,6,8,29.2,8.0,1278,1034,625,0.0,0.0,6.0,14.0,40.9,3.7,0.14285714285714285,0.0,0.0,9.0,7.0,41.3,2.5,0.07142857142857142,1.8,0.2,55.0,-728.0,12.0,12.0,454.0,-0.08333333333333333,0.08333333333333333,0.15384615384615385,0.7857142857142857,0.07142857142857142,-0.5499999999999993,0.0
882,202109050204,4,8,3,72,5,2,0,16,0,0,0,0,2,5,2,39,2,1,0,4,0,0,0,0,0,0,0,2,1,0,0,0,0,0,0,0,0.0,0.0,2.0,11.0,42.8,3.4,0.5833333333333334,0.0,0.0,12.0,10.0,40.7,3.0,0.26666666666666666,0.0,0.0,13.0,8.0,36.9,1.9,1.0,-1.5,4.0,-200.0,0.11428571428571428,0.14285714285714285,7,10,89.2,11.0,1645,1228,1366,0.0,0.0,14.0,8.0,37.3,0.8,0.75,0.0,0.0,16.0,8.0,39.1,1.7,0.75,-0.8,0.0,55.0,-991.0,12.0,12.0,458.0,0.3333333333333333,0.4,0.0,0.0625,0.0,1.0799999999999996,0.0
883,202109050204,1,0,1,6,8,8,14,82,0,0,0,0,1,0,0,1,1,1,2,14,0,0,0,0,0,0,0,0,0,0,0,1,0,0,0,0,,,,,,,,,,,,,,,,,,,,,,,,,0.045454545454545456,0.22727272727272727,2,2,13.3,6.0,1319,1559,334,,,,,,,,,,,,,,,,,52.0,,12.0,,,,,,,,,
884,202109050204,0,0,0,0,2,0,0,7,0,0,0,0,0,0,0,0,0,0,0,1,0,0,0,0,0,0,0,0,0,0,0,0,0,0,0,0,0.0,0.0,3.0,1.0,37.3,0.0,0.5,0.0,0.0,15.0,10.0,40.3,3.0,0.9333333333333333,0.0,0.0,18.0,14.0,37.4,2.8,0.3333333333333333,6.5,12.0,380.0,0.0,0.05,8,11,134.1,12.0,1684,1160,1328,0.0,0.0,13.0,16.0,37.0,2.5,0.5555555555555556,0.0,0.0,13.0,6.0,35.1,0.8,0.8125,1.6000000000000003,0.2,53.0,-983.0,12.0,12.0,434.0,0.08333333333333333,-0.3333333333333333,0.0,0.16666666666666666,-0.125,0.7699999999999989,0.0
885,202109050302,0,0,0,0,0,0,0,1,0,0,0,0,0,0,0,0,0,0,0,0,0,0,0,0,0,0,0,0,0,0,0,0,0,0,0,0,0.0,0.0,8.0,3.0,39.2,1.3,0.09090909090909091,0.0,0.0,6.0,8.0,38.0,0.9,0.1875,0.0,0.0,2.0,11.0,37.2,1.3,0.1875,4.0,-16.0,300.0,0.13541666666666666,0.3229166666666667,1,1,2.9,2.0,1657,617,1317,0.0,0.0,3.0,5.0,38.7,0.6,0.06666666666666667,0.0,0.0,2.0,5.0,38.6,0.9,0.25,0.1,0.2,55.0,-961.0,15.0,11.0,492.0,0.18181818181818182,0.0,0.0,0.0,0.0,0.05,0.0
886,202109050302,3,0,1,30,0,0,0,3,0,0,0,1,1,0,1,16,0,0,0,2,0,0,0,1,1,0,0,9,0,0,0,0,0,0,0,0,0.0,0.0,5.0,9.0,41.7,2.5,0.2222222222222222,0.0,0.0,14.0,14.0,41.3,4.1,0.14285714285714285,0.0,0.0,15.0,11.0,37.9,1.4,0.4375,1.0,1.0,-100.0,0.02040816326530612,0.1836734693877551,8,15,2.5,1.0,1645,1641,1366,0.0,0.0,14.0,14.0,39.1,2.4,0.5333333333333333,0.0,0.0,9.0,10.0,39.0,1.8,0.16666666666666666,0.2,0.0,55.0,-974.0,15.0,9.0,485.0,0.0,0.0,-0.125,0.06666666666666667,0.0,0.7600000000000001,0.0
887,202109050302,0,0,0,3,2,1,0,2,0,0,0,0,0,0,0,1,0,0,0,0,0,0,0,0,0,0,0,0,0,0,0,0,0,0,0,0,0.0,0.0,7.0,4.0,38.3,0.3,0.9166666666666666,0.0,0.0,7.0,8.0,13.9,11.9,0.7,0.0,0.0,16.0,16.0,40.9,6.0,0.8125,6.0,8.0,-200.0,0.0,0.15,4,6,141.3,9.0,1729,1110,1428,0.0,0.0,16.0,9.0,38.1,0.8,0.75,0.0,0.0,15.0,12.0,38.9,1.8,0.625,1.7,0.0,55.0,-1073.0,15.0,12.0,466.0,-0.3333333333333333,0.1,0.1875,0.0625,0.0625,-2.5400000000000005,0.0
888,202109050302,0,0,0,0,0,0,0,9,0,0,0,0,0,0,0,0,0,0,0,3,0,0,0,0,0,0,0,0,0,0,0,2,0,0,0,0,0.0,0.0,110.0,12.0,41.3,3.7,0.9166666666666666,0.0,0.0,,,,,,0.0,0.0,20.0,7.0,39.5,1.6,0.125,-5.0,,-30.0,0.1,0.28888888888888886,2,3,13.7,5.0,1243,1136,1428,0.0,0.0,20.0,8.0,39.4,1.3,0.375,0.0,0.0,40.0,4.0,37.2,0.3,0.1875,-2.3,0.0,55.0,-552.0,15.0,12.0,531.0,0.08333333333333333,,0.0,-0.0625,0.0,1.2399999999999984,0.0
889,202109050302,0,0,0,3,0,0,0,1,0,0,0,0,0,0,0,1,0,0,0,0,0,0,0,0,0,0,0,0,0,0,0,0,0,0,0,0,0.0,0.0,5.0,2.0,39.6,0.5,0.9090909090909091,0.0,0.0,12.0,11.0,37.4,2.1,0.8333333333333334,0.0,0.0,12.0,10.0,41.4,4.6,0.5,4.0,11.0,-200.0,0.0,0.10714285714285714,3,5,274.7,13.0,1729,1332,1428,0.0,0.0,11.0,8.0,36.4,1.8,0.9166666666666666,0.0,0.0,8.0,15.0,41.3,4.3,0.5,2.3,0.2,55.0,-986.0,15.0,11.0,471.0,-0.7272727272727273,0.0,0.16666666666666666,0.0,0.25,-0.23999999999999916,0.0
890,202109050302,0,0,0,0,4,1,3,49,0,0,0,0,0,0,0,0,0,1,0,11,0,0,0,0,0,0,0,0,0,0,0,5,0,0,0,0,0.0,0.0,6.0,9.0,40.9,2.0,0.3333333333333333,0.0,0.0,7.0,3.0,40.1,0.4,0.09090909090909091,0.0,0.0,8.0,11.0,40.2,0.8,0.15384615384615385,1.0,12.0,-30.0,0.02564102564102564,0.14102564102564102,5,8,25.7,7.0,1154,1183,1561,0.0,0.0,8.0,7.0,40.4,1.7,0.26666666666666666,0.0,0.0,7.0,6.0,38.5,2.6,0.6,-0.2,0.2,54.0,-552.0,15.0,12.0,472.0,-0.08333333333333333,0.0,0.15384615384615385,0.0,-0.06666666666666667,0.45,0.0
891,202109050302,0,0,0,0,2,2,1,25,0,0,0,0,0,0,0,0,1,1,1,10,0,0,0,0,0,0,0,0,0,1,1,3,0,0,0,0,0.0,0.0,1.0,5.0,39.8,0.8,0.45454545454545453,0.0,0.0,15.0,11.0,37.1,1.4,0.625,0.0,0.0,2.0,12.0,39.1,1.8,0.21428571428571427,3.5,5.0,-300.0,0.12598425196850394,0.30708661417322836,3,4,9.6,4.0,1672,1294,1167,0.0,0.0,6.0,6.0,36.9,0.9,0.2,0.0,0.0,7.0,2.0,36.8,0.0,0.375,-1.1,0.2,55.0,-1053.0,15.0,11.0,501.0,-0.09090909090909091,0.0625,0.0,-0.06666666666666667,0.0,0.6200000000000003,0.0
892,202109050302,1,2,1,18,2,2,1,25,0,0,0,0,0,1,0,2,1,1,1,10,0,0,0,0,0,1,0,1,0,1,1,3,0,0,0,0,0.0,0.0,7.0,9.0,37.5,0.7,0.7,0.0,0.0,14.0,14.0,37.7,4.2,0.4666666666666667,0.0,0.0,15.0,15.0,40.6,2.6,0.75,3.0,30.0,400.0,0.016666666666666666,0.1,5,9,341.4,14.0,1304,1294,1503,0.0,0.0,10.0,11.0,39.9,2.4,0.5384615384615384,0.0,0.0,14.0,8.0,38.6,3.2,0.7333333333333333,-0.5,0.0,54.0,-494.0,15.0,10.0,496.0,0.2,0.5333333333333333,0.0625,0.0,0.06666666666666667,-0.43999999999999984,0.0
893,202109050302,3,1,1,20,2,5,5,36,0,0,0,0,0,0,0,3,2,2,1,9,0,0,0,0,0,0,0,2,1,1,0,3,0,0,0,0,0.0,0.0,5.0,7.0,39.0,1.4,0.75,0.0,0.0,12.0,11.0,41.4,2.5,0.07142857142857142,0.0,0.0,6.0,9.0,35.9,1.1,0.75,1.0,29.0,0.0,0.0,0.0,8,14,67.8,8.0,1403,1618,939,0.0,0.0,8.0,6.0,36.0,0.8,0.3125,0.0,0.0,12.0,2.0,35.6,0.5,0.1875,-1.5,0.2,54.0,-957.0,15.0,8.0,459.0,0.25,0.07142857142857142,0.0,0.0,0.0,1.2199999999999995,0.0
894,202109050302,0,0,0,0,0,0,0,0,0,0,0,0,0,0,0,0,0,0,0,0,0,0,0,0,0,0,0,0,0,0,0,0,0,0,0,0,0.0,0.0,8.0,7.0,39.8,3.1,1.0,0.0,0.0,14.0,12.0,40.5,2.6,0.8571428571428571,0.0,0.0,13.0,9.0,42.4,5.0,0.6923076923076923,1.0,0.0,-800.0,0.08108108108108109,0.2702702702702703,2,2,200.9,10.0,1704,517,1712,0.0,0.0,9.0,5.0,41.5,2.5,1.0,0.0,0.0,14.0,10.0,41.9,4.1,0.7142857142857143,-0.1,0.0,55.0,-119.0,15.0,8.0,478.0,0.0,0.0,0.0,-0.3,-0.14285714285714285,-0.5200000000000002,0.0
895,202109050302,0,0,0,0,0,0,1,0,0,0,0,0,0,0,0,0,0,0,1,0,0,0,0,0,0,0,0,0,0,0,0,0,0,0,0,0,0.0,0.0,1.0,4.0,40.3,0.4,0.9090909090909091,0.0,0.0,8.0,9.0,14.2,8.5,1.0,0.0,0.0,11.0,,,,0.4166666666666667,5.0,2.0,-100.0,0.0,0.04,6,10,223.1,11.0,1704,1539,1712,0.0,0.0,11.0,12.0,34.2,1.6,1.0,0.0,0.0,16.0,5.0,33.2,0.2,0.7222222222222222,0.6,0.0,54.0,-484.0,15.0,11.0,488.0,-0.36363636363636365,-0.25,-0.08333333333333333,-0.0625,0.0,0.12999999999999795,0.0
896,202109050302,0,0,0,0,1,0,0,2,0,0,0,0,0,0,0,0,0,0,0,1,0,0,0,0,0,0,0,0,0,0,0,1,0,0,0,0,0.0,0.0,1.0,5.0,39.3,1.3,0.25,0.0,0.0,5.0,2.0,39.6,0.3,0.125,0.0,0.0,2.0,7.0,43.1,3.1,0.08333333333333333,1.0,2.0,-500.0,0.05405405405405406,0.1891891891891892,6,11,7.1,3.0,1289,79,1428,0.0,0.0,7.0,2.0,40.4,0.3,0.18181818181818182,0.0,0.0,12.0,8.0,40.3,1.9,0.2857142857142857,0.6,0.4,54.0,-231.0,15.0,16.0,472.0,0.0,0.0,0.0,-0.09090909090909091,0.07142857142857142,-0.2799999999999997,0.0
897,202109050302,2,0,3,17,6,4,5,46,0,0,0,0,0,0,1,3,2,0,1,10,0,0,0,0,0,0,0,3,1,0,0,5,0,0,0,0,0.0,0.0,1.0,9.0,34.5,0.6,0.6111111111111112,0.0,0.0,10.0,5.0,34.9,0.5,0.16666666666666666,0.0,0.0,11.0,6.0,35.9,1.0,0.2777777777777778,-1.5,-6.0,0.0,0.20833333333333334,0.2916666666666667,7,13,15.9,6.0,1317,1167,1186,0.0,0.0,14.0,14.0,36.4,2.8,0.8125,0.0,0.0,8.0,14.0,35.0,1.3,1.0,1.9,0.0,54.0,-280.0,15.0,18.0,440.0,0.0,-0.05555555555555555,-0.05555555555555555,0.125,0.0,-0.25,0.0
898,202109050302,0,0,0,5,0,0,0,0,0,0,0,0,0,0,0,4,0,0,0,0,0,0,0,0,0,0,0,1,0,0,0,0,0,0,0,0,0.0,0.0,8.0,8.0,39.7,1.8,0.8,0.0,0.0,15.0,14.0,41.4,4.9,0.26666666666666666,0.0,0.0,11.0,8.0,39.4,2.7,0.6363636363636364,0.0,7.0,-100.0,0.034482758620689655,0.22413793103448276,4,7,386.7,15.0,1548,1172,1328,0.0,0.0,10.0,10.0,39.7,3.1,0.9,0.0,0.0,12.0,8.0,38.5,2.5,0.6153846153846154,-0.4,0.0,55.0,-981.0,15.0,10.0,485.0,-0.1,0.06666666666666667,-0.18181818181818182,0.0,0.0,0.41000000000000014,0.0
899,202109050302,0,0,0,0,0,0,0,0,0,0,0,0,0,0,0,0,0,0,0,0,0,0,0,0,0,0,0,0,0,0,0,0,0,0,0,0,0.0,0.0,10.0,12.0,42.8,4.0,0.08333333333333333,0.0,0.0,11.0,15.0,41.1,3.2,0.125,0.0,0.0,12.0,15.0,42.8,6.6,0.3333333333333333,1.5,-4.0,-600.0,0.1111111111111111,0.1388888888888889,7,12,266.6,12.0,1089,1348,1428,0.0,0.0,13.0,13.0,43.6,5.3,0.3125,,,,,,,,0.3,0.0,55.0,-140.0,15.0,12.0,470.0,0.0,0.0,0.26666666666666666,-0.0625,,-0.41000000000000086,0.0
900,202109050307,0,0,0,1,2,2,3,28,0,0,0,0,0,0,0,1,1,0,2,10,0,0,0,0,0,0,0,0,1,0,1,2,0,0,0,0,0.0,0.0,5.0,7.0,41.9,1.4,0.2222222222222222,0.0,0.0,9.0,11.0,37.0,1.9,0.9333333333333333,0.0,0.0,10.0,4.0,37.1,0.4,0.4375,-1.5,6.0,-800.0,0.13333333333333333,0.3333333333333333,4,6,2.0,1.0,1586,1235,1167,0.0,0.0,6.0,9.0,35.5,0.8,0.8,0.0,0.0,15.0,7.0,38.9,0.7,0.25,-0.2,0.0,54.0,-1059.0,15.0,9.0,492.0,0.2222222222222222,0.06666666666666667,0.0,0.13333333333333333,-0.0625,0.75,0.0
901,202109050307,0,0,2,10,2,5,5,36,0,0,0,1,0,0,0,3,2,2,1,9,0,0,0,1,0,0,0,2,0,0,1,4,0,0,0,1,0.0,0.0,90.0,30.0,36.9,0.5,0.5384615384615384,0.0,0.0,70.0,110.0,37.3,1.0,0.6666666666666666,0.0,0.0,20.0,90.0,37.5,1.0,0.3076923076923077,30.0,-2.0,0.0,0.1368421052631579,0.3157894736842105,7,13,19.6,6.0,1447,1618,1721,0.0,0.0,60.0,20.0,37.3,0.7,0.5333333333333333,0.0,0.0,70.0,70.0,36.3,1.0,0.7692307692307693,-1.0,0.0,57.0,-71.0,15.0,13.0,500.0,0.0,0.0,0.0,0.0,0.15384615384615385,0.12000000000000029,0.0
902,202109050307,4,4,8,30,2,1,1,9,2,0,0,0,2,2,1,7,1,0,0,0,1,0,0,0,0,1,1,1,0,0,0,0,0,0,0,0,0.0,0.0,5.0,8.0,40.3,2.7,0.8333333333333334,0.0,0.0,12.0,14.0,37.0,1.7,0.9333333333333333,0.0,0.0,8.0,7.0,36.4,0.9,0.6666666666666666,-0.5,-3.0,-200.0,0.03508771929824561,0.21052631578947367,1,1,5.9,2.0,1393,225,1263,0.0,0.0,13.0,9.0,37.7,1.3,0.5,0.0,0.0,6.0,5.0,36.8,0.3,0.5,-1.1,0.0,56.0,-987.0,15.0,12.0,473.0,-0.25,0.06666666666666667,0.06666666666666667,-0.0625,-0.0625,0.6299999999999997,0.0
903,202109050307,0,0,0,2,1,0,0,8,0,0,0,0,0,0,0,1,1,0,0,2,0,0,0,0,0,0,0,0,0,0,0,0,0,0,0,0,0.0,0.0,11.0,6.0,35.3,0.7,1.0,0.0,0.0,10.0,6.0,34.8,0.8,1.0,0.0,0.0,13.0,13.0,35.9,0.8,0.8125,3.5,0.0,0.0,0.020618556701030927,0.18556701030927836,3,4,37.1,9.0,1426,1228,306,0.0,0.0,4.0,5.0,36.6,0.7,0.9090909090909091,0.0,0.0,7.0,9.0,36.0,0.6,0.8666666666666667,0.5,0.0,54.0,-820.0,15.0,16.0,448.0,0.0,0.0,0.125,0.0,0.06666666666666667,-0.320000000000001,0.0
904,202109050307,4,2,2,23,4,5,1,40,0,0,0,0,0,0,0,2,2,2,0,8,0,0,0,0,0,0,0,0,0,0,0,1,0,0,0,0,0.0,0.0,12.0,13.0,35.6,1.4,0.0625,0.0,0.0,6.0,15.0,41.8,4.3,0.26666666666666666,0.0,0.0,6.0,14.0,45.5,6.0,0.14285714285714285,0.5,-8.0,0.0,0.0,0.0,5,9,6.0,3.0,1009,1558,298,0.0,0.0,5.0,4.0,38.7,1.2,0.07692307692307693,0.0,0.0,6.0,1.0,37.9,0.0,0.08333333333333333,-3.5,0.2,54.0,-378.0,15.0,16.0,448.0,0.0,-0.06666666666666667,-0.07142857142857142,0.0,0.0,-0.15,0.0
905,202109050307,1,1,2,8,0,0,1,0,0,0,1,0,0,0,1,1,0,0,0,0,0,0,0,0,0,0,0,0,0,0,0,0,0,0,0,0,0.0,0.0,90.0,6.0,41.0,1.5,1.0,0.0,0.0,90.0,11.0,36.5,1.8,0.8666666666666667,0.0,0.0,110.0,15.0,40.0,3.1,1.0,4.5,13.0,-200.0,0.09433962264150944,0.3018867924528302,5,8,6.9,4.0,1313,1415,1108,0.0,0.0,10.0,8.0,38.2,1.2,0.07692307692307693,0.0,0.0,40.0,6.0,37.5,1.1,0.6666666666666666,-0.3,0.0,55.0,-917.0,15.0,10.0,477.0,0.0,0.0,0.0,0.07692307692307693,-0.13333333333333333,0.5299999999999997,0.0
906,202109050307,1,2,0,18,2,2,1,25,0,0,0,0,0,1,0,4,1,1,1,10,0,0,0,0,0,0,0,1,1,0,0,2,0,0,0,0,0.0,0.0,14.0,7.0,37.7,1.2,0.6,0.0,0.0,9.0,11.0,38.4,1.8,0.4,0.0,0.0,7.0,4.0,37.1,0.6,0.6923076923076923,-1.5,14.0,0.0,0.0,0.1111111111111111,4,7,217.2,14.0,1642,1294,1124,0.0,0.0,10.0,14.0,38.1,2.1,0.6666666666666666,0.0,0.0,6.0,13.0,37.6,1.3,0.625,1.5,0.0,57.0,0.0,15.0,15.0,550.0,-0.06666666666666667,0.06666666666666667,0.15384615384615385,0.0,0.0,0.05,0.0
907,202109050307,1,0,0,3,1,0,1,3,0,0,0,1,0,0,0,2,0,0,0,2,0,0,0,1,0,0,0,0,0,0,0,0,0,0,0,0,0.0,0.0,15.0,8.0,37.3,1.4,0.9333333333333333,0.0,0.0,6.0,4.0,39.9,1.5,0.4444444444444444,0.0,0.0,14.0,11.0,39.2,1.8,0.9285714285714286,1.5,3.0,0.0,0.06060606060606061,0.21212121212121213,6,10,236.6,15.0,1051,1034,578,0.0,0.0,16.0,12.0,37.1,1.4,1.0,0.0,0.0,15.0,12.0,39.3,2.2,0.5,1.6,0.0,55.0,0.0,15.0,15.0,496.0,0.0,-0.2222222222222222,-0.14285714285714285,-0.0625,0.0625,-0.12000000000000029,0.0
908,202109050307,3,9,7,41,1,1,2,33,0,0,0,3,2,4,2,15,0,0,1,9,0,0,0,1,1,1,0,1,0,0,0,0,0,0,0,0,0.0,0.0,3.0,8.0,39.4,2.3,0.6666666666666666,0.0,0.0,10.0,9.0,36.3,0.8,0.9375,0.0,0.0,9.0,5.0,36.1,0.2,0.8125,-1.5,9.0,-550.0,0.05555555555555555,0.19444444444444445,7,12,14.7,5.0,1576,1405,1577,0.0,0.0,5.0,9.0,38.6,1.7,0.4666666666666667,0.0,0.0,10.0,10.0,37.8,0.9,0.75,0.4,0.0,56.0,-988.0,15.0,9.0,505.0,0.0,-0.0625,0.0,-0.06666666666666667,-0.1875,0.08999999999999986,0.0
909,202109050307,0,0,0,5,0,1,2,12,0,0,0,0,0,0,0,0,0,0,1,2,0,0,0,0,0,0,0,0,0,0,0,0,0,0,0,0,0.0,0.0,3.0,3.0,39.6,1.2,0.3333333333333333,0.0,0.0,13.0,14.0,36.6,1.7,1.0,0.0,0.0,10.0,12.0,37.5,1.6,0.8125,4.5,7.0,-200.0,0.043478260869565216,0.21739130434782608,8,15,63.2,11.0,1674,1551,1428,0.0,0.0,4.0,12.0,36.7,1.2,0.9375,0.0,0.0,7.0,7.0,39.1,0.5,0.4375,0.6,0.2,53.0,-180.0,15.0,9.0,487.0,0.1111111111111111,0.0,0.0625,0.0,0.0,0.08999999999999986,0.0
910,202109050307,8,3,8,68,0,1,0,24,0,0,0,0,1,0,3,17,0,0,0,8,0,0,0,0,0,0,1,3,0,0,0,2,0,0,0,0,0.0,0.0,4.0,6.0,40.2,0.4,0.1,0.0,0.0,16.0,15.0,36.1,1.4,0.875,0.0,0.0,16.0,13.0,38.3,2.0,0.5,3.5,13.0,-100.0,0.1111111111111111,0.2222222222222222,8,14,30.0,8.0,1221,1014,1263,0.0,0.0,12.0,13.0,37.1,1.1,0.875,0.0,0.0,8.0,11.0,38.0,1.9,0.8,0.8,0.0,57.0,-953.0,15.0,10.0,477.0,0.0,0.0,-0.0625,0.0,0.0,0.3400000000000006,0.0
911,202109050307,0,0,0,0,0,0,0,0,0,0,0,0,0,0,0,0,0,0,0,0,0,0,0,0,0,0,0,0,0,0,0,0,0,0,0,0,0.0,0.0,60.0,10.0,36.5,1.1,0.6428571428571429,0.0,0.0,80.0,10.0,37.6,1.7,0.3333333333333333,0.0,0.0,10.0,1.0,37.2,0.0,0.375,-4.5,-10.0,200.0,0.08333333333333333,0.2777777777777778,2,2,43.0,10.0,1463,1031,1167,,,,,,,,,,,,,,,-4.5,0.3333333333333333,56.0,133.0,15.0,14.0,470.0,0.0,0.0,0.0,,,-0.3500000000000014,0.0
912,202109050307,3,3,4,16,3,8,6,35,0,0,0,1,0,0,0,1,0,2,1,8,0,0,0,0,0,0,0,0,0,1,0,3,0,0,0,0,0.0,0.0,6.0,4.0,37.3,1.9,0.8571428571428571,0.0,0.0,14.0,14.0,35.8,1.2,0.5625,0.0,0.0,15.0,10.0,33.6,1.1,1.0,3.0,16.0,200.0,0.10112359550561797,0.29213483146067415,2,3,26.7,7.0,1428,1559,1263,0.0,0.0,14.0,10.0,36.9,1.4,0.5,0.0,0.0,13.0,9.0,38.0,1.0,0.5625,0.6,0.0,54.0,-773.0,15.0,7.0,468.0,0.0,0.0625,,-0.0625,0.0,-0.2500000000000007,0.0
913,202109050307,1,4,5,37,2,2,3,28,0,0,0,0,0,0,0,5,1,0,2,10,0,0,0,0,0,0,0,2,1,0,1,2,0,0,0,0,0.0,0.0,7.0,16.0,39.3,2.6,0.4375,0.0,0.0,13.0,14.0,38.2,2.4,0.9333333333333333,0.0,0.0,11.0,15.0,39.3,2.8,0.875,-0.5,-4.0,0.0,0.0,0.0,6,11,77.5,13.0,1503,1235,1263,0.0,0.0,9.0,13.0,36.3,2.3,0.7142857142857143,0.0,0.0,2.0,1.0,37.1,0.0,0.26666666666666666,-3.1,0.2,50.0,-21.0,15.0,16.0,506.0,0.0625,0.06666666666666667,0.0625,0.21428571428571427,0.0,0.6299999999999997,0.0
914,202109050307,0,0,0,1,4,5,1,40,0,0,0,0,0,0,0,0,2,2,0,8,0,0,0,0,0,0,0,0,0,0,0,1,0,0,0,0,0.0,0.0,60.0,30.0,37.2,0.8,0.16666666666666666,0.0,0.0,50.0,110.0,36.5,2.5,0.75,0.0,0.0,90.0,120.0,35.7,1.4,0.25,45.0,4.0,300.0,0.023255813953488372,0.10465116279069768,3,5,76.5,12.0,429,1558,377,0.0,0.0,140.0,60.0,37.7,0.4,0.125,0.0,0.0,80.0,130.0,40.3,1.9,0.125,15.0,0.0,57.0,-942.0,15.0,12.0,484.0,0.08333333333333333,0.0,0.0,0.0,0.0,-0.7399999999999991,0.0
915,202109050410,0,0,0,6,1,0,2,26,0,0,0,0,0,0,0,3,0,0,0,7,0,0,0,0,0,0,0,0,0,0,0,0,0,0,0,0,0.0,0.0,10.0,8.0,37.8,0.7,0.2857142857142857,0.0,0.0,10.0,14.0,33.7,1.0,0.5555555555555556,0.0,0.0,8.0,8.0,36.7,0.6,0.375,0.0,-2.0,0.0,0.3333333333333333,0.5,7,13,6.3,3.0,1629,1108,1428,0.0,0.0,6.0,10.0,36.7,0.9,0.1875,0.0,0.0,5.0,8.0,36.6,1.2,0.1875,-0.4,0.0,55.0,-1008.0,16.0,14.0,512.0,0.0,,0.0,0.125,0.0,-0.06000000000000085,0.0
916,202109050410,13,7,11,84,8,4,4,44,3,0,0,1,6,2,3,19,7,0,2,12,3,0,0,0,0,0,0,2,1,0,0,1,0,0,0,0,0.0,0.0,80.0,10.0,35.5,1.6,0.7692307692307693,0.0,0.0,80.0,9.0,35.8,1.2,0.7142857142857143,0.0,0.0,50.0,8.0,37.2,0.7,0.21428571428571427,-1.0,-8.0,50.0,0.020202020202020204,0.1919191919191919,5,9,18.4,7.0,1716,1235,1167,0.0,0.0,60.0,4.0,36.9,0.1,0.4375,0.0,0.0,40.0,6.0,36.0,1.0,0.4166666666666667,-1.3,0.0,57.0,-972.0,16.0,13.0,506.0,0.07692307692307693,0.07142857142857142,0.0,0.0,0.08333333333333333,-0.21000000000000013,0.0
917,202109050410,2,0,0,2,2,1,1,7,2,0,0,0,0,0,0,2,0,0,1,3,0,0,0,0,0,0,0,0,0,0,0,0,0,0,0,0,0.0,0.0,8.0,5.0,37.1,1.9,0.42857142857142855,0.0,0.0,13.0,10.0,37.7,2.2,0.35714285714285715,0.0,0.0,15.0,7.0,36.7,1.5,0.6875,1.0,-7.0,200.0,0.4,0.4,8,16,7.5,4.0,429,516,377,0.0,0.0,8.0,10.0,36.1,1.2,0.75,0.0,0.0,7.0,7.0,37.2,1.3,0.375,0.4,0.0,56.0,-977.0,16.0,14.0,523.0,-0.07142857142857142,0.0,-0.0625,-0.1875,0.0,0.13999999999999985,0.0
918,202109050410,4,6,5,72,9,8,6,68,0,1,0,5,3,4,5,41,1,0,0,10,0,0,0,1,1,0,0,2,0,0,0,0,0,0,0,0,0.0,0.0,4.0,9.0,42.4,2.8,0.1,0.0,0.0,13.0,12.0,38.5,1.7,0.14285714285714285,0.0,0.0,13.0,13.0,38.6,2.1,0.6153846153846154,2.0,1.0,-200.0,0.125,0.3046875,3,6,14.2,6.0,1228,1618,1108,0.0,0.0,16.0,8.0,35.2,0.8,0.8125,0.0,0.0,12.0,11.0,37.2,1.6,0.8461538461538461,0.0,0.0,56.0,-891.0,16.0,10.0,505.0,0.0,0.0,0.07692307692307693,0.0,0.07692307692307693,1.3699999999999988,0.0
919,202109050410,10,8,5,134,2,0,3,6,0,0,2,2,1,3,2,26,0,0,2,2,0,0,2,1,0,0,0,2,0,0,0,0,0,0,0,0,0.0,0.0,1.0,1.0,39.7,0.0,0.09090909090909091,0.0,0.0,9.0,9.0,36.6,1.4,0.6875,0.0,0.0,5.0,5.0,36.6,0.6,0.4375,2.0,-6.0,-100.0,0.05970149253731343,0.208955223880597,7,14,13.8,5.0,1221,260,1263,0.0,0.0,6.0,11.0,36.3,0.9,0.5625,0.0,0.0,3.0,4.0,36.6,0.1,0.5,0.8,0.2,56.0,-734.0,16.0,11.0,478.0,0.0,-0.0625,0.0625,0.1875,0.0,0.6500000000000007,0.0
920,202109050410,8,13,8,81,1,0,2,11,0,0,0,0,0,1,0,6,0,0,0,4,0,0,0,0,0,0,0,0,0,0,0,1,0,0,0,0,0.0,0.0,9.0,9.0,39.7,2.8,0.7777777777777778,0.0,0.0,14.0,9.0,36.3,0.6,0.7142857142857143,0.0,0.0,14.0,11.0,36.1,0.6,0.75,1.0,9.0,-400.0,0.05263157894736842,0.18421052631578946,4,7,155.1,14.0,1503,1542,1263,0.0,0.0,14.0,6.0,35.8,0.6,0.9375,0.0,0.0,16.0,11.0,38.6,2.4,1.0,0.1,0.0,56.0,-536.0,16.0,9.0,491.0,0.1111111111111111,-0.07142857142857142,0.0625,-0.125,-0.0625,0.2700000000000003,0.0
921,202109050410,10,8,5,134,8,4,4,44,1,0,0,3,1,3,2,26,7,0,2,12,1,0,0,2,0,0,0,2,1,0,0,1,0,0,0,1,0.0,0.0,16.0,12.0,37.0,1.2,0.8125,0.0,0.0,15.0,13.0,36.3,1.7,0.875,0.0,0.0,16.0,7.0,36.5,0.7,0.6875,-2.5,-6.0,0.0,0.0,0.0,6,11,235.3,16.0,1221,1235,1263,0.0,0.0,14.0,14.0,36.5,0.7,0.9375,0.0,0.0,15.0,12.0,36.6,1.3,0.8125,0.1,0.0,56.0,-98.0,16.0,16.0,496.0,-0.0625,0.0,-0.0625,0.0625,0.0,0.05999999999999943,0.0
922,202109050410,0,1,4,19,2,0,1,3,0,0,0,0,0,0,1,2,0,0,0,1,0,0,0,0,0,0,0,0,0,0,0,0,0,0,0,0,0.0,0.0,1.0,1.0,39.5,0.0,0.2727272727272727,0.0,0.0,18.0,16.0,34.7,1.3,0.5555555555555556,0.0,0.0,3.0,11.0,13.6,5.5,0.14285714285714285,5.0,9.0,-100.0,0.022988505747126436,0.10344827586206896,8,15,20.9,8.0,1601,1029,239,0.0,0.0,4.0,4.0,13.3,5.4,0.3,0.0,0.0,6.0,13.0,39.0,1.3,0.125,1.2,0.2,55.0,-980.0,16.0,11.0,477.0,0.0,0.05555555555555555,0.5,-0.1,0.0,2.24,0.0
923,202109050410,4,6,5,72,8,4,4,44,2,1,0,1,3,4,5,41,7,0,2,12,2,0,0,0,1,0,0,2,1,0,0,1,1,0,0,0,0.0,0.0,8.0,16.0,37.7,1.7,0.125,0.0,0.0,5.0,2.0,36.0,0.3,0.1875,0.0,0.0,4.0,6.0,35.7,0.6,0.25,-5.0,-8.0,0.0,0.1875,0.375,3,5,2.7,1.0,1228,1235,1108,0.0,0.0,4.0,11.0,35.1,1.0,0.9375,0.0,0.0,4.0,15.0,37.4,1.3,0.1875,0.7,0.2,57.0,-567.0,16.0,16.0,514.0,0.0,0.0,0.0,0.0,0.1875,0.15000000000000072,0.0
924,202109050410,4,6,5,72,1,0,2,17,1,0,0,0,3,4,5,41,0,0,1,5,0,0,0,0,1,0,0,2,0,0,0,0,0,0,0,0,0.0,0.0,8.0,14.0,37.9,2.1,0.0625,0.0,0.0,10.0,12.0,37.0,1.9,0.7333333333333333,0.0,0.0,6.0,15.0,40.2,2.5,0.0625,0.5,0.0,0.0,0.14432989690721648,0.32989690721649484,4,8,4.2,2.0,1228,1620,1108,0.0,0.0,9.0,16.0,38.2,1.6,0.25,0.0,0.0,2.0,10.0,37.3,0.8,0.125,-0.4,0.0,55.0,-328.0,16.0,16.0,492.0,0.0,0.06666666666666667,0.0,0.1875,0.0,0.0,0.0
925,202109050410,2,4,4,44,2,2,2,41,0,0,0,3,1,0,0,4,0,0,1,11,0,0,0,1,0,0,0,0,0,0,0,0,0,0,0,0,0.0,0.0,16.0,13.0,36.4,1.2,0.875,0.0,0.0,11.0,10.0,36.3,1.5,0.8125,0.0,0.0,13.0,11.0,35.7,0.9,1.0,-1.0,-4.0,0.0,0.09259259259259259,0.2962962962962963,2,4,109.4,13.0,1561,1014,1263,0.0,0.0,15.0,13.0,36.1,1.3,0.9375,0.0,0.0,9.0,7.0,36.3,0.7,0.6875,-0.9,0.0,54.0,-126.0,16.0,16.0,480.0,0.0,-0.0625,0.0,-0.0625,-0.125,0.039999999999999855,0.0
926,202109050410,9,9,6,64,0,0,0,1,0,0,0,1,1,0,3,5,0,0,0,0,0,0,0,0,0,0,0,0,0,0,0,0,0,0,0,0,0.0,0.0,15.0,,,,,0.0,0.0,12.0,15.0,38.7,2.9,0.1875,0.0,0.0,13.0,14.0,37.6,1.3,0.0625,-1.0,2.0,-400.0,0.10810810810810811,0.13513513513513514,5,10,68.2,12.0,1127,81,1328,0.0,0.0,15.0,12.0,37.4,0.6,0.1875,0.0,0.0,12.0,12.0,37.2,1.1,0.25,-1.1,0.0,54.0,-202.0,16.0,16.0,476.0,,0.0,0.0,0.0,0.0625,0.4700000000000003,0.0
927,202109050410,4,4,3,42,8,4,4,44,0,0,0,2,2,0,1,13,7,0,2,12,0,0,0,1,0,0,0,0,1,0,0,1,0,0,0,0,0.0,0.0,90.0,100.0,41.9,1.9,0.5,0.0,0.0,130.0,120.0,36.1,1.2,0.25,0.0,0.0,110.0,80.0,37.5,1.2,0.2727272727272727,-10.0,10.0,-30.0,0.0,0.0625,1,2,53.3,10.0,1482,1235,1263,0.0,0.0,170.0,150.0,34.5,2.1,1.0,0.0,0.0,160.0,130.0,37.5,1.7,0.625,9.0,0.0,56.0,-971.0,16.0,10.0,480.0,0.2,0.0625,0.18181818181818182,0.0,-0.1875,1.0399999999999998,0.0
928,202109050410,3,2,2,54,6,4,7,31,0,0,1,1,0,1,0,11,1,2,0,9,0,0,0,0,0,0,0,0,0,0,0,0,0,0,0,0,0.0,0.0,60.0,6.0,36.9,1.2,0.13333333333333333,0.0,0.0,50.0,12.0,37.9,2.0,0.375,0.0,0.0,40.0,5.0,36.9,0.5,0.125,-0.5,-8.0,-200.0,0.3,0.54,1,1,25.9,9.0,1403,1362,939,0.0,0.0,50.0,12.0,39.2,3.0,0.1875,0.0,0.0,70.0,5.0,36.9,0.5,0.1875,-0.2,0.0,57.0,35.0,16.0,15.0,512.0,0.0,0.0,0.0,0.0625,0.0,-0.13000000000000042,0.0
929,202109050410,0,0,0,0,0,0,0,0,0,0,0,0,0,0,0,0,0,0,0,0,0,0,0,0,0,0,0,0,0,0,0,0,0,0,0,0,0.0,0.0,12.0,12.0,35.5,2.0,0.16666666666666666,0.0,0.0,15.0,14.0,33.6,1.4,0.5555555555555556,0.0,0.0,13.0,13.0,38.7,1.5,0.25,0.5,-6.0,-400.0,0.2,0.28,2,3,55.0,11.0,432,913,361,0.0,0.0,11.0,15.0,36.9,1.4,0.875,0.0,0.0,5.0,16.0,37.7,1.1,0.4375,0.9,0.0,56.0,-322.0,16.0,12.0,504.0,0.16666666666666666,,0.0,-0.0625,-0.0625,-0.7700000000000002,0.0
930,202109050410,2,3,6,35,1,1,1,30,0,0,0,0,0,1,1,15,0,0,0,7,0,0,0,0,0,0,0,0,0,0,0,0,0,0,0,0,0.0,0.0,11.0,12.0,42.8,5.2,0.5833333333333334,0.0,0.0,15.0,16.0,38.1,2.4,0.75,0.0,0.0,13.0,12.0,35.6,0.9,0.0625,0.0,-4.0,-400.0,0.0989010989010989,0.2857142857142857,6,12,223.9,15.0,1489,1306,565,0.0,0.0,14.0,15.0,39.9,3.4,0.13333333333333333,0.0,0.0,8.0,10.0,35.6,0.7,0.2727272727272727,-0.5,0.0,56.0,-273.0,16.0,12.0,424.0,0.3333333333333333,-0.125,0.0,0.4,0.09090909090909091,1.2599999999999993,0.0
931,202109050512,3,4,1,28,0,0,2,4,0,0,0,0,2,2,0,10,0,0,0,1,0,0,0,0,0,0,0,2,0,0,0,0,0,0,0,0,0.0,0.0,5.0,9.0,37.2,1.9,0.25,0.0,0.0,8.0,13.0,37.2,1.4,0.5,0.0,0.0,5.0,2.0,36.4,0.4,0.0625,-3.5,2.0,0.0,0.022727272727272728,0.10227272727272728,5,9,7.4,4.0,1665,695,1577,0.0,0.0,3.0,11.0,37.9,1.4,0.125,0.0,0.0,5.0,12.0,38.7,1.4,0.0625,0.4,0.2,57.0,-324.0,16.0,12.0,486.0,-0.16666666666666666,0.125,0.0,0.0,0.0,-0.36999999999999955,0.0
932,202109050512,15,11,16,108,8,8,14,82,0,2,1,6,4,3,4,28,1,1,2,14,0,1,1,2,1,1,0,8,0,1,0,5,0,1,0,2,0.0,0.0,4.0,6.0,36.8,0.6,0.8125,0.0,0.0,2.0,4.0,36.8,0.2,0.375,0.0,0.0,1.0,1.0,37.2,0.0,0.6875,-2.5,-2.0,-200.0,0.08108108108108109,0.16216216216216217,3,6,6.4,3.0,1576,1559,1577,0.0,0.0,5.0,2.0,35.9,0.2,0.3333333333333333,0.0,0.0,3.0,2.0,36.4,0.8,0.625,-1.0,0.6,57.0,-147.0,16.0,16.0,514.0,-0.25,0.1875,0.125,0.0,-0.0625,0.16999999999999957,0.0
933,202109050512,2,4,4,44,0,0,0,1,0,0,0,1,1,0,0,4,0,0,0,0,0,0,0,0,0,0,0,1,0,0,0,0,0,0,0,0,0.0,0.0,10.0,11.0,41.4,1.5,0.3333333333333333,0.0,0.0,15.0,9.0,38.0,1.4,0.75,0.0,0.0,12.0,11.0,38.2,2.0,1.0,0.0,-9.0,-100.0,0.01639344262295082,0.09836065573770492,4,8,137.7,14.0,1561,200,1263,0.0,0.0,12.0,6.0,37.0,0.9,0.7857142857142857,0.0,0.0,14.0,8.0,37.6,1.0,0.8666666666666667,-0.9,0.0,57.0,-708.0,16.0,12.0,501.0,0.08333333333333333,-0.0625,-0.1875,-0.07142857142857142,0.0,0.8599999999999994,0.0
934,202109050512,1,0,1,6,7,2,3,40,0,0,0,0,1,0,0,1,2,1,0,14,0,0,0,0,0,0,0,1,2,0,0,2,0,0,0,0,0.0,0.0,12.0,4.0,37.0,1.2,0.5625,0.0,0.0,10.0,10.0,36.0,1.6,0.9333333333333333,0.0,0.0,14.0,8.0,36.2,1.1,0.8666666666666667,2.0,2.0,0.0,0.03389830508474576,0.22033898305084745,3,5,77.1,12.0,1319,1039,334,0.0,0.0,13.0,9.0,37.1,1.2,0.5,0.0,0.0,14.0,12.0,38.5,1.3,0.5,1.5,0.0,57.0,0.0,16.0,16.0,484.0,0.0,0.0,0.0,0.125,0.0,-0.41000000000000014,0.0
935,202109050512,8,13,8,81,4,8,12,116,0,0,0,4,0,1,0,6,0,2,3,23,0,0,0,0,0,0,0,1,0,0,0,2,0,0,0,0,0.0,0.0,2.0,7.0,36.6,0.4,0.8125,0.0,0.0,6.0,3.0,35.5,0.0,0.875,0.0,0.0,5.0,5.0,36.2,0.6,0.9285714285714286,-1.0,-6.0,0.0,0.1,0.3,2,3,5.9,2.0,1503,1167,1263,0.0,0.0,2.0,5.0,35.7,1.3,1.0,0.0,0.0,2.0,5.0,35.7,0.5,0.9375,-0.2,0.2,55.0,-77.0,16.0,16.0,452.0,-0.125,-0.125,0.0,0.0,-0.0625,0.15999999999999942,0.0
936,202109050512,1,0,1,22,1,1,1,30,0,0,0,0,1,0,1,12,0,0,0,7,0,0,0,0,0,0,0,0,0,0,0,1,0,0,0,0,0.0,0.0,8.0,14.0,41.2,3.6,0.07142857142857142,0.0,0.0,11.0,12.0,38.2,1.2,0.13333333333333333,0.0,0.0,3.0,7.0,36.9,1.0,0.07692307692307693,-3.5,4.0,0.0,0.12345679012345678,0.30864197530864196,7,13,2.8,1.0,1426,1306,306,0.0,0.0,7.0,11.0,37.4,1.0,0.15384615384615385,0.0,0.0,5.0,2.0,36.2,0.1,0.0625,-2.5,0.2,56.0,-1002.0,16.0,14.0,496.0,0.0,0.0,0.0,0.0,0.0,1.0800000000000005,0.0
937,202109050512,4,4,3,42,2,1,1,7,0,0,1,3,2,0,1,13,0,0,1,3,0,0,1,3,1,0,0,1,0,0,0,0,0,0,0,0,0.0,0.0,9.0,7.0,36.9,1.6,0.75,0.0,0.0,10.0,7.0,36.0,0.6,0.75,0.0,0.0,7.0,8.0,36.1,1.4,0.75,0.5,0.0,0.0,0.06818181818181818,0.2727272727272727,5,10,19.3,9.0,1482,516,1263,0.0,0.0,12.0,7.0,37.1,0.6,1.0,0.0,0.0,6.0,4.0,34.7,0.1,0.8125,-0.6,0.0,57.0,0.0,16.0,16.0,496.0,-0.0625,0.0,0.0,0.0,0.0,0.329999999999999,0.0
938,202109050512,1,0,1,6,8,9,14,114,0,0,0,1,1,0,0,1,0,0,2,18,0,0,0,0,0,0,0,1,0,0,1,3,0,0,0,0,0.0,0.0,3.0,7.0,42.2,4.2,0.875,0.0,0.0,16.0,11.0,35.6,2.1,0.625,0.0,0.0,12.0,12.0,36.5,1.3,0.8125,2.5,32.0,-400.0,0.0,0.15384615384615385,4,7,12.4,5.0,1319,1263,334,0.0,0.0,12.0,10.0,37.0,1.0,0.4375,0.0,0.0,5.0,8.0,36.6,1.7,0.9375,0.1,0.0,57.0,-981.0,16.0,8.0,526.0,-0.125,0.0625,0.0,0.25,0.0,0.9800000000000004,0.0
939,202109050512,0,2,2,9,0,1,0,7,0,1,0,1,0,0,0,1,0,0,0,2,0,0,0,0,0,0,0,0,0,0,0,0,0,0,0,0,0.0,0.0,50.0,70.0,41.5,2.7,0.2222222222222222,0.0,0.0,120.0,150.0,37.2,1.5,0.4375,0.0,0.0,100.0,130.0,37.1,1.4,0.9375,30.0,10.0,-200.0,0.14285714285714285,0.32653061224489793,7,14,12.4,6.0,1148,1430,1393,0.0,0.0,110.0,160.0,40.1,2.7,0.125,0.0,0.0,60.0,90.0,37.9,2.0,0.375,5.0,0.0,55.0,-856.0,16.0,9.0,450.0,0.2222222222222222,0.0625,0.0,0.0,-0.0625,0.43000000000000044,0.0
940,202109050512,1,2,1,16,2,1,1,12,1,0,0,0,1,1,0,4,1,0,0,2,1,0,0,0,0,0,0,2,0,0,0,0,0,0,0,0,0.0,0.0,15.0,16.0,42.2,5.6,0.0625,0.0,0.0,15.0,10.0,36.1,1.3,1.0,0.0,0.0,14.0,16.0,37.0,2.6,1.0,0.0,10.0,0.0,0.09090909090909091,0.2909090909090909,2,4,16.7,7.0,1313,1110,1108,0.0,0.0,11.0,16.0,37.4,1.5,0.4375,0.0,0.0,10.0,14.0,39.5,3.5,0.6428571428571429,0.2,0.0,56.0,-323.0,16.0,16.0,502.0,0.0,0.0,0.0,-0.25,0.0,0.41000000000000086,0.0
941,202109050512,13,7,11,84,12,5,10,91,2,0,0,2,6,2,3,19,4,0,3,24,0,0,0,2,1,0,1,2,0,0,0,3,0,0,0,1,0.0,0.0,7.0,5.0,37.9,0.8,0.2222222222222222,0.0,0.0,13.0,14.0,38.5,1.2,0.0625,0.0,0.0,6.0,9.0,37.4,1.3,0.07142857142857142,2.0,18.0,200.0,0.0,0.058823529411764705,8,16,17.1,8.0,1716,1558,1167,0.0,0.0,8.0,11.0,39.2,2.5,0.125,0.0,0.0,3.0,4.0,38.6,1.1,0.125,-0.5,0.0,51.0,-340.0,16.0,9.0,462.0,0.0,0.0625,0.07142857142857142,0.0,0.0,-0.21000000000000085,0.0
942,202109050512,3,4,1,28,0,0,0,7,0,0,0,2,2,2,0,10,0,0,0,4,0,0,0,2,0,0,0,2,0,0,0,0,0,0,0,0,0.0,0.0,16.0,12.0,38.5,2.5,0.375,0.0,0.0,12.0,11.0,38.9,2.7,0.08333333333333333,0.0,0.0,12.0,12.0,36.8,1.6,0.9333333333333333,0.0,6.0,0.0,0.027777777777777776,0.2222222222222222,6,11,226.6,16.0,1665,1331,1577,0.0,0.0,14.0,13.0,37.9,1.4,0.375,0.0,0.0,5.0,13.0,36.9,1.7,0.21428571428571427,0.4,0.0,55.0,0.0,16.0,16.0,474.0,-0.0625,0.0,0.0,0.1875,0.0,0.42000000000000026,0.0
943,202109050512,13,7,11,84,12,5,10,91,2,0,0,2,6,2,3,19,4,0,3,24,0,0,0,2,1,0,1,2,0,0,0,3,0,0,0,1,0.0,0.0,60.0,8.0,37.5,1.6,0.9,0.0,0.0,100.0,15.0,35.1,1.8,0.8125,0.0,0.0,160.0,15.0,35.3,1.5,0.4375,3.5,1.0,280.0,0.0,0.25,1,2,21.1,10.0,1716,1558,1167,0.0,0.0,180.0,18.0,35.6,1.3,0.7222222222222222,0.0,0.0,130.0,10.0,35.0,1.8,0.375,0.7,0.0,54.0,-893.0,16.0,10.0,507.0,,,-0.125,0.16666666666666666,0.0,0.45,0.0
944,202109050512,0,0,0,3,0,0,0,1,0,0,0,0,0,0,0,2,0,0,0,0,0,0,0,0,0,0,0,0,0,0,0,0,0,0,0,0,0.0,0.0,13.0,13.0,34.4,1.6,0.9230769230769231,0.0,0.0,11.0,13.0,35.5,1.3,0.6153846153846154,0.0,0.0,12.0,11.0,36.1,1.9,0.8571428571428571,-1.0,-4.0,0.0,0.0425531914893617,0.0851063829787234,8,15,49.7,11.0,1059,1018,1482,0.0,0.0,12.0,11.0,37.2,1.9,0.75,0.0,0.0,14.0,8.0,33.3,0.4,0.625,-1.2,0.0,57.0,-855.0,16.0,13.0,474.0,0.07692307692307693,0.0,0.0,-0.125,0.0625,0.05,0.0
945,202109050512,1,0,0,10,4,3,1,36,0,0,0,0,0,0,0,2,2,1,1,7,0,0,0,0,0,0,0,0,0,0,0,2,0,0,0,0,0.0,0.0,13.0,9.0,39.1,2.1,0.8461538461538461,0.0,0.0,15.0,15.0,38.9,2.8,0.3125,0.0,0.0,14.0,14.0,37.5,1.5,0.6666666666666666,2.5,19.0,-200.0,0.07547169811320754,0.1320754716981132,1,1,144.8,15.0,1020,1721,1576,0.0,0.0,9.0,12.0,38.2,3.0,0.16666666666666666,0.0,0.0,7.0,5.0,36.1,0.8,0.25,-1.1,0.0,54.0,-360.0,16.0,13.0,463.0,-0.15384615384615385,0.0,0.06666666666666667,0.0,0.0,0.6699999999999996,0.0
946,202109050512,8,4,7,50,0,0,0,1,0,0,0,0,1,0,0,5,0,0,0,1,0,0,0,0,0,0,0,0,0,0,0,0,0,0,0,0,0.0,0.0,5.0,10.0,13.8,8.0,0.08333333333333333,0.0,0.0,6.0,8.0,13.4,5.0,0.14285714285714285,0.0,0.0,4.0,,,,,-2.0,-6.0,-1690.0,0.0,0.0,6,12,102.0,13.0,1152,707,1428,0.0,0.0,3.0,4.0,13.5,2.2,0.09090909090909091,0.0,0.0,13.0,2.0,13.9,0.0,0.07142857142857142,-2.8,0.25,51.0,-176.0,16.0,12.0,452.0,0.6666666666666666,0.2857142857142857,,0.18181818181818182,0.0,-0.039999999999999855,0.0
947,202109050602,4,14,9,78,0,0,0,1,0,0,0,0,2,4,6,21,0,0,0,0,0,0,0,0,1,0,3,7,0,0,0,0,0,0,0,0,0.0,0.0,40.0,10.0,35.9,0.9,0.3125,0.0,0.0,40.0,3.0,35.5,0.2,0.3333333333333333,0.0,0.0,20.0,3.0,35.8,0.3,0.3,-3.5,8.0,0.0,0.0,0.0,6,10,7.1,4.0,1172,247,1556,,,,,,,,,,,,,,,-3.5,0.6666666666666666,55.0,15.0,15.0,16.0,458.0,0.125,0.0,0.0,,,0.05000000000000071,0.0
948,202109050602,7,2,4,54,2,3,2,29,0,0,0,0,1,0,0,14,0,0,1,6,0,0,0,0,1,0,0,6,0,0,1,4,0,0,0,0,0.0,0.0,15.0,12.0,38.6,1.5,0.125,0.0,0.0,11.0,13.0,39.2,1.9,0.0625,0.0,0.0,12.0,14.0,38.9,1.2,0.0625,1.0,-4.0,0.0,0.0,0.05263157894736842,5,9,22.1,8.0,1278,1393,625,0.0,0.0,9.0,15.0,41.8,3.8,0.125,0.0,0.0,6.0,8.0,37.8,0.9,0.0625,-0.6,0.0,54.0,-825.0,15.0,16.0,488.0,0.0,0.0,0.0,0.0,0.0,-0.09999999999999858,0.0
949,202109050602,0,0,0,0,4,6,5,59,0,0,0,0,0,0,0,0,1,0,1,5,0,0,0,0,0,0,0,0,1,0,1,2,0,0,0,0,0.0,0.0,5.0,12.0,37.4,2.9,0.9375,0.0,0.0,4.0,1.0,36.1,0.0,0.21428571428571427,0.0,0.0,7.0,2.0,36.8,0.0,0.13333333333333333,-5.0,-2.0,0.0,0.07894736842105263,0.18421052631578946,5,8,9.8,5.0,1467,1428,336,0.0,0.0,3.0,7.0,35.6,0.7,0.7,0.0,0.0,11.0,7.0,36.6,1.1,0.3333333333333333,-0.4,0.4,55.0,-608.0,15.0,16.0,510.0,0.0625,-0.07142857142857142,0.0,0.0,-0.08333333333333333,0.20999999999999944,0.0
950,202109050602,4,0,3,20,1,0,0,4,0,0,0,0,1,0,0,6,0,0,0,0,0,0,0,0,1,0,0,3,0,0,0,0,0,0,0,0,0.0,0.0,110.0,14.0,39.6,2.2,0.125,0.0,0.0,60.0,10.0,38.5,2.1,0.25,0.0,0.0,8.0,8.0,38.1,1.6,0.14285714285714285,-3.0,10.0,-200.0,0.041666666666666664,0.20833333333333334,3,5,3.7,1.0,1095,1103,1221,0.0,0.0,4.0,11.0,38.2,1.1,0.0625,0.0,0.0,6.0,3.0,37.7,1.1,0.0625,-2.1,0.2,52.0,-1099.0,15.0,16.0,536.0,0.0,-0.08333333333333333,0.0,0.0,0.0,0.4099999999999994,0.0
951,202109050602,1,0,1,6,8,8,14,82,0,0,0,0,1,0,0,1,1,1,2,14,0,0,0,0,1,0,0,0,0,0,2,2,0,0,0,0,0.0,0.0,60.0,11.0,39.4,3.2,0.5833333333333334,,,,,,,,,,,,,,,,,0.0,0.09859154929577464,0.29577464788732394,2,3,44.4,9.0,1319,1559,334,,,,,,,,,,,,,,,,0.0,55.0,14.0,15.0,12.0,492.0,0.4166666666666667,,,,,,
952,202109050602,0,1,4,19,0,0,0,4,0,0,0,0,0,0,1,2,0,0,0,0,0,0,0,0,0,0,1,0,0,0,0,0,0,0,0,0,0.0,0.0,,,,,,0.0,0.0,20.0,12.0,36.4,1.2,0.14285714285714285,0.0,0.0,20.0,1.0,35.8,0.0,0.08333333333333333,-11.0,4.0,200.0,0.12403100775193798,0.3023255813953488,8,15,21.4,7.0,1601,197,239,0.0,0.0,20.0,3.0,36.8,0.5,0.25,0.0,0.0,60.0,8.0,38.8,2.4,0.375,-1.0,0.5,54.0,-615.0,15.0,11.0,488.0,,0.0,0.0,0.0,0.0,-0.8199999999999996,0.0
953,202109050602,4,8,3,72,2,0,1,3,0,0,0,0,2,5,2,39,0,0,0,1,0,0,0,0,0,2,0,13,0,0,0,1,0,0,0,0,0.0,0.0,5.0,16.0,44.1,4.7,0.125,0.0,0.0,5.0,12.0,45.6,7.2,0.3333333333333333,0.0,0.0,2.0,7.0,38.5,2.2,0.5333333333333333,-4.5,-2.0,-200.0,0.17647058823529413,0.35294117647058826,4,6,4.6,2.0,1645,1029,1366,0.0,0.0,2.0,5.0,38.2,1.0,0.06666666666666667,0.0,0.0,2.0,2.0,37.3,0.0,0.2,-3.5,0.2,55.0,-120.0,15.0,16.0,456.0,0.0625,0.0,0.0,0.0,0.0,2.1000000000000005,0.0
954,202109050602,2,1,0,22,8,4,4,44,0,0,0,0,0,0,0,4,7,0,2,12,0,0,0,0,0,0,0,2,2,0,1,5,0,0,0,0,0.0,0.0,40.0,7.0,39.2,1.9,0.16666666666666666,,,,,,,,,,,,,,,,,0.0,0.0,0.23809523809523808,3,4,106.9,12.0,1713,1235,215,,,,,,,,,,,,,,,,0.0,52.0,14.0,15.0,12.0,484.0,0.0,,,,,,
955,202109050602,4,8,3,72,5,2,0,16,0,0,0,0,2,5,2,39,2,1,0,4,0,0,0,0,0,2,0,13,1,0,0,1,0,0,0,0,0.0,0.0,2.0,11.0,42.8,3.4,0.5833333333333334,0.0,0.0,12.0,10.0,40.7,3.0,0.26666666666666666,0.0,0.0,13.0,8.0,36.9,1.9,1.0,-1.5,4.0,-200.0,0.10526315789473684,0.13157894736842105,8,14,404.0,15.0,1645,1228,1366,0.0,0.0,14.0,8.0,37.3,0.8,0.75,0.0,0.0,16.0,8.0,39.1,1.7,0.75,-0.8,0.0,55.0,-977.0,15.0,12.0,458.0,0.3333333333333333,0.4,0.0,0.0625,0.0,1.0799999999999996,0.0
956,202109050602,0,0,0,6,13,16,12,110,0,0,0,1,0,0,0,3,3,3,1,18,0,0,0,1,0,0,0,2,1,1,0,4,0,0,0,0,0.0,0.0,2.0,9.0,39.5,2.1,0.8,0.0,0.0,6.0,10.0,38.4,2.5,0.7333333333333333,0.0,0.0,11.0,9.0,36.2,1.4,0.17647058823529413,0.0,-1.0,-200.0,0.12195121951219512,0.3048780487804878,6,11,9.9,6.0,1629,1183,1428,0.0,0.0,5.0,8.0,36.5,1.4,0.375,,,,,,,,-0.4,0.0,55.0,-720.0,15.0,10.0,471.0,-0.1,0.0,-0.058823529411764705,0.0,,1.1199999999999997,0.0
957,202109050602,0,0,0,13,8,8,14,82,0,0,0,0,0,0,0,4,1,1,2,14,0,0,0,0,0,0,0,4,0,0,2,2,0,0,0,0,0.0,0.0,5.0,6.0,41.0,1.8,0.25,0.0,0.0,7.0,7.0,40.3,1.5,0.16666666666666666,0.0,0.0,11.0,4.0,39.1,1.1,0.18181818181818182,-1.0,-7.0,0.0,0.09782608695652174,0.2826086956521739,7,13,58.1,10.0,1657,1559,1317,0.0,0.0,10.0,11.0,38.6,2.7,0.7333333333333333,0.0,0.0,14.0,12.0,35.7,1.7,0.5294117647058824,1.6,0.0,55.0,-835.0,15.0,12.0,437.0,0.08333333333333333,0.0,0.0,0.13333333333333333,0.29411764705882354,1.229999999999999,0.0
958,202109050602,11,3,4,48,2,2,2,41,0,0,0,0,3,0,1,13,0,0,1,11,0,0,0,0,1,0,1,5,0,0,0,6,0,0,0,0,0.0,0.0,150.0,10.0,38.3,0.9,0.375,0.0,0.0,160.0,12.0,37.8,1.3,0.1875,0.0,0.0,140.0,12.0,37.0,2.1,0.75,1.0,-6.0,50.0,0.1414141414141414,0.32323232323232326,2,2,4.9,3.0,1348,1014,1221,0.0,0.0,16.0,14.0,38.3,2.3,0.9375,0.0,0.0,11.0,9.0,37.7,1.1,0.25,0.0,0.0,54.0,-1239.0,15.0,16.0,486.0,-0.125,0.0,0.125,0.0,0.125,0.06999999999999887,0.0
959,202109050602,1,0,1,13,4,3,1,22,0,0,0,0,1,0,1,6,0,0,1,8,0,0,0,0,0,0,1,2,0,0,1,3,0,0,0,0,0.0,0.0,7.0,5.0,41.9,2.3,0.42857142857142855,0.0,0.0,14.0,12.0,39.1,2.1,0.1875,0.0,0.0,14.0,13.0,38.5,2.9,1.0,4.0,9.0,-200.0,0.0,0.125,4,7,264.2,14.0,1583,1186,118,0.0,0.0,16.0,14.0,36.8,1.6,0.1875,0.0,0.0,16.0,16.0,36.2,2.8,0.75,2.4,0.0,54.0,-847.0,15.0,7.0,449.0,0.2857142857142857,0.0,-0.06666666666666667,0.125,0.0,1.3699999999999997,0.0
960,202109050602,0,0,0,0,6,4,7,31,0,0,0,0,0,0,0,0,1,2,0,9,0,0,0,0,0,0,0,0,1,1,0,4,0,0,0,0,0.0,0.0,8.0,11.0,40.6,2.0,0.36363636363636365,0.0,0.0,5.0,13.0,38.8,2.9,0.21428571428571427,0.0,0.0,11.0,8.0,39.2,1.7,0.0625,-1.5,-1.0,300.0,0.058823529411764705,0.20588235294117646,7,12,194.2,13.0,1243,1362,1428,0.0,0.0,6.0,13.0,38.8,1.3,0.0625,0.0,0.0,9.0,2.0,37.3,1.0,0.14285714285714285,-1.8,0.2,54.0,-498.0,15.0,11.0,433.0,0.36363636363636365,0.07142857142857142,0.125,0.0,0.07142857142857142,0.6600000000000008,0.0
961,202109050602,0,0,0,0,1,3,3,53,0,0,0,0,0,0,0,0,0,0,1,10,0,0,0,0,0,0,0,0,0,0,0,5,0,0,0,0,0.0,0.0,100.0,100.0,42.1,4.5,0.7,0.0,0.0,60.0,70.0,35.8,1.0,0.1111111111111111,0.0,0.0,160.0,80.0,36.8,0.8,0.16666666666666666,-10.0,7.0,-100.0,0.033707865168539325,0.11235955056179775,1,1,96.0,11.0,1243,1366,1428,0.0,0.0,110.0,150.0,40.7,4.6,0.5333333333333333,0.0,0.0,90.0,150.0,38.4,1.6,0.16666666666666666,18.0,0.0,54.0,-973.0,15.0,10.0,483.0,0.3,0.0,0.0,0.2,0.0,0.25,0.0
962,202109050702,11,3,4,48,2,2,2,41,0,0,0,0,3,0,1,13,0,0,1,11,0,0,0,0,1,0,1,5,0,0,0,6,0,0,0,0,0.0,0.0,150.0,10.0,38.3,0.9,0.375,0.0,0.0,160.0,12.0,37.8,1.3,0.1875,0.0,0.0,140.0,12.0,37.0,2.1,0.75,1.0,-6.0,50.0,0.14,0.32,8,15,10.8,4.0,1348,1014,1221,0.0,0.0,16.0,14.0,38.3,2.3,0.9375,0.0,0.0,11.0,9.0,37.7,1.1,0.25,0.0,0.0,54.0,-1233.0,16.0,16.0,486.0,-0.125,0.0,0.125,0.0,0.125,0.06999999999999887,0.0
963,202109050702,4,8,3,72,0,1,0,6,0,1,0,1,2,5,2,39,0,1,0,2,0,1,0,0,0,2,0,13,0,0,0,0,0,0,0,0,0.0,0.0,5.0,9.0,41.7,2.5,0.2222222222222222,0.0,0.0,14.0,14.0,41.3,4.1,0.14285714285714285,0.0,0.0,15.0,11.0,37.9,1.4,0.4375,1.0,1.0,-100.0,0.019801980198019802,0.19801980198019803,1,1,5.7,3.0,1645,1641,1366,0.0,0.0,14.0,14.0,39.1,2.4,0.5333333333333333,0.0,0.0,9.0,10.0,39.0,1.8,0.16666666666666666,0.2,0.0,55.0,-960.0,16.0,9.0,485.0,0.0,0.0,-0.125,0.06666666666666667,0.0,0.7600000000000001,0.0
964,202109050702,2,3,4,27,8,7,3,79,0,1,0,2,1,0,0,9,0,0,1,23,0,0,0,2,1,0,0,4,0,0,0,14,0,0,0,0,0.0,0.0,20.0,3.0,36.7,0.7,0.8333333333333334,,,,,,,,,,,,,,,,,0.0,0.12213740458015267,0.29770992366412213,3,6,3.5,2.0,1317,1405,1186,,,,,,,,,,,,,,,,1.0,54.0,20.0,16.0,12.0,442.0,-0.08333333333333333,,,,,,
965,202109050702,0,0,0,5,8,8,7,66,0,0,0,0,0,0,0,3,2,4,1,13,0,0,0,0,0,0,0,1,2,3,1,8,0,0,0,0,0.0,0.0,1.0,5.0,39.8,0.8,0.45454545454545453,0.0,0.0,15.0,11.0,37.1,1.4,0.625,0.0,0.0,2.0,12.0,39.1,1.8,0.21428571428571427,3.5,5.0,-300.0,0.06060606060606061,0.2727272727272727,2,4,60.6,8.0,1672,1294,1167,0.0,0.0,6.0,6.0,36.9,0.9,0.2,0.0,0.0,7.0,2.0,36.8,0.0,0.375,-1.1,0.2,55.0,-1039.0,16.0,11.0,501.0,-0.09090909090909091,0.0625,0.0,-0.06666666666666667,0.0,0.6200000000000003,0.0
966,202109050702,0,0,0,1,4,8,12,116,0,0,0,0,0,0,0,1,0,2,3,23,0,0,0,0,0,0,0,1,0,1,1,6,0,0,0,0,0.0,0.0,1.0,2.0,39.3,0.6,0.1111111111111111,0.0,0.0,9.0,11.0,40.6,2.6,0.375,0.0,0.0,3.0,7.0,35.8,0.8,0.35714285714285715,2.5,18.0,-200.0,0.0,0.038461538461538464,5,9,12.6,5.0,1270,1167,969,0.0,0.0,7.0,4.0,37.2,0.8,0.3125,0.0,0.0,4.0,7.0,39.3,1.8,0.25,0.3,0.2,55.0,-545.0,16.0,9.0,482.0,0.0,-0.125,0.0,0.0,0.0,0.33999999999999986,0.0
967,202109050702,15,11,16,108,8,4,4,44,0,0,0,0,4,3,4,28,7,0,2,12,0,0,0,0,1,0,2,15,2,0,1,5,0,0,0,0,0.0,0.0,7.0,8.0,38.4,1.0,0.1,0.0,0.0,13.0,13.0,37.7,1.8,0.21428571428571427,0.0,0.0,11.0,14.0,37.7,3.3,0.6428571428571429,3.0,0.0,0.0,0.04,0.2,7,14,2.4,1.0,1576,1235,1577,0.0,0.0,8.0,11.0,36.7,1.2,0.3333333333333333,0.0,0.0,1.0,1.0,36.1,0.0,0.14285714285714285,-1.6,0.2,52.0,-883.0,16.0,10.0,504.0,0.0,0.21428571428571427,0.14285714285714285,0.16666666666666666,0.0,0.5599999999999994,0.0
968,202109050702,0,0,0,0,0,0,0,0,0,0,0,0,0,0,0,0,0,0,0,0,0,0,0,0,0,0,0,0,0,0,0,0,0,0,0,0,0.0,0.0,4.0,2.0,42.3,1.0,0.2,0.0,0.0,14.0,12.0,40.0,1.5,0.5,0.0,0.0,15.0,15.0,38.9,3.1,0.8125,6.5,9.0,-200.0,0.0,0.0,4,7,51.8,7.0,1684,1639,1328,0.0,0.0,7.0,7.0,38.4,1.9,0.5625,0.0,0.0,14.0,12.0,37.2,1.8,0.11764705882352941,1.5,0.2,51.0,-385.0,16.0,10.0,467.0,0.0,0.0625,-0.0625,0.125,0.0,1.179999999999999,0.0
969,202109050702,7,2,4,54,1,0,1,6,0,0,0,0,1,0,0,14,0,0,0,4,0,0,0,0,1,0,0,6,0,0,0,0,0,0,0,0,0.0,0.0,8.0,1.0,38.9,0.0,0.3333333333333333,0.0,0.0,8.0,8.0,40.2,2.2,0.16666666666666666,0.0,0.0,7.0,6.0,37.8,1.4,0.07692307692307693,2.5,-6.0,-500.0,0.057971014492753624,0.2028985507246377,3,5,79.7,11.0,1278,1034,625,0.0,0.0,6.0,14.0,40.9,3.7,0.14285714285714285,0.0,0.0,9.0,7.0,41.3,2.5,0.07142857142857142,1.8,0.2,55.0,-708.0,16.0,12.0,454.0,-0.08333333333333333,0.08333333333333333,0.15384615384615385,0.7857142857142857,0.07142857142857142,-0.5499999999999993,0.0
970,202109050702,0,2,1,14,0,0,0,7,0,0,0,0,0,2,0,6,0,0,0,3,0,0,0,0,0,1,0,3,0,0,0,0,0,0,0,0,0.0,0.0,2.0,9.0,42.4,1.2,0.5,0.0,0.0,10.0,8.0,39.0,2.0,0.3076923076923077,0.0,0.0,14.0,9.0,39.2,2.4,0.4375,0.0,-3.0,-400.0,0.0,0.05263157894736842,8,16,392.8,14.0,1036,1374,1108,0.0,0.0,14.0,11.0,39.1,2.4,0.3333333333333333,0.0,0.0,6.0,8.0,41.9,5.6,0.8,0.1,0.0,52.0,-955.0,16.0,12.0,501.0,-0.16666666666666666,0.07692307692307693,-0.125,0.0,0.0,0.08999999999999986,0.0
971,202109050702,0,0,0,0,5,4,5,38,0,0,0,0,0,0,0,0,2,0,3,6,0,0,0,0,0,0,0,0,1,0,1,3,0,0,0,0,0.0,0.0,3.0,4.0,37.4,1.3,0.4166666666666667,0.0,0.0,14.0,7.0,35.1,1.2,0.6666666666666666,0.0,0.0,18.0,17.0,39.6,4.0,0.05555555555555555,6.5,-1.0,300.0,0.0,0.07692307692307693,1,2,431.6,15.0,1534,1482,1235,0.0,0.0,18.0,13.0,35.7,0.8,0.8888888888888888,0.0,0.0,11.0,11.0,38.9,2.7,0.8461538461538461,2.0000000000000004,0.0,54.0,-966.0,16.0,12.0,457.0,0.0,-0.1111111111111111,0.05555555555555555,0.0,0.0,-0.36000000000000015,0.0
972,202109050702,0,0,0,6,0,0,0,0,0,0,0,0,0,0,0,3,0,0,0,0,0,0,0,0,0,0,0,2,0,0,0,0,0,0,0,0,0.0,0.0,90.0,110.0,39.7,2.6,0.9166666666666666,0.0,0.0,90.0,90.0,38.6,1.9,1.0,0.0,0.0,140.0,140.0,37.1,2.2,0.17647058823529413,15.0,9.0,-300.0,0.01818181818181818,0.18181818181818182,7,13,72.2,10.0,1629,258,1428,0.0,0.0,120.0,160.0,39.4,4.7,1.0,0.0,0.0,100.0,110.0,39.2,2.7,0.5625,7.0,0.0,55.0,-970.0,16.0,12.0,493.0,0.0,-0.08333333333333333,0.11764705882352941,0.0,0.125,0.020000000000000285,0.0
973,202109050702,1,0,0,10,2,0,0,3,0,0,0,0,0,0,0,4,0,0,0,0,0,0,0,0,0,0,0,4,0,0,0,0,0,0,0,0,0.0,0.0,5.0,6.0,37.2,2.4,0.5555555555555556,0.0,0.0,13.0,12.0,43.0,5.4,0.3076923076923077,0.0,0.0,11.0,9.0,34.7,1.2,0.8333333333333334,1.5,11.0,400.0,0.0,0.14285714285714285,2,3,150.3,12.0,1463,901,1167,0.0,0.0,12.0,15.0,39.3,2.7,0.875,0.0,0.0,17.0,6.0,34.7,1.1,0.6111111111111112,0.3,0.0,51.0,-872.0,16.0,9.0,443.0,,0.6923076923076923,-0.05555555555555555,-0.0625,0.0,0.8700000000000003,0.0
974,202109050702,0,0,1,15,8,4,4,44,0,0,0,0,0,0,0,1,7,0,2,12,0,0,0,0,0,0,0,1,2,0,1,5,0,0,0,0,0.0,0.0,2.0,8.0,44.1,5.0,0.375,0.0,0.0,13.0,13.0,39.0,3.1,0.875,0.0,0.0,12.0,15.0,37.7,2.9,0.75,3.5,-18.0,-200.0,0.038461538461538464,0.15384615384615385,4,8,379.1,13.0,1677,1235,1167,0.0,0.0,9.0,14.0,38.3,4.4,0.42857142857142855,0.0,0.0,6.0,11.0,36.8,3.0,0.9090909090909091,0.7,0.0,55.0,-354.0,16.0,8.0,454.0,0.5,0.0,0.1875,-0.07142857142857142,0.09090909090909091,1.5300000000000011,0.0
975,202109050702,1,0,0,1,12,5,10,91,0,0,0,0,0,0,0,1,4,0,3,24,0,0,0,0,0,0,0,0,2,0,1,10,0,0,0,0,0.0,0.0,2.0,3.0,36.6,0.7,0.2222222222222222,0.0,0.0,12.0,7.0,34.0,0.5,0.9166666666666666,0.0,0.0,6.0,14.0,40.2,3.2,0.1875,5.5,13.0,350.0,0.0,0.041666666666666664,6,11,16.8,6.0,1401,1558,517,0.0,0.0,10.0,10.0,40.8,1.9,0.08333333333333333,0.0,0.0,5.0,6.0,34.4,0.6,0.45454545454545453,0.9,0.2,54.0,-878.0,16.0,9.0,479.0,0.1111111111111111,0.0,0.375,0.08333333333333333,0.0,-0.23999999999999916,0.0
976,202109050702,4,8,3,72,3,8,2,36,0,0,0,0,2,5,2,39,0,0,0,3,0,0,0,0,0,2,0,13,0,0,0,2,0,0,0,0,0.0,0.0,100.0,6.0,37.6,1.6,0.1,0.0,0.0,70.0,8.0,37.6,2.6,0.3333333333333333,,,,,,,,2.0,-2.0,0.0,0.043478260869565216,0.2608695652173913,5,10,68.1,9.0,1645,1221,1366,,,,,,,,,,,,,,,2.0,0.0,51.0,91.0,16.0,10.0,424.0,0.1,0.3333333333333333,,,,0.0,0.0
977,202109050702,1,1,0,6,0,0,1,9,0,0,0,0,1,0,0,4,0,0,0,3,0,0,0,0,1,0,0,2,0,0,0,2,0,0,0,0,0.0,0.0,8.0,8.0,48.0,9.2,0.625,0.0,0.0,15.0,14.0,42.2,4.0,0.13333333333333333,0.0,0.0,12.0,14.0,40.8,3.1,0.25,3.0,-11.0,-200.0,0.0,0.10344827586206896,6,12,633.4,16.0,1203,1553,1393,0.0,0.0,16.0,16.0,41.0,3.9,0.3125,0.0,0.0,13.0,12.0,39.3,2.8,0.5384615384615384,1.0,0.0,54.0,-395.0,16.0,8.0,387.0,0.375,0.4666666666666667,0.125,-0.0625,0.0,1.8600000000000008,0.0
978,202109050707,15,11,16,108,5,4,5,38,1,0,0,0,4,3,4,28,2,0,3,6,1,0,0,0,2,0,1,5,1,0,1,0,0,0,0,0,0.0,0.0,13.0,12.0,38.1,2.1,0.8125,0.0,0.0,11.0,11.0,37.9,3.9,1.0,0.0,0.0,16.0,8.0,36.7,0.7,0.9375,-2.0,12.0,0.0,0.0,0.22727272727272727,3,3,7.7,5.0,1576,1482,1577,0.0,0.0,9.0,12.0,37.0,2.2,0.6875,0.0,0.0,6.0,8.0,36.8,1.1,0.5,-0.7,0.0,53.0,-1043.0,12.0,16.0,542.0,0.125,0.0,-0.0625,0.0,0.0,0.3500000000000007,0.0
979,202109050707,13,7,11,84,1,2,0,10,0,1,0,1,6,2,3,19,0,1,0,0,0,1,0,0,1,0,0,7,0,0,0,0,0,0,0,0,0.0,0.0,2.0,4.0,41.5,1.3,0.8571428571428571,0.0,0.0,6.0,9.0,35.9,1.1,0.75,0.0,0.0,16.0,4.0,36.9,0.4,0.5625,0.0,17.0,-300.0,0.09722222222222222,0.2916666666666667,2,2,7.1,4.0,1716,1438,1167,0.0,0.0,12.0,13.0,37.5,1.9,0.75,0.0,0.0,13.0,11.0,36.7,1.3,0.8125,1.8,0.0,57.0,-947.0,12.0,7.0,513.0,-0.42857142857142855,0.0,0.0,0.0,-0.0625,0.7999999999999993,0.0
980,202109050707,0,0,0,5,9,8,5,91,0,0,0,0,0,0,0,3,1,1,1,18,0,0,0,0,0,0,0,1,0,0,0,3,0,0,0,0,0.0,0.0,70.0,2.0,36.8,0.1,0.625,0.0,0.0,150.0,3.0,36.9,0.3,0.3333333333333333,0.0,0.0,60.0,11.0,37.8,1.5,0.35714285714285715,4.5,-16.0,50.0,0.023255813953488372,0.13953488372093023,1,1,6.0,2.0,1672,1345,1167,0.0,0.0,10.0,1.0,38.0,0.0,0.125,0.0,0.0,20.0,2.0,37.0,0.1,0.375,-0.2,0.8,53.0,14.0,12.0,16.0,442.0,0.0,0.0,0.14285714285714285,0.0,-0.0625,-0.15000000000000072,0.0
981,202109050707,0,1,4,19,8,9,14,114,0,0,2,2,0,0,1,2,0,0,2,18,0,0,0,0,0,0,0,0,0,0,0,8,0,0,0,0,0.0,0.0,7.0,6.0,36.7,0.7,0.4375,0.0,0.0,2.0,10.0,37.2,0.8,0.5625,0.0,0.0,1.0,4.0,38.0,0.8,0.25,-1.0,-4.0,0.0,0.12048192771084337,0.30120481927710846,7,9,4.0,1.0,1601,1263,239,0.0,0.0,1.0,1.0,37.4,0.0,0.13333333333333333,0.0,0.0,2.0,4.0,39.2,0.7,0.1875,-1.3,0.2,54.0,-42.0,12.0,16.0,446.0,-0.0625,0.0,0.0,0.0,0.125,-0.5199999999999996,0.0
982,202109050707,0,3,1,5,1,3,3,31,0,1,1,1,0,1,1,3,1,1,2,10,0,1,1,1,0,1,1,1,0,1,1,3,0,1,1,1,0.0,0.0,10.0,9.0,13.8,3.1,1.0,0.0,0.0,30.0,2.0,13.5,0.2,0.16666666666666666,0.0,0.0,30.0,4.0,13.7,1.3,0.5833333333333334,-2.5,-6.0,-1770.0,0.07692307692307693,0.15384615384615385,4,4,22.8,10.0,1521,1503,1313,0.0,0.0,20.0,9.0,13.6,3.9,0.2727272727272727,0.0,0.0,20.0,2.0,13.3,0.2,0.2222222222222222,-0.7,0.4,57.0,-477.0,12.0,9.0,480.0,0.0,0.0,-0.25,0.7272727272727273,-0.1111111111111111,0.09000000000000004,0.0
983,202109050707,0,0,1,5,2,2,2,41,0,0,0,0,0,0,1,0,0,0,1,11,0,0,0,0,0,0,1,0,0,0,1,1,0,0,0,0,0.0,0.0,6.0,11.0,40.4,2.0,0.9166666666666666,0.0,0.0,13.0,8.0,36.1,0.9,0.8571428571428571,0.0,0.0,8.0,9.0,36.4,0.4,0.42857142857142855,-1.0,25.0,-200.0,0.12307692307692308,0.3,8,12,9.7,7.0,1729,1014,1428,0.0,0.0,11.0,5.0,36.1,0.5,0.875,0.0,0.0,13.0,11.0,36.1,1.2,0.9375,-0.3,0.0,54.0,-762.0,12.0,12.0,453.0,0.08333333333333333,-0.14285714285714285,0.07142857142857142,0.0,0.0,0.8599999999999994,0.0
984,202109050707,2,1,0,19,1,0,1,24,1,0,0,1,1,1,0,1,1,0,0,9,1,0,0,0,0,1,0,0,0,0,0,1,0,0,0,0,0.0,0.0,3.0,3.0,39.6,1.2,0.3333333333333333,0.0,0.0,13.0,14.0,36.6,1.7,1.0,0.0,0.0,10.0,12.0,37.5,1.6,0.8125,4.5,7.0,-200.0,0.05128205128205128,0.1794871794871795,6,7,54.9,11.0,1674,1551,1428,0.0,0.0,4.0,12.0,36.7,1.2,0.9375,0.0,0.0,7.0,7.0,39.1,0.5,0.4375,0.6,0.2,55.0,-166.0,12.0,9.0,487.0,0.1111111111111111,0.0,0.0625,0.0,0.0,0.08999999999999986,0.0
985,202109050707,4,3,6,58,10,4,6,117,1,0,0,3,0,0,1,9,2,0,2,27,0,0,0,0,0,0,0,3,1,0,1,4,0,0,0,0,0.0,0.0,70.0,80.0,37.5,0.9,0.6875,0.0,0.0,100.0,50.0,36.2,0.7,0.8461538461538461,0.0,0.0,60.0,80.0,38.0,1.3,0.5833333333333334,0.0,6.0,0.0,0.02,0.2,5,5,9.4,6.0,1009,1013,298,0.0,0.0,70.0,80.0,35.6,0.5,0.5833333333333334,0.0,0.0,20.0,20.0,35.2,0.0,0.75,-9.0,0.0,55.0,-28.0,12.0,16.0,472.0,0.125,0.0,0.08333333333333333,0.0,0.0,0.5199999999999996,0.0
986,202109050707,8,4,7,50,2,1,0,13,1,0,0,2,1,0,0,5,1,0,0,2,0,0,0,0,0,0,0,2,0,0,0,1,0,0,0,0,0.0,0.0,10.0,10.0,39.0,2.4,0.6923076923076923,0.0,0.0,7.0,12.0,35.4,1.4,1.0,0.0,0.0,3.0,7.0,35.6,0.2,0.9333333333333333,-1.5,4.0,0.0,0.07692307692307693,0.20512820512820512,8,11,6.5,3.0,1152,1199,1428,0.0,0.0,9.0,9.0,35.7,1.1,1.0,0.0,0.0,5.0,7.0,36.5,0.7,0.6666666666666666,-0.9,0.0,57.0,-843.0,12.0,13.0,460.0,0.07692307692307693,0.0,0.0,0.0,0.0,0.4699999999999996,0.0
987,202109050707,0,0,0,2,0,0,1,3,0,0,0,0,0,0,0,0,0,0,1,0,0,0,0,0,0,0,0,0,0,0,0,0,0,0,0,0,0.0,0.0,7.0,7.0,37.3,2.7,1.0,0.0,0.0,11.0,10.0,38.9,2.0,0.45454545454545453,0.0,0.0,12.0,15.0,37.7,2.5,0.9375,4.0,0.0,-800.0,0.0967741935483871,0.27956989247311825,6,8,10.7,8.0,1241,1543,1556,0.0,0.0,10.0,8.0,33.9,1.4,0.36363636363636365,0.0,0.0,11.0,8.0,37.4,1.5,0.6153846153846154,0.0,0.0,57.0,-799.0,12.0,7.0,512.0,0.0,0.0,0.0,0.09090909090909091,0.07692307692307693,0.4799999999999997,0.0
988,202109050707,0,0,0,3,0,0,0,0,0,0,0,0,0,0,0,2,0,0,0,0,0,0,0,0,0,0,0,1,0,0,0,0,0,0,0,0,0.0,0.0,100.0,9.0,43.7,4.5,0.7,0.0,0.0,160.0,16.0,38.9,3.6,0.625,0.0,0.0,120.0,11.0,39.9,2.5,0.16666666666666666,1.0,-2.0,-200.0,0.10526315789473684,0.21052631578947367,5,6,110.5,12.0,1059,733,1482,0.0,0.0,80.0,11.0,39.2,2.7,0.3076923076923077,0.0,0.0,70.0,8.0,35.6,0.7,0.16666666666666666,-0.7,0.0,55.0,-644.0,12.0,10.0,476.0,0.2,0.0,0.0,0.0,0.16666666666666666,1.5899999999999999,0.0
989,202109050707,3,2,2,54,3,10,11,113,0,0,0,3,0,1,0,11,1,2,2,28,0,0,0,2,0,0,0,2,0,0,0,10,0,0,0,1,0.0,0.0,50.0,,,,1.0,0.0,0.0,130.0,13.0,38.1,1.6,0.5,0.0,0.0,90.0,12.0,39.1,2.7,0.8333333333333334,-1.0,9.0,-200.0,0.3333333333333333,0.5,7,10,21.3,9.0,1403,1556,939,0.0,0.0,30.0,10.0,38.9,1.3,0.07142857142857142,0.0,0.0,50.0,8.0,37.6,1.7,0.8125,-1.7,0.0,57.0,-785.0,12.0,11.0,465.0,,-0.0625,-0.16666666666666666,0.07142857142857142,-0.25,0.1700000000000003,0.0
990,202109050804,13,7,11,84,8,8,14,82,0,0,0,1,6,2,3,19,1,1,2,14,0,0,0,1,0,0,0,1,0,0,0,1,0,0,0,0,0.0,0.0,6.0,2.0,37.1,0.0,0.25,0.0,0.0,4.0,5.0,38.1,0.9,0.1875,0.0,0.0,1.0,12.0,36.8,1.3,0.6875,5.0,-10.0,0.0,0.03333333333333333,0.1111111111111111,6,6,2.0,1.0,1716,1559,1167,0.0,0.0,2.0,3.0,36.7,0.1,0.125,0.0,0.0,3.0,1.0,38.2,0.0,0.125,-0.4,0.6,54.0,-574.0,11.0,16.0,468.0,0.0,-0.0625,0.0625,0.0,0.0,-0.08000000000000043,0.0
991,202109050804,11,8,8,63,1,3,3,53,0,0,1,0,2,0,0,17,0,0,1,10,0,0,0,0,1,0,0,0,0,0,0,1,0,0,0,0,0.0,0.0,5.0,6.0,40.3,3.1,0.7777777777777778,0.0,0.0,4.0,12.0,39.2,2.7,0.46153846153846156,0.0,0.0,13.0,7.0,38.3,0.4,0.25,0.5,16.0,-200.0,0.0,0.05,3,3,11.3,5.0,1520,1366,695,0.0,0.0,6.0,9.0,38.2,1.2,0.3333333333333333,0.0,0.0,9.0,9.0,37.7,1.1,0.5,0.3,0.0,51.0,-744.0,11.0,9.0,504.0,0.0,0.15384615384615385,0.0,0.06666666666666667,0.0,0.6199999999999989,0.0
992,202109050804,4,14,3,40,12,5,10,91,0,0,0,0,0,1,0,5,4,0,3,24,0,0,0,0,0,0,0,1,0,0,0,3,0,0,0,0,0.0,0.0,10.0,10.0,38.8,2.4,0.7,0.0,0.0,8.0,9.0,39.1,2.5,0.8888888888888888,0.0,0.0,12.0,10.0,39.2,3.3,0.8333333333333334,0.0,-2.0,-600.0,0.03333333333333333,0.21666666666666667,1,1,6.8,4.0,1605,1558,1,0.0,0.0,13.0,15.0,38.2,1.8,1.0,0.0,0.0,17.0,17.0,33.9,1.0,0.8823529411764706,2.0,0.0,54.0,-1042.0,11.0,10.0,478.0,0.3,0.1111111111111111,0.08333333333333333,0.0,0.058823529411764705,1.0699999999999996,0.0
993,202109050804,9,9,6,64,13,16,12,110,0,0,0,6,1,0,3,5,3,3,1,18,0,0,0,0,0,0,0,0,0,0,0,2,0,0,0,0,0.0,0.0,2.0,5.0,38.0,1.5,0.3125,0.0,0.0,2.0,2.0,37.9,0.1,0.25,0.0,0.0,7.0,7.0,39.8,1.0,0.125,1.0,2.0,0.0,0.05,0.175,5,5,21.9,7.0,1127,1183,1328,0.0,0.0,7.0,4.0,37.1,1.8,0.8181818181818182,,,,,,,,0.2,0.25,53.0,-146.0,11.0,16.0,444.0,-0.0625,-0.0625,-0.0625,0.0,,0.07999999999999971,0.0
994,202109050804,0,0,0,1,10,4,6,117,0,0,0,0,0,0,0,1,2,0,2,27,0,0,0,0,0,0,0,0,0,0,0,1,0,0,0,0,0.0,0.0,16.0,16.0,40.9,4.7,0.5,0.0,0.0,9.0,5.0,39.0,2.1,0.18181818181818182,,,,,,,,-11.0,-8.0,0.0,0.0,0.17857142857142858,6,7,100.7,9.0,1270,1013,969,,,,,,,,,,,,,,,-11.0,0.0,54.0,-27.0,11.0,16.0,418.0,0.25,0.09090909090909091,,,,1.8999999999999986,0.0
995,202109050804,15,11,16,108,5,3,3,19,0,0,0,0,4,3,4,28,0,1,1,6,0,0,0,0,0,1,0,0,0,0,0,0,0,0,0,0,0.0,0.0,2.0,6.0,38.2,2.3,0.6363636363636364,,,,,,,,,,,,,,,,,0.0,0.05714285714285714,0.2,2,2,6.2,2.0,1576,770,1577,,,,,,,,,,,,,,,,0.0,54.0,0.0,11.0,11.0,480.0,-0.2727272727272727,,,,,,
996,202109050804,4,8,3,72,0,0,0,0,0,0,0,0,2,5,2,39,0,0,0,0,0,0,0,0,0,0,0,2,0,0,0,0,0,0,0,0,0.0,0.0,5.0,6.0,40.5,2.9,0.7,0.0,0.0,15.0,12.0,34.6,0.7,0.6111111111111112,0.0,0.0,11.0,13.0,39.3,1.9,0.5333333333333333,3.5,6.0,-500.0,0.12121212121212122,0.30303030303030304,8,10,6.6,3.0,1645,1642,1366,0.0,0.0,7.0,10.0,38.9,2.9,0.4375,0.0,0.0,8.0,7.0,35.0,1.1,0.4444444444444444,0.0,0.0,54.0,-823.0,11.0,10.0,432.0,0.0,0.1111111111111111,0.0,0.0,-0.16666666666666666,0.6700000000000003,0.0
997,202109050804,13,7,11,84,1,0,2,11,0,0,0,1,6,2,3,19,0,0,0,4,0,0,0,1,0,0,0,1,0,0,0,0,0,0,0,0,0.0,0.0,7.0,10.0,43.6,6.7,0.7,0.0,0.0,13.0,15.0,42.4,4.2,0.3125,0.0,0.0,11.0,8.0,39.0,3.2,0.45454545454545453,-1.0,5.0,-200.0,0.038461538461538464,0.19230769230769232,7,8,150.3,11.0,1716,1542,1167,,,,,,,,,,,,,,,-1.0,0.0,51.0,-283.0,11.0,10.0,387.0,0.3,0.0625,0.09090909090909091,,,2.3000000000000007,0.0
998,202109050804,0,1,4,19,3,10,11,113,0,0,0,0,0,0,1,2,1,2,2,28,0,0,0,0,0,0,0,2,0,0,0,3,0,0,0,0,0.0,0.0,10.0,9.0,38.5,3.4,1.0,,,,,,,,,,,,,,,,,0.0,0.07575757575757576,0.15151515151515152,7,9,123.2,10.0,1601,1556,239,,,,,,,,,,,,,,,,0.0,54.0,0.0,11.0,11.0,422.0,-0.09090909090909091,,,,,,
999,202109050804,0,0,0,0,1,3,3,31,0,0,0,0,0,0,0,0,1,1,2,10,0,0,0,0,0,0,0,0,1,0,0,1,0,0,0,0,0.0,0.0,8.0,,,,1.0,0.0,0.0,16.0,16.0,36.4,2.4,0.6875,0.0,0.0,11.0,12.0,35.3,1.2,0.9285714285714286,-4.0,20.0,-200.0,0.058823529411764705,0.2647058823529412,8,11,13.0,6.0,1608,1503,737,0.0,0.0,15.0,15.0,40.7,3.9,0.6,0.0,0.0,10.0,10.0,36.3,2.0,1.0,-1.5,0.0,54.0,-834.0,11.0,12.0,484.0,0.0,0.0625,0.0,0.26666666666666666,-0.16666666666666666,-0.5100000000000001,0.0
1000,202109050804,0,0,0,0,0,0,0,2,0,0,0,0,0,0,0,0,0,0,0,2,0,0,0,0,0,0,0,0,0,0,0,0,0,0,0,0,0.0,0.0,110.0,11.0,43.3,6.0,1.0,0.0,0.0,150.0,15.0,43.9,6.5,0.26666666666666666,0.0,0.0,160.0,16.0,42.1,4.6,0.4375,2.5,13.0,-300.0,0.0,0.05714285714285714,4,4,78.5,8.0,1704,1477,1712,0.0,0.0,80.0,11.0,42.1,7.6,0.8181818181818182,,,,,,,,0.1,0.0,54.0,-484.0,11.0,11.0,439.0,0.0,0.5333333333333333,0.5625,0.18181818181818182,,0.5399999999999985,0.0
1001,202109060110,15,11,16,108,0,0,0,1,0,0,0,0,4,3,4,28,0,0,0,0,0,0,0,0,0,1,0,0,0,0,0,0,0,0,0,0,0.0,0.0,3.0,5.0,36.6,0.4,0.7272727272727273,0.0,0.0,8.0,5.0,35.0,0.6,0.6875,0.0,0.0,11.0,4.0,37.2,0.4,0.5,-0.5,0.0,0.0,0.11904761904761904,0.2976190476190476,3,5,2.8,1.0,1576,81,1577,0.0,0.0,8.0,6.0,37.2,1.1,0.375,0.0,0.0,14.0,9.0,37.1,0.8,0.6875,0.9,0.0,54.0,-428.0,16.0,11.0,498.0,-0.18181818181818182,0.0625,0.0,-0.125,0.0625,-0.3200000000000003,0.0
1002,202109060110,15,11,16,108,0,1,0,4,0,0,0,0,4,3,4,28,0,1,0,2,0,0,0,0,0,1,0,0,0,0,0,0,0,0,0,0,0.0,0.0,10.0,80.0,42.2,2.2,0.2,0.0,0.0,140.0,150.0,36.5,1.7,0.75,0.0,0.0,80.0,110.0,36.9,1.5,0.8181818181818182,15.0,0.0,-300.0,0.12030075187969924,0.3007518796992481,4,7,5.0,3.0,1576,1685,1577,0.0,0.0,150.0,120.0,35.9,1.4,0.3125,0.0,0.0,110.0,110.0,37.6,1.1,0.5625,3.0,0.0,56.0,-962.0,16.0,10.0,504.0,0.3,0.125,-0.09090909090909091,-0.0625,0.0,0.9800000000000004,0.0
1003,202109060110,1,1,0,3,1,1,0,3,1,1,0,3,1,1,0,2,1,1,0,2,1,1,0,2,0,0,0,0,0,0,0,0,0,0,0,0,0.0,0.0,13.0,10.0,36.1,1.0,0.9285714285714286,0.0,0.0,16.0,14.0,35.5,1.6,0.875,0.0,0.0,10.0,6.0,36.2,0.7,0.8571428571428571,-2.0,10.0,0.0,0.29411764705882354,0.5294117647058824,8,16,3.3,2.0,134,26,832,0.0,0.0,10.0,9.0,36.3,1.4,1.0,0.0,0.0,10.0,7.0,37.1,1.0,0.9230769230769231,-1.1,0.0,57.0,-1037.0,16.0,14.0,512.0,0.07142857142857142,0.0625,-0.07142857142857142,-0.125,0.07692307692307693,-0.2799999999999997,0.0
1004,202109060110,4,3,6,58,8,9,14,114,0,0,3,2,0,0,1,9,0,0,2,18,0,0,1,0,0,0,0,0,0,0,0,3,0,0,0,0,0.0,0.0,9.0,7.0,35.6,1.2,0.9166666666666666,0.0,0.0,10.0,9.0,37.1,1.0,0.5714285714285714,0.0,0.0,10.0,12.0,36.8,1.5,0.625,2.5,6.0,0.0,0.022222222222222223,0.13333333333333333,6,11,9.9,4.0,1009,1263,298,0.0,0.0,10.0,6.0,35.1,0.3,0.625,0.0,0.0,7.0,7.0,37.0,0.9,0.2727272727272727,-0.3,0.0,55.0,-658.0,16.0,12.0,464.0,0.0,0.07142857142857142,0.0,0.0,0.09090909090909091,-0.07999999999999971,0.0
1005,202109060110,1,0,0,14,2,2,1,21,1,0,0,2,0,0,0,3,0,0,0,6,0,0,0,2,0,0,0,0,0,0,0,0,0,0,0,0,0.0,0.0,8.0,4.0,36.8,0.2,0.75,0.0,0.0,15.0,9.0,35.9,0.8,0.5,0.0,0.0,13.0,9.0,37.0,1.0,0.75,2.5,2.0,-200.0,0.041666666666666664,0.08333333333333333,6,12,37.5,9.0,1468,1436,1328,0.0,0.0,9.0,12.0,37.6,1.4,0.6875,0.0,0.0,9.0,5.0,36.5,0.8,0.5,0.5,0.0,57.0,-204.0,16.0,16.0,498.0,-0.125,0.0,0.0,-0.125,0.0,-0.11000000000000085,0.0
1006,202109060110,4,6,5,72,2,0,3,6,0,0,0,0,3,4,5,41,0,0,2,2,0,0,0,0,0,0,1,3,0,0,0,0,0,0,0,0,0.0,0.0,2.0,2.0,39.8,0.2,0.36363636363636365,0.0,0.0,13.0,11.0,35.4,1.9,0.9230769230769231,0.0,0.0,13.0,13.0,37.1,1.1,0.125,5.5,7.0,-200.0,0.0196078431372549,0.20588235294117646,1,1,32.8,7.0,1228,260,1108,0.0,0.0,13.0,10.0,37.3,1.3,0.7692307692307693,0.0,0.0,15.0,8.0,36.0,1.0,0.875,1.1,0.2,57.0,-1051.0,16.0,11.0,511.0,-0.18181818181818182,0.0,0.0,0.0,-0.0625,0.5699999999999996,0.0
1007,202109060110,5,5,7,81,0,0,3,4,0,0,1,0,1,3,3,27,0,0,1,0,0,0,1,0,0,0,0,1,0,0,0,0,0,0,0,0,0.0,0.0,15.0,5.0,36.8,1.0,0.4375,0.0,0.0,16.0,7.0,36.7,1.2,0.625,0.0,0.0,15.0,7.0,36.3,1.2,0.7333333333333333,1.0,-2.0,0.0,0.07462686567164178,0.14925373134328357,4,8,176.8,16.0,1393,960,1263,0.0,0.0,15.0,13.0,36.3,0.8,0.5,0.0,0.0,10.0,13.0,37.2,1.8,0.8,2.2,0.0,55.0,-7.0,16.0,16.0,458.0,-0.0625,0.125,0.13333333333333333,-0.0625,0.0,-0.04000000000000057,0.0
1008,202109060110,4,5,8,99,1,0,1,4,0,0,0,3,1,0,1,21,0,0,0,2,0,0,0,2,0,0,0,3,0,0,0,2,0,0,0,2,0.0,0.0,13.0,12.0,36.5,1.6,0.875,0.0,0.0,14.0,11.0,38.0,0.9,0.625,0.0,0.0,14.0,9.0,36.3,1.0,1.0,-1.5,0.0,0.0,0.017857142857142856,0.17857142857142858,5,9,50.4,10.0,1183,1645,1558,0.0,0.0,10.0,8.0,36.7,1.2,0.625,0.0,0.0,9.0,9.0,37.3,1.4,0.3125,-0.9,0.0,55.0,-148.0,16.0,16.0,446.0,0.0625,-0.0625,0.0,0.0625,0.0,-0.029999999999999714,0.0
1009,202109060110,0,0,0,4,0,0,0,1,0,0,0,0,0,0,0,2,0,0,0,1,0,0,0,0,0,0,0,1,0,0,0,0,0,0,0,0,0.0,0.0,2.0,1.0,35.7,0.0,0.08333333333333333,0.0,0.0,14.0,14.0,39.9,2.4,0.06666666666666667,0.0,0.0,14.0,9.0,37.5,0.9,0.0625,4.0,10.0,280.0,0.1485148514851485,0.32673267326732675,8,15,16.6,6.0,664,305,1110,0.0,0.0,9.0,15.0,38.6,2.6,0.25,0.0,0.0,3.0,7.0,35.2,0.7,0.6428571428571429,1.3,0.2,57.0,-965.0,16.0,12.0,514.0,,0.0,0.0,-0.0625,0.0,0.2299999999999997,0.0
1010,202109060110,4,14,9,78,1,1,0,8,0,0,0,0,2,4,6,21,0,1,0,1,0,0,0,0,0,1,1,1,0,0,0,0,0,0,0,0,0.0,0.0,2.0,10.0,42.7,2.6,0.45454545454545453,0.0,0.0,8.0,10.0,36.1,1.3,0.875,0.0,0.0,15.0,14.0,34.9,1.6,0.35294117647058826,2.0,2.0,-200.0,0.2857142857142857,0.42857142857142855,3,6,35.9,8.0,1172,1433,1556,0.0,0.0,9.0,5.0,34.0,0.3,0.625,0.0,0.0,10.0,6.0,34.1,0.3,0.6923076923076923,-1.3,0.0,57.0,-524.0,16.0,11.0,488.0,0.18181818181818182,0.0,0.11764705882352941,0.0,0.07692307692307693,1.9300000000000004,0.0
1011,202109060110,9,9,6,64,5,2,1,19,1,0,1,4,1,0,3,5,1,0,1,5,0,0,1,1,0,0,0,0,0,0,0,0,0,0,0,0,0.0,0.0,12.0,7.0,37.9,0.5,0.3125,0.0,0.0,8.0,7.0,37.5,0.5,0.25,0.0,0.0,11.0,11.0,38.1,1.3,0.0625,2.0,2.0,0.0,0.056338028169014086,0.19718309859154928,7,13,68.5,11.0,1127,848,1328,0.0,0.0,11.0,13.0,38.8,1.6,0.0625,0.0,0.0,10.0,14.0,36.9,1.1,0.4,2.0,0.0,57.0,-85.0,16.0,16.0,510.0,0.0625,0.0,0.0625,0.0,-0.06666666666666667,0.07000000000000028,0.0
1012,202109060110,3,4,1,28,8,8,7,66,0,0,0,0,2,2,0,10,2,4,1,13,0,0,0,0,0,0,0,0,0,0,0,0,0,0,0,0,0.0,0.0,12.0,13.0,37.1,1.6,1.0,0.0,0.0,16.0,12.0,35.8,1.1,0.875,0.0,0.0,13.0,12.0,36.4,1.3,0.8125,-0.5,2.0,0.0,0.0,1.0,5,10,82.5,12.0,1665,1294,1577,0.0,0.0,12.0,12.0,35.9,1.4,0.9375,0.0,0.0,14.0,8.0,36.1,0.9,1.0,-1.0,0.0,57.0,-414.0,16.0,16.0,526.0,-0.0625,0.0,0.1875,0.0625,0.0,0.18999999999999986,0.0
1013,202109060110,2,2,2,16,1,1,1,9,1,1,1,2,1,2,1,5,1,1,1,7,1,1,1,1,0,0,0,1,0,0,0,1,0,0,0,1,0.0,0.0,110.0,110.0,43.7,4.7,1.0,0.0,0.0,160.0,60.0,36.8,1.3,0.9375,0.0,0.0,160.0,100.0,37.0,1.5,0.875,-5.0,1.0,-200.0,0.07894736842105263,0.2631578947368421,2,4,163.5,15.0,1170,1423,1404,0.0,0.0,100.0,110.0,37.0,1.6,0.46153846153846156,0.0,0.0,80.0,50.0,36.2,0.6,0.8125,-7.0,0.0,57.0,-949.0,16.0,11.0,475.0,0.0,-0.0625,0.0,0.15384615384615385,0.0,1.4799999999999998,0.0
1014,202109060110,0,0,0,5,1,0,1,24,0,0,0,0,0,0,0,1,1,0,0,9,0,0,0,0,0,0,0,0,0,0,0,0,0,0,0,0,0.0,0.0,2.0,1.0,37.1,0.0,0.09090909090909091,0.0,0.0,11.0,16.0,38.1,2.5,0.125,0.0,0.0,13.0,15.0,38.9,2.4,0.125,7.0,2.0,200.0,0.06666666666666667,0.26666666666666666,1,2,12.0,5.0,1491,1551,1013,0.0,0.0,4.0,1.0,35.2,0.0,0.07142857142857142,0.0,0.0,12.0,15.0,39.3,2.5,0.06666666666666667,1.3,0.4,55.0,-362.0,16.0,11.0,488.0,0.0,0.0,0.0,0.0,0.0,-0.1499999999999993,0.0
1015,202109060110,1,0,0,1,1,1,0,5,1,0,0,1,0,0,0,0,0,0,0,1,0,0,0,0,0,0,0,0,0,0,0,0,0,0,0,0,0.0,0.0,20.0,5.0,38.3,0.9,0.7777777777777778,0.0,0.0,140.0,15.0,37.6,1.7,0.5,0.0,0.0,130.0,9.0,36.1,0.7,0.625,2.0,4.0,-400.0,0.0,0.05555555555555555,2,3,152.4,14.0,737,987,322,0.0,0.0,140.0,8.0,36.1,0.5,0.6,0.0,0.0,160.0,,,,,0.3,0.0,57.0,-933.0,16.0,9.0,490.0,-0.2222222222222222,0.0,0.0,-0.06666666666666667,,0.8099999999999987,0.0
1016,202109060110,0,2,1,13,6,4,7,31,0,1,0,2,0,1,1,6,1,2,0,9,0,1,0,2,0,0,0,0,0,0,0,0,0,0,0,0,0.0,0.0,13.0,16.0,36.5,1.8,0.9375,0.0,0.0,15.0,15.0,38.5,2.2,0.0625,0.0,0.0,8.0,13.0,38.7,2.4,0.5,-1.5,4.0,0.0,0.016129032258064516,0.11290322580645161,7,14,109.7,13.0,1366,1362,216,0.0,0.0,15.0,14.0,38.2,2.6,0.3125,0.0,0.0,5.0,12.0,38.4,4.1,0.8333333333333334,-0.9,0.0,55.0,0.0,16.0,16.0,510.0,0.0,0.0,0.14285714285714285,0.125,0.16666666666666666,-0.35,0.0
1017,202109060203,11,8,8,63,0,0,0,1,0,0,0,0,2,0,0,17,0,0,0,0,0,0,0,0,0,0,0,6,0,0,0,0,0,0,0,0,0.0,0.0,5.0,7.0,40.5,1.5,0.8888888888888888,0.0,0.0,9.0,11.0,37.2,1.6,0.5625,0.0,0.0,8.0,9.0,36.0,0.8,0.75,1.0,4.0,-100.0,0.06521739130434782,0.2608695652173913,3,3,3.1,1.0,1520,102,695,0.0,0.0,13.0,15.0,37.7,2.8,0.9375,0.0,0.0,6.0,8.0,37.1,1.1,0.6875,0.6,0.0,55.0,-1050.0,10.0,9.0,508.0,0.0,-0.0625,0.0,0.0,0.0,0.6299999999999997,0.0
1018,202109060203,0,0,0,1,4,8,12,116,0,0,0,0,0,0,0,1,0,2,3,23,0,0,0,0,0,0,0,1,0,1,1,6,0,0,0,0,0.0,0.0,1.0,2.0,39.3,0.6,0.1111111111111111,0.0,0.0,9.0,11.0,40.6,2.6,0.375,0.0,0.0,3.0,7.0,35.8,0.8,0.35714285714285715,2.5,18.0,-200.0,0.0,0.037037037037037035,5,5,10.3,5.0,1270,1167,969,0.0,0.0,7.0,4.0,37.2,0.8,0.3125,0.0,0.0,4.0,7.0,39.3,1.8,0.25,0.3,0.2,55.0,-537.0,10.0,9.0,482.0,0.0,-0.125,0.0,0.0,0.0,0.33999999999999986,0.0
1019,202109060203,0,0,0,0,2,0,2,8,0,0,0,0,0,0,0,0,2,0,0,3,0,0,0,0,0,0,0,0,0,0,0,1,0,0,0,0,0.0,0.0,110.0,12.0,41.3,3.7,0.9166666666666666,0.0,0.0,,,,,,0.0,0.0,20.0,7.0,39.5,1.6,0.125,-5.0,,-30.0,0.09574468085106383,0.2765957446808511,8,9,4.2,3.0,1243,1136,1428,0.0,0.0,20.0,8.0,39.4,1.3,0.375,0.0,0.0,40.0,4.0,37.2,0.3,0.1875,-2.3,0.0,55.0,-530.0,10.0,12.0,531.0,0.08333333333333333,,0.0,-0.0625,0.0,1.2399999999999984,0.0
1020,202109060203,0,0,0,0,1,0,2,17,0,0,0,0,0,0,0,0,0,0,1,5,0,0,0,0,0,0,0,0,0,0,1,4,0,0,0,0,0.0,0.0,5.0,,,,1.0,0.0,0.0,7.0,7.0,39.3,1.7,0.8888888888888888,0.0,0.0,7.0,8.0,37.9,1.9,0.8125,1.0,-3.0,-200.0,0.0958904109589041,0.3013698630136986,4,4,7.1,4.0,1534,1620,1235,0.0,0.0,4.0,4.0,37.1,1.2,0.6,0.0,0.0,5.0,,,,,-1.5,0.0,55.0,-429.0,10.0,11.0,491.0,0.0,-0.1111111111111111,-0.0625,0.0,,1.0999999999999979,0.0
1021,202109060203,5,5,7,81,0,3,1,28,0,0,0,3,1,3,3,27,0,0,0,4,0,0,0,1,0,2,1,10,0,0,0,3,0,0,0,0,0.0,0.0,90.0,9.0,47.0,6.9,0.4444444444444444,0.0,0.0,140.0,12.0,39.2,1.7,0.3333333333333333,0.0,0.0,130.0,11.0,38.2,1.0,0.4375,1.0,-9.0,-300.0,0.05555555555555555,0.19444444444444445,2,2,3.9,2.0,1393,1708,1263,0.0,0.0,150.0,6.0,37.9,1.0,0.3125,0.0,0.0,70.0,13.0,39.7,3.3,0.46153846153846156,0.2,0.0,55.0,-962.0,10.0,9.0,469.0,0.5555555555555556,0.0,-0.0625,0.0,-0.15384615384615385,1.5899999999999999,0.0
1022,202109060203,3,2,2,29,1,3,3,31,0,0,0,0,0,1,0,5,1,1,2,10,0,0,0,0,0,1,0,3,0,0,1,6,0,0,0,0,0.0,0.0,5.0,5.0,39.9,0.3,0.1,0.0,0.0,6.0,6.0,36.2,0.9,0.5714285714285714,0.0,0.0,7.0,11.0,35.4,1.1,0.5555555555555556,3.0,2.0,-200.0,0.015873015873015872,0.1111111111111111,7,7,64.7,8.0,1098,1503,1294,0.0,0.0,11.0,4.0,37.0,0.4,0.5,0.0,0.0,7.0,6.0,38.1,1.3,0.2857142857142857,0.0,0.0,55.0,-457.0,10.0,10.0,494.0,0.0,-0.14285714285714285,-0.05555555555555555,-0.1875,0.0,0.2799999999999997,0.0
1023,202109060203,8,13,13,79,0,2,4,28,0,0,0,0,0,0,0,4,0,1,1,7,0,0,0,0,0,0,0,1,0,1,0,6,0,0,0,0,0.0,0.0,70.0,5.0,40.7,1.4,0.25,0.0,0.0,160.0,13.0,38.5,2.8,0.875,0.0,0.0,90.0,10.0,37.4,1.4,0.5625,2.5,-4.0,-300.0,0.019417475728155338,0.20388349514563106,6,6,34.1,7.0,1691,1328,1167,0.0,0.0,160.0,14.0,38.7,3.3,0.875,0.0,0.0,70.0,7.0,37.7,1.8,0.6,0.5,0.0,54.0,-529.0,10.0,12.0,466.0,0.08333333333333333,0.0,0.0,0.0625,0.0,0.5799999999999997,0.0
1024,202109060203,0,1,0,3,2,2,0,10,0,0,0,0,0,1,0,0,0,0,0,0,0,0,0,0,0,1,0,0,0,0,0,0,0,0,0,0,0.0,0.0,5.0,10.0,40.5,3.8,0.9,0.0,0.0,13.0,15.0,39.2,3.7,0.5333333333333333,0.0,0.0,4.0,15.0,37.3,1.6,0.25,2.5,-2.0,-300.0,0.037037037037037035,0.18518518518518517,1,1,11.1,6.0,1310,1599,1618,0.0,0.0,7.0,5.0,37.0,0.0,0.13333333333333333,0.0,0.0,10.0,15.0,37.8,2.6,0.5625,0.0,0.0,52.0,-744.0,10.0,10.0,516.0,0.0,0.06666666666666667,0.0625,0.0,0.0,0.7600000000000009,0.0
1025,202109060203,8,13,13,79,8,7,3,79,0,1,0,1,0,0,0,4,0,0,1,23,0,0,0,0,0,0,0,1,0,0,0,14,0,0,0,0,0.0,0.0,8.0,9.0,42.1,2.2,1.0,0.0,0.0,13.0,10.0,37.9,2.1,0.9230769230769231,0.0,0.0,10.0,9.0,38.0,4.0,0.9,0.0,11.0,-300.0,0.0,0.0,8,10,186.0,10.0,1691,1405,1167,0.0,0.0,8.0,8.0,38.7,4.6,0.5,,,,,,,,-0.4,0.0,54.0,-757.0,10.0,11.0,455.0,0.0,0.0,0.0,0.5,,1.0099999999999993,0.0
1026,202109060203,4,3,6,58,10,4,6,117,1,0,0,3,0,0,1,9,2,0,2,27,0,0,0,0,0,0,1,1,0,0,0,18,0,0,0,0,0.0,0.0,9.0,10.0,38.1,5.0,1.0,0.0,0.0,11.0,12.0,42.4,7.6,0.9166666666666666,,,,,,,,2.0,-2.0,0.0,0.0,0.0,7,8,156.6,9.0,1009,1013,298,,,,,,,,,,,,,,,2.0,0.0,51.0,0.0,10.0,10.0,476.0,0.0,0.0,,,,-4.299999999999997,0.0
1027,202109060303,7,2,4,54,2,3,2,29,0,0,0,0,1,0,0,14,0,0,1,6,0,0,0,0,1,0,0,6,0,0,1,4,0,0,0,0,0.0,0.0,15.0,12.0,38.6,1.5,0.125,0.0,0.0,11.0,13.0,39.2,1.9,0.0625,0.0,0.0,12.0,14.0,38.9,1.2,0.0625,1.0,-4.0,0.0,0.0,0.07317073170731707,3,3,1.3,1.0,1278,1393,625,0.0,0.0,9.0,15.0,41.8,3.8,0.125,0.0,0.0,6.0,8.0,37.8,0.9,0.0625,-0.6,0.0,54.0,-805.0,13.0,16.0,488.0,0.0,0.0,0.0,0.0,0.0,-0.09999999999999858,0.0
1028,202109060303,4,14,3,40,12,5,10,91,0,0,0,0,0,1,0,5,4,0,3,24,0,0,0,0,0,1,0,3,2,0,1,10,0,0,0,0,0.0,0.0,10.0,10.0,38.8,2.4,0.7,0.0,0.0,8.0,9.0,39.1,2.5,0.8888888888888888,0.0,0.0,12.0,10.0,39.2,3.3,0.8333333333333334,0.0,-2.0,-600.0,0.03225806451612903,0.22580645161290322,5,7,7.7,3.0,1605,1558,1,0.0,0.0,13.0,15.0,38.2,1.8,1.0,0.0,0.0,17.0,17.0,33.9,1.0,0.8823529411764706,2.0,0.0,54.0,-1029.0,13.0,10.0,478.0,0.3,0.1111111111111111,0.08333333333333333,0.0,0.058823529411764705,1.0699999999999996,0.0
1029,202109060303,2,3,4,27,8,7,3,79,0,1,0,2,1,0,0,9,0,0,1,23,0,0,0,2,1,0,0,4,0,0,0,14,0,0,0,0,0.0,0.0,20.0,3.0,38.0,1.0,0.4375,0.0,0.0,20.0,3.0,36.7,0.7,0.8333333333333334,,,,,,,,0.0,-2.0,0.0,0.11851851851851852,0.3111111111111111,6,9,7.2,2.0,1317,1405,1186,,,,,,,,,,,,,,,0.0,1.0,54.0,14.0,13.0,16.0,440.0,-0.125,-0.08333333333333333,,,,1.2999999999999972,0.0
1030,202109060303,0,0,0,0,6,4,7,31,0,0,0,0,0,0,0,0,1,2,0,9,0,0,0,0,0,0,0,0,1,1,0,4,0,0,0,0,0.0,0.0,10.0,20.0,39.9,0.1,0.3,0.0,0.0,130.0,120.0,13.6,6.0,0.7142857142857143,0.0,0.0,140.0,90.0,13.4,2.1,0.14285714285714285,35.0,3.0,-200.0,0.07692307692307693,0.2564102564102564,8,12,195.2,9.0,1467,1362,336,0.0,0.0,160.0,110.0,35.7,0.9,0.75,0.0,0.0,120.0,90.0,41.8,4.5,0.4166666666666667,13.0,0.0,55.0,-1044.0,13.0,10.0,501.0,-0.1,0.14285714285714285,0.35714285714285715,0.0,0.3333333333333333,-2.59,0.0
1031,202109060303,13,7,11,84,1,3,3,31,0,0,2,3,6,2,3,19,1,1,2,10,0,0,1,0,2,2,2,7,0,0,1,6,0,0,1,0,0.0,0.0,13.0,14.0,40.3,2.7,0.21428571428571427,0.0,0.0,2.0,11.0,39.2,2.2,0.4375,0.0,0.0,1.0,3.0,38.5,0.9,0.2,-5.5,2.0,0.0,0.043478260869565216,0.11956521739130435,8,13,8.2,4.0,1716,1503,1167,0.0,0.0,2.0,2.0,37.7,0.0,0.3076923076923077,0.0,0.0,4.0,3.0,38.0,1.0,0.25,-3.1000000000000005,0.6,54.0,-545.0,13.0,14.0,454.0,0.07142857142857142,0.0,-0.06666666666666667,-0.07692307692307693,0.0,0.6099999999999994,0.0
1032,202109060303,0,0,0,0,1,3,1,8,0,0,0,0,0,0,0,0,1,1,0,0,0,0,0,0,0,0,0,0,0,0,0,0,0,0,0,0,0.0,0.0,7.0,3.0,38.5,0.2,0.9,0.0,0.0,15.0,15.0,41.8,4.1,0.25,0.0,0.0,15.0,14.0,39.1,1.4,0.4375,5.5,12.0,-200.0,0.015625,0.109375,2,2,118.0,8.0,1064,1613,1556,0.0,0.0,8.0,6.0,38.4,1.8,0.7692307692307693,0.0,0.0,15.0,12.0,34.4,1.2,1.0,0.9,0.2,54.0,-960.0,13.0,10.0,432.0,-0.3,0.0,0.0,-0.15384615384615385,0.0,1.1600000000000001,0.0
1033,202109060303,0,2,4,29,1,3,3,53,0,0,0,1,0,0,0,4,0,0,1,10,0,0,0,0,0,0,0,3,0,0,0,5,0,0,0,0,0.0,0.0,,,,,,0.0,0.0,130.0,16.0,40.1,3.8,0.058823529411764705,0.0,0.0,130.0,12.0,35.6,1.9,0.5555555555555556,-4.0,,-500.0,0.06756756756756757,0.20270270270270271,4,4,56.7,6.0,1440,1366,1167,0.0,0.0,100.0,13.0,40.7,3.9,0.25,0.0,0.0,70.0,12.0,39.8,3.6,0.6,-1.1,0.0,55.0,-944.0,13.0,10.0,,,0.4117647058823529,0.0,0.5625,0.2,-0.4199999999999989,0.0
1034,202109060303,0,2,1,14,0,0,0,7,0,0,0,0,0,2,0,6,0,0,0,3,0,0,0,0,0,1,0,3,0,0,0,0,0,0,0,0,0.0,0.0,2.0,9.0,42.4,1.2,0.5,0.0,0.0,10.0,8.0,39.0,2.0,0.3076923076923077,0.0,0.0,14.0,9.0,39.2,2.4,0.4375,0.0,-3.0,-400.0,0.02702702702702703,0.21621621621621623,4,5,249.6,10.0,1036,1374,1108,0.0,0.0,14.0,11.0,39.1,2.4,0.3333333333333333,0.0,0.0,6.0,8.0,41.9,5.6,0.8,0.1,0.0,55.0,-941.0,13.0,12.0,501.0,-0.16666666666666666,0.07692307692307693,-0.125,0.0,0.0,0.08999999999999986,0.0
1035,202109060303,0,1,0,3,2,2,2,41,0,0,0,0,0,1,0,0,0,0,1,11,0,0,0,0,0,1,0,0,0,0,0,6,0,0,0,0,0.0,0.0,1.0,1.0,38.6,0.0,0.5,0.0,0.0,8.0,12.0,37.6,1.9,0.3333333333333333,0.0,0.0,11.0,5.0,36.1,1.1,0.75,2.0,25.0,-200.0,0.0,0.07142857142857142,7,10,61.0,7.0,1310,1014,1618,0.0,0.0,14.0,15.0,36.0,1.7,0.16666666666666666,0.0,0.0,12.0,11.0,39.9,3.4,0.25,2.3,0.2,55.0,-952.0,13.0,10.0,451.0,-0.3,0.25,-0.08333333333333333,0.0,0.0,-0.09999999999999928,0.0
1036,202109060303,8,13,13,79,8,7,3,79,0,1,0,1,0,0,0,4,0,0,1,23,0,0,0,0,0,0,0,1,0,0,0,14,0,0,0,0,0.0,0.0,8.0,9.0,42.1,2.2,1.0,0.0,0.0,13.0,10.0,37.9,2.1,0.9230769230769231,0.0,0.0,10.0,9.0,38.0,4.0,0.9,0.0,11.0,-300.0,0.0,0.0,7,11,652.9,13.0,1691,1405,1167,0.0,0.0,8.0,8.0,38.7,4.6,0.5,,,,,,,,-0.4,0.0,54.0,-751.0,13.0,11.0,455.0,0.0,0.0,0.0,0.5,,1.0099999999999993,0.0
1037,202109060303,0,0,0,0,5,4,5,38,0,0,0,0,0,0,0,0,2,0,3,6,0,0,0,0,0,0,0,0,1,0,1,3,0,0,0,0,0.0,0.0,3.0,4.0,37.4,1.3,0.4166666666666667,0.0,0.0,14.0,7.0,35.1,1.2,0.6666666666666666,0.0,0.0,18.0,17.0,39.6,4.0,0.05555555555555555,6.5,-1.0,300.0,0.0,0.12244897959183673,5,6,265.4,11.0,1534,1482,1235,0.0,0.0,18.0,13.0,35.7,0.8,0.8888888888888888,0.0,0.0,11.0,11.0,38.9,2.7,0.8461538461538461,2.0000000000000004,0.0,54.0,-952.0,13.0,12.0,457.0,0.0,-0.1111111111111111,0.05555555555555555,0.0,0.0,-0.36000000000000015,0.0
1038,202109060303,0,0,0,2,0,0,0,0,0,0,0,0,0,0,0,0,0,0,0,0,0,0,0,0,0,0,0,0,0,0,0,0,0,0,0,0,0.0,0.0,1.0,8.0,43.3,3.5,0.25,0.0,0.0,5.0,12.0,39.8,3.1,0.3076923076923077,0.0,0.0,8.0,10.0,35.8,1.4,0.3333333333333333,1.0,7.0,-200.0,0.022222222222222223,0.15555555555555556,6,8,49.0,5.0,1089,1092,1428,0.0,0.0,9.0,10.0,37.3,1.0,0.08333333333333333,0.0,0.0,4.0,8.0,37.2,1.4,0.1,-0.2,0.0,53.0,-726.0,13.0,8.0,457.0,0.5,0.3076923076923077,0.0,0.0,0.0,1.4699999999999989,0.0
1039,202109060303,3,2,2,54,1,1,1,30,0,0,0,0,0,1,0,11,0,0,0,7,0,0,0,0,0,0,0,5,0,0,0,3,0,0,0,0,0.0,0.0,12.0,13.0,40.5,6.1,1.0,0.0,0.0,10.0,15.0,41.7,7.8,1.0,,,,,,,,2.0,-8.0,0.0,0.0,0.0,1,1,279.5,12.0,1403,1306,939,,,,,,,,,,,,,,,2.0,0.0,50.0,0.0,13.0,13.0,434.0,0.0,0.0,,,,-1.2000000000000028,0.0
1040,202109060312,0,0,0,5,9,8,5,91,0,0,0,0,0,0,0,3,1,1,1,18,0,0,0,0,0,0,0,1,0,0,0,3,0,0,0,0,0.0,0.0,20.0,3.0,37.3,0.2,0.4166666666666667,0.0,0.0,70.0,2.0,36.8,0.1,0.625,0.0,0.0,150.0,3.0,36.9,0.3,0.3333333333333333,0.0,4.0,0.0,0.0547945205479452,0.1917808219178082,7,10,3.0,1.0,1672,1345,1167,0.0,0.0,60.0,11.0,37.8,1.5,0.35714285714285715,0.0,0.0,10.0,1.0,38.0,0.0,0.125,0.5,0.8,54.0,14.0,13.0,12.0,446.0,0.0,0.0,0.0,0.14285714285714285,0.0,-0.24000000000000057,0.0
1041,202109060312,7,2,4,54,10,4,6,117,0,0,1,5,1,0,0,14,2,0,2,27,0,0,0,3,0,0,0,3,1,0,1,4,0,0,0,1,0.0,0.0,30.0,4.0,37.8,1.0,0.4444444444444444,0.0,0.0,90.0,10.0,13.7,5.5,0.5,0.0,0.0,150.0,13.0,37.3,2.2,0.3125,4.5,19.0,-200.0,0.11940298507462686,0.30597014925373134,6,8,17.8,6.0,1278,1013,625,0.0,0.0,70.0,11.0,37.0,1.4,0.5625,0.0,0.0,50.0,1.0,36.1,0.0,0.18181818181818182,-0.5,0.2,54.0,-803.0,13.0,9.0,479.0,-0.1111111111111111,0.08333333333333333,0.0,0.0625,-0.09090909090909091,-1.9900000000000009,0.0
1042,202109060312,4,3,6,58,12,5,10,91,0,0,0,1,0,0,1,9,4,0,3,24,0,0,0,1,0,0,0,3,2,0,1,4,0,0,0,0,0.0,0.0,12.0,13.0,35.6,1.4,0.0625,0.0,0.0,6.0,15.0,41.8,4.3,0.26666666666666666,0.0,0.0,6.0,14.0,45.5,6.0,0.14285714285714285,0.5,-8.0,0.0,0.12941176470588237,0.3058823529411765,6,9,5.2,3.0,1009,1558,298,0.0,0.0,5.0,4.0,38.7,1.2,0.07692307692307693,0.0,0.0,6.0,1.0,37.9,0.0,0.08333333333333333,-3.5,0.2,54.0,-350.0,13.0,16.0,448.0,0.0,-0.06666666666666667,-0.07142857142857142,0.0,0.0,-0.15,0.0
1043,202109060312,0,0,0,6,1,3,3,31,0,0,0,4,0,0,0,3,1,1,2,10,0,0,0,2,0,0,0,0,0,1,1,3,0,0,0,0,0.0,0.0,12.0,7.0,41.5,1.8,0.9166666666666666,0.0,0.0,12.0,12.0,37.1,0.8,0.6923076923076923,0.0,0.0,15.0,11.0,37.9,2.2,0.625,2.0,9.0,-200.0,0.07407407407407407,0.12962962962962962,7,11,21.5,8.0,1230,1503,1576,0.0,0.0,13.0,11.0,37.9,1.7,0.7333333333333333,0.0,0.0,12.0,6.0,37.0,0.6,0.6666666666666666,-0.3,0.0,56.0,-959.0,13.0,12.0,495.0,-0.3333333333333333,0.0,0.0,0.0,-0.06666666666666667,0.8200000000000003,0.0
1044,202109060312,4,3,6,58,10,4,6,117,1,0,0,3,0,0,1,9,2,0,2,27,0,0,0,0,0,0,0,3,1,0,1,4,0,0,0,0,0.0,0.0,70.0,80.0,37.5,0.9,0.6875,0.0,0.0,100.0,50.0,36.2,0.7,0.8461538461538461,0.0,0.0,60.0,80.0,38.0,1.3,0.5833333333333334,0.0,6.0,0.0,0.04395604395604396,0.12087912087912088,4,5,29.6,10.0,1009,1013,298,0.0,0.0,70.0,80.0,35.6,0.5,0.5833333333333334,0.0,0.0,20.0,20.0,35.2,0.0,0.75,-9.0,0.0,55.0,-14.0,13.0,16.0,472.0,0.125,0.0,0.08333333333333333,0.0,0.0,0.5199999999999996,0.0
1045,202109060312,8,1,2,41,2,2,2,41,0,0,0,0,1,0,0,4,0,0,1,11,0,0,0,0,0,0,0,3,0,0,1,1,0,0,0,0,0.0,0.0,6.0,7.0,40.5,3.2,1.0,0.0,0.0,12.0,11.0,39.8,3.8,0.9166666666666666,0.0,0.0,12.0,6.0,36.3,0.7,0.8461538461538461,-0.5,-3.0,-400.0,0.0,0.0,5,7,106.8,12.0,1304,1014,1503,0.0,0.0,14.0,9.0,40.1,1.6,0.14285714285714285,0.0,0.0,12.0,12.0,39.6,2.3,0.7142857142857143,0.8,0.0,57.0,-700.0,13.0,10.0,503.0,-0.1,-0.16666666666666666,0.0,0.14285714285714285,0.0,0.1499999999999993,0.0
1046,202109060312,3,2,2,54,0,3,1,28,0,1,0,1,0,1,0,11,0,0,0,4,0,0,0,0,0,0,0,2,0,0,0,1,0,0,0,0,0.0,0.0,160.0,140.0,36.7,2.2,0.875,0.0,0.0,110.0,110.0,36.6,1.8,0.9333333333333333,0.0,0.0,130.0,90.0,37.5,1.6,0.875,-25.0,12.0,-200.0,0.017543859649122806,0.17543859649122806,5,6,11.0,5.0,1403,1708,939,0.0,0.0,100.0,110.0,37.0,1.6,1.0,0.0,0.0,60.0,10.0,36.7,0.0,1.0,-26.0,0.0,55.0,-694.0,13.0,16.0,502.0,0.0,-0.06666666666666667,0.0,0.0,0.0,-0.039999999999999855,0.0
1047,202109060312,4,6,5,72,0,0,0,5,0,0,0,0,3,4,5,41,0,0,0,3,0,0,0,0,1,1,1,9,0,0,0,1,0,0,0,0,0.0,0.0,10.0,12.0,41.2,3.5,0.9166666666666666,0.0,0.0,6.0,,,,1.0,0.0,0.0,9.0,12.0,38.1,1.8,0.06666666666666667,0.0,-3.0,-200.0,0.022727272727272728,0.1590909090909091,4,4,18.1,7.0,1228,1019,1108,0.0,0.0,8.0,8.0,36.5,1.6,0.6666666666666666,0.0,0.0,11.0,3.0,36.8,0.0,0.125,-3.1,0.25,56.0,-954.0,13.0,12.0,499.0,0.0,0.0,0.06666666666666667,0.0,0.0,1.4800000000000018,0.0
1048,202109060312,4,0,4,20,9,8,6,68,0,0,0,1,0,0,0,2,1,0,0,10,0,0,0,0,0,0,0,1,0,0,0,1,0,0,0,0,0.0,0.0,90.0,30.0,36.9,0.5,0.5384615384615384,0.0,0.0,70.0,110.0,37.3,1.0,0.6666666666666666,0.0,0.0,20.0,90.0,37.5,1.0,0.3076923076923077,30.0,-2.0,0.0,0.14705882352941177,0.3235294117647059,8,13,3.8,2.0,1447,1618,1721,0.0,0.0,60.0,20.0,37.3,0.7,0.5333333333333333,0.0,0.0,70.0,70.0,36.3,1.0,0.7692307692307693,-1.0,0.0,57.0,-43.0,13.0,13.0,500.0,0.0,0.0,0.0,0.0,0.15384615384615385,0.12000000000000029,0.0
1049,202109060312,2,1,0,19,1,0,1,24,1,0,0,1,1,1,0,1,1,0,0,9,1,0,0,0,0,1,0,0,0,0,0,1,0,0,0,0,0.0,0.0,3.0,3.0,39.6,1.2,0.3333333333333333,0.0,0.0,13.0,14.0,36.6,1.7,1.0,0.0,0.0,10.0,12.0,37.5,1.6,0.8125,4.5,7.0,-200.0,0.03278688524590164,0.22950819672131148,8,12,52.6,11.0,1674,1551,1428,0.0,0.0,4.0,12.0,36.7,1.2,0.9375,0.0,0.0,7.0,7.0,39.1,0.5,0.4375,0.6,0.2,56.0,-152.0,13.0,9.0,487.0,0.1111111111111111,0.0,0.0625,0.0,0.0,0.08999999999999986,0.0
1050,202109060312,0,0,2,10,0,1,1,4,0,0,0,1,0,0,2,5,0,0,1,0,0,0,0,0,0,0,0,0,0,0,0,0,0,0,0,0,0.0,0.0,130.0,12.0,38.7,2.3,0.15384615384615385,0.0,0.0,160.0,15.0,38.9,2.3,0.75,0.0,0.0,160.0,13.0,39.8,3.4,0.3125,0.5,6.0,0.0,0.10256410256410256,0.1282051282051282,1,1,266.4,13.0,1446,962,75,0.0,0.0,120.0,8.0,40.7,2.6,0.6428571428571429,0.0,0.0,130.0,10.0,37.7,2.0,0.7333333333333333,-1.1,0.0,56.0,42.0,13.0,13.0,452.0,0.0,0.0,0.0625,0.0,0.0,0.019999999999999574,0.0
1051,202109060312,0,0,1,15,0,3,1,28,0,0,0,0,0,0,0,1,0,0,0,4,0,0,0,0,0,0,0,0,0,0,0,1,0,0,0,0,0.0,0.0,6.0,2.0,38.0,0.6,0.09090909090909091,0.0,0.0,15.0,15.0,40.9,2.4,0.06666666666666667,0.0,0.0,8.0,11.0,36.7,1.1,0.14285714285714285,4.5,5.0,300.0,0.0,0.0,3,3,8.5,4.0,1677,1708,1167,0.0,0.0,9.0,14.0,39.2,3.6,0.07142857142857142,0.0,0.0,17.0,18.0,38.3,3.0,0.05555555555555555,3.1,0.2,50.0,-622.0,13.0,11.0,467.0,0.0,0.0,0.0,0.0,0.0,0.11000000000000014,0.0
1052,202109060312,9,9,6,64,8,7,3,79,0,0,0,0,1,0,3,5,0,0,1,23,0,0,0,0,0,0,2,2,0,0,0,1,0,0,0,0,0.0,0.0,110.0,6.0,33.1,0.7,0.2777777777777778,0.0,0.0,70.0,7.0,36.3,0.9,0.625,0.0,0.0,30.0,9.0,39.7,2.5,0.8,1.5,6.0,200.0,0.0,0.075,2,2,25.5,9.0,1127,1405,1328,,,,,,,,,,,,,,,1.5,0.0,57.0,42.0,13.0,18.0,462.0,,0.125,-0.26666666666666666,,,-3.3000000000000007,0.0
1053,202109060406,4,14,9,78,0,0,0,1,0,0,0,0,2,4,6,21,0,0,0,0,0,0,0,0,1,1,2,5,0,0,0,0,0,0,0,0,0.0,0.0,40.0,1.0,37.1,0.0,0.13333333333333333,0.0,0.0,40.0,10.0,35.9,0.9,0.3125,0.0,0.0,40.0,3.0,35.5,0.2,0.3333333333333333,1.0,4.0,0.0,,,4,5,3.5,2.0,1172,247,1556,0.0,0.0,20.0,3.0,35.8,0.3,0.3,,,,,,,,-0.1,0.75,55.0,21.0,14.0,15.0,462.0,0.0,0.125,0.0,0.0,,0.43000000000000116,0.0
1054,202109060406,0,0,0,1,5,4,5,38,0,0,0,0,0,0,0,1,2,0,3,6,0,0,0,0,0,0,0,0,1,0,1,0,0,0,0,0,0.0,0.0,,,,,,0.0,0.0,20.0,5.0,36.8,0.4,0.4375,0.0,0.0,30.0,3.0,37.1,0.3,0.5,-2.0,-6.0,0.0,0.019230769230769232,0.20192307692307693,8,13,17.6,5.0,1270,1482,969,0.0,0.0,20.0,3.0,38.0,0.4,0.26666666666666666,0.0,0.0,10.0,8.0,37.7,0.7,0.5714285714285714,0.9,0.5,55.0,-833.0,14.0,15.0,438.0,,0.0,0.0,0.06666666666666667,-0.07142857142857142,-0.36000000000000154,0.0
1055,202109060406,4,8,3,72,8,8,14,82,0,0,0,1,2,5,2,39,1,1,2,14,0,0,0,0,2,2,0,10,1,0,0,3,0,0,0,0,0.0,0.0,11.0,14.0,14.2,15.3,0.21428571428571427,0.0,0.0,14.0,16.0,37.6,2.8,0.6875,0.0,0.0,14.0,7.0,38.2,1.8,0.5625,-3.5,2.0,-1650.0,0.12790697674418605,0.313953488372093,3,4,24.2,8.0,1645,1559,1366,0.0,0.0,11.0,,,,0.9285714285714286,0.0,0.0,13.0,12.0,35.8,1.2,0.8571428571428571,-1.5,0.0,55.0,-615.0,14.0,14.0,464.0,0.7142857142857143,0.125,0.125,0.0,0.0,-6.539999999999999,0.0
1056,202109060406,0,0,0,0,0,0,0,0,0,0,0,0,0,0,0,0,0,0,0,0,0,0,0,0,0,0,0,0,0,0,0,0,0,0,0,0,0.0,0.0,20.0,14.0,38.1,2.2,0.125,0.0,0.0,6.0,8.0,37.3,0.6,0.0625,0.0,0.0,7.0,3.0,35.1,0.3,0.18181818181818182,-5.5,-2.0,50.0,0.28846153846153844,0.5384615384615384,7,11,21.8,7.0,684,655,429,0.0,0.0,14.0,12.0,39.4,1.8,0.125,0.0,0.0,5.0,7.0,37.3,0.7,0.375,-1.0,0.2,54.0,-1056.0,14.0,16.0,502.0,0.0625,0.0,0.0,0.0,0.0,-0.04999999999999929,0.0
1057,202109060406,4,14,3,40,2,3,2,29,0,1,0,1,0,1,0,5,0,0,1,6,0,0,0,0,0,0,0,1,0,0,0,1,0,0,0,0,0.0,0.0,9.0,9.0,37.1,1.7,1.0,0.0,0.0,12.0,9.0,34.5,0.4,1.0,0.0,0.0,10.0,10.0,35.0,1.1,0.7,0.5,-10.0,-200.0,0.07352941176470588,0.14705882352941177,6,9,7.9,3.0,1605,1393,1,0.0,0.0,12.0,11.0,34.4,0.8,0.8461538461538461,0.0,0.0,9.0,10.0,39.8,2.9,0.36363636363636365,0.4,0.0,55.0,-1050.0,14.0,12.0,460.0,-0.08333333333333333,-0.08333333333333333,0.1,-0.07692307692307693,0.6363636363636364,-0.529999999999999,0.0
1058,202109060406,1,0,0,10,4,8,12,116,0,0,0,0,0,0,0,2,0,2,3,23,0,0,0,0,0,0,0,0,0,1,2,9,0,0,0,0,0.0,0.0,5.0,2.0,36.1,0.3,0.625,0.0,0.0,12.0,11.0,36.7,1.2,0.6875,0.0,0.0,5.0,9.0,36.8,1.3,0.75,3.5,-6.0,-200.0,0.14563106796116504,0.32038834951456313,4,6,19.1,6.0,1020,1167,1576,0.0,0.0,4.0,6.0,36.8,1.0,0.2857142857142857,0.0,0.0,2.0,11.0,37.4,0.6,0.4666666666666667,1.3,0.2,55.0,-461.0,14.0,16.0,534.0,-0.0625,0.0,0.125,0.14285714285714285,-0.06666666666666667,-0.26999999999999885,0.0
1059,202109060406,11,3,4,48,2,2,2,41,0,0,0,0,3,0,1,13,0,0,1,11,0,0,0,0,1,0,0,1,0,0,1,1,0,0,0,0,0.0,0.0,150.0,10.0,38.3,0.9,0.375,0.0,0.0,160.0,12.0,37.8,1.3,0.1875,0.0,0.0,140.0,12.0,37.0,2.1,0.75,1.0,-6.0,50.0,0.0,0.2,5,7,44.7,11.0,1348,1014,1221,0.0,0.0,16.0,14.0,38.3,2.3,0.9375,0.0,0.0,11.0,9.0,37.7,1.1,0.25,0.0,0.0,54.0,-1218.0,14.0,16.0,486.0,-0.125,0.0,0.125,0.0,0.125,0.06999999999999887,0.0
1060,202109060406,0,0,0,6,0,0,0,1,0,0,0,0,0,0,0,3,0,0,0,0,0,0,0,0,0,0,0,0,0,0,0,0,0,0,0,0,0.0,0.0,14.0,16.0,38.9,2.0,0.125,0.0,0.0,16.0,15.0,39.8,2.7,0.125,0.0,0.0,11.0,14.0,38.8,1.9,0.06666666666666667,-1.0,-4.0,0.0,0.11764705882352941,0.3161764705882353,1,1,32.7,9.0,1629,1048,1428,0.0,0.0,5.0,6.0,38.6,1.4,0.125,0.0,0.0,7.0,10.0,36.9,1.5,0.36363636363636365,-2.1,0.0,54.0,-791.0,14.0,16.0,482.0,0.0,0.125,0.0,0.0,0.09090909090909091,0.5199999999999996,0.0
1061,202109060406,0,2,2,9,0,2,1,13,0,0,0,0,0,0,0,1,0,1,0,4,0,0,0,0,0,0,0,1,0,0,0,0,0,0,0,0,0.0,0.0,,,,,,0.0,0.0,140.0,15.0,38.5,2.2,0.8125,0.0,0.0,80.0,13.0,36.6,2.1,0.8666666666666667,-2.0,,-200.0,0.075,0.2,7,12,94.4,13.0,1148,1313,1393,0.0,0.0,120.0,2.0,38.1,0.2,0.26666666666666666,0.0,0.0,140.0,16.0,35.9,1.4,1.0,-0.8,0.25,55.0,-642.0,14.0,7.0,,,0.1875,0.0,0.0,0.0,0.6300000000000004,0.0
1062,202109060406,1,0,1,22,3,0,3,18,0,0,0,1,1,0,1,12,1,0,1,8,0,0,0,1,0,0,0,0,0,0,0,0,0,0,0,0,0.0,0.0,,,,,,0.0,0.0,90.0,12.0,35.6,2.1,0.4666666666666667,0.0,0.0,120.0,9.0,33.7,0.6,0.6666666666666666,-3.0,,-400.0,0.16666666666666666,0.3333333333333333,3,3,2.4,1.0,1426,1036,306,0.0,0.0,110.0,14.0,40.2,3.9,0.3125,0.0,0.0,60.0,8.0,38.9,1.6,0.25,-0.7,0.0,55.0,-735.0,14.0,6.0,,,0.0,0.08333333333333333,-0.125,0.1875,-1.6399999999999992,0.0
1063,202109060406,3,2,2,29,1,3,3,31,0,0,0,0,0,1,0,5,1,1,2,10,0,0,0,0,0,0,0,1,0,1,1,3,0,0,0,0,0.0,0.0,16.0,11.0,35.3,0.8,0.5625,0.0,0.0,15.0,15.0,35.3,1.9,0.875,0.0,0.0,13.0,10.0,39.0,2.8,0.3076923076923077,-0.5,-4.0,-800.0,0.06666666666666667,0.2,8,14,35.3,10.0,1098,1503,1294,0.0,0.0,11.0,6.0,36.3,0.8,0.21428571428571427,0.0,0.0,11.0,16.0,40.8,4.6,0.0625,0.1,0.0,54.0,-679.0,14.0,16.0,510.0,-0.1875,0.0625,0.5384615384615384,0.0,0.6875,-1.2,0.0
1064,202109060406,0,0,0,0,5,4,5,38,0,0,0,0,0,0,0,0,2,0,3,6,0,0,0,0,0,0,0,0,1,0,1,0,0,0,0,0,0.0,0.0,60.0,13.0,40.7,2.9,0.4,0.0,0.0,70.0,9.0,36.2,1.0,0.6363636363636364,0.0,0.0,10.0,1.0,36.9,0.0,0.375,-6.0,-2.0,-200.0,0.0,0.2,2,2,68.1,12.0,1467,1482,336,,,,,,,,,,,,,,,-6.0,0.3333333333333333,55.0,49.0,14.0,15.0,480.0,0.0,-0.09090909090909091,-0.1875,,,1.9000000000000021,0.0
1065,202109060406,0,0,0,13,4,2,1,13,0,0,0,0,0,0,0,4,2,0,1,8,0,0,0,0,0,0,0,0,1,0,0,3,0,0,0,0,0.0,0.0,4.0,10.0,40.7,1.6,0.15384615384615385,0.0,0.0,15.0,14.0,39.7,2.0,0.3125,0.0,0.0,9.0,3.0,37.0,0.6,0.08333333333333333,-3.5,6.0,0.0,0.0625,0.20833333333333334,5,8,16.5,4.0,1657,351,1317,0.0,0.0,11.0,7.0,36.6,1.7,0.5833333333333334,0.0,0.0,13.0,16.0,36.1,1.6,0.0625,0.5,0.2,54.0,-929.0,14.0,13.0,508.0,0.0,0.0,0.0,-0.08333333333333333,0.0,1.2300000000000004,0.0
1066,202109060406,0,0,0,1,0,0,0,0,0,0,0,0,0,0,0,0,0,0,0,0,0,0,0,0,0,0,0,0,0,0,0,0,0,0,0,0,0.0,0.0,7.0,6.0,39.7,2.2,1.0,0.0,0.0,16.0,14.0,37.4,2.9,0.875,0.0,0.0,15.0,14.0,37.1,1.9,0.9333333333333333,4.0,-8.0,-200.0,0.1,0.125,6,10,311.5,14.0,1733,1370,1428,0.0,0.0,15.0,12.0,36.9,1.3,0.75,0.0,0.0,16.0,16.0,38.7,2.5,0.6875,1.8,0.0,55.0,-1036.0,14.0,9.0,476.0,-0.1111111111111111,0.0625,0.06666666666666667,0.0,-0.0625,0.25,0.0
1067,202109060506,0,0,0,0,0,0,0,1,0,0,0,0,0,0,0,0,0,0,0,0,0,0,0,0,0,0,0,0,0,0,0,0,0,0,0,0,0.0,0.0,5.0,9.0,34.1,0.5,0.1111111111111111,0.0,0.0,4.0,1.0,36.3,0.0,0.125,0.0,0.0,4.0,5.0,37.3,0.5,0.3333333333333333,-2.0,-2.0,0.0,0.0,0.16666666666666666,3,3,5.2,2.0,1534,1561,1235,0.0,0.0,1.0,13.0,39.1,1.4,0.0625,0.0,0.0,1.0,9.0,37.0,0.7,0.125,1.2,0.2,54.0,-497.0,11.0,18.0,510.0,0.0,0.0,0.0,0.0,0.0625,-0.8600000000000001,0.0
1068,202109060506,0,0,0,0,0,1,1,12,0,0,0,0,0,0,0,0,0,0,0,2,0,0,0,0,0,0,0,0,0,0,0,1,0,0,0,0,0.0,0.0,13.0,16.0,43.7,7.7,0.375,0.0,0.0,7.0,7.0,38.1,1.4,0.5625,0.0,0.0,6.0,9.0,37.5,1.4,0.3333333333333333,-3.5,-2.0,-200.0,0.0,0.0,4,4,12.1,5.0,1463,1039,1167,0.0,0.0,3.0,1.0,38.2,0.0,0.25,0.0,0.0,1.0,2.0,38.1,0.6,0.125,-3.4,0.4,50.0,-295.0,11.0,16.0,428.0,0.125,0.0625,0.0,0.0,0.0,1.11,0.0
1069,202109060506,0,0,0,0,1,3,2,35,0,0,0,0,0,0,0,0,0,1,1,5,0,0,0,0,0,0,0,0,0,0,0,2,0,0,0,0,0.0,0.0,2.0,5.0,39.1,1.2,0.7142857142857143,0.0,0.0,5.0,14.0,37.8,1.9,0.5,0.0,0.0,1.0,7.0,37.7,0.6,0.375,1.0,18.0,-200.0,0.11678832116788321,0.31386861313868614,2,2,2.0,1.0,1154,1167,1561,0.0,0.0,5.0,1.0,37.3,0.0,0.13333333333333333,0.0,0.0,2.0,1.0,36.2,0.0,0.2857142857142857,-2.1,0.4,55.0,-1005.0,11.0,7.0,556.0,-0.14285714285714285,-0.0625,-0.25,0.0,0.0,0.6299999999999997,0.0
1070,202109060506,0,0,0,0,0,0,0,0,0,0,0,0,0,0,0,0,0,0,0,0,0,0,0,0,0,0,0,0,0,0,0,0,0,0,0,0,,,,,,,,,,,,,,,,,,,,,,,,,0.015384615384615385,0.1076923076923077,7,8,7.1,4.0,1270,1296,969,,,,,,,,,,,,,,,,,54.0,,11.0,,,,,,,,,
1071,202109060506,0,0,0,3,2,1,4,18,0,0,0,0,0,0,0,2,1,1,2,4,0,0,0,0,0,0,0,1,0,1,0,1,0,0,0,0,0.0,0.0,3.0,5.0,41.5,1.1,0.75,0.0,0.0,13.0,9.0,38.5,2.2,0.9285714285714286,0.0,0.0,9.0,7.0,38.8,1.4,0.6428571428571429,1.0,28.0,-300.0,0.0,0.1724137931034483,8,10,113.7,9.0,1343,1556,1428,0.0,0.0,11.0,5.0,38.7,0.9,0.7692307692307693,0.0,0.0,11.0,5.0,39.9,0.8,0.7142857142857143,-0.4,0.0,54.0,-951.0,11.0,12.0,436.0,-0.16666666666666666,-0.14285714285714285,0.0,-0.3076923076923077,-0.14285714285714285,0.3,0.0
1072,202109060506,0,0,0,0,0,3,1,8,0,0,0,0,0,0,0,0,0,0,0,1,0,0,0,0,0,0,0,0,0,0,0,0,0,0,0,0,0.0,0.0,110.0,9.0,36.3,1.0,0.8125,0.0,0.0,12.0,11.0,37.7,2.1,0.35714285714285715,0.0,0.0,15.0,9.0,36.1,1.1,0.6875,0.0,10.0,0.0,0.14423076923076922,0.3173076923076923,7,9,6.4,3.0,1204,1014,1221,0.0,0.0,10.0,9.0,36.0,1.8,1.0,0.0,0.0,4.0,6.0,36.4,1.1,0.375,-0.8,0.0,55.0,-1085.0,11.0,16.0,518.0,0.0,0.0,0.0625,-0.3,0.0,0.15,0.0
1073,202109060506,0,0,0,0,0,1,0,1,0,0,0,0,0,0,0,0,0,0,0,0,0,0,0,0,0,0,0,0,0,0,0,0,0,0,0,0,0.0,0.0,12.0,9.0,42.7,2.7,0.4166666666666667,0.0,0.0,13.0,16.0,38.7,5.1,0.9375,0.0,0.0,7.0,6.0,35.4,1.5,0.8888888888888888,-1.5,15.0,-400.0,0.0851063829787234,0.2765957446808511,8,11,14.4,6.0,1426,164,306,0.0,0.0,12.0,11.0,37.8,1.0,0.5333333333333333,0.0,0.0,16.0,16.0,35.0,1.1,0.8888888888888888,0.9,0.0,55.0,-863.0,11.0,12.0,465.0,0.08333333333333333,0.0625,0.0,0.06666666666666667,-0.05555555555555555,1.6300000000000012,0.0
1074,202109060506,0,0,0,0,0,0,0,1,0,0,0,0,0,0,0,0,0,0,0,1,0,0,0,0,0,0,0,0,0,0,0,0,0,0,0,0,,,,,,,,,,,,,,,,,,,,,,,,,0.0,0.09523809523809523,5,5,60.1,7.0,1463,419,1167,,,,,,,,,,,,,,,,,51.0,,11.0,,,,,,,,,
1075,202109060506,1,0,0,12,0,0,0,1,0,0,0,0,0,0,0,0,0,0,0,0,0,0,0,0,0,0,0,0,0,0,0,0,0,0,0,0,0.0,0.0,9.0,11.0,40.5,2.6,1.0,0.0,0.0,16.0,15.0,39.0,2.8,1.0,0.0,0.0,9.0,14.0,40.6,3.4,0.6875,1.5,21.0,-200.0,0.05714285714285714,0.2571428571428571,1,1,134.0,10.0,1304,1642,1503,0.0,0.0,10.0,9.0,38.8,4.6,0.8181818181818182,,,,,,,,-0.7,0.0,54.0,-673.0,11.0,12.0,433.0,0.0,0.0,0.0,0.0,,0.3500000000000007,0.0
1076,202109060506,0,0,0,0,0,0,0,8,0,0,0,0,0,0,0,0,0,0,0,1,0,0,0,0,0,0,0,0,0,0,0,0,0,0,0,0,0.0,0.0,2.0,3.0,40.9,0.4,0.5,0.0,0.0,8.0,10.0,38.6,5.6,0.9090909090909091,,,,,,,,7.0,29.0,-100.0,0.0975609756097561,0.12195121951219512,6,6,62.1,8.0,1045,1721,969,,,,,,,,,,,,,,,7.0,0.5,55.0,-211.0,11.0,10.0,485.0,-0.3,0.0,,,,2.299999999999997,0.0
1077,202109060506,1,1,3,4,0,0,0,0,0,0,0,0,0,0,2,1,0,0,0,0,0,0,0,0,0,0,0,1,0,0,0,0,0,0,0,0,0.0,0.0,7.0,11.0,38.8,2.9,1.0,0.0,0.0,11.0,11.0,41.4,13.4,1.0,,,,,,,,0.0,24.0,-200.0,0.07246376811594203,0.14492753623188406,6,7,199.4,11.0,1557,1169,1559,,,,,,,,,,,,,,,0.0,0.0,55.0,-56.0,11.0,12.0,438.0,0.0,0.0,,,,-2.6000000000000014,0.0
1078,202109060602,2,3,6,31,0,0,1,31,0,0,0,2,1,1,3,15,0,0,1,6,0,0,0,0,1,0,2,6,0,0,0,4,0,0,0,0,0.0,0.0,5.0,6.0,40.3,3.1,0.7777777777777778,0.0,0.0,4.0,12.0,39.2,2.7,0.46153846153846156,0.0,0.0,13.0,7.0,38.3,0.4,0.25,0.5,16.0,-200.0,0.0,0.09090909090909091,8,15,2.8,1.0,1520,1366,695,0.0,0.0,6.0,9.0,38.2,1.2,0.3333333333333333,0.0,0.0,9.0,9.0,37.7,1.1,0.5,0.3,0.0,51.0,-723.0,16.0,9.0,504.0,0.0,0.15384615384615385,0.0,0.06666666666666667,0.0,0.6199999999999989,0.0
1079,202109060602,0,0,0,0,4,1,3,49,0,0,0,0,0,0,0,0,0,1,0,11,0,0,0,0,0,0,0,0,0,0,0,5,0,0,0,0,0.0,0.0,20.0,3.0,35.4,0.6,0.14285714285714285,,,,,,,,,,,,,,,,,0.0,0.01904761904761905,0.20952380952380953,5,9,4.1,2.0,1629,1183,1428,,,,,,,,,,,,,,,,1.0,55.0,14.0,16.0,14.0,478.0,0.0,,,,,,
1080,202109060602,1,2,3,24,6,4,5,46,0,0,0,3,0,1,0,2,2,0,1,10,0,0,0,0,0,0,0,0,1,0,0,5,0,0,0,0,0.0,0.0,60.0,8.0,35.0,0.6,0.3333333333333333,0.0,0.0,40.0,12.0,36.0,1.6,0.75,0.0,0.0,60.0,2.0,34.4,0.2,0.2727272727272727,-3.0,-6.0,0.0,0.07142857142857142,0.125,4,7,36.9,9.0,1561,1167,1263,,,,,,,,,,,,,,,-3.0,0.3333333333333333,55.0,15.0,16.0,12.0,478.0,0.0,-0.1875,-0.09090909090909091,,,0.3000000000000007,0.0
1081,202109060602,0,0,0,0,2,1,0,2,0,0,0,0,0,0,0,0,0,0,0,0,0,0,0,0,0,0,0,0,0,0,0,0,0,0,0,0,0.0,0.0,11.0,13.0,38.6,1.9,0.5714285714285714,0.0,0.0,7.0,4.0,37.1,0.4,0.5,0.0,0.0,7.0,1.0,35.6,0.0,0.6923076923076923,-6.0,6.0,-200.0,0.0,0.16666666666666666,6,12,7.0,4.0,1534,1110,1235,0.0,0.0,4.0,1.0,35.6,0.0,0.625,0.0,0.0,1.0,13.0,39.3,1.1,0.13333333333333333,-0.3,0.4,54.0,-643.0,16.0,14.0,456.0,-0.07142857142857142,0.0,-0.15384615384615385,-0.0625,0.0,0.010000000000000852,0.0
1082,202109060602,1,0,1,10,1,4,1,9,0,0,0,0,0,0,0,2,0,0,0,1,0,0,0,0,0,0,0,1,0,0,0,0,0,0,0,0,0.0,0.0,6.0,13.0,41.1,4.2,0.2857142857142857,0.0,0.0,13.0,5.0,35.5,0.3,0.7142857142857143,0.0,0.0,8.0,10.0,36.5,1.4,0.8181818181818182,-1.5,0.0,-300.0,0.14150943396226415,0.3113207547169811,4,8,32.5,7.0,1036,1436,1108,0.0,0.0,4.0,12.0,36.5,1.1,0.42857142857142855,0.0,0.0,11.0,5.0,35.3,0.4,0.375,-0.9,0.0,54.0,-616.0,16.0,14.0,470.0,0.14285714285714285,-0.5714285714285714,0.18181818181818182,0.0,-0.125,1.060000000000001,0.0
1083,202109060602,0,0,0,0,0,0,0,1,0,0,0,0,0,0,0,0,0,0,0,0,0,0,0,0,0,0,0,0,0,0,0,0,0,0,0,0,0.0,0.0,7.0,12.0,38.5,2.9,0.5833333333333334,0.0,0.0,6.0,9.0,38.6,2.4,0.6923076923076923,0.0,0.0,10.0,14.0,34.5,1.1,0.23529411764705882,1.0,0.0,380.0,0.125,0.3181818181818182,6,11,5.7,3.0,1629,199,1428,0.0,0.0,8.0,10.0,34.4,0.5,0.2727272727272727,0.0,0.0,3.0,6.0,37.0,0.8,0.6875,-1.1,0.0,55.0,-879.0,16.0,12.0,512.0,0.25,-0.07692307692307693,0.17647058823529413,0.0,-0.125,0.7200000000000003,0.0
1084,202109060602,0,0,0,0,0,0,0,9,0,0,0,0,0,0,0,0,0,0,0,3,0,0,0,0,0,0,0,0,0,0,0,2,0,0,0,0,0.0,0.0,110.0,12.0,41.3,3.7,0.9166666666666666,0.0,0.0,,,,,,0.0,0.0,20.0,7.0,39.5,1.6,0.125,-5.0,,-30.0,0.09473684210526316,0.28421052631578947,1,1,19.6,6.0,1243,1136,1428,0.0,0.0,20.0,8.0,39.4,1.3,0.375,0.0,0.0,40.0,4.0,37.2,0.3,0.1875,-2.3,0.0,55.0,-516.0,16.0,12.0,531.0,0.08333333333333333,,0.0,-0.0625,0.0,1.2399999999999984,0.0
1085,202109060602,4,4,8,30,1,0,0,0,0,0,0,0,2,2,1,7,0,0,0,0,0,0,0,0,0,1,0,3,0,0,0,0,0,0,0,0,0.0,0.0,7.0,10.0,41.8,1.7,0.7,0.0,0.0,14.0,12.0,38.9,2.4,0.6,0.0,0.0,13.0,7.0,37.3,1.4,0.5,-1.5,-31.0,-200.0,0.25,0.375,2,3,9.8,5.0,1393,187,1263,0.0,0.0,16.0,5.0,38.1,1.2,0.875,0.0,0.0,11.0,9.0,36.8,1.3,0.3333333333333333,-0.9,0.0,55.0,-878.0,16.0,10.0,449.0,0.2,0.0,0.0,-0.125,0.0,1.0799999999999996,0.0
1086,202109060602,0,0,0,0,0,0,0,5,0,0,0,0,0,0,0,0,0,0,0,1,0,0,0,0,0,0,0,0,0,0,0,1,0,0,0,0,0.0,0.0,4.0,8.0,39.3,1.8,0.9090909090909091,0.0,0.0,13.0,12.0,36.2,1.3,0.6875,0.0,0.0,8.0,14.0,36.8,1.2,0.625,3.0,11.0,-200.0,0.06578947368421052,0.19736842105263158,8,16,36.1,8.0,1397,432,1428,0.0,0.0,9.0,5.0,35.8,0.6,0.625,0.0,0.0,8.0,10.0,36.9,1.4,0.2,-0.3,0.0,55.0,-946.0,16.0,11.0,473.0,-0.18181818181818182,0.0625,-0.125,-0.0625,0.0,0.5200000000000002,0.0
1087,202109060602,0,0,0,2,0,0,0,2,0,0,0,0,0,0,0,1,0,0,0,0,0,0,0,0,0,0,0,1,0,0,0,0,0,0,0,0,0.0,0.0,10.0,10.0,41.5,2.4,0.8181818181818182,0.0,0.0,14.0,9.0,39.3,2.6,0.8571428571428571,0.0,0.0,3.0,6.0,42.9,2.2,0.14285714285714285,-2.0,-2.0,-600.0,0.05405405405405406,0.24324324324324326,3,5,251.0,14.0,1426,227,306,0.0,0.0,14.0,10.0,37.3,1.5,0.75,0.0,0.0,11.0,9.0,36.2,1.7,0.35714285714285715,-0.1,0.0,54.0,-153.0,16.0,11.0,424.0,0.09090909090909091,0.0,0.42857142857142855,-0.0625,-0.07142857142857142,1.2599999999999993,0.0
1088,202109060602,0,0,0,5,2,2,3,9,0,0,0,1,0,0,0,4,1,2,1,5,0,0,0,1,0,0,0,1,0,1,1,3,0,0,0,0,0.0,0.0,90.0,11.0,41.8,2.0,0.25,0.0,0.0,150.0,14.0,38.2,2.3,0.11764705882352941,0.0,0.0,140.0,11.0,36.8,1.5,0.1875,0.0,20.0,-500.0,0.07042253521126761,0.14084507042253522,5,10,118.8,12.0,1548,1036,1328,0.0,0.0,150.0,18.0,36.7,2.0,0.16666666666666666,0.0,0.0,120.0,11.0,37.9,1.6,0.5,0.4,0.0,54.0,-800.0,16.0,12.0,448.0,0.3333333333333333,0.058823529411764705,0.375,0.1111111111111111,0.0,0.9299999999999997,0.0
1089,202109060602,0,0,0,0,1,1,0,4,0,0,0,0,0,0,0,0,0,0,0,0,0,0,0,0,0,0,0,0,0,0,0,0,0,0,0,0,0.0,0.0,8.0,2.0,39.8,0.3,0.6,0.0,0.0,14.0,13.0,40.6,2.5,0.0625,0.0,0.0,11.0,8.0,36.4,1.4,0.5714285714285714,3.0,26.0,-200.0,0.09333333333333334,0.30666666666666664,7,14,84.2,10.0,1629,1239,1428,0.0,0.0,11.0,11.0,40.1,2.9,0.5833333333333334,0.0,0.0,11.0,17.0,38.0,2.9,0.1111111111111111,2.8,0.2,55.0,-948.0,16.0,10.0,454.0,-0.1,0.125,0.0,0.16666666666666666,0.05555555555555555,0.4099999999999994,0.0
1090,202109060602,0,0,1,11,0,0,0,4,0,0,0,0,0,0,0,3,0,0,0,1,0,0,0,0,0,0,0,3,0,0,0,0,0,0,0,0,0.0,0.0,5.0,2.0,36.8,0.1,0.3,0.0,0.0,8.0,16.0,42.2,5.2,0.375,0.0,0.0,11.0,13.0,37.7,2.1,0.875,5.5,1.0,-300.0,0.11594202898550725,0.3188405797101449,1,2,110.1,11.0,1095,1665,1221,0.0,0.0,7.0,8.0,39.3,1.7,0.3,,,,,,,,1.5,0.25,55.0,-947.0,16.0,10.0,461.0,-0.2,0.125,0.0,0.1,,-0.3,0.0
1091,202109060602,3,5,3,33,1,0,1,15,0,0,0,0,0,0,0,2,1,0,1,3,0,0,0,0,0,0,0,2,1,0,0,2,0,0,0,0,0.0,0.0,70.0,5.0,40.7,1.4,0.25,0.0,0.0,160.0,13.0,38.5,2.8,0.875,0.0,0.0,90.0,10.0,37.4,1.4,0.5625,2.5,-4.0,-300.0,0.0,0.2,7,13,540.0,16.0,1691,1328,1167,0.0,0.0,160.0,14.0,38.7,3.3,0.875,0.0,0.0,70.0,7.0,37.7,1.8,0.6,0.5,0.0,54.0,-515.0,16.0,12.0,466.0,0.08333333333333333,0.0,0.0,0.0625,0.0,0.5799999999999997,0.0
1092,202109060602,4,4,8,30,3,8,6,35,0,0,0,0,2,2,1,7,0,2,1,8,0,0,0,0,0,1,0,3,0,1,0,1,0,0,0,0,0.0,0.0,5.0,7.0,43.9,4.7,0.375,0.0,0.0,13.0,15.0,40.0,3.8,0.375,0.0,0.0,8.0,13.0,37.8,2.5,0.3125,3.0,6.0,-200.0,0.03125,0.125,2,4,155.9,13.0,1393,1559,1263,0.0,0.0,8.0,11.0,36.7,1.8,0.2857142857142857,,,,,,,,1.0,0.0,55.0,-84.0,16.0,8.0,486.0,0.5,0.3125,0.0,0.21428571428571427,,2.379999999999999,0.0
1093,202109060602,1,0,2,9,0,0,0,0,0,0,0,0,0,0,1,3,0,0,0,0,0,0,0,0,0,0,1,1,0,0,0,0,0,0,0,0,0.0,0.0,60.0,9.0,41.9,2.4,0.75,0.0,0.0,150.0,16.0,39.0,3.8,1.0,0.0,0.0,120.0,13.0,36.3,2.1,0.9230769230769231,2.0,25.0,-200.0,0.075,0.25,3,6,379.6,15.0,1396,1585,1556,0.0,0.0,140.0,12.0,36.6,1.6,0.07142857142857142,,,,,,,,0.6,0.0,54.0,-729.0,16.0,12.0,437.0,0.0,-0.0625,0.0,0.0,,1.8599999999999994,0.0
1094,202109060609,2,3,6,31,0,0,0,0,0,0,0,0,1,1,3,15,0,0,0,0,0,0,0,0,0,0,0,3,0,0,0,0,0,0,0,0,0.0,0.0,20.0,5.0,39.0,0.9,0.1875,0.0,0.0,90.0,5.0,39.3,1.1,0.125,0.0,0.0,30.0,1.0,38.7,0.0,0.0625,-2.0,16.0,-200.0,0.023809523809523808,0.09523809523809523,5,9,3.9,2.0,1520,12,695,0.0,0.0,,,,,,0.0,0.0,40.0,1.0,36.5,0.0,0.1111111111111111,-1.6,0.5,54.0,21.0,16.0,16.0,476.0,-0.0625,0.0,0.0,,0.0,0.8099999999999994,0.0
1095,202109060609,3,9,7,41,3,8,6,35,0,2,0,1,2,4,2,15,0,2,1,8,0,1,0,1,0,1,0,2,0,0,0,0,0,0,0,0,0.0,0.0,4.0,6.0,36.8,0.6,0.8125,0.0,0.0,2.0,4.0,36.8,0.2,0.375,0.0,0.0,1.0,1.0,37.2,0.0,0.6875,-2.5,-2.0,-200.0,0.07317073170731707,0.1951219512195122,5,10,7.6,5.0,1576,1559,1577,0.0,0.0,5.0,2.0,35.9,0.2,0.3333333333333333,0.0,0.0,3.0,2.0,36.4,0.8,0.625,-1.0,0.6,57.0,-118.0,16.0,16.0,514.0,-0.25,0.1875,0.125,0.0,-0.0625,0.16999999999999957,0.0
1096,202109060609,1,2,3,20,6,4,5,46,0,0,0,0,0,0,0,6,2,0,1,10,0,0,0,0,0,0,0,0,0,0,0,0,0,0,0,0,0.0,0.0,7.0,,,,0.5,0.0,0.0,8.0,5.0,35.3,0.5,1.0,0.0,0.0,3.0,7.0,37.1,0.9,0.375,2.0,0.0,-200.0,0.0945945945945946,0.2972972972972973,2,4,33.8,8.0,1348,1167,1221,0.0,0.0,5.0,9.0,37.5,1.8,0.16666666666666666,0.0,0.0,3.0,9.0,36.5,0.7,0.7333333333333333,1.4,0.0,57.0,-787.0,16.0,16.0,488.0,0.125,0.0,-0.0625,0.0,-0.06666666666666667,-0.4000000000000007,0.0
1097,202109060609,5,5,3,42,0,3,0,9,0,2,0,1,3,3,2,9,0,2,0,0,0,1,0,0,2,1,0,1,0,1,0,0,0,1,0,0,0.0,0.0,14.0,14.0,35.3,1.9,0.8571428571428571,0.0,0.0,8.0,5.0,34.4,1.0,1.0,0.0,0.0,11.0,12.0,37.3,2.3,0.8125,-1.0,-2.0,-400.0,0.08333333333333333,0.2708333333333333,2,3,6.0,4.0,1716,1503,1167,0.0,0.0,14.0,11.0,37.2,1.0,0.75,0.0,0.0,10.0,4.0,36.3,0.8,0.8571428571428571,-1.4,0.0,57.0,-427.0,16.0,14.0,504.0,-0.14285714285714285,0.0,0.0,-0.125,0.0,-0.4800000000000004,0.0
1098,202109060609,0,0,0,0,1,0,1,8,0,0,0,0,0,0,0,0,0,0,0,4,0,0,0,0,0,0,0,0,0,0,0,0,0,0,0,0,0.0,0.0,12.0,9.0,36.5,0.6,0.8666666666666667,0.0,0.0,4.0,7.0,35.9,0.4,0.7692307692307693,0.0,0.0,3.0,2.0,35.3,0.1,0.75,-3.5,12.0,0.0,0.12643678160919541,0.3218390804597701,4,7,5.7,3.0,1629,1448,1428,0.0,0.0,6.0,4.0,36.4,0.4,0.8,0.0,0.0,12.0,5.0,36.4,0.4,0.875,-1.1,0.2,56.0,-882.0,16.0,15.0,494.0,-0.13333333333333333,0.0,0.0,0.0,0.0,-0.029999999999999714,0.0
1099,202109060609,2,1,2,13,1,3,1,23,0,0,0,0,1,1,1,8,0,0,0,7,0,0,0,0,0,0,0,0,0,0,0,0,0,0,0,0,0.0,0.0,9.0,8.0,39.2,2.2,1.0,0.0,0.0,11.0,6.0,34.4,1.0,0.8571428571428571,0.0,0.0,15.0,14.0,36.0,1.4,1.0,3.0,-5.0,-200.0,0.05,0.125,7,14,17.0,6.0,1191,1376,1235,0.0,0.0,9.0,11.0,36.3,1.2,0.9375,0.0,0.0,13.0,6.0,36.6,0.5,0.75,0.1,0.0,57.0,-1033.0,16.0,10.0,521.0,-0.2,0.0,-0.2,-0.125,-0.0625,0.3300000000000004,0.0
1100,202109060609,1,0,0,1,1,0,0,0,0,0,0,0,0,0,0,0,0,0,0,0,0,0,0,0,0,0,0,0,0,0,0,0,0,0,0,0,0.0,0.0,1.0,2.0,41.2,0.1,0.125,0.0,0.0,13.0,13.0,40.4,2.8,0.23076923076923078,0.0,0.0,15.0,11.0,37.0,2.3,0.875,4.5,-9.0,-200.0,0.0,0.25,6,11,174.6,15.0,525,428,1,0.0,0.0,15.0,16.0,39.7,2.0,0.0625,0.0,0.0,14.0,11.0,36.9,1.5,0.8125,2.1,0.2,57.0,-490.0,16.0,8.0,467.0,0.0,0.3076923076923077,0.0,0.0,0.0625,0.9300000000000004,0.0
1101,202109060609,4,4,8,30,0,0,1,0,0,0,0,0,2,2,1,7,0,0,0,0,0,0,0,0,0,0,0,1,0,0,0,0,0,0,0,0,0.0,0.0,8.0,13.0,38.5,2.4,0.25,0.0,0.0,12.0,2.0,37.9,0.4,0.25,0.0,0.0,7.0,13.0,40.3,2.5,0.5384615384615384,0.0,10.0,-200.0,1.0,1.0,4,8,41.8,11.0,1393,402,1263,0.0,0.0,11.0,8.0,37.3,1.3,0.2,0.0,0.0,9.0,14.0,38.7,2.8,0.2,0.8,0.2,57.0,-105.0,16.0,16.0,564.0,0.0,0.0625,0.07692307692307693,0.06666666666666667,0.06666666666666667,0.019999999999999574,0.0
1102,202109060609,3,9,7,41,3,1,1,28,0,0,0,1,2,4,2,15,1,0,1,4,0,0,0,0,0,1,0,2,0,0,0,2,0,0,0,0,0.0,0.0,13.0,12.0,38.1,2.1,0.8125,0.0,0.0,11.0,11.0,37.9,3.9,1.0,0.0,0.0,16.0,8.0,36.7,0.7,0.9375,-2.0,12.0,0.0,0.42857142857142855,0.5714285714285714,1,2,31.4,7.0,1576,1482,1577,0.0,0.0,9.0,12.0,37.0,2.2,0.6875,0.0,0.0,6.0,8.0,36.8,1.1,0.5,-0.7,0.0,56.0,-1021.0,16.0,16.0,542.0,0.125,0.0,-0.0625,0.0,0.0,0.3500000000000007,0.0
1103,202109060609,1,0,2,9,0,0,1,2,0,0,0,0,0,0,1,3,0,0,1,2,0,0,0,0,0,0,0,0,0,0,0,0,0,0,0,0,0.0,0.0,7.0,6.0,39.8,1.5,0.7272727272727273,0.0,0.0,10.0,12.0,35.7,0.9,1.0,0.0,0.0,13.0,7.0,37.3,0.7,0.875,0.5,6.0,-200.0,0.015151515151515152,0.10606060606060606,3,6,34.5,9.0,1396,1423,1556,0.0,0.0,6.0,8.0,36.9,0.6,0.6875,0.0,0.0,9.0,10.0,35.7,1.4,1.0,0.4,0.0,56.0,-805.0,16.0,11.0,510.0,0.0,0.0,-0.125,0.0625,-0.06666666666666667,0.6999999999999993,0.0
1104,202109060609,5,5,3,42,0,0,0,0,0,0,0,0,3,3,2,9,0,0,0,0,0,0,0,0,2,1,0,1,0,0,0,0,0,0,0,0,0.0,0.0,10.0,11.0,36.7,1.4,0.4666666666666667,0.0,0.0,3.0,11.0,38.2,1.8,0.1875,0.0,0.0,2.0,10.0,36.6,0.8,0.5,-0.5,-4.0,0.0,0.19230769230769232,0.2692307692307692,6,12,36.0,10.0,1716,660,1167,0.0,0.0,2.0,1.0,36.6,0.0,0.13333333333333333,0.0,0.0,4.0,10.0,36.5,1.4,0.05555555555555555,-1.2,0.2,55.0,0.0,16.0,15.0,460.0,0.0,0.0,-0.0625,0.0,0.0,0.2000000000000007,0.0
1105,202109060609,0,0,0,0,2,2,1,25,0,0,0,0,0,0,0,0,1,1,1,10,0,0,0,0,0,0,0,0,0,0,0,2,0,0,0,0,0.0,0.0,10.0,10.0,36.3,0.0,0.6666666666666666,0.0,0.0,40.0,120.0,38.2,1.5,0.125,0.0,0.0,100.0,70.0,37.8,0.6,0.0625,30.0,-10.0,200.0,0.07272727272727272,0.12727272727272726,8,16,105.5,13.0,1074,1294,1503,0.0,0.0,90.0,120.0,37.1,0.8,0.6875,0.0,0.0,130.0,120.0,36.5,1.5,0.6,22.0,0.0,57.0,-870.0,16.0,9.0,512.0,-0.1111111111111111,0.0,0.0,0.125,0.13333333333333333,0.06999999999999958,0.0
1106,202109060609,0,0,0,5,0,0,0,3,0,0,0,1,0,0,0,2,0,0,0,1,0,0,0,1,0,0,0,1,0,0,0,1,0,0,0,1,0.0,0.0,16.0,11.0,36.9,1.2,0.9375,0.0,0.0,16.0,10.0,37.9,1.0,0.4375,0.0,0.0,14.0,13.0,36.7,1.7,0.6,1.0,0.0,0.0,0.05555555555555555,0.25,3,5,129.8,14.0,1199,1649,351,0.0,0.0,15.0,7.0,36.6,0.7,0.375,0.0,0.0,14.0,13.0,37.1,1.3,0.5,0.1,0.0,55.0,-62.0,16.0,16.0,456.0,0.0,-0.0625,0.2,0.0,0.0625,0.08999999999999915,0.0
1107,202109060609,3,9,7,41,0,0,0,0,0,0,0,0,2,4,2,15,0,0,0,0,0,0,0,0,0,1,0,2,0,0,0,0,0,0,0,0,0.0,0.0,8.0,13.0,37.4,2.4,0.6923076923076923,0.0,0.0,7.0,14.0,37.3,1.2,0.625,0.0,0.0,4.0,5.0,37.7,0.6,0.15384615384615385,-4.0,-2.0,50.0,0.14285714285714285,0.3142857142857143,8,15,3.4,1.0,1576,489,1577,0.0,0.0,9.0,11.0,39.0,1.6,0.25,0.0,0.0,12.0,6.0,37.9,0.9,0.0625,-1.7,0.0,54.0,-685.0,16.0,13.0,514.0,0.15384615384615385,0.125,0.0,0.0,0.0,-0.2700000000000003,0.0
1108,202109060609,0,0,0,6,2,5,5,36,0,0,0,0,0,0,0,2,2,2,1,9,0,0,0,0,0,0,0,0,0,0,0,1,0,0,0,0,0.0,0.0,7.0,10.0,34.5,0.9,1.0,0.0,0.0,4.0,16.0,38.5,2.3,0.1875,0.0,0.0,8.0,1.0,36.6,0.0,0.0625,-4.5,-10.0,200.0,0.07142857142857142,0.14285714285714285,7,13,63.2,12.0,1042,1618,488,0.0,0.0,11.0,3.0,37.5,0.2,0.125,0.0,0.0,10.0,11.0,38.0,1.4,0.07692307692307693,-1.1,0.4,54.0,-202.0,16.0,11.0,490.0,-0.09090909090909091,0.0,0.0,0.0,0.0,-0.6,0.0
1109,202109060609,1,3,2,11,8,9,7,56,1,2,1,4,0,1,0,0,1,4,0,11,0,1,0,0,0,0,0,0,0,1,0,1,0,0,0,0,0.0,0.0,,,,,,0.0,0.0,150.0,12.0,36.3,0.9,0.875,0.0,0.0,80.0,15.0,38.0,2.2,0.25,3.0,,-200.0,,,1,1,,,1383,1263,246,0.0,0.0,130.0,15.0,40.6,3.0,0.0625,0.0,0.0,,,,,,1.5,0.0,57.0,-759.0,16.0,7.0,,,0.0625,0.125,0.0,,-2.150000000000002,0.0
1110,202109060702,0,0,0,0,0,0,0,0,0,0,0,0,0,0,0,0,0,0,0,0,0,0,0,0,0,0,0,0,0,0,0,0,0,0,0,0,0.0,0.0,5.0,5.0,37.2,1.4,0.07692307692307693,0.0,0.0,1.0,5.0,35.6,0.7,0.42857142857142855,0.0,0.0,8.0,11.0,34.2,0.9,0.4166666666666667,3.0,0.0,0.0,0.3333333333333333,0.3333333333333333,4,7,8.7,5.0,1289,464,1428,0.0,0.0,4.0,8.0,36.5,1.4,0.9375,0.0,0.0,2.0,6.0,38.2,0.7,0.1875,0.5,0.0,55.0,-350.0,16.0,13.0,502.0,0.0,0.0,0.08333333333333333,0.0,-0.0625,-0.28999999999999987,0.0
1111,202109060702,0,0,0,0,0,0,1,3,0,0,0,0,0,0,0,0,0,0,0,1,0,0,0,0,0,0,0,0,0,0,0,1,0,0,0,0,0.0,0.0,30.0,2.0,35.3,0.1,0.07142857142857142,,,,,,,,,,,,,,,,,0.0,0.09210526315789473,0.3026315789473684,1,1,3.5,1.0,1064,1278,1556,,,,,,,,,,,,,,,,1.0,55.0,20.0,16.0,14.0,434.0,0.0,,,,,,
1112,202109060702,1,0,1,22,1,2,0,10,0,0,0,0,1,0,1,12,0,1,0,0,0,0,0,0,0,0,1,10,0,1,0,0,0,0,0,0,0.0,0.0,8.0,10.0,36.8,1.3,0.6666666666666666,0.0,0.0,4.0,5.0,36.2,0.4,0.16666666666666666,0.0,0.0,3.0,7.0,36.3,0.4,0.3333333333333333,-1.5,0.0,200.0,0.0196078431372549,0.13725490196078433,6,12,4.6,3.0,1426,1438,306,0.0,0.0,4.0,2.0,35.8,0.0,0.08333333333333333,0.0,0.0,14.0,13.0,38.6,1.6,0.25,0.3,0.2,55.0,-616.0,16.0,12.0,472.0,0.0,0.0,0.08333333333333333,0.0,0.0625,-0.3200000000000003,0.0
1113,202109060702,13,7,11,84,8,7,3,79,0,0,0,0,6,2,3,19,0,0,1,23,0,0,0,0,2,2,2,7,0,0,0,14,0,0,0,0,0.0,0.0,12.0,9.0,39.1,2.2,0.5384615384615384,0.0,0.0,10.0,9.0,36.3,1.8,0.3,0.0,0.0,15.0,15.0,34.5,1.3,0.625,3.0,-6.0,-600.0,0.12359550561797752,0.3146067415730337,8,16,3.5,2.0,1716,1405,1167,0.0,0.0,11.0,8.0,37.4,1.0,0.5,0.0,0.0,11.0,6.0,37.6,1.1,0.4666666666666667,-0.7,0.0,55.0,-1009.0,16.0,13.0,512.0,0.0,0.1,0.0,-0.07142857142857142,-0.2,0.18999999999999986,0.0
1114,202109060702,0,0,0,0,1,1,0,4,0,0,0,0,0,0,0,0,0,1,0,0,0,0,0,0,0,0,0,0,0,1,0,0,0,0,0,0,0.0,0.0,8.0,12.0,37.1,1.5,0.5833333333333334,0.0,0.0,4.0,6.0,38.7,3.1,0.8571428571428571,0.0,0.0,6.0,5.0,38.0,1.6,0.5,-3.5,-8.0,200.0,0.2830188679245283,0.5283018867924528,2,3,19.3,6.0,31,212,695,0.0,0.0,8.0,11.0,41.6,2.7,0.16666666666666666,0.0,0.0,4.0,5.0,39.0,1.7,0.125,-0.9,0.0,54.0,-218.0,16.0,12.0,478.0,0.08333333333333333,0.0,0.0625,-0.08333333333333333,0.0,-0.6699999999999996,0.0
1115,202109060702,13,7,11,84,9,8,5,91,1,1,0,2,6,2,3,19,1,1,1,18,0,0,0,0,2,2,2,7,1,0,0,7,0,0,0,0,0.0,0.0,30.0,40.0,37.7,0.5,1.0,0.0,0.0,120.0,120.0,35.4,1.2,0.4,0.0,0.0,90.0,100.0,36.2,1.8,0.2,30.0,8.0,0.0,0.11510791366906475,0.31654676258992803,2,4,6.2,4.0,1716,1345,1167,0.0,0.0,90.0,110.0,35.4,2.0,0.9090909090909091,0.0,0.0,50.0,100.0,35.3,0.9,0.375,11.0,0.0,55.0,-1028.0,16.0,8.0,510.0,0.0,0.13333333333333333,0.0,0.09090909090909091,0.0,0.48000000000000115,0.0
1116,202109060702,0,0,0,1,10,4,6,117,0,0,0,0,0,0,0,1,2,0,2,27,0,0,0,0,0,0,0,1,0,0,0,18,0,0,0,0,0.0,0.0,9.0,13.0,38.6,2.3,0.3076923076923077,0.0,0.0,3.0,9.0,36.3,1.5,0.35714285714285715,0.0,0.0,14.0,14.0,38.0,2.2,0.4666666666666667,0.5,8.0,0.0,0.043478260869565216,0.13043478260869565,7,13,112.2,11.0,1270,1013,969,0.0,0.0,8.0,15.0,39.4,2.6,0.1875,0.0,0.0,1.0,1.0,35.3,0.0,0.2857142857142857,-1.8,0.2,51.0,-652.0,16.0,13.0,486.0,0.38461538461538464,0.07142857142857142,0.0,0.0,0.0,0.3500000000000007,0.0
1117,202109060702,0,0,0,0,1,0,2,17,0,0,0,0,0,0,0,0,0,0,1,5,0,0,0,0,0,0,0,0,0,0,1,4,0,0,0,0,0.0,0.0,5.0,,,,1.0,0.0,0.0,7.0,7.0,39.3,1.7,0.8888888888888888,0.0,0.0,7.0,8.0,37.9,1.9,0.8125,1.0,-3.0,-200.0,0.034482758620689655,0.1724137931034483,5,9,24.4,7.0,1534,1620,1235,0.0,0.0,4.0,4.0,37.1,1.2,0.6,0.0,0.0,5.0,,,,,-1.5,0.0,52.0,-409.0,16.0,11.0,491.0,0.0,-0.1111111111111111,-0.0625,0.0,,1.0999999999999979,0.0
1118,202109060702,4,8,3,72,4,1,4,36,0,0,0,0,2,5,2,39,0,0,0,5,0,0,0,0,0,2,0,13,0,0,0,2,0,0,0,0,0.0,0.0,4.0,8.0,39.8,1.5,0.3333333333333333,0.0,0.0,11.0,11.0,39.5,2.6,0.5625,0.0,0.0,14.0,10.0,37.7,2.7,0.6875,1.0,10.0,-200.0,0.04,0.24,4,8,99.5,10.0,1645,1376,1366,0.0,0.0,14.0,13.0,42.5,3.9,0.2857142857142857,0.0,0.0,10.0,9.0,38.1,2.0,0.75,0.4,0.0,52.0,-887.0,16.0,12.0,494.0,0.0,0.125,0.0,-0.07142857142857142,0.0,0.03999999999999915,0.0
1119,202109060702,0,0,1,5,2,1,1,12,0,0,0,0,0,0,1,0,1,0,0,2,0,0,0,0,0,0,0,0,0,0,0,1,0,0,0,0,0.0,0.0,7.0,4.0,38.3,0.3,0.9166666666666666,0.0,0.0,7.0,8.0,13.9,11.9,0.7,0.0,0.0,16.0,16.0,40.9,6.0,0.8125,6.0,8.0,-200.0,0.0,0.19047619047619047,7,14,29.0,8.0,1729,1110,1428,0.0,0.0,16.0,9.0,38.1,0.8,0.75,0.0,0.0,15.0,12.0,38.9,1.8,0.625,1.7,0.0,55.0,-1031.0,16.0,12.0,466.0,-0.3333333333333333,0.1,0.1875,0.0625,0.0625,-2.5400000000000005,0.0
1120,202109060702,0,0,0,0,0,0,0,0,0,0,0,0,0,0,0,0,0,0,0,0,0,0,0,0,0,0,0,0,0,0,0,0,0,0,0,0,0.0,0.0,40.0,,,,0.09090909090909091,0.0,0.0,120.0,7.0,34.8,0.8,0.4117647058823529,0.0,0.0,90.0,9.0,35.8,1.0,0.2777777777777778,2.0,41.0,0.0,0.06896551724137931,0.13793103448275862,3,6,37.5,9.0,1534,1106,1235,0.0,0.0,30.0,8.0,36.2,1.3,0.5625,0.0,0.0,60.0,7.0,34.7,0.4,0.1111111111111111,-0.1,0.0,55.0,-862.0,16.0,11.0,499.0,0.09090909090909091,-0.058823529411764705,0.0,0.125,0.0,-0.010000000000002274,0.0
1121,202109060702,0,0,0,0,6,4,7,31,0,0,0,0,0,0,0,0,1,2,0,9,0,0,0,0,0,0,0,0,1,1,0,4,0,0,0,0,0.0,0.0,10.0,20.0,39.9,0.1,0.3,0.0,0.0,130.0,120.0,13.6,6.0,0.7142857142857143,0.0,0.0,140.0,90.0,13.4,2.1,0.14285714285714285,35.0,3.0,-200.0,0.07317073170731707,0.24390243902439024,8,15,165.0,13.0,1467,1362,336,0.0,0.0,160.0,110.0,35.7,0.9,0.75,0.0,0.0,120.0,90.0,41.8,4.5,0.4166666666666667,13.0,0.0,55.0,-1030.0,16.0,10.0,501.0,-0.1,0.14285714285714285,0.35714285714285715,0.0,0.3333333333333333,-2.59,0.0
1122,202109060702,1,0,0,10,0,0,0,0,0,0,0,0,0,0,0,4,0,0,0,0,0,0,0,0,0,0,0,4,0,0,0,0,0,0,0,0,0.0,0.0,15.0,17.0,36.1,1.5,0.11764705882352941,0.0,0.0,10.0,9.0,42.2,3.5,0.7142857142857143,0.0,0.0,12.0,13.0,39.6,2.8,0.25,-2.0,0.0,0.0,0.0,0.047619047619047616,3,5,164.2,12.0,1463,347,1167,0.0,0.0,7.0,9.0,35.6,1.4,0.4666666666666667,,,,,,,,-2.0,0.0,53.0,-245.0,16.0,17.0,428.0,0.0,-0.07142857142857142,0.0625,-0.06666666666666667,,0.41000000000000014,0.0
1123,202109060702,0,0,0,12,1,7,2,23,0,0,0,0,0,0,0,3,0,1,0,1,0,0,0,0,0,0,0,2,0,0,0,0,0,0,0,0,0.0,0.0,100.0,10.0,40.0,3.2,0.9,0.0,0.0,70.0,10.0,42.4,4.4,0.45454545454545453,0.0,0.0,140.0,14.0,39.4,2.9,0.5,2.0,6.0,-300.0,0.0,0.125,1,2,190.8,14.0,1715,1032,770,0.0,0.0,60.0,8.0,45.1,7.7,0.8,,,,,,,,-0.2,0.0,52.0,-718.0,16.0,10.0,488.0,-0.2,0.09090909090909091,0.0625,-0.2,,-1.2300000000000004,0.0
1124,202109060702,0,0,0,0,0,0,0,0,0,0,0,0,0,0,0,0,0,0,0,0,0,0,0,0,0,0,0,0,0,0,0,0,0,0,0,0,0.0,0.0,4.0,2.0,42.3,1.0,0.2,0.0,0.0,14.0,12.0,40.0,1.5,0.5,0.0,0.0,15.0,15.0,38.9,3.1,0.8125,6.5,9.0,-200.0,0.0,0.0,5,10,263.2,15.0,1684,1639,1328,0.0,0.0,7.0,7.0,38.4,1.9,0.5625,0.0,0.0,14.0,12.0,37.2,1.8,0.11764705882352941,1.5,0.2,51.0,-357.0,16.0,10.0,467.0,0.0,0.0625,-0.0625,0.125,0.0,1.179999999999999,0.0
1125,202109060702,0,0,0,1,10,4,6,117,0,0,0,0,0,0,0,1,2,0,2,27,0,0,0,0,0,0,0,1,0,0,0,18,0,0,0,0,0.0,0.0,16.0,16.0,40.9,4.7,0.5,0.0,0.0,9.0,5.0,39.0,2.1,0.18181818181818182,,,,,,,,-11.0,-8.0,0.0,0.0,0.16129032258064516,6,11,267.0,16.0,1270,1013,969,,,,,,,,,,,,,,,-11.0,0.0,54.0,0.0,16.0,16.0,418.0,0.25,0.09090909090909091,,,,1.8999999999999986,0.0
1126,202109060708,0,1,4,19,1,1,0,8,0,0,0,0,0,0,1,2,0,1,0,1,0,0,0,0,0,0,0,0,0,1,0,0,0,0,0,0,0.0,0.0,5.0,6.0,38.2,1.3,0.8333333333333334,0.0,0.0,11.0,8.0,36.3,1.0,0.8125,0.0,0.0,10.0,11.0,37.5,0.9,0.26666666666666666,2.5,-5.0,0.0,0.0,0.12,3,6,3.2,2.0,1601,1433,239,0.0,0.0,7.0,5.0,36.8,0.8,0.75,0.0,0.0,10.0,6.0,36.9,0.8,0.7692307692307693,-0.3,0.0,56.0,-930.0,16.0,6.0,495.0,0.0,-0.1875,-0.06666666666666667,-0.125,0.0,0.21000000000000085,0.0
1127,202109060708,3,2,2,29,8,8,14,82,0,0,0,1,0,1,0,5,1,1,2,14,0,0,0,0,0,0,0,1,1,0,0,3,0,0,0,0,0.0,0.0,2.0,5.0,40.7,2.1,0.3333333333333333,0.0,0.0,14.0,10.0,35.9,1.3,0.5,0.0,0.0,14.0,8.0,37.0,0.8,0.5714285714285714,1.5,10.0,-300.0,0.14285714285714285,0.2857142857142857,1,1,21.5,8.0,1098,1559,1294,0.0,0.0,10.0,11.0,35.2,0.4,0.6153846153846154,0.0,0.0,6.0,9.0,34.7,0.4,0.4375,0.9,0.0,56.0,-520.0,16.0,12.0,488.0,0.0,-0.125,0.0,0.0,0.0,1.2699999999999996,0.0
1128,202109060708,8,4,7,50,5,2,0,16,0,0,0,1,1,0,0,5,2,1,0,4,0,0,0,0,0,0,0,2,0,1,0,2,0,0,0,0,0.0,0.0,11.0,11.0,35.7,1.3,0.625,0.0,0.0,12.0,1.0,37.0,0.0,0.4375,0.0,0.0,3.0,1.0,36.4,0.0,0.3,-5.0,-8.0,0.0,0.14018691588785046,0.308411214953271,6,12,14.0,5.0,1152,1228,1428,0.0,0.0,6.0,2.0,36.8,0.6,0.26666666666666666,0.0,0.0,5.0,4.0,37.0,0.2,0.1875,-1.3000000000000003,0.6,54.0,-715.0,16.0,16.0,448.0,0.0,0.0,0.0,-0.06666666666666667,0.0,-0.23999999999999916,0.0
1129,202109060708,0,3,1,5,1,3,3,31,0,1,1,1,0,1,1,3,1,1,2,10,0,1,1,1,0,1,1,1,0,1,1,3,0,1,1,1,0.0,0.0,10.0,9.0,13.8,3.1,1.0,0.0,0.0,30.0,2.0,13.5,0.2,0.16666666666666666,0.0,0.0,30.0,4.0,13.7,1.3,0.5833333333333334,-2.5,-6.0,-1770.0,0.06944444444444445,0.1388888888888889,2,4,18.2,6.0,1521,1503,1313,0.0,0.0,20.0,9.0,13.6,3.9,0.2727272727272727,0.0,0.0,20.0,2.0,13.3,0.2,0.2222222222222222,-0.7,0.4,57.0,-449.0,16.0,9.0,480.0,0.0,0.0,-0.25,0.7272727272727273,-0.1111111111111111,0.09000000000000004,0.0
1130,202109060708,0,3,1,14,0,1,1,5,0,1,1,1,0,0,0,4,0,0,0,1,0,0,0,0,0,0,0,1,0,0,0,0,0,0,0,0,0.0,0.0,13.0,9.0,35.3,1.2,0.9375,0.0,0.0,9.0,4.0,36.4,0.9,1.0,0.0,0.0,6.0,9.0,36.4,1.4,0.8666666666666667,0.0,6.0,0.0,0.018867924528301886,0.2169811320754717,2,3,29.0,10.0,1333,1686,1294,0.0,0.0,12.0,5.0,35.8,0.8,1.0,0.0,0.0,16.0,4.0,37.2,0.2,0.9375,-0.9,0.0,57.0,-1050.0,16.0,16.0,484.0,0.0,0.0,0.0,0.0,0.0,-0.320000000000001,0.0
1131,202109060708,2,1,0,19,1,0,1,24,1,0,0,1,1,1,0,1,1,0,0,9,1,0,0,0,0,1,0,0,0,0,0,1,0,0,0,0,0.0,0.0,3.0,3.0,39.6,1.2,0.3333333333333333,0.0,0.0,13.0,14.0,36.6,1.7,1.0,0.0,0.0,10.0,12.0,37.5,1.6,0.8125,4.5,7.0,-200.0,0.07017543859649122,0.14035087719298245,6,11,65.9,13.0,1674,1551,1428,0.0,0.0,4.0,12.0,36.7,1.2,0.9375,0.0,0.0,7.0,7.0,39.1,0.5,0.4375,0.6,0.2,56.0,-138.0,16.0,9.0,487.0,0.1111111111111111,0.0,0.0625,0.0,0.0,0.08999999999999986,0.0
1132,202109060708,0,0,0,12,0,0,0,11,0,0,0,10,0,0,0,3,0,0,0,2,0,0,0,2,0,0,0,0,0,0,0,0,0,0,0,0,0.0,0.0,9.0,7.0,37.7,0.8,0.5,0.0,0.0,6.0,11.0,37.6,1.5,0.75,0.0,0.0,8.0,9.0,38.1,1.3,0.125,1.0,8.0,0.0,0.04878048780487805,0.17073170731707318,8,15,26.0,9.0,1715,1028,770,0.0,0.0,1.0,1.0,38.0,0.0,0.125,0.0,0.0,4.0,2.0,36.7,0.0,0.125,-2.0,0.4,56.0,0.0,16.0,16.0,482.0,0.125,0.0625,0.1875,0.0,0.0,0.16000000000000014,0.0
1133,202109060708,4,3,6,58,10,4,6,117,1,0,0,3,0,0,1,9,2,0,2,27,0,0,0,0,0,0,0,3,1,0,1,4,0,0,0,0,0.0,0.0,70.0,80.0,37.5,0.9,0.6875,0.0,0.0,100.0,50.0,36.2,0.7,0.8461538461538461,0.0,0.0,60.0,80.0,38.0,1.3,0.5833333333333334,0.0,6.0,0.0,0.043010752688172046,0.11827956989247312,4,8,19.7,7.0,1009,1013,298,0.0,0.0,70.0,80.0,35.6,0.5,0.5833333333333334,0.0,0.0,20.0,20.0,35.2,0.0,0.75,-9.0,0.0,55.0,0.0,16.0,16.0,472.0,0.125,0.0,0.08333333333333333,0.0,0.0,0.5199999999999996,0.0
1134,202109060708,0,0,0,13,6,4,7,31,0,0,0,1,0,0,0,4,1,2,0,9,0,0,0,1,0,0,0,0,0,1,0,4,0,0,0,0,0.0,0.0,5.0,11.0,41.7,2.5,0.5,0.0,0.0,8.0,5.0,36.9,0.4,0.6875,0.0,0.0,6.0,7.0,36.1,0.4,0.6428571428571429,-2.0,0.0,-200.0,0.021739130434782608,0.15217391304347827,5,9,84.1,15.0,1657,1362,1317,0.0,0.0,5.0,3.0,36.3,0.1,0.15384615384615385,0.0,0.0,15.0,9.0,38.2,0.9,0.125,-0.6,0.2,55.0,-933.0,16.0,12.0,468.0,0.25,0.0,0.07142857142857142,0.15384615384615385,0.0,0.7600000000000001,0.0
1135,202109060708,4,14,9,78,4,8,12,116,0,1,2,4,2,4,6,21,0,2,3,23,0,1,2,1,1,1,2,5,0,1,2,9,0,1,1,0,0.0,0.0,40.0,4.0,40.0,0.5,0.2857142857142857,0.0,0.0,130.0,13.0,35.0,0.8,0.6428571428571429,0.0,0.0,140.0,8.0,36.3,0.8,0.4375,2.0,26.0,-200.0,0.02631578947368421,0.21052631578947367,7,13,53.4,12.0,1172,1167,1556,0.0,0.0,140.0,14.0,36.5,1.2,0.11764705882352941,0.0,0.0,120.0,10.0,37.6,1.0,0.75,1.3,0.0,54.0,-730.0,16.0,7.0,440.0,0.2857142857142857,-0.07142857142857142,-0.125,0.0,-0.125,0.32999999999999974,0.0
1136,202109060708,1,0,1,22,6,4,7,31,0,0,0,0,1,0,1,12,1,2,0,9,0,0,0,0,0,0,0,0,0,1,0,4,0,0,0,0,0.0,0.0,1.0,1.0,39.8,0.0,0.125,0.0,0.0,14.0,14.0,37.0,2.7,0.9285714285714286,0.0,0.0,15.0,16.0,42.1,7.5,1.0,7.5,0.0,-200.0,0.15789473684210525,0.3157894736842105,3,5,3.1,1.0,1426,1362,306,0.0,0.0,16.0,14.0,40.1,2.0,0.0625,0.0,0.0,9.0,10.0,37.9,2.6,0.6363636363636364,1.8,0.2,56.0,-910.0,16.0,8.0,502.0,0.0,0.07142857142857142,0.0,0.0625,0.18181818181818182,0.06999999999999958,0.0
1137,202109060708,0,1,4,19,4,6,5,59,0,0,0,3,0,0,1,2,1,0,1,5,0,0,0,0,0,0,0,0,0,0,0,1,0,0,0,0,0.0,0.0,,,,,,0.0,0.0,150.0,13.0,38.2,2.8,0.875,0.0,0.0,90.0,6.0,37.7,2.3,1.0,-7.0,,-300.0,0.041666666666666664,0.25,5,10,33.9,11.0,1601,1428,239,0.0,0.0,100.0,3.0,38.3,1.3,0.9,0.0,0.0,120.0,10.0,38.9,2.5,0.9166666666666666,-1.2,0.25,53.0,-933.0,16.0,8.0,,,0.125,0.0,0.0,-0.08333333333333333,-0.26999999999999813,0.0
1138,202109060708,1,0,1,22,0,1,0,24,0,0,0,2,1,0,1,12,0,0,0,3,0,0,0,2,0,0,0,0,0,0,0,0,0,0,0,0,0.0,0.0,9.0,10.0,39.1,2.2,0.4,0.0,0.0,12.0,10.0,35.4,0.7,0.14285714285714285,0.0,0.0,11.0,9.0,35.7,0.8,0.9230769230769231,-0.5,22.0,0.0,0.09375,0.28125,8,16,9.6,4.0,1426,322,306,0.0,0.0,13.0,10.0,34.8,0.6,0.2222222222222222,0.0,0.0,9.0,13.0,35.1,1.1,0.3333333333333333,0.6,0.0,54.0,-621.0,16.0,10.0,474.0,0.0,0.0,0.0,-0.1111111111111111,0.0,0.8600000000000001,0.0
1139,202109060708,0,0,1,15,8,8,7,66,0,0,0,0,0,0,0,1,2,4,1,13,0,0,0,0,0,0,0,0,0,1,0,4,0,0,0,0,0.0,0.0,9.0,9.0,43.0,5.3,0.8,0.0,0.0,8.0,9.0,40.9,3.1,0.3333333333333333,0.0,0.0,10.0,14.0,42.3,4.2,0.13333333333333333,2.5,18.0,-200.0,0.5,0.5,4,7,7.9,3.0,1677,1294,1167,0.0,0.0,7.0,11.0,37.1,1.1,0.46153846153846156,0.0,0.0,6.0,13.0,38.3,1.5,0.26666666666666666,1.0,0.0,56.0,-256.0,16.0,10.0,540.0,0.2,0.6666666666666666,0.6666666666666666,0.15384615384615385,0.0,1.3200000000000003,0.0
1140,202109060708,3,0,4,26,3,10,11,113,0,0,1,1,1,0,1,3,1,2,2,28,0,0,0,1,0,0,0,1,0,0,0,10,0,0,0,1,0.0,0.0,70.0,9.0,39.4,1.6,0.9,0.0,0.0,160.0,15.0,38.2,2.0,0.9375,0.0,0.0,100.0,8.0,36.9,1.3,0.5833333333333334,-0.5,15.0,-100.0,0.03571428571428571,0.17857142857142858,1,2,144.3,16.0,1642,1556,1124,0.0,0.0,130.0,7.0,35.9,1.0,0.9285714285714286,0.0,0.0,150.0,12.0,37.0,1.4,0.75,-0.2,0.0,54.0,-413.0,16.0,10.0,509.0,0.1,-0.125,0.0,0.0,-0.0625,0.7100000000000002,0.0
1141,202109060708,2,3,6,35,3,0,0,12,0,0,0,0,0,1,1,15,0,0,0,1,0,0,0,0,0,0,0,3,0,0,0,0,0,0,0,0,0.0,0.0,11.0,13.0,36.7,2.5,0.7692307692307693,0.0,0.0,8.0,6.0,36.1,1.2,0.5,0.0,0.0,7.0,11.0,36.8,1.3,0.14285714285714285,-1.0,-8.0,200.0,0.09523809523809523,0.11904761904761904,7,14,67.3,14.0,1489,1104,565,0.0,0.0,12.0,14.0,37.2,1.2,0.42857142857142855,0.0,0.0,3.0,8.0,37.1,1.4,0.3076923076923077,-0.2,0.0,54.0,-246.0,16.0,13.0,442.0,0.15384615384615385,-0.08333333333333333,0.07142857142857142,0.14285714285714285,0.07692307692307693,-0.18999999999999986,0.0
1142,202109060811,0,0,0,2,0,0,0,0,0,0,0,0,0,0,0,1,0,0,0,0,0,0,0,0,0,0,0,0,0,0,0,0,0,0,0,0,0.0,0.0,12.0,9.0,37.1,0.6,0.1875,0.0,0.0,10.0,12.0,38.6,1.4,0.1875,0.0,0.0,9.0,14.0,37.1,2.0,0.375,2.5,4.0,0.0,0.05263157894736842,0.23684210526315788,8,16,15.9,6.0,525,609,1,0.0,0.0,3.0,3.0,38.1,0.8,0.5,0.0,0.0,5.0,1.0,35.6,0.0,0.5,-2.5,0.4,54.0,-812.0,16.0,16.0,510.0,0.0625,-0.0625,0.0625,-0.1,-0.1875,0.35,0.0
1143,202109060811,15,11,16,108,1,3,1,8,1,2,0,0,4,3,4,28,1,1,0,0,1,1,0,0,0,0,1,0,0,0,0,0,0,0,0,0,0.0,0.0,9.0,2.0,38.1,0.4,0.5,0.0,0.0,8.0,15.0,37.8,1.5,0.26666666666666666,0.0,0.0,5.0,9.0,37.2,0.9,0.5454545454545454,3.5,-6.0,-200.0,0.09278350515463918,0.27835051546391754,5,9,4.2,2.0,1576,1613,1577,0.0,0.0,6.0,11.0,37.7,1.5,0.3125,0.0,0.0,7.0,3.0,35.7,0.2,0.4375,-0.2,0.4,52.0,-844.0,16.0,12.0,470.0,-0.16666666666666666,0.0,0.0,0.125,0.0,0.48999999999999916,0.0
1144,202109060811,4,14,3,40,2,1,1,12,1,0,0,1,0,1,0,5,1,0,0,2,0,0,0,0,0,0,0,0,0,0,0,0,0,0,0,0,0.0,0.0,6.0,8.0,41.5,3.0,0.4444444444444444,0.0,0.0,11.0,5.0,36.6,0.9,0.1875,0.0,0.0,6.0,13.0,36.0,1.6,1.0,2.5,-2.0,-500.0,0.06779661016949153,0.13559322033898305,2,4,5.4,4.0,1605,1110,1,0.0,0.0,9.0,1.0,35.5,0.0,0.1875,0.0,0.0,6.0,13.0,40.0,2.0,0.0625,0.6,0.2,58.0,-886.0,16.0,9.0,492.0,0.4444444444444444,0.0,0.0,0.0,0.0,0.41000000000000014,0.0
1145,202109060811,15,11,16,108,9,8,6,68,0,0,1,5,4,3,4,28,1,0,0,10,0,0,0,1,0,0,1,0,0,0,0,0,0,0,0,0,0.0,0.0,50.0,30.0,40.1,0.8,0.5454545454545454,0.0,0.0,130.0,120.0,35.4,1.4,1.0,0.0,0.0,140.0,70.0,35.6,0.8,1.0,20.0,-10.0,-200.0,0.0,0.07692307692307693,6,12,17.9,7.0,1576,1618,1577,0.0,0.0,130.0,100.0,35.2,1.0,0.9375,0.0,0.0,150.0,70.0,35.4,1.4,1.0,6.0,0.0,54.0,-944.0,16.0,11.0,540.0,-0.2727272727272727,-0.0625,0.0,0.0,0.0,0.9600000000000002,0.0
1146,202109060811,3,3,3,25,4,8,12,116,0,0,0,3,1,0,0,7,0,2,3,23,0,0,0,2,0,0,0,1,0,0,0,1,0,0,0,1,0.0,0.0,160.0,2.0,37.6,0.1,0.25,0.0,0.0,120.0,10.0,37.1,0.9,0.625,0.0,0.0,140.0,5.0,37.6,1.1,0.1875,1.5,2.0,-200.0,0.031746031746031744,0.23809523809523808,2,3,127.0,14.0,1618,1167,1263,0.0,0.0,140.0,14.0,36.5,1.4,0.8125,0.0,0.0,120.0,8.0,36.4,0.3,0.8125,1.5999999999999999,0.2,54.0,-97.0,16.0,16.0,506.0,0.0625,0.0,0.0,0.0625,-0.125,0.3000000000000007,0.0
1147,202109060811,5,5,7,81,0,3,0,23,0,2,0,2,1,3,3,27,0,1,0,3,0,1,0,0,0,1,0,0,0,1,0,0,0,1,0,0,0.0,0.0,1.0,3.0,35.0,0.5,0.75,0.0,0.0,1.0,3.0,34.9,0.7,0.6875,0.0,0.0,4.0,7.0,35.4,0.6,0.75,2.0,8.0,0.0,0.0,0.045454545454545456,6,11,4.9,3.0,1393,225,1263,0.0,0.0,2.0,1.0,35.6,0.0,0.75,0.0,0.0,4.0,4.0,36.1,0.1,0.6875,0.0,0.6,55.0,-286.0,16.0,16.0,514.0,0.0,-0.0625,0.0,-0.1875,0.0,-0.2900000000000006,0.0
1148,202109060811,10,8,5,134,1,0,2,26,0,0,0,2,1,3,2,26,0,0,0,7,0,0,0,0,0,0,0,2,0,0,0,0,0,0,0,0,0.0,0.0,13.0,16.0,45.6,9.4,0.375,0.0,0.0,14.0,9.0,36.9,0.8,0.875,0.0,0.0,10.0,7.0,36.3,1.1,0.625,-4.5,-14.0,0.0,0.03773584905660377,0.1509433962264151,3,5,36.7,10.0,1221,1108,1263,0.0,0.0,16.0,7.0,35.8,0.9,0.875,0.0,0.0,15.0,15.0,38.9,2.8,0.1875,-0.4,0.0,53.0,-513.0,16.0,16.0,466.0,0.0625,0.0,0.0,0.0625,0.0625,1.4500000000000006,0.0
1149,202109060811,13,7,11,84,8,4,4,44,3,0,0,1,6,2,3,19,7,0,2,12,3,0,0,0,0,0,0,2,1,0,0,1,0,0,0,0,0.0,0.0,80.0,10.0,35.5,1.6,0.7692307692307693,0.0,0.0,80.0,9.0,35.8,1.2,0.7142857142857143,0.0,0.0,50.0,8.0,37.2,0.7,0.21428571428571427,-1.0,-8.0,50.0,0.0425531914893617,0.11702127659574468,3,6,3.5,1.0,1716,1235,1167,0.0,0.0,60.0,4.0,36.9,0.1,0.4375,0.0,0.0,40.0,6.0,36.0,1.0,0.4166666666666667,-1.3,0.0,56.0,-930.0,16.0,13.0,506.0,0.07692307692307693,0.07142857142857142,0.0,0.0,0.08333333333333333,-0.21000000000000013,0.0
1150,202109060811,10,8,5,134,2,0,3,6,0,0,2,2,1,3,2,26,0,0,2,2,0,0,2,1,0,0,0,2,0,0,0,0,0,0,0,0,0.0,0.0,1.0,1.0,39.7,0.0,0.09090909090909091,0.0,0.0,9.0,9.0,36.6,1.4,0.6875,0.0,0.0,5.0,5.0,36.6,0.6,0.4375,2.0,-6.0,-100.0,0.06493506493506493,0.19480519480519481,4,8,25.1,9.0,1221,260,1263,0.0,0.0,6.0,11.0,36.3,0.9,0.5625,0.0,0.0,3.0,4.0,36.6,0.1,0.5,0.8,0.2,55.0,-692.0,16.0,11.0,478.0,0.0,-0.0625,0.0625,0.1875,0.0,0.6500000000000007,0.0
1151,202109060811,2,4,4,44,2,2,2,41,0,0,0,3,1,0,0,4,0,0,1,11,0,0,0,1,0,0,0,0,0,0,0,0,0,0,0,0,0.0,0.0,16.0,13.0,36.4,1.2,0.875,0.0,0.0,11.0,10.0,36.3,1.5,0.8125,0.0,0.0,13.0,11.0,35.7,0.9,1.0,-1.0,-4.0,0.0,0.08928571428571429,0.2857142857142857,7,13,75.2,11.0,1561,1014,1263,0.0,0.0,15.0,13.0,36.1,1.3,0.9375,0.0,0.0,9.0,7.0,36.3,0.7,0.6875,-0.9,0.0,52.0,-84.0,16.0,16.0,480.0,0.0,-0.0625,0.0,-0.0625,-0.125,0.039999999999999855,0.0
1152,202109060811,0,0,0,2,0,0,0,3,0,0,0,1,0,0,0,1,0,0,0,2,0,0,0,1,0,0,0,0,0,0,0,0,0,0,0,0,0.0,0.0,10.0,11.0,39.2,2.2,0.25,0.0,0.0,160.0,15.0,37.9,2.4,0.25,0.0,0.0,130.0,16.0,37.5,1.8,0.1875,2.5,2.0,300.0,0.02127659574468085,0.14893617021276595,7,14,94.7,12.0,1114,1086,305,0.0,0.0,150.0,3.0,36.9,0.5,0.25,0.0,0.0,140.0,6.0,37.3,0.5,0.375,-2.2,0.2,54.0,-831.0,16.0,12.0,496.0,0.0,0.0,0.0,-0.0625,-0.1875,0.48000000000000115,0.0
1153,202109060811,13,7,11,84,8,8,14,82,0,0,0,1,6,2,3,19,1,1,2,14,0,0,0,1,0,0,0,2,0,0,0,1,0,0,0,1,0.0,0.0,2.0,3.0,41.0,0.7,0.2,0.0,0.0,6.0,16.0,36.3,2.1,0.6875,0.0,0.0,14.0,4.0,35.7,0.3,0.375,0.5,-5.0,-200.0,0.019230769230769232,0.15384615384615385,4,7,15.5,5.0,1716,1559,1167,0.0,0.0,10.0,8.0,36.9,0.5,0.35714285714285715,0.0,0.0,5.0,12.0,36.6,1.6,0.6875,1.0,0.2,54.0,-895.0,16.0,10.0,453.0,0.0,0.0625,0.0,-0.07142857142857142,0.0625,0.8199999999999996,0.0
1154,202109060811,10,8,5,134,8,4,4,44,1,0,0,3,1,3,2,26,7,0,2,12,1,0,0,2,0,0,0,2,1,0,0,1,0,0,0,1,0.0,0.0,16.0,12.0,37.0,1.2,0.8125,0.0,0.0,15.0,13.0,36.3,1.7,0.875,0.0,0.0,16.0,7.0,36.5,0.7,0.6875,-2.5,-6.0,0.0,0.1,0.2,5,10,132.3,15.0,1221,1235,1263,0.0,0.0,14.0,14.0,36.5,0.7,0.9375,0.0,0.0,15.0,12.0,36.6,1.3,0.8125,0.1,0.0,54.0,-56.0,16.0,16.0,496.0,-0.0625,0.0,-0.0625,0.0625,0.0,0.05999999999999943,0.0
1155,202109060811,1,1,0,8,0,0,0,3,0,0,0,3,1,0,0,3,0,0,0,2,0,0,0,2,0,0,0,0,0,0,0,0,0,0,0,0,0.0,0.0,13.0,10.0,37.7,2.9,0.7142857142857143,0.0,0.0,16.0,15.0,36.5,1.5,0.875,0.0,0.0,14.0,15.0,41.1,4.7,0.5333333333333333,2.5,-19.0,200.0,0.08823529411764706,0.20588235294117646,1,1,22.8,8.0,1611,1047,1263,0.0,0.0,14.0,16.0,39.0,2.0,0.25,0.0,0.0,5.0,12.0,38.3,1.5,0.125,0.5,0.0,56.0,-935.0,16.0,14.0,511.0,0.07142857142857142,0.0625,0.06666666666666667,0.1875,-0.0625,-0.3699999999999989,0.0
1156,202109060811,13,7,11,84,3,10,11,113,1,1,0,7,6,2,3,19,1,2,2,28,1,0,0,1,0,0,0,2,0,0,0,1,0,0,0,0,0.0,0.0,13.0,15.0,36.5,2.0,0.875,0.0,0.0,12.0,12.0,33.3,1.2,1.0,0.0,0.0,15.0,12.0,34.1,0.8,1.0,-1.5,-2.0,0.0,0.047619047619047616,0.16666666666666666,8,15,107.0,13.0,1716,1556,1167,0.0,0.0,16.0,12.0,33.7,0.7,0.8888888888888888,0.0,0.0,14.0,15.0,35.4,1.5,0.3125,0.0,0.0,51.0,0.0,16.0,16.0,464.0,0.0,0.0,0.0,-0.1111111111111111,0.0,0.17999999999999972,0.0
1157,202109060811,1,1,0,5,3,3,4,22,1,1,0,4,1,1,0,3,1,1,1,7,1,1,0,3,0,0,0,0,0,0,0,0,0,0,0,0,0.0,0.0,15.0,13.0,37.1,1.6,0.875,0.0,0.0,16.0,16.0,38.0,2.1,0.4375,0.0,0.0,8.0,8.0,37.8,1.6,0.6428571428571429,-2.5,-6.0,0.0,0.030303030303030304,0.12121212121212122,1,2,160.1,16.0,1266,1417,1263,0.0,0.0,13.0,7.0,35.7,1.0,0.6,0.0,0.0,15.0,11.0,36.2,1.0,0.6875,-1.3,0.0,53.0,-56.0,16.0,16.0,498.0,0.0625,0.0,-0.07142857142857142,0.0,0.0,0.4099999999999994,0.0
1158,202109060903,0,0,0,0,1,2,1,17,0,0,0,0,0,0,0,0,0,1,0,3,0,0,0,0,0,0,0,0,0,1,0,2,0,0,0,0,0.0,0.0,20.0,3.0,37.0,0.2,0.08333333333333333,0.0,0.0,20.0,2.0,37.2,0.4,0.2727272727272727,0.0,0.0,20.0,7.0,41.0,2.0,0.125,2.0,10.0,-200.0,0.08771929824561403,0.2807017543859649,5,10,2.1,1.0,1467,1208,336,0.0,0.0,30.0,2.0,39.7,0.6,0.26666666666666666,,,,,,,,0.2,0.75,55.0,16.0,16.0,12.0,472.0,0.0,0.0,0.0625,-0.06666666666666667,,-1.1900000000000006,0.0
1159,202109060903,2,4,4,44,0,0,1,8,0,0,0,0,1,0,0,4,0,0,0,2,0,0,0,0,0,0,0,0,0,0,0,2,0,0,0,0,0.0,0.0,12.0,7.0,38.2,0.7,0.7857142857142857,0.0,0.0,11.0,5.0,37.8,0.8,0.75,0.0,0.0,4.0,3.0,38.8,0.1,0.8,-2.0,2.0,-600.0,0.02531645569620253,0.13924050632911392,2,3,87.7,10.0,1561,1299,1263,0.0,0.0,9.0,9.0,37.6,1.8,0.5454545454545454,0.0,0.0,15.0,6.0,37.5,1.5,0.5625,0.2,0.2,55.0,-697.0,16.0,14.0,476.0,-0.14285714285714285,-0.16666666666666666,-0.4,-0.09090909090909091,0.1875,0.16000000000000014,0.0
1160,202109060903,4,14,9,78,0,0,0,0,0,0,0,0,2,4,6,21,0,0,0,0,0,0,0,0,1,0,3,7,0,0,0,0,0,0,0,0,0.0,0.0,140.0,,,,1.0,0.0,0.0,160.0,15.0,38.1,2.4,0.4375,0.0,0.0,120.0,11.0,39.5,2.2,0.25,-4.0,-14.0,200.0,0.08163265306122448,0.2653061224489796,3,5,8.0,3.0,1172,1335,1556,0.0,0.0,90.0,13.0,39.5,2.3,0.25,0.0,0.0,,,,,,-1.0,0.0,54.0,-928.0,16.0,14.0,434.0,0.0,-0.0625,0.1875,0.0,,-0.6999999999999993,0.0
1161,202109060903,4,14,3,40,12,5,10,91,0,0,0,0,0,1,0,5,4,0,3,24,0,0,0,0,0,1,0,3,2,0,1,10,0,0,0,0,0.0,0.0,10.0,10.0,38.8,2.4,0.7,0.0,0.0,8.0,9.0,39.1,2.5,0.8888888888888888,0.0,0.0,12.0,10.0,39.2,3.3,0.8333333333333334,0.0,-2.0,-600.0,0.03125,0.234375,6,12,3.4,2.0,1605,1558,1,0.0,0.0,13.0,15.0,38.2,1.8,1.0,0.0,0.0,17.0,17.0,33.9,1.0,0.8823529411764706,2.0,0.0,54.0,-1012.0,16.0,10.0,478.0,0.3,0.1111111111111111,0.08333333333333333,0.0,0.058823529411764705,1.0699999999999996,0.0
1162,202109060903,1,0,0,10,7,2,3,40,0,0,0,0,0,0,0,4,2,1,0,14,0,0,0,0,0,0,0,4,0,0,0,3,0,0,0,0,0.0,0.0,13.0,16.0,43.7,7.7,0.375,0.0,0.0,7.0,7.0,38.1,1.4,0.5625,0.0,0.0,6.0,9.0,37.5,1.4,0.3333333333333333,-3.5,-2.0,-200.0,0.0,0.08333333333333333,4,8,16.0,5.0,1463,1039,1167,0.0,0.0,3.0,1.0,38.2,0.0,0.25,0.0,0.0,1.0,2.0,38.1,0.6,0.125,-3.4,0.4,50.0,-285.0,16.0,16.0,428.0,0.125,0.0625,0.0,0.0,0.0,1.11,0.0
1163,202109060903,0,0,0,0,13,16,12,110,0,0,0,0,0,0,0,0,3,3,1,18,0,0,0,0,0,0,0,0,1,1,0,4,0,0,0,0,0.0,0.0,90.0,2.0,38.6,0.7,0.15384615384615385,,,,,,,,,,,,,,,,,-200.0,0.09090909090909091,0.2828282828282828,1,1,14.8,4.0,1204,1183,1221,,,,,,,,,,,,,,,,1.0,55.0,17.0,16.0,13.0,482.0,0.0,,,,,,
1164,202109060903,0,0,0,0,8,8,7,66,0,0,0,0,0,0,0,0,2,4,1,13,0,0,0,0,0,0,0,0,2,3,1,8,0,0,0,0,0.0,0.0,4.0,7.0,40.4,1.1,0.25,0.0,0.0,9.0,11.0,40.7,2.8,0.35714285714285715,0.0,0.0,7.0,9.0,40.4,1.1,0.1875,1.0,23.0,-300.0,0.0,0.043478260869565216,3,6,49.0,8.0,1467,1294,336,0.0,0.0,11.0,5.0,39.9,1.1,0.1875,0.0,0.0,9.0,10.0,39.0,1.9,0.4375,0.0,0.0,53.0,-843.0,16.0,12.0,447.0,0.0,0.07142857142857142,0.0,0.125,-0.0625,0.36000000000000015,0.0
1165,202109060903,3,2,2,29,1,3,3,31,0,0,0,0,0,1,0,5,1,1,2,10,0,0,0,0,0,1,0,3,0,0,1,6,0,0,0,0,0.0,0.0,5.0,5.0,39.9,0.3,0.1,0.0,0.0,6.0,6.0,36.2,0.9,0.5714285714285714,0.0,0.0,7.0,11.0,35.4,1.1,0.5555555555555556,3.0,2.0,-200.0,0.037037037037037035,0.14814814814814814,7,13,367.3,16.0,1098,1503,1294,0.0,0.0,11.0,4.0,37.0,0.4,0.5,0.0,0.0,7.0,6.0,38.1,1.3,0.2857142857142857,0.0,0.0,55.0,-434.0,16.0,10.0,494.0,0.0,-0.14285714285714285,-0.05555555555555555,-0.1875,0.0,0.2799999999999997,0.0
1166,202109060903,7,0,3,30,13,16,12,110,0,0,0,2,1,0,0,7,3,3,1,18,0,0,0,1,0,0,0,3,1,1,0,4,0,0,0,0,0.0,0.0,8.0,,,,,0.0,0.0,15.0,16.0,43.0,8.4,0.8125,0.0,0.0,10.0,9.0,37.7,1.9,0.625,-7.0,10.0,-200.0,0.014925373134328358,0.1044776119402985,1,2,243.1,14.0,1431,1183,1428,0.0,0.0,11.0,4.0,36.8,0.5,0.8125,0.0,0.0,9.0,12.0,37.7,2.5,0.9375,-1.7,0.0,55.0,-363.0,16.0,13.0,460.0,,0.125,-0.0625,-0.0625,-0.125,1.6799999999999997,0.0
1167,202109060903,0,2,1,14,0,0,1,9,0,0,0,0,0,2,0,6,0,0,0,1,0,0,0,0,0,1,0,3,0,0,0,1,0,0,0,0,0.0,0.0,80.0,6.0,34.6,0.3,0.5,0.0,0.0,40.0,5.0,36.1,1.5,0.125,0.0,0.0,70.0,5.0,34.7,0.5,0.5294117647058824,-0.5,16.0,-200.0,0.018518518518518517,0.21296296296296297,4,7,16.2,6.0,1036,1442,1108,,,,,,,,,,,,,,,-0.5,0.0,55.0,23.0,16.0,18.0,456.0,0.0,0.125,-0.058823529411764705,,,-0.05000000000000071,0.0
1168,202109060903,7,0,3,30,0,0,1,3,0,0,0,0,1,0,0,7,0,0,0,3,0,0,0,0,0,0,0,3,0,0,0,0,0,0,0,0,0.0,0.0,4.0,4.0,40.1,0.5,0.9090909090909091,0.0,0.0,7.0,11.0,38.1,2.2,0.8125,0.0,0.0,10.0,6.0,34.2,0.3,0.8333333333333334,1.0,-11.0,-30.0,0.020833333333333332,0.14583333333333334,7,14,23.8,7.0,1431,1576,1428,0.0,0.0,8.0,12.0,36.4,1.5,0.4375,0.0,0.0,11.0,3.0,35.4,0.5,0.8461538461538461,-0.1,0.2,54.0,-490.0,16.0,11.0,473.0,-0.45454545454545453,-0.125,-0.08333333333333333,0.125,-0.07692307692307693,1.1100000000000008,0.0
1169,202109060903,0,0,0,0,5,2,1,19,0,0,0,0,0,0,0,0,1,0,1,5,0,0,0,0,0,0,0,0,0,0,0,1,0,0,0,0,0.0,0.0,9.0,11.0,40.8,2.3,0.36363636363636365,0.0,0.0,14.0,14.0,39.0,3.6,0.875,0.0,0.0,13.0,13.0,39.7,2.4,0.8125,1.0,5.0,-500.0,0.18518518518518517,0.25925925925925924,2,4,62.4,9.0,1154,848,1561,0.0,0.0,13.0,17.0,37.3,4.2,0.9411764705882353,0.0,0.0,10.0,14.0,36.4,3.1,0.8333333333333334,0.9,0.0,55.0,-444.0,16.0,11.0,465.0,0.18181818181818182,0.0,0.0,0.058823529411764705,0.0,1.05,0.0
1170,202109060903,5,5,7,81,0,0,0,0,0,0,0,0,1,3,3,27,0,0,0,0,0,0,0,0,0,2,1,10,0,0,0,0,0,0,0,0,0.0,0.0,2.0,9.0,41.2,2.3,0.3333333333333333,0.0,0.0,15.0,13.0,40.3,3.6,0.3125,0.0,0.0,9.0,10.0,38.9,1.9,0.5,0.5,5.0,-200.0,0.046511627906976744,0.16279069767441862,6,11,299.4,15.0,1393,1083,1263,0.0,0.0,17.0,17.0,38.4,2.7,0.16666666666666666,0.0,0.0,11.0,11.0,35.9,1.0,0.5384615384615384,0.8,0.0,55.0,-935.0,16.0,9.0,443.0,0.4444444444444444,0.0625,0.125,0.1111111111111111,0.0,1.2500000000000007,0.0
1171,202109060903,0,0,0,0,13,16,12,110,0,0,0,0,0,0,0,0,3,3,1,18,0,0,0,0,0,0,0,0,1,1,0,4,0,0,0,0,0.0,0.0,8.0,8.0,40.5,1.2,0.9090909090909091,0.0,0.0,14.0,14.0,40.8,3.4,0.5333333333333333,0.0,0.0,13.0,14.0,38.8,3.8,1.0,3.0,-13.0,-300.0,0.0,0.0,8,15,235.9,13.0,1064,1183,1556,0.0,0.0,7.0,9.0,42.7,5.6,0.5,0.0,0.0,12.0,9.0,36.0,2.1,1.0,-0.3,0.0,55.0,-191.0,16.0,11.0,477.0,0.0,0.26666666666666666,0.0,0.5,-0.08333333333333333,0.7099999999999994,0.0
1172,202109060903,1,0,1,13,0,1,1,10,0,0,0,0,1,0,1,6,0,1,1,4,0,0,0,0,0,0,1,2,0,0,0,1,0,0,0,0,0.0,0.0,1.0,4.0,41.4,1.1,0.1111111111111111,0.0,0.0,18.0,13.0,34.7,1.5,1.0,0.0,0.0,16.0,12.0,36.7,1.2,0.6875,4.0,25.0,-100.0,0.06756756756756757,0.13513513513513514,5,9,201.9,12.0,1583,1541,118,0.0,0.0,12.0,15.0,41.0,4.2,0.1875,0.0,0.0,9.0,8.0,36.0,1.5,0.35714285714285715,1.0,0.0,54.0,-201.0,16.0,9.0,447.0,0.1111111111111111,0.0,0.0625,0.1875,0.0,0.45,0.0
1173,202109060903,0,0,0,7,3,0,3,18,0,0,0,0,0,0,0,0,1,0,1,8,0,0,0,0,0,0,0,0,1,0,1,3,0,0,0,0,0.0,0.0,6.0,11.0,41.9,2.9,0.9166666666666666,0.0,0.0,13.0,12.0,41.1,6.1,0.8461538461538461,0.0,0.0,15.0,16.0,39.2,3.3,0.875,2.5,-5.0,-300.0,0.0,0.14285714285714285,8,16,200.4,11.0,1687,1036,1345,0.0,0.0,15.0,18.0,37.6,2.7,0.2777777777777778,0.0,0.0,13.0,13.0,35.5,1.8,0.9375,1.0,0.0,54.0,-928.0,16.0,12.0,451.0,-0.25,0.15384615384615385,0.0625,0.05555555555555555,0.0,1.6299999999999997,0.0
1174,202109060909,3,1,1,2,1,1,1,2,1,1,1,0,1,1,0,0,1,1,0,0,1,1,0,0,0,0,0,0,0,0,0,0,0,0,0,0,0.0,0.0,,,,,,0.0,0.0,20.0,1.0,36.2,0.0,0.2,0.0,0.0,30.0,10.0,38.0,1.3,0.375,9.0,,0.0,0.061224489795918366,0.20408163265306123,8,13,4.1,2.0,225,173,1551,0.0,0.0,20.0,12.0,39.3,1.8,0.25,0.0,0.0,80.0,2.0,37.9,0.4,0.2857142857142857,0.5,0.5,56.0,93.0,13.0,15.0,,,0.0,-0.0625,0.125,0.0,-0.6399999999999985,0.0
1175,202109060909,3,0,2,19,8,4,4,44,1,0,1,0,1,0,1,5,7,0,2,12,1,0,1,0,0,0,0,0,2,0,0,2,0,0,0,0,0.0,0.0,5.0,7.0,41.9,1.4,0.2222222222222222,0.0,0.0,9.0,11.0,37.0,1.9,0.9333333333333333,0.0,0.0,10.0,4.0,37.1,0.4,0.4375,-1.5,6.0,-800.0,0.1388888888888889,0.3148148148148148,2,2,2.7,1.0,1586,1235,1167,0.0,0.0,6.0,9.0,35.5,0.8,0.8,0.0,0.0,15.0,7.0,38.9,0.7,0.25,-0.2,0.0,54.0,-1014.0,13.0,9.0,492.0,0.2222222222222222,0.06666666666666667,0.0,0.13333333333333333,-0.0625,0.75,0.0
1176,202109060909,4,3,1,35,1,0,1,5,0,0,0,0,2,2,0,6,0,0,0,1,0,0,0,0,0,1,0,0,0,0,0,0,0,0,0,0,0.0,0.0,16.0,12.0,37.2,1.2,0.625,0.0,0.0,16.0,11.0,36.2,1.6,0.625,0.0,0.0,9.0,9.0,34.5,0.4,0.7692307692307693,-1.5,-8.0,0.0,0.08571428571428572,0.2,1,1,13.2,5.0,1571,808,1108,0.0,0.0,13.0,11.0,36.3,0.6,0.25,0.0,0.0,13.0,13.0,38.0,1.9,0.625,0.2,0.0,55.0,-726.0,13.0,16.0,478.0,-0.0625,0.0625,0.0,0.0,0.0,-0.16999999999999887,0.0
1177,202109060909,4,3,1,35,2,3,2,29,0,0,0,2,2,2,0,6,0,0,1,6,0,0,0,0,0,1,0,0,0,0,0,1,0,0,0,0,0.0,0.0,30.0,2.0,39.0,0.2,0.5,0.0,0.0,110.0,13.0,38.5,1.6,0.3333333333333333,0.0,0.0,140.0,10.0,36.9,0.6,0.6875,4.0,10.0,-30.0,0.09183673469387756,0.2857142857142857,7,10,55.4,9.0,1571,1393,1108,0.0,0.0,50.0,14.0,36.9,1.0,0.8,0.0,0.0,70.0,7.0,37.6,0.4,0.25,1.1,0.2,57.0,-940.0,13.0,6.0,466.0,0.0,0.0,0.0,0.0,0.0,0.43999999999999984,0.0
1178,202109060909,0,0,0,5,0,0,1,2,0,0,0,1,0,0,0,1,0,0,0,1,0,0,0,1,0,0,0,0,0,0,0,0,0,0,0,0,0.0,0.0,7.0,7.0,36.8,0.3,0.8666666666666667,0.0,0.0,9.0,8.0,36.9,1.1,0.8,0.0,0.0,12.0,7.0,36.6,1.1,0.875,0.0,-2.0,-200.0,0.0,0.06896551724137931,6,9,20.5,7.0,1321,1668,1263,0.0,0.0,12.0,2.0,37.2,0.1,0.875,0.0,0.0,7.0,5.0,36.9,0.4,0.8666666666666667,-1.0,0.2,55.0,-341.0,13.0,15.0,456.0,-0.2,-0.13333333333333333,-0.0625,-0.125,0.0,-0.05000000000000071,0.0
1179,202109060909,4,8,3,72,3,10,11,113,0,0,0,2,2,5,2,39,1,2,2,28,0,0,0,1,0,1,2,7,0,0,0,5,0,0,0,0,0.0,0.0,4.0,3.0,41.4,0.6,0.6666666666666666,0.0,0.0,11.0,8.0,36.7,1.7,0.8125,0.0,0.0,7.0,6.0,37.4,0.8,0.25,1.5,-4.0,-200.0,0.042105263157894736,0.11578947368421053,5,7,71.4,11.0,1645,1556,1366,0.0,0.0,4.0,4.0,37.5,0.1,0.4666666666666667,0.0,0.0,11.0,5.0,36.7,0.5,0.4375,0.0,0.2,57.0,-926.0,13.0,9.0,490.0,-0.2222222222222222,-0.125,0.0,-0.13333333333333333,-0.0625,0.8599999999999994,0.0
1180,202109060909,0,2,1,13,9,8,6,68,0,0,0,1,0,1,1,6,1,0,0,10,0,0,0,1,0,0,0,0,0,0,0,1,0,0,0,0,0.0,0.0,6.0,7.0,40.3,1.4,0.6363636363636364,0.0,0.0,12.0,9.0,37.7,0.8,0.6666666666666666,0.0,0.0,11.0,7.0,37.7,0.8,0.3125,0.0,11.0,-200.0,0.018691588785046728,0.21495327102803738,4,5,27.9,8.0,1366,1618,216,0.0,0.0,8.0,7.0,37.2,1.1,0.3076923076923077,0.0,0.0,9.0,10.0,38.1,1.1,0.5625,0.4,0.0,57.0,-853.0,13.0,11.0,517.0,-0.09090909090909091,0.0,0.0625,0.07692307692307693,0.0,0.48999999999999916,0.0
1181,202109060909,4,3,1,35,0,0,0,0,0,0,0,0,2,2,0,6,0,0,0,0,0,0,0,0,0,1,0,0,0,0,0,0,0,0,0,0,0.0,0.0,2.0,4.0,39.8,1.7,0.25,0.0,0.0,14.0,14.0,37.6,1.8,0.5625,0.0,0.0,13.0,9.0,34.8,0.9,0.7692307692307693,2.5,-1.0,-300.0,0.0,0.04,8,12,93.9,13.0,1571,1335,1108,0.0,0.0,16.0,9.0,36.9,0.8,0.4375,0.0,0.0,15.0,10.0,35.4,1.1,0.8125,0.7,0.0,57.0,-1028.0,13.0,8.0,517.0,0.125,0.0,0.0,0.0625,-0.0625,0.95,0.0
1182,202109060909,4,6,5,72,0,2,4,28,0,0,1,3,3,4,5,41,0,1,1,7,0,0,1,2,1,0,2,11,0,0,0,0,0,0,0,0,0.0,0.0,70.0,7.0,42.4,2.4,0.8571428571428571,0.0,0.0,60.0,9.0,37.1,1.2,0.5384615384615384,0.0,0.0,60.0,15.0,38.2,1.9,0.1875,4.0,-9.0,-300.0,0.11428571428571428,0.3142857142857143,7,11,17.7,6.0,1228,1328,1108,0.0,0.0,70.0,1.0,36.3,0.0,0.08333333333333333,0.0,0.0,50.0,12.0,37.1,1.7,0.6666666666666666,0.2,0.2,57.0,-792.0,13.0,7.0,497.0,0.14285714285714285,0.0,0.125,0.0,-0.06666666666666667,1.14,0.0
1183,202109060909,0,0,0,6,0,1,1,6,0,0,0,0,0,0,0,3,0,1,1,2,0,0,0,0,0,0,0,0,0,0,0,1,0,0,0,0,0.0,0.0,2.0,1.0,38.5,0.0,0.16666666666666666,0.0,0.0,11.0,10.0,35.4,1.1,1.0,0.0,0.0,10.0,11.0,37.5,1.3,0.3333333333333333,5.0,-5.0,-200.0,0.06666666666666667,0.15,3,3,7.3,4.0,1629,1412,1428,0.0,0.0,11.0,4.0,36.7,0.7,0.5625,0.0,0.0,12.0,9.0,37.2,1.5,0.4666666666666667,1.0,0.2,54.0,-924.0,13.0,12.0,465.0,-0.08333333333333333,0.0,0.06666666666666667,-0.1875,-0.06666666666666667,0.129999999999999,0.0
1184,202109060909,2,1,1,11,9,8,6,68,2,1,1,1,0,0,0,2,1,0,0,10,0,0,0,0,0,0,0,1,0,0,0,1,0,0,0,0,0.0,0.0,7.0,10.0,34.5,0.9,1.0,0.0,0.0,4.0,16.0,38.5,2.3,0.1875,0.0,0.0,8.0,1.0,36.6,0.0,0.0625,-4.5,-10.0,200.0,0.0684931506849315,0.136986301369863,4,4,55.4,10.0,1042,1618,488,0.0,0.0,11.0,3.0,37.5,0.2,0.125,0.0,0.0,10.0,11.0,38.0,1.4,0.07692307692307693,-1.1,0.4,54.0,-193.0,13.0,11.0,490.0,-0.09090909090909091,0.0,0.0,0.0,0.0,-0.6,0.0
1185,202109060909,11,8,8,63,1,0,1,24,0,0,0,3,2,0,0,17,1,0,0,9,0,0,0,1,1,0,0,4,0,0,0,1,0,0,0,0,0.0,0.0,15.0,13.0,37.2,1.0,0.1875,0.0,0.0,12.0,12.0,37.3,1.4,0.5384615384615384,0.0,0.0,14.0,8.0,37.1,1.0,0.5,-2.5,-8.0,0.0,0.0,0.1,6,8,93.5,12.0,1520,1551,695,0.0,0.0,13.0,14.0,38.5,2.3,0.3333333333333333,0.0,0.0,7.0,1.0,36.6,0.0,0.0625,-2.2,0.2,55.0,-81.0,13.0,16.0,492.0,0.0,0.0,0.0,0.0,0.0,0.0,0.0
1186,202109060909,4,6,5,72,0,0,0,7,0,0,0,0,3,4,5,41,0,0,0,3,0,0,0,0,1,0,2,11,0,0,0,2,0,0,0,0,0.0,0.0,5.0,6.0,38.7,0.8,0.09090909090909091,0.0,0.0,13.0,9.0,37.6,1.8,0.4375,0.0,0.0,11.0,7.0,38.5,1.5,0.1875,0.5,-10.0,0.0,0.038461538461538464,0.2692307692307692,5,6,4.5,3.0,1228,1374,1108,0.0,0.0,13.0,6.0,37.6,1.9,0.375,0.0,0.0,13.0,13.0,37.3,1.8,0.3333333333333333,1.1,0.0,54.0,-719.0,13.0,11.0,468.0,0.0,0.0625,0.0,0.0625,0.06666666666666667,0.28000000000000114,0.0
