,race_id,f_course1,f_course2,f_course3,f_courseout,mf_course1,mf_course2,mf_course3,mf_courseout,f_mf_course1,f_mf_course2,f_mf_course3,f_mf_courseout,f_len1,f_len2,f_len3,f_lenout,mf_len1,mf_len2,mf_len3,mf_classout,f_mf_len1,f_mf_len2,f_mf_len3,f_mf_classout,f_class1,f_class2,f_class3,f_classout,mf_class1,mf_class2,mf_class3,mf_classout,f_mf_class1,f_mf_class2,f_mf_class3,f_mf_classout,time_df_course1,time_df_class1,ninki_1,result_1,agari_1,margin_1,corner_ratio_1,time_df_course2,time_df_class2,ninki_2,result_2,agari_2,margin_2,corner_ratio_2,time_df_course3,time_df_class3,ninki_3,result_3,agari_3,margin_3,corner_ratio_3,rank_trend,weight_change,dist_change,jockey_win_rate,jockey_place_rate,waku,umaban,current_odds,current_popularity,father_cat,mother_father_cat,paternal_gf_cat,time_df_course4,time_df_class4,ninki_4,result_4,agari_4,margin_4,corner_ratio_4,time_df_course5,time_df_class5,ninki_5,result_5,agari_5,margin_5,corner_ratio_5,rank_trend_5,win_rate_recent5,kinryo,days_since_last_race,n_horses_today,n_horses_1,horse_weight_abs_1,corner_chase_1,corner_chase_2,corner_chase_3,corner_chase_4,corner_chase_5,agari_trend_5,time_diff_trend_5,agari_df_course_1,agari_df_course_2,agari_df_course_3,agari_df_course_4,agari_df_course_5,corner_ratio_std5,agari_std5,kinryo_diff_1,same_course_cnt5,same_course_pr5,trainer_win_rate,trainer_place_rate,same_cond_cnt5,same_cond_pr5,f_ground_delta,mf_ground_delta
0,202207010209,26,21,13,160,7,6,6,87,1,0,1,0,9,6,4,30,0,2,1,18,0,0,1,0,2,0,0,2,0,0,0,1,0,0,0,0,0.0,0.0,60.0,8.0,37.5,1.6,0.9,0.0,0.0,100.0,15.0,35.1,1.8,0.8125,0.0,0.0,160.0,15.0,35.3,1.5,0.4375,3.5,1.0,280.0,0.13043478260869565,0.21739130434782608,6,10,53.3,11.0,1716,1558,1167,0.0,0.0,180.0,18.0,35.6,1.3,0.7222222222222222,0.0,0.0,130.0,10.0,35.0,1.8,0.375,0.7,0.0,57.0,-844.0,14.0,10.0,507.0,,,-0.125,0.16666666666666666,0.0,0.45,0.0,,1.3128000000000029,-0.0654000000000039,-0.4947999999999979,-0.153100000000002,0.2073171513275443,0.9230384607371461,4.0,3.0,0.0,0.1111111111111111,0.1111111111111111,1.0,0.0,0.05419580419580422,0.05152394775036287
1,202207010209,5,9,11,82,0,1,0,22,0,1,0,2,0,1,1,10,0,0,0,3,0,0,0,0,0,1,1,4,0,0,0,1,0,0,0,0,0.0,0.0,100.0,5.0,34.4,0.2,0.4666666666666667,0.0,0.0,70.0,11.0,34.6,1.0,0.6923076923076923,0.0,0.0,10.0,11.0,38.2,1.2,0.5,3.0,6.0,-200.0,0.14285714285714285,0.2857142857142857,2,2,14.0,6.0,1736,1206,1482,0.0,0.0,50.0,2.0,34.4,0.2,0.75,0.0,0.0,20.0,6.0,34.6,0.7,0.6,-0.7,0.2,57.0,13.0,14.0,15.0,488.0,-0.13333333333333333,0.07692307692307693,-0.08333333333333333,0.0,-0.1,-0.020000000000000285,0.0,-0.7064999999999984,-0.5064999999999955,1.8384,-0.7064999999999984,-0.5064999999999955,0.10842728440125136,1.4827002394280524,0.0,0.0,,0.09090909090909091,0.45454545454545453,0.0,,-0.06123106670963582,0.06763285024154589
2,202207010209,1,6,4,86,2,0,3,10,0,0,0,0,0,2,1,9,1,0,0,1,0,0,0,0,0,1,0,2,0,0,0,1,0,0,0,0,0.0,0.0,10.0,3.0,33.9,0.2,0.23076923076923078,0.0,0.0,10.0,3.0,33.6,0.1,0.25,0.0,0.0,50.0,3.0,33.2,0.2,0.9,0.0,0.0,0.0,0.15,0.3,3,4,2.9,1.0,1561,1592,1263,0.0,0.0,50.0,10.0,34.6,1.0,0.6153846153846154,0.0,0.0,10.0,3.0,34.1,0.2,0.5714285714285714,0.7,0.8,57.0,27.0,14.0,13.0,486.0,0.07692307692307693,0.0,-0.1,-0.07692307692307693,0.0,-0.14000000000000057,0.0,-1.2531000000000034,-1.5531000000000006,-1.9530999999999992,-0.9620999999999995,-1.0064999999999955,0.24999495224948723,0.4707440918375924,0.0,3.0,1.0,0.19230769230769232,0.2692307692307692,3.0,1.0,0.09871915026554202,0.0
3,202207010209,1,1,0,22,8,12,13,88,0,0,0,1,0,0,0,7,1,1,4,26,0,0,0,1,0,0,0,4,0,0,0,3,0,0,0,1,0.0,0.0,7.0,10.0,37.5,1.3,0.5384615384615384,0.0,0.0,11.0,1.0,36.3,0.0,0.4,0.0,0.0,8.0,10.0,34.8,1.1,0.5,0.0,-4.0,50.0,0.1111111111111111,0.3888888888888889,1,1,10.0,4.0,1645,1183,1366,0.0,0.0,8.0,7.0,34.7,0.8,0.2,0.0,0.0,9.0,6.0,35.6,0.4,0.36363636363636365,-0.2,0.2,57.0,-456.0,14.0,13.0,462.0,-0.07692307692307693,-0.06666666666666667,0.0,0.1,-0.09090909090909091,0.5399999999999991,0.0,-0.32330000000000325,-1.5211000000000041,-0.46340000000000003,-0.37469999999999715,0.33660000000000423,0.11873755214259757,1.0380751417888778,-1.0,0.0,,0.23076923076923078,0.38461538461538464,0.0,,0.1388888888888889,-0.0018939393939393923
4,202207010209,0,0,0,15,2,2,7,42,0,0,0,3,0,0,0,4,0,0,0,13,0,0,0,1,0,0,0,2,0,0,0,3,0,0,0,1,0.0,0.0,5.0,5.0,38.7,0.8,0.4444444444444444,0.0,0.0,18.0,11.0,33.2,0.6,0.6111111111111112,0.0,0.0,14.0,10.0,36.6,1.1,0.8125,2.5,5.0,-200.0,0.0,0.0,7,11,187.6,14.0,1449,1599,1306,0.0,0.0,7.0,1.0,37.4,0.0,0.625,0.0,0.0,7.0,4.0,36.4,0.5,0.6875,-1.2,0.2,57.0,-993.0,14.0,9.0,489.0,0.0,0.0,-0.1875,-0.125,-0.0625,0.04000000000000128,0.0,0.4205000000000041,-1.9530999999999992,-1.3110999999999962,-0.511099999999999,-1.511099999999999,0.11936366777702999,1.8194504664870648,1.0,1.0,0.0,0.0,0.2857142857142857,1.0,0.0,,0.22995283018867924
5,202207010209,45,34,33,257,8,12,13,88,1,0,2,5,4,4,1,33,1,1,4,26,0,0,0,1,1,1,1,3,0,0,0,3,0,0,0,0,0.0,0.0,2.0,3.0,34.0,0.3,0.6363636363636364,0.0,0.0,2.0,6.0,34.0,0.7,0.5714285714285714,0.0,0.0,1.0,3.0,35.0,0.4,0.5625,0.0,-2.0,0.0,,,3,3,3.9,2.0,1428,1183,1263,0.0,0.0,5.0,2.0,34.4,0.1,0.23076923076923078,0.0,0.0,7.0,7.0,34.9,0.7,0.4666666666666667,0.4,0.6,55.0,-56.0,14.0,11.0,454.0,0.0,0.0,-0.0625,0.0,0.0,-0.21999999999999958,0.0,-1.153100000000002,-1.153100000000002,-0.153100000000002,-0.7531000000000034,-0.25310000000000343,0.1421206215240489,0.4270831300812522,0.0,5.0,0.6,0.0,0.0,5.0,0.6,0.002599413749239554,-0.0018939393939393923
6,202207010209,3,1,0,23,0,0,0,13,0,0,0,0,0,0,0,6,0,0,0,2,0,0,0,0,0,0,0,1,0,0,0,1,0,0,0,0,0.0,0.0,12.0,7.0,33.7,0.9,0.8571428571428571,0.0,0.0,10.0,6.0,33.4,0.5,0.6923076923076923,0.0,0.0,17.0,12.0,36.1,1.3,0.5555555555555556,2.5,10.0,0.0,0.0,0.24242424242424243,4,6,53.9,12.0,1183,1221,1558,0.0,0.0,15.0,11.0,35.7,1.4,0.3125,0.0,0.0,4.0,6.0,34.9,0.8,0.7692307692307693,0.3,0.0,55.0,0.0,14.0,14.0,516.0,0.0,0.07692307692307693,0.05555555555555555,0.0625,-0.07692307692307693,-0.4699999999999996,0.0,-1.4530999999999992,-1.7531000000000034,0.005200000000002092,0.5469000000000008,-0.4654000000000025,0.19023124816665896,1.0650821564555484,0.0,5.0,0.0,0.0,0.0,3.0,0.0,0.11500974658869395,0.2222222222222222
7,202207010209,5,9,11,82,1,2,0,7,0,1,0,2,0,1,1,10,0,1,0,1,0,1,0,1,0,1,1,4,0,1,0,1,0,1,0,1,0.0,0.0,100.0,2.0,34.0,0.1,0.7058823529411765,0.0,0.0,60.0,10.0,34.4,0.8,0.38461538461538464,0.0,0.0,80.0,8.0,34.2,1.2,0.35714285714285715,3.0,0.0,0.0,0.0,0.2222222222222222,5,7,15.1,7.0,1736,1332,1482,0.0,0.0,20.0,5.0,35.7,0.4,0.5,0.0,0.0,10.0,1.0,34.0,0.0,0.5333333333333333,-0.7,0.4,57.0,21.0,14.0,17.0,468.0,-0.11764705882352941,-0.07692307692307693,0.2857142857142857,0.125,0.06666666666666667,-0.13000000000000042,0.0,-1.153100000000002,-0.7531000000000034,-0.9064999999999941,-0.11619999999999919,-1.153100000000002,0.12421596420232582,0.63749509802037,2.0,4.0,0.5,0.2,0.5333333333333333,3.0,0.6666666666666666,-0.06123106670963582,
8,202207010209,1,2,8,26,5,7,6,52,1,1,1,2,1,0,1,4,2,0,2,13,1,0,1,1,0,0,0,0,0,0,0,2,0,0,0,0,0.0,0.0,12.0,11.0,38.0,2.5,1.0,0.0,0.0,12.0,14.0,34.6,1.0,0.8823529411764706,0.0,0.0,6.0,8.0,36.1,2.2,0.8,-1.5,0.0,-1200.0,0.1,0.3,7,12,34.3,9.0,1729,1366,1428,0.0,0.0,11.0,8.0,33.1,0.8,0.9230769230769231,0.0,0.0,12.0,4.0,35.9,0.5,0.6666666666666666,-2.0,0.0,57.0,-686.0,14.0,12.0,446.0,-0.25,0.058823529411764705,0.0,0.0,-0.05555555555555555,0.5700000000000003,0.0,2.553199999999997,-1.316600000000001,0.6407999999999987,-1.9746999999999986,-0.016600000000003945,0.1139301621736137,1.6329115101560154,-1.0,0.0,,0.14285714285714285,0.2857142857142857,0.0,,0.07112375533428161,0.02285714285714291
9,202207010209,13,11,6,67,9,4,9,104,0,1,2,3,2,2,0,9,0,0,0,12,0,0,0,0,0,0,0,1,0,0,0,1,0,0,0,0,0.0,0.0,8.0,8.0,45.3,8.5,0.875,0.0,0.0,14.0,13.0,35.0,1.2,0.7333333333333333,0.0,0.0,10.0,13.0,35.3,1.7,0.3076923076923077,2.5,-21.0,-300.0,0.1,0.2,5,8,10.7,5.0,1657,1345,1317,0.0,0.0,8.0,6.0,35.8,0.6,0.6923076923076923,0.0,0.0,13.0,9.0,34.6,1.0,0.9285714285714286,-0.5,0.0,56.0,-701.0,14.0,8.0,457.0,0.125,0.06666666666666667,0.0,-0.15384615384615385,-0.07142857142857142,2.0599999999999996,0.0,,-0.07469999999999999,0.22529999999999717,0.7252999999999972,-0.5064999999999955,0.2180243627769454,4.06890648700606,0.0,0.0,,0.16666666666666666,0.3333333333333333,0.0,,-0.07118311242022585,0.0753968253968254
10,202207010209,12,7,13,137,5,9,6,103,0,0,0,14,1,0,0,8,1,2,2,15,0,0,0,2,1,0,0,4,0,0,0,3,0,0,0,2,0.0,0.0,15.0,17.0,35.2,2.1,0.5555555555555556,0.0,0.0,11.0,9.0,35.3,1.3,0.5833333333333334,0.0,0.0,10.0,16.0,34.4,1.9,0.3888888888888889,-0.5,6.0,0.0,0.11764705882352941,0.29411764705882354,8,13,128.0,13.0,1506,1013,199,0.0,0.0,14.0,3.0,34.4,0.1,0.5625,0.0,0.0,8.0,6.0,33.8,0.7,0.5333333333333333,-2.8,0.2,55.0,-294.0,14.0,18.0,510.0,0.1111111111111111,0.0,,-0.0625,,0.370000000000001,0.0,0.04690000000000083,-0.0654000000000039,0.8566000000000003,-0.7531000000000034,0.01279999999999859,0.06976813450704121,0.5600000000000009,0.0,3.0,0.3333333333333333,0.0625,0.25,2.0,0.5,0.00030605998775759535,0.13151602104256338
11,202207010209,1,1,0,13,7,6,6,87,0,0,0,0,0,1,0,1,0,2,1,18,0,0,0,0,0,0,0,0,0,0,0,1,0,0,0,0,0.0,0.0,50.0,7.0,34.0,0.7,0.5384615384615384,0.0,0.0,90.0,1.0,35.0,0.0,0.625,0.0,0.0,70.0,3.0,34.1,0.5,0.26666666666666666,-2.0,2.0,0.0,0.05555555555555555,0.05555555555555555,6,9,43.5,10.0,1455,1558,1428,0.0,0.0,40.0,5.0,35.2,0.6,0.375,0.0,0.0,80.0,2.0,34.7,0.1,0.4375,-0.6,0.6,56.0,27.0,14.0,13.0,412.0,0.0,-0.0625,-0.06666666666666667,0.0,0.0,-0.16000000000000086,0.0,-1.153100000000002,-0.153100000000002,-1.0531000000000006,-0.6161999999999992,-0.45309999999999917,0.12476532869845453,0.4774934554525334,0.0,5.0,0.6,,,4.0,0.75,0.009523809523809518,0.05152394775036287
12,202207010209,11,6,16,89,3,3,2,26,0,0,0,2,1,0,1,11,1,0,1,4,0,0,0,1,0,0,0,2,0,0,0,1,0,0,0,1,0.0,0.0,12.0,4.0,34.8,0.6,0.8571428571428571,0.0,0.0,11.0,13.0,36.2,1.2,0.38461538461538464,0.0,0.0,13.0,12.0,33.6,0.7,0.9375,4.0,8.0,-200.0,0.047619047619047616,0.23809523809523808,4,5,15.8,8.0,1152,1542,1428,0.0,0.0,12.0,8.0,34.6,0.5,0.7692307692307693,0.0,0.0,15.0,10.0,34.1,0.7,0.5333333333333333,0.7,0.0,57.0,-757.0,14.0,14.0,518.0,-0.07142857142857142,0.0,0.0,0.07692307692307693,0.0,0.29999999999999927,0.0,-0.3064999999999998,1.093500000000006,-1.5531000000000006,-0.7653999999999996,-1.0531000000000006,0.20643264030922864,0.8754427451295719,2.0,3.0,0.0,0.0,0.0,2.0,0.0,-0.036725569512454787,-0.053475935828877
13,202207010209,6,4,9,63,0,1,1,4,0,1,1,0,3,2,1,26,0,1,1,1,0,1,1,0,2,1,1,7,0,1,1,0,0,1,1,0,0.0,0.0,120.0,110.0,39.0,3.3,0.9166666666666666,0.0,0.0,140.0,90.0,32.4,0.8,0.875,0.0,0.0,160.0,140.0,34.9,1.0,0.375,15.0,24.0,-200.0,0.03333333333333333,0.1,8,14,6.3,3.0,1172,792,1556,0.0,0.0,100.0,140.0,34.5,0.8,0.3125,0.0,0.0,80.0,30.0,33.7,0.4,0.2222222222222222,-11.0,0.0,57.0,-967.0,14.0,12.0,538.0,0.08333333333333333,,0.0,0.0625,0.0,0.8499999999999993,0.0,1.3357000000000028,-1.1433999999999997,-0.20649999999999835,-0.653100000000002,-1.4530999999999992,0.29464091977343926,2.22081066279861,5.0,2.0,0.0,0.0,0.2222222222222222,2.0,0.0,0.037523452157598475,
14,202207010406,1,0,1,9,0,1,0,0,0,0,0,0,0,0,0,0,0,0,0,0,0,0,0,0,0,0,0,0,0,0,0,0,0,0,0,0,0.0,0.0,11.0,8.0,34.4,0.7,0.5,0.0,0.0,11.0,6.0,33.4,0.3,0.5,0.0,0.0,12.0,3.0,34.1,0.2,0.9411764705882353,-2.5,0.0,-200.0,,,7,8,5.0,3.0,1045,998,969,0.0,0.0,10.0,7.0,34.6,0.5,0.625,0.0,0.0,11.0,10.0,35.0,0.9,0.7333333333333333,0.5,0.2,51.0,-670.0,10.0,18.0,466.0,0.05555555555555555,0.0,0.0,0.0625,0.0,-0.24000000000000057,0.0,-0.8913000000000011,-1.7531000000000034,-1.0531000000000006,-0.5531000000000006,-0.153100000000002,0.1654466302659534,0.53665631459995,-5.0,4.0,0.25,0.0,0.25,4.0,0.25,,
15,202207010406,0,2,3,13,3,3,3,24,0,1,0,0,0,0,2,1,0,1,0,3,0,0,0,0,0,0,0,0,0,0,0,3,0,0,0,0,0.0,0.0,10.0,4.0,34.2,0.7,0.8,0.0,0.0,3.0,8.0,34.3,1.4,0.23529411764705882,0.0,0.0,5.0,3.0,34.0,0.1,0.35714285714285715,-0.5,2.0,0.0,0.0,0.0,7,7,2.8,1.0,1601,1503,239,0.0,0.0,11.0,11.0,35.7,0.7,0.06666666666666667,0.0,0.0,2.0,11.0,34.9,0.9,0.5294117647058824,1.7,0.2,54.0,-1028.0,10.0,10.0,440.0,-0.2,0.058823529411764705,0.07142857142857142,0.0,-0.058823529411764705,-0.2799999999999997,0.0,-1.6161999999999992,-1.065400000000004,-1.153100000000002,0.3346000000000018,-0.4654000000000025,0.25171289166501487,0.6177378084592208,-2.0,5.0,0.2,0.0,0.0,1.0,1.0,0.055555555555555525,0.10227272727272729
16,202207010406,1,6,4,86,2,7,3,70,0,0,0,8,0,2,1,9,1,4,1,20,0,0,0,0,0,0,0,1,0,1,1,3,0,0,0,0,0.0,0.0,10.0,6.0,34.9,0.6,0.375,0.0,0.0,10.0,9.0,36.2,0.6,0.4,0.0,0.0,2.0,16.0,35.8,1.7,0.1875,5.0,10.0,0.0,0.10344827586206896,0.13793103448275862,2,2,7.1,5.0,1561,1235,1263,0.0,0.0,7.0,9.0,35.6,1.0,0.5625,0.0,0.0,13.0,9.0,35.3,1.4,0.8666666666666667,0.6,0.0,54.0,-299.0,10.0,16.0,446.0,0.0,-0.06666666666666667,0.0,-0.0625,0.13333333333333333,-0.019999999999999574,0.0,-0.25310000000000343,0.8346000000000018,0.6468999999999951,0.4468999999999994,0.19350000000000023,0.2277211989351111,0.44090815370097336,0.0,4.0,0.0,0.0,0.16666666666666666,3.0,0.0,0.09871915026554202,0.09690177982860912
17,202207010406,0,6,0,19,8,12,13,88,0,0,0,2,0,1,0,2,1,1,4,26,0,0,0,1,0,0,0,0,0,0,0,2,0,0,0,0,0.0,0.0,7.0,9.0,39.7,1.2,0.6,0.0,0.0,12.0,10.0,35.4,0.8,0.1111111111111111,0.0,0.0,7.0,10.0,39.6,2.3,0.4166666666666667,0.5,23.0,-200.0,0.0,0.09090909090909091,8,9,27.2,7.0,1629,1183,1428,0.0,0.0,7.0,8.0,35.2,0.9,0.4375,0.0,0.0,11.0,5.0,34.9,0.5,0.16666666666666666,-1.0,0.0,54.0,-1015.0,10.0,10.0,459.0,0.0,0.0,0.0,-0.0625,0.0,0.9800000000000004,0.0,1.546200000000006,0.24689999999999657,1.7766999999999982,0.04690000000000083,-0.25310000000000343,0.18177706465494456,2.202362368003959,0.0,3.0,0.0,0.4,0.4,3.0,0.0,0.04571428571428571,-0.0018939393939393923
18,202207010406,14,15,11,167,7,7,6,97,2,2,2,21,1,2,0,10,2,1,0,18,1,0,0,1,0,2,0,4,0,0,0,5,0,0,0,1,0.0,0.0,10.0,4.0,34.9,0.6,0.5454545454545454,0.0,0.0,10.0,2.0,34.0,0.1,0.875,0.0,0.0,90.0,6.0,34.2,0.7,0.35714285714285715,1.0,-4.0,-200.0,0.07142857142857142,0.2857142857142857,1,1,4.0,2.0,1691,1556,1167,0.0,0.0,40.0,2.0,35.1,0.6,1.0,0.0,0.0,20.0,1.0,33.9,0.0,0.6,-0.6,0.6,56.0,16.0,10.0,11.0,480.0,0.0,0.0,0.0,0.0,-0.06666666666666667,0.08999999999999986,0.0,-0.20649999999999835,-1.153100000000002,-0.9064999999999941,-0.006499999999995509,-1.2531000000000034,0.23197579130531873,0.4874423042781578,1.0,2.0,1.0,0.1724137931034483,0.27586206896551724,2.0,1.0,0.035334713595583156,0.05405982905982906
19,202207010406,13,11,6,67,4,6,2,36,0,0,0,3,2,2,0,9,0,0,0,8,0,0,0,1,0,1,0,3,0,0,0,3,0,0,0,0,0.0,0.0,15.0,16.0,37.6,2.4,0.125,0.0,0.0,14.0,16.0,34.8,1.9,0.875,0.0,0.0,16.0,12.0,34.9,1.4,0.9375,-2.0,16.0,0.0,0.09090909090909091,0.30303030303030304,6,6,68.7,10.0,1657,1376,1317,0.0,0.0,7.0,10.0,38.4,2.7,0.6363636363636364,0.0,0.0,10.0,6.0,34.6,0.6,0.5,-2.6,0.0,54.0,-237.0,10.0,16.0,474.0,0.0,0.0625,-0.0625,-0.2727272727272727,0.0,0.23999999999999985,0.0,2.4468999999999994,-0.35310000000000485,-0.25310000000000343,0.5788999999999973,-0.5531000000000006,0.29168044044612074,1.6069847541280535,1.0,4.0,0.0,0.0,0.18181818181818182,4.0,0.0,-0.07118311242022585,-0.17307692307692307
20,202207010406,17,17,10,78,3,3,3,24,0,0,0,0,1,1,0,4,0,1,0,3,0,0,0,0,1,0,0,2,0,0,0,3,0,0,0,0,0.0,0.0,16.0,11.0,35.3,0.8,0.5625,0.0,0.0,15.0,15.0,35.3,1.9,0.875,0.0,0.0,13.0,10.0,39.0,2.8,0.3076923076923077,-0.5,-4.0,-800.0,0.027777777777777776,0.1388888888888889,5,5,39.0,9.0,1098,1503,1294,0.0,0.0,11.0,6.0,36.3,0.8,0.21428571428571427,0.0,0.0,11.0,16.0,40.8,4.6,0.0625,0.1,0.0,54.0,-650.0,10.0,16.0,510.0,-0.1875,0.0625,0.5384615384615384,0.0,0.6875,-1.2,0.0,-0.6166000000000054,-0.6166000000000054,3.0833999999999975,0.13419999999999987,4.998199999999997,0.2859550311806126,2.1969069165533623,1.0,0.0,,0.045454545454545456,0.13636363636363635,0.0,,0.07071681131468982,0.10227272727272729
21,202207010406,0,1,0,9,4,4,2,26,0,0,0,1,0,0,0,1,0,0,1,7,0,0,0,1,0,0,0,0,0,0,1,0,0,0,0,0,0.0,0.0,8.0,9.0,35.7,1.3,0.2,0.0,0.0,14.0,11.0,34.6,0.9,0.125,0.0,0.0,13.0,14.0,34.4,0.7,0.125,2.5,-14.0,0.0,0.09090909090909091,0.2727272727272727,8,10,14.9,6.0,1460,334,1345,0.0,0.0,9.0,10.0,33.7,0.7,0.1875,0.0,0.0,11.0,16.0,36.2,1.5,0.6111111111111112,1.3,0.0,52.0,-747.0,10.0,10.0,424.0,0.0,0.0,0.0,0.0625,-0.05555555555555555,-0.010000000000000142,0.0,0.5469000000000008,-0.5531000000000006,-0.7531000000000034,-1.4530999999999992,0.10520000000000351,0.18333417508224273,0.9064215354899735,-4.0,5.0,0.0,0.0,0.3076923076923077,4.0,0.0,,-0.13492063492063494
22,202207010406,0,0,0,0,0,0,0,0,0,0,0,0,0,0,0,0,0,0,0,0,0,0,0,0,0,0,0,0,0,0,0,0,0,0,0,0,0.0,0.0,20.0,14.0,38.1,2.2,0.125,0.0,0.0,6.0,8.0,37.3,0.6,0.0625,0.0,0.0,7.0,3.0,35.1,0.3,0.18181818181818182,-5.5,-2.0,50.0,0.14285714285714285,0.3333333333333333,3,3,7.1,4.0,684,655,429,0.0,0.0,14.0,12.0,39.4,1.8,0.125,0.0,0.0,5.0,7.0,37.3,0.7,0.375,-1.0,0.2,54.0,-1027.0,10.0,16.0,502.0,0.0625,0.0,0.0,0.0,0.0,-0.04999999999999929,0.0,0.9825000000000017,-0.6111000000000004,-1.3410999999999973,1.5788999999999973,-0.5233000000000061,0.10742092998269522,1.3994284547628715,-2.0,0.0,,0.1875,0.5,0.0,,,
23,202207010406,0,0,0,1,1,1,0,3,0,0,0,1,0,0,0,0,0,1,0,2,0,0,0,0,0,0,0,0,0,0,0,0,0,0,0,0,0.0,0.0,60.0,5.0,36.3,1.0,0.7,0.0,0.0,140.0,16.0,36.3,1.6,0.4375,0.0,0.0,50.0,8.0,38.1,0.9,0.14285714285714285,1.5,10.0,200.0,0.0,0.0,4,4,27.4,8.0,504,156,695,0.0,0.0,100.0,7.0,37.2,0.7,0.0625,0.0,0.0,80.0,4.0,37.8,0.3,0.08333333333333333,-1.1,0.0,51.0,-1003.0,10.0,10.0,488.0,-0.1,0.0625,0.0,0.0,0.0,-0.39000000000000057,0.0,0.025799999999996714,1.1468999999999951,0.18890000000000384,-0.4642999999999944,-0.11110000000000042,0.24733024596052425,0.7445804187594526,-3.0,1.0,0.0,0.17647058823529413,0.47058823529411764,1.0,0.0,,
24,202207010411,45,34,33,257,4,3,1,13,0,0,0,0,4,4,1,33,0,1,0,6,0,0,0,0,0,0,0,6,0,1,0,1,0,0,0,0,0.0,0.0,10.0,1.0,33.3,0.0,0.5714285714285714,0.0,0.0,10.0,3.0,35.5,0.2,0.26666666666666666,0.0,0.0,20.0,2.0,34.6,0.0,0.1111111111111111,0.5,-4.0,0.0,0.1,0.3,2,4,2.7,1.0,1428,1170,1263,0.0,0.0,20.0,1.0,35.0,0.0,0.08333333333333333,0.0,0.0,10.0,7.0,34.2,1.0,0.5714285714285714,1.0,0.8,56.0,64.0,17.0,14.0,474.0,-0.07142857142857142,0.0,0.0,0.0,-0.21428571428571427,-0.13000000000000114,0.0,-1.8531000000000049,0.39350000000000307,-0.5064999999999955,-0.10649999999999693,-0.9064999999999941,0.2139717865093916,0.7467261881037794,-1.0,1.0,1.0,0.0,0.0,1.0,1.0,0.002599413749239554,-0.09523809523809523
25,202207010411,11,6,16,89,7,6,6,87,2,1,0,5,1,0,1,11,0,2,1,18,0,0,0,1,0,0,0,5,0,0,1,3,0,0,0,1,0.0,0.0,30.0,14.0,35.3,0.6,0.1111111111111111,0.0,0.0,70.0,3.0,36.1,0.2,0.3888888888888889,0.0,0.0,40.0,3.0,34.7,0.3,0.2777777777777778,-5.5,-6.0,-200.0,0.0,0.0,3,5,6.6,3.0,1152,1558,1428,0.0,0.0,20.0,16.0,35.4,1.3,0.35294117647058826,0.0,0.0,70.0,1.0,34.1,0.0,0.3076923076923077,-1.3,0.6,55.0,57.0,17.0,18.0,500.0,0.0,0.0,0.0,0.058823529411764705,0.0,0.30999999999999944,0.0,0.19350000000000023,-0.2616000000000014,-0.4064999999999941,0.24689999999999657,-1.0064999999999955,0.096101383243582,0.6764613810115099,1.0,1.0,0.0,0.0,0.0,1.0,0.0,-0.036725569512454787,0.05152394775036287
26,202207010411,1,1,1,13,3,7,8,76,1,0,1,3,1,0,1,3,3,3,2,16,1,0,1,3,0,0,1,3,0,2,1,4,0,0,1,3,0.0,0.0,10.0,4.0,38.7,1.7,0.375,0.0,0.0,150.0,12.0,35.9,0.9,1.0,0.0,0.0,120.0,11.0,35.5,1.0,1.0,3.5,-8.0,-400.0,0.1875,0.5,6,12,9.8,4.0,1583,1559,118,0.0,0.0,150.0,8.0,36.9,0.7,0.8666666666666667,0.0,0.0,110.0,10.0,33.8,0.8,1.0,0.8,0.0,57.0,-910.0,17.0,8.0,484.0,-0.125,0.0,0.0,-0.2,0.0,0.8800000000000011,0.0,1.444900000000004,-2.011099999999999,-2.4110999999999976,-1.3795000000000002,-1.3531000000000049,0.24223496398698882,1.6169106345126203,1.0,1.0,0.0,0.13333333333333333,0.3333333333333333,1.0,0.0,-0.0875,0.08123791102514505
27,202207010411,26,21,13,160,9,4,9,104,1,1,0,5,9,6,4,30,0,0,0,12,0,0,0,1,2,1,2,11,0,0,0,1,0,0,0,0,0.0,0.0,18.0,16.0,33.4,1.1,0.6666666666666666,0.0,0.0,11.0,10.0,36.2,0.8,0.4375,0.0,0.0,13.0,17.0,35.2,2.0,0.1111111111111111,0.5,0.0,0.0,0.0,0.0,1,2,3.6,2.0,1716,1345,1167,0.0,0.0,11.0,13.0,35.7,0.8,0.2222222222222222,0.0,0.0,8.0,15.0,34.3,2.0,0.9333333333333333,0.1,0.0,57.0,-685.0,17.0,18.0,500.0,0.0,0.0625,0.0,-0.05555555555555555,0.0,-0.12999999999999973,0.0,-1.7531000000000034,1.0469000000000008,0.09350000000000591,0.3346000000000018,-0.8531000000000049,0.29816775872934187,1.0011992808627082,0.0,4.0,0.0,0.0,0.14285714285714285,3.0,0.0,0.05419580419580422,0.0753968253968254
28,202207010411,45,34,33,257,0,0,0,5,0,0,0,1,4,4,1,33,0,0,0,2,0,0,0,0,0,0,0,6,0,0,0,0,0,0,0,0,0.0,0.0,16.0,14.0,35.2,0.8,0.2777777777777778,0.0,0.0,16.0,7.0,34.5,0.3,0.5555555555555556,0.0,0.0,12.0,10.0,34.4,1.3,0.6470588235294118,-2.0,0.0,-200.0,0.07407407407407407,0.2962962962962963,1,1,26.9,7.0,1428,1070,1263,0.0,0.0,13.0,14.0,32.7,0.7,0.75,0.0,0.0,7.0,5.0,34.3,0.5,0.4117647058823529,-1.1,0.0,54.0,-279.0,17.0,18.0,448.0,0.1111111111111111,0.05555555555555555,0.058823529411764705,,0.0,0.3600000000000009,0.0,0.09350000000000591,-0.6064999999999969,-0.7531000000000034,-0.8433999999999955,-0.8531000000000049,0.16753458495680573,0.8231646250902666,1.0,2.0,0.0,0.0,0.0,2.0,0.0,0.002599413749239554,
29,202207010411,26,21,13,160,12,10,14,149,1,1,1,14,9,6,4,30,0,0,2,15,0,0,0,1,2,1,2,11,0,0,0,2,0,0,0,0,0.0,0.0,12.0,18.0,35.1,2.2,0.9444444444444444,0.0,0.0,12.0,10.0,34.6,0.7,0.25,0.0,0.0,11.0,15.0,35.0,1.2,0.5333333333333333,-1.5,14.0,0.0,0.1111111111111111,0.2777777777777778,5,10,14.8,6.0,1716,1263,1167,0.0,0.0,6.0,1.0,35.0,0.0,0.1111111111111111,0.0,0.0,6.0,6.0,34.6,0.5,0.17647058823529413,-3.3,0.2,54.0,-223.0,17.0,18.0,500.0,0.05555555555555555,0.0,0.13333333333333333,0.0,0.0,0.060000000000000143,0.0,-0.05310000000000059,-0.5064999999999955,-0.153100000000002,-0.36540000000000106,-0.5531000000000006,0.3066178521234614,0.2154065922853798,0.0,4.0,0.25,0.07692307692307693,0.3076923076923077,3.0,0.0,0.05419580419580422,0.10027720027720027
30,202207010411,7,2,3,33,8,8,10,84,1,0,1,3,1,0,1,3,0,1,1,15,0,0,0,0,0,0,1,0,0,0,0,4,0,0,0,0,0.0,0.0,15.0,15.0,34.8,1.8,0.9333333333333333,0.0,0.0,10.0,9.0,35.1,2.0,0.9,0.0,0.0,13.0,9.0,34.2,0.4,0.38461538461538464,-3.0,2.0,-400.0,0.13793103448275862,0.3103448275862069,3,6,150.3,15.0,1306,1405,1445,0.0,0.0,16.0,8.0,34.6,0.5,0.8125,0.0,0.0,16.0,13.0,35.2,1.7,0.29411764705882354,-0.5,0.0,56.0,-285.0,17.0,15.0,462.0,-0.06666666666666667,-0.1,0.0,-0.4375,-0.058823529411764705,-0.030000000000001137,0.0,-0.27470000000000283,-0.8166000000000011,-0.8746999999999971,-0.8592000000000013,0.04690000000000083,0.2702418333409832,0.3599999999999998,0.0,1.0,0.0,0.0,0.0,1.0,0.0,-0.0393939393939394,-0.04768439108061748
31,202207010411,12,7,13,137,25,18,14,132,2,1,2,20,1,0,0,8,2,0,2,16,0,0,0,0,0,0,0,1,0,0,2,2,0,0,0,0,0.0,0.0,15.0,14.0,33.2,0.8,0.9333333333333333,0.0,0.0,16.0,16.0,34.3,1.5,0.9411764705882353,0.0,0.0,10.0,9.0,35.1,1.7,1.0,-2.5,12.0,0.0,0.0,0.0,4,8,86.9,13.0,1506,1428,199,0.0,0.0,18.0,14.0,34.3,0.7,0.8888888888888888,0.0,0.0,12.0,10.0,34.5,0.8,0.8333333333333334,-1.0,0.0,57.0,-364.0,17.0,15.0,462.0,0.0,-0.058823529411764705,0.0,0.0,0.0,-0.25999999999999945,0.0,-1.9530999999999992,-0.7747000000000028,-0.3592000000000013,-0.8064999999999998,-2.350299999999997,0.055683205905203065,0.6144916598294881,-1.0,1.0,0.0,0.0,0.2,1.0,0.0,0.00030605998775759535,0.03664799253034551
32,202207010411,1,1,2,10,0,1,0,26,0,0,0,2,0,0,1,3,0,0,0,7,0,0,0,0,0,0,0,1,0,0,0,0,0,0,0,0,0.0,0.0,60.0,8.0,33.6,0.6,0.3333333333333333,0.0,0.0,50.0,2.0,34.3,0.1,0.5555555555555556,0.0,0.0,90.0,4.0,36.0,0.3,0.5555555555555556,-2.0,0.0,-400.0,0.047619047619047616,0.047619047619047616,7,13,32.5,9.0,1655,1186,239,0.0,0.0,50.0,5.0,34.5,0.3,0.4375,0.0,0.0,70.0,3.0,32.8,0.2,0.375,-0.7,0.4,56.0,30.0,17.0,12.0,502.0,0.08333333333333333,-0.05555555555555555,-0.16666666666666666,-0.0625,-0.0625,0.14000000000000057,0.0,-1.4746999999999986,-0.8064999999999998,-0.3616000000000028,-0.653100000000002,-2.3064999999999998,0.0912870929175277,1.0632027088001617,0.0,1.0,0.0,0.0,0.0,1.0,0.0,,0.12962962962962962
33,202207010411,0,0,2,40,2,2,7,42,0,0,0,3,0,0,2,17,0,0,0,13,0,0,0,1,0,0,0,1,0,0,0,6,0,0,0,1,0.0,0.0,10.0,5.0,34.7,0.4,0.4375,0.0,0.0,14.0,5.0,34.2,0.5,0.8125,0.0,0.0,7.0,12.0,35.1,0.7,0.75,3.5,6.0,0.0,0.0,0.09090909090909091,5,9,29.2,8.0,1611,1599,1263,0.0,0.0,9.0,4.0,34.6,0.4,0.375,0.0,0.0,14.0,12.0,33.6,0.7,0.3333333333333333,1.3,0.0,53.0,-341.0,17.0,16.0,464.0,-0.125,0.0625,-0.0625,0.0,0.0,0.18000000000000044,0.0,-0.6653999999999982,-1.1653999999999982,-0.26539999999999964,-0.5531000000000006,-1.5531000000000006,0.19939143523342331,0.5083306010855534,0.0,5.0,0.0,0.0,0.0,2.0,0.0,0.08874458874458874,0.22995283018867924
34,202207010411,14,13,13,99,9,4,9,104,3,0,1,19,0,0,1,7,0,0,0,12,0,0,0,0,0,0,0,2,0,0,0,1,0,0,0,0,0.0,0.0,12.0,9.0,35.0,0.4,0.35714285714285715,0.0,0.0,10.0,11.0,33.7,0.7,0.875,0.0,0.0,13.0,6.0,32.6,0.6,1.0,-1.5,-4.0,-600.0,0.029411764705882353,0.2647058823529412,8,15,10.6,5.0,1167,1345,460,0.0,0.0,5.0,11.0,34.2,0.7,0.5882352941176471,0.0,0.0,14.0,6.0,34.3,0.3,0.8888888888888888,-0.6,0.0,54.0,-202.0,17.0,14.0,438.0,0.07142857142857142,0.0,0.0,0.0,-0.1111111111111111,0.09000000000000057,0.0,-0.4592000000000027,-1.4530999999999992,-2.5531000000000006,-0.9530999999999992,-0.8064999999999998,0.2356216642909703,0.7964923100695943,-1.0,3.0,0.0,0.0,0.0,3.0,0.0,0.22385812280408235,0.0753968253968254
35,202207010411,0,0,0,15,25,18,14,132,0,0,0,2,0,0,0,10,2,0,2,16,0,0,0,2,0,0,0,0,0,0,2,2,0,0,0,0,0.0,0.0,15.0,15.0,35.4,0.9,0.625,0.0,0.0,16.0,10.0,34.2,0.9,0.75,0.0,0.0,16.0,16.0,33.6,1.5,0.75,0.5,-16.0,0.0,0.5,0.5,4,7,125.5,14.0,1366,1428,216,0.0,0.0,17.0,9.0,33.9,1.0,0.8888888888888888,0.0,0.0,14.0,12.0,33.6,0.7,0.8823529411764706,-0.7,0.0,54.0,-216.0,17.0,16.0,460.0,0.1875,0.0625,0.1875,0.05555555555555555,0.058823529411764705,0.38999999999999985,0.0,0.03459999999999752,-0.9530999999999992,-1.5531000000000006,-1.2064999999999984,-1.5531000000000006,0.09813775004826562,0.6681317235396018,3.0,4.0,0.0,0.1875,0.1875,3.0,0.0,,0.03664799253034551
36,202207010411,26,21,13,160,2,7,3,70,1,3,1,4,9,6,4,30,1,4,1,20,1,2,1,3,2,1,2,11,0,0,0,5,0,0,0,2,0.0,0.0,10.0,9.0,39.8,1.5,0.7,0.0,0.0,10.0,13.0,34.8,0.8,0.29411764705882354,0.0,0.0,16.0,17.0,36.8,2.8,0.47058823529411764,4.0,11.0,-200.0,0.03225806451612903,0.0967741935483871,2,3,37.6,10.0,1716,1235,1167,0.0,0.0,8.0,8.0,34.6,0.6,0.42857142857142855,0.0,0.0,5.0,12.0,35.3,1.8,0.26666666666666666,0.1,0.0,56.0,-921.0,17.0,10.0,501.0,0.1,0.0,0.058823529411764705,-0.07142857142857142,0.06666666666666667,0.9199999999999996,0.0,1.5204999999999984,-0.35310000000000485,1.7252999999999972,-0.5531000000000006,0.14689999999999515,0.15470711731601694,1.9303885619221839,0.0,3.0,0.0,0.17857142857142858,0.2857142857142857,3.0,0.0,0.05419580419580422,0.09690177982860912
37,202207010411,0,0,0,5,0,2,2,15,0,0,0,5,0,0,0,5,0,0,1,6,0,0,0,5,0,0,0,1,0,0,0,1,0,0,0,1,0.0,0.0,160.0,14.0,33.9,0.9,0.7647058823529411,0.0,0.0,140.0,13.0,34.2,0.7,0.7777777777777778,0.0,0.0,130.0,10.0,34.6,0.8,0.75,-2.0,0.0,0.0,0.09375,0.3125,6,11,202.0,16.0,1199,1433,351,0.0,0.0,100.0,10.0,33.5,1.1,1.0,0.0,0.0,110.0,7.0,33.1,0.9,1.0,-1.7,0.0,54.0,0.0,17.0,17.0,510.0,0.058823529411764705,0.1111111111111111,0.125,0.0,0.0,0.2299999999999997,0.0,-1.2531000000000034,-1.1653999999999982,-0.5531000000000006,-1.653100000000002,-2.0531000000000006,0.11587075870320854,0.5238320341483521,0.0,5.0,0.0,0.0,0.0,4.0,0.0,,
38,202207010411,0,2,2,15,8,8,10,84,0,1,1,2,0,0,0,9,0,1,1,15,0,0,0,2,0,0,0,2,0,0,0,4,0,0,0,1,0.0,0.0,10.0,4.0,41.4,0.8,0.9090909090909091,0.0,0.0,170.0,15.0,33.6,0.9,1.0,0.0,0.0,170.0,15.0,35.5,1.9,0.7647058823529411,5.5,4.0,-400.0,0.0,0.0,7,14,250.1,17.0,1310,1405,1618,0.0,0.0,160.0,16.0,36.5,1.7,0.9375,0.0,0.0,130.0,11.0,34.2,0.5,0.8125,1.5,0.0,56.0,-670.0,17.0,11.0,504.0,-0.45454545454545453,0.0,0.0,0.0625,-0.125,1.1499999999999992,0.0,3.4833,-1.5531000000000006,0.4253,-1.4110999999999976,-0.9530999999999992,0.08519185066559473,2.770270744891191,0.0,2.0,0.0,0.18518518518518517,0.2962962962962963,2.0,0.0,-0.08552631578947367,-0.04768439108061748
39,202207010411,11,6,16,89,5,2,4,33,0,0,1,2,1,0,1,11,1,0,1,13,0,0,0,0,0,0,0,5,0,0,0,4,0,0,0,0,0.0,0.0,8.0,5.0,34.8,0.5,0.2222222222222222,0.0,0.0,15.0,15.0,34.6,1.3,0.26666666666666666,0.0,0.0,17.0,17.0,35.1,1.2,0.2777777777777778,6.0,2.0,200.0,0.0,0.21428571428571427,8,16,44.2,11.0,1152,1708,1428,0.0,0.0,5.0,5.0,33.3,0.4,0.2222222222222222,0.0,0.0,16.0,6.0,33.8,0.1,0.6875,-0.8,0.0,55.0,-657.0,17.0,18.0,428.0,,0.0,0.0,,,0.3300000000000004,0.0,1.0127999999999986,-0.5531000000000006,-0.05310000000000059,-0.24340000000000117,0.25659999999999883,0.17755976215292266,0.6675327707311468,1.0,2.0,0.0,0.14285714285714285,0.35714285714285715,2.0,0.0,-0.036725569512454787,-0.17307692307692307
40,202207010411,1,0,1,14,1,1,0,9,1,0,0,0,1,0,0,1,1,1,0,4,1,0,0,0,0,0,0,0,0,1,0,0,0,0,0,0,0.0,0.0,17.0,12.0,33.3,1.1,0.5555555555555556,0.0,0.0,13.0,15.0,36.2,1.8,0.0625,0.0,0.0,16.0,15.0,38.5,2.1,0.0625,1.5,8.0,200.0,0.1111111111111111,0.2777777777777778,8,17,63.9,12.0,1403,1511,939,0.0,0.0,12.0,17.0,35.9,1.6,0.11764705882352941,0.0,0.0,14.0,14.0,34.8,0.7,0.1875,0.6,0.0,54.0,-202.0,17.0,18.0,510.0,,0.0,0.0,0.0,0.0,-0.2699999999999996,0.0,-0.24340000000000117,1.093500000000006,3.0407999999999973,0.7468999999999966,-0.35310000000000485,0.18500250104240015,1.714176186977291,0.0,2.0,0.0,0.1111111111111111,0.1111111111111111,2.0,0.0,0.04166666666666666,0.10389610389610388
41,202207011011,0,6,0,19,0,1,3,10,0,0,0,0,0,1,0,2,0,0,0,1,0,0,0,0,0,0,0,0,0,0,0,0,0,0,0,0,0.0,0.0,10.0,9.0,34.7,1.1,0.3333333333333333,0.0,0.0,3.0,10.0,34.6,0.6,0.3888888888888889,0.0,0.0,6.0,9.0,,,,0.0,-8.0,0.0,0.10526315789473684,0.2631578947368421,2,3,4.0,2.0,1629,1506,1428,0.0,0.0,5.0,5.0,34.8,0.4,0.3125,0.0,0.0,12.0,15.0,34.4,1.3,0.5,0.7,0.0,55.0,-784.0,18.0,18.0,486.0,-0.05555555555555555,0.0,,-0.0625,0.0,0.0700000000000017,0.0,-1.3947999999999965,-0.5064999999999955,,-0.35310000000000485,-0.6747000000000014,0.0727304168946299,0.1479019945774904,-1.0,2.0,0.0,0.0,0.08333333333333333,1.0,0.0,0.04571428571428571,-0.2857142857142857
42,202207011011,13,9,10,91,2,4,1,20,1,0,0,2,1,0,1,7,0,2,0,2,0,0,0,2,0,0,0,2,0,0,0,2,0,0,0,2,0.0,0.0,6.0,6.0,33.7,0.7,0.4666666666666667,0.0,0.0,2.0,2.0,34.1,0.1,0.375,0.0,0.0,3.0,13.0,34.7,0.6,0.5555555555555556,3.5,0.0,0.0,0.0,0.0,8,16,11.5,7.0,1127,351,1328,0.0,0.0,3.0,7.0,33.9,0.3,0.4166666666666667,0.0,0.0,9.0,7.0,34.5,0.3,0.5555555555555556,0.7,0.2,54.0,-364.0,18.0,15.0,480.0,-0.06666666666666667,0.0,0.1111111111111111,0.0,0.0,-0.13999999999999915,0.0,-1.4530999999999992,-1.0531000000000006,-0.4064999999999941,-1.2064999999999984,-1.5947999999999993,0.07272474743090476,0.37094473981982834,-1.0,3.0,0.3333333333333333,0.0,0.16666666666666666,2.0,0.5,0.030746489283074607,-0.009259259259259245
43,202207011011,1,2,1,8,3,7,8,76,1,2,1,3,1,2,0,3,3,3,2,16,1,2,0,1,0,2,0,1,0,2,1,4,0,2,0,1,0.0,0.0,13.0,9.0,34.4,0.6,0.625,0.0,0.0,5.0,10.0,35.6,1.2,1.0,0.0,0.0,16.0,17.0,34.5,1.9,0.9444444444444444,4.0,-6.0,0.0,0.09090909090909091,0.36363636363636365,5,10,7.0,3.0,1221,1559,1263,0.0,0.0,9.0,4.0,35.1,0.3,0.8333333333333334,0.0,0.0,3.0,9.0,33.2,0.7,0.875,-0.6,0.0,56.0,-609.0,18.0,16.0,492.0,0.0,-0.125,-0.1111111111111111,-0.05555555555555555,-0.0625,0.28999999999999915,0.0,-0.7531000000000034,-0.4947999999999979,-0.5747,-0.26539999999999964,-1.9530999999999992,0.12868038691000522,0.8064738061462378,-2.0,4.0,0.0,0.125,0.375,2.0,0.0,,0.08123791102514505
44,202207011011,1,1,2,10,0,1,0,26,0,0,0,2,0,0,1,3,0,0,0,7,0,0,0,0,0,0,0,1,0,0,0,0,0,0,0,0,0.0,0.0,90.0,9.0,33.9,0.6,0.6470588235294118,0.0,0.0,60.0,8.0,33.6,0.6,0.3333333333333333,0.0,0.0,50.0,2.0,34.3,0.1,0.5555555555555556,-3.5,2.0,0.0,0.0,0.07142857142857142,3,6,104.7,13.0,1655,1186,239,0.0,0.0,90.0,4.0,36.0,0.3,0.5555555555555556,0.0,0.0,50.0,5.0,34.5,0.3,0.4375,-1.2,0.2,54.0,20.0,18.0,17.0,504.0,0.0,0.08333333333333333,-0.05555555555555555,-0.16666666666666666,-0.0625,-0.36000000000000015,0.0,-1.2531000000000034,-1.4746999999999986,-0.8064999999999998,-0.3616000000000028,-0.653100000000002,0.10891733282739956,0.8309031231136396,-2.0,2.0,0.0,0.0,0.0,2.0,0.0,,0.12962962962962962
45,202207011011,1,1,1,13,3,7,8,76,1,0,1,3,1,0,1,3,3,3,2,16,1,0,1,3,0,0,1,3,0,2,1,4,0,0,1,3,0.0,0.0,10.0,4.0,38.7,1.7,0.375,0.0,0.0,150.0,12.0,35.9,0.9,1.0,0.0,0.0,120.0,11.0,35.5,1.0,1.0,3.5,-8.0,-400.0,0.08823529411764706,0.29411764705882354,3,5,21.3,8.0,1583,1559,118,0.0,0.0,150.0,8.0,36.9,0.7,0.8666666666666667,0.0,0.0,110.0,10.0,33.8,0.8,1.0,0.8,0.0,56.0,-890.0,18.0,8.0,484.0,-0.125,0.0,0.0,-0.2,0.0,0.8800000000000011,0.0,1.444900000000004,-2.011099999999999,-2.4110999999999976,-1.3795000000000002,-1.3531000000000049,0.24223496398698882,1.6169106345126203,0.0,1.0,0.0,0.11764705882352941,0.35294117647058826,1.0,0.0,-0.0875,0.08123791102514505
46,202207011011,4,11,8,74,2,2,1,13,0,0,0,0,0,1,1,5,0,0,0,1,0,0,0,0,0,0,0,0,0,0,0,0,0,0,0,0,0.0,0.0,4.0,6.0,33.8,0.3,0.5,0.0,0.0,1.0,1.0,33.8,0.0,0.4375,0.0,0.0,7.0,7.0,33.7,0.5,0.17647058823529413,0.5,-4.0,0.0,0.05263157894736842,0.05263157894736842,7,13,7.9,4.0,1304,815,1503,0.0,0.0,7.0,5.0,33.3,0.2,0.16666666666666666,0.0,0.0,11.0,9.0,38.0,1.2,0.5555555555555556,1.0,0.2,55.0,0.0,18.0,18.0,466.0,0.1111111111111111,0.1875,0.0,0.0,-0.05555555555555555,-0.7900000000000006,0.0,-1.3531000000000049,-1.3531000000000049,-1.406499999999994,-1.7747000000000028,1.6251000000000033,0.16410183677421528,1.749742838247953,0.0,2.0,0.5,0.0,0.0,2.0,0.5,-0.007946735395189003,0.2222222222222222
47,202207011011,26,21,13,160,8,12,13,88,1,0,0,4,9,6,4,30,1,1,4,26,1,0,0,4,2,1,2,11,0,0,1,5,0,0,0,1,0.0,0.0,1.0,7.0,34.4,0.4,0.2777777777777778,0.0,0.0,3.0,5.0,34.0,0.4,0.23529411764705882,0.0,0.0,1.0,2.0,34.5,0.0,0.125,-2.5,8.0,0.0,0.12903225806451613,0.3225806451612903,5,9,3.7,1.0,1716,1183,1167,0.0,0.0,1.0,2.0,34.3,0.0,0.125,0.0,0.0,1.0,2.0,34.3,0.1,0.125,-1.3,0.6,55.0,0.0,18.0,18.0,478.0,0.0,0.0,0.0625,0.0,0.0,-0.009999999999999431,0.0,-0.7531000000000034,-1.153100000000002,-0.653100000000002,-1.065400000000004,-0.8531000000000049,0.0658247329470862,0.16733200530681494,0.0,5.0,0.6,0.15384615384615385,0.34615384615384615,4.0,0.5,0.05419580419580422,-0.0018939393939393923
48,202207011011,6,4,9,63,0,0,1,2,0,0,0,1,3,2,1,26,0,0,0,1,0,0,0,1,0,0,0,2,0,0,0,1,0,0,0,1,0.0,0.0,140.0,13.0,34.4,1.3,0.7058823529411765,0.0,0.0,100.0,13.0,35.0,1.1,0.625,0.0,0.0,80.0,9.0,34.8,0.6,0.75,-2.0,-8.0,-200.0,0.10526315789473684,0.2631578947368421,2,4,33.7,9.0,1172,25,1556,0.0,0.0,80.0,6.0,33.6,0.4,0.875,0.0,0.0,100.0,4.0,33.6,0.2,0.5555555555555556,-2.5,0.0,55.0,-574.0,18.0,17.0,500.0,0.0,0.0625,0.0,0.0,0.0,0.29999999999999927,0.0,-0.7064999999999984,-0.36540000000000106,-0.35310000000000485,-1.7653999999999996,-1.5064999999999955,0.10919948210209866,0.5878775382679616,-2.0,3.0,0.0,0.0,0.0,1.0,0.0,0.037523452157598475,
49,202207011011,11,6,16,89,2,7,3,70,0,0,0,3,1,0,1,11,1,4,1,20,0,0,0,1,0,0,0,5,0,0,0,5,0,0,0,1,0.0,0.0,13.0,16.0,37.9,4.0,0.0625,0.0,0.0,3.0,16.0,35.5,1.1,0.0625,0.0,0.0,5.0,3.0,34.6,0.1,0.06666666666666667,-6.5,10.0,0.0,0.0,0.13333333333333333,7,15,10.4,6.0,1152,1235,1428,0.0,0.0,6.0,9.0,35.1,0.6,0.05555555555555555,0.0,0.0,9.0,7.0,34.3,0.8,0.125,-2.5,0.2,57.5,-301.0,18.0,16.0,570.0,0.0,0.0625,0.0,0.0,0.0,0.7600000000000001,0.0,2.7468999999999966,0.346899999999998,-0.5531000000000006,-0.05310000000000059,-0.8531000000000049,0.025528367179751186,1.2781236246936363,0.5,5.0,0.2,0.125,0.125,5.0,0.2,-0.036725569512454787,0.09690177982860912
50,202207011011,16,27,18,172,0,2,0,17,0,0,0,2,0,3,0,18,0,0,0,0,0,0,0,0,0,0,0,4,0,0,0,0,0,0,0,0,0.0,0.0,10.0,10.0,34.5,0.6,0.3888888888888889,0.0,0.0,4.0,8.0,34.5,0.4,0.4666666666666667,0.0,0.0,12.0,10.0,35.6,0.5,0.1111111111111111,0.0,4.0,0.0,0.0,0.0,1,2,38.2,10.0,1503,1551,1263,0.0,0.0,13.0,16.0,36.3,1.5,0.1875,0.0,0.0,10.0,4.0,34.8,0.2,0.058823529411764705,-0.4,0.0,57.0,0.0,18.0,18.0,474.0,-0.05555555555555555,0.0,0.0,0.0,0.0,-0.23999999999999916,0.0,-0.653100000000002,-0.653100000000002,0.4935000000000045,1.2252999999999972,-0.27470000000000283,0.15855941419375671,0.7059745037889112,0.0,2.0,0.0,0.0,0.3,2.0,0.0,-0.009277322582043612,-0.10526315789473684
51,202207011011,2,4,2,40,6,6,4,34,0,0,0,1,0,0,0,11,1,0,0,9,0,0,0,1,0,0,0,3,0,0,0,2,0,0,0,1,0.0,0.0,11.0,11.0,34.2,0.6,0.5,0.0,0.0,14.0,12.0,34.8,0.9,0.4375,0.0,0.0,10.0,14.0,33.5,1.1,0.7058823529411765,1.5,4.0,0.0,0.03125,0.09375,1,1,63.6,11.0,1618,848,1263,0.0,0.0,9.0,5.0,34.5,0.3,0.3888888888888889,0.0,0.0,10.0,18.0,36.7,2.1,0.2777777777777778,0.7,0.0,57.5,0.0,18.0,18.0,476.0,0.0,0.125,0.058823529411764705,-0.05555555555555555,0.0,-0.4700000000000003,0.0,-0.9530999999999992,-0.35310000000000485,-1.653100000000002,-0.8654000000000011,0.6052000000000035,0.141990079459049,1.0707007051459345,0.0,5.0,0.0,0.16666666666666666,0.3333333333333333,3.0,0.0,-0.06666666666666665,-0.2088888888888889
52,202207011011,7,2,3,33,8,8,10,84,1,0,1,3,1,0,1,3,0,1,1,15,0,0,0,0,0,0,1,0,0,0,0,4,0,0,0,0,0.0,0.0,15.0,15.0,34.8,1.8,0.9333333333333333,0.0,0.0,10.0,9.0,35.1,2.0,0.9,0.0,0.0,13.0,9.0,34.2,0.4,0.38461538461538464,-3.0,2.0,-400.0,0.058823529411764705,0.11764705882352941,6,11,113.2,14.0,1306,1405,1445,0.0,0.0,16.0,8.0,34.6,0.5,0.8125,0.0,0.0,16.0,13.0,35.2,1.7,0.29411764705882354,-0.5,0.0,53.0,-265.0,18.0,15.0,462.0,-0.06666666666666667,-0.1,0.0,-0.4375,-0.058823529411764705,-0.030000000000001137,0.0,-0.27470000000000283,-0.8166000000000011,-0.8746999999999971,-0.8592000000000013,0.04690000000000083,0.2702418333409832,0.3599999999999998,-3.0,1.0,0.0,0.0,0.0,1.0,0.0,-0.0393939393939394,-0.04768439108061748
53,202207011011,0,1,0,4,12,10,14,149,0,0,0,1,0,0,0,1,0,0,2,15,0,0,0,1,0,0,0,1,0,0,0,2,0,0,0,1,0.0,0.0,6.0,12.0,,,,0.0,0.0,8.0,1.0,34.6,0.0,0.1875,0.0,0.0,9.0,17.0,35.6,2.0,0.3888888888888889,2.5,,0.0,0.0,0.08333333333333333,8,17,8.9,5.0,464,1263,257,0.0,0.0,13.0,11.0,35.3,0.4,0.1111111111111111,0.0,0.0,2.0,1.0,34.2,0.0,0.2,-1.2,0.4,57.5,-315.0,18.0,14.0,,,-0.0625,0.05555555555555555,0.0,-0.06666666666666667,0.15,0.0,,-0.5531000000000006,0.4468999999999994,-0.7948000000000022,-0.9530999999999992,0.10225267039737918,0.5539629951540073,0.5,5.0,0.4,0.2,0.2,4.0,0.5,,0.10027720027720027
54,202207011011,26,21,13,160,3,3,2,26,0,0,0,0,9,6,4,30,1,0,1,4,0,0,0,0,2,1,2,11,0,0,0,0,0,0,0,0,0.0,0.0,3.0,,,,1.0,0.0,0.0,16.0,14.0,34.0,1.1,0.8333333333333334,0.0,0.0,12.0,11.0,36.4,1.3,0.875,-3.0,29.0,-400.0,0.0,0.0,4,8,155.3,16.0,1716,1542,1167,0.0,0.0,15.0,3.0,35.7,0.4,0.6875,0.0,0.0,7.0,11.0,38.3,3.0,0.75,-1.7,0.25,56.0,-438.0,18.0,9.0,539.0,0.0,0.1111111111111111,-0.125,-0.25,0.0,-1.2199999999999995,0.0,,-1.153100000000002,-1.511099999999999,-2.579499999999996,0.14620000000000033,0.10736748938937604,1.541103500742243,-1.0,1.0,0.0,0.16,0.36,1.0,0.0,0.05419580419580422,-0.053475935828877
55,202207011011,7,20,20,127,1,0,1,7,0,0,0,1,1,6,2,32,0,0,0,1,0,0,0,0,1,0,0,10,0,0,0,0,0,0,0,0,0.0,0.0,100.0,13.0,36.0,1.9,0.4375,0.0,0.0,,,,,,0.0,0.0,100.0,3.0,35.4,0.2,0.125,-10.0,,0.0,0.045454545454545456,0.045454545454545456,8,18,67.9,12.0,1393,666,1263,0.0,0.0,90.0,5.0,34.5,0.3,0.4375,0.0,0.0,150.0,17.0,34.0,0.9,0.2222222222222222,1.4,0.25,53.0,-252.0,18.0,16.0,464.0,-0.0625,,0.0,0.0,-0.05555555555555555,0.6899999999999998,0.0,0.6345999999999989,,0.03459999999999752,-0.653100000000002,-1.153100000000002,0.13634829108383237,0.7758060324591448,0.0,5.0,0.2,0.0,0.0,3.0,0.0,0.04022988505747127,
56,202207011011,11,6,16,89,5,2,4,33,0,0,1,2,1,0,1,11,1,0,1,13,0,0,0,0,0,0,0,5,0,0,0,4,0,0,0,0,0.0,0.0,8.0,5.0,34.8,0.5,0.2222222222222222,0.0,0.0,15.0,15.0,34.6,1.3,0.26666666666666666,0.0,0.0,17.0,17.0,35.1,1.2,0.2777777777777778,6.0,2.0,200.0,0.0,0.2,6,12,192.9,17.0,1152,1708,1428,0.0,0.0,5.0,5.0,33.3,0.4,0.2222222222222222,0.0,0.0,16.0,6.0,33.8,0.1,0.6875,-0.8,0.0,54.0,-637.0,18.0,18.0,428.0,,0.0,0.0,,,0.3300000000000004,0.0,1.0127999999999986,-0.5531000000000006,-0.05310000000000059,-0.24340000000000117,0.25659999999999883,0.17755976215292266,0.6675327707311468,0.0,2.0,0.0,0.125,0.375,2.0,0.0,-0.036725569512454787,-0.17307692307692307
57,202207011011,1,0,1,14,7,7,6,97,0,0,0,0,1,0,0,1,2,1,0,18,0,0,0,0,0,0,0,0,0,1,0,2,0,0,0,0,0.0,0.0,3.0,6.0,13.7,2.7,0.4166666666666667,0.0,0.0,2.0,8.0,14.0,5.0,1.0,0.0,0.0,16.0,15.0,33.8,0.7,0.7777777777777778,4.5,-4.0,-1660.0,0.0,0.0,7,14,310.7,18.0,1403,1556,939,0.0,0.0,12.0,7.0,34.7,0.4,0.875,0.0,0.0,13.0,7.0,34.6,0.4,0.4375,0.1,0.0,54.0,-384.0,18.0,12.0,486.0,0.08333333333333333,-0.3333333333333333,-0.05555555555555555,-0.0625,0.0,-6.250000000000001,0.0,,,-1.3064999999999998,-0.6653999999999982,-0.5531000000000006,0.23488242396233003,10.056361170920622,-6.0,2.0,0.0,0.0,0.0,1.0,0.0,0.04166666666666666,0.05405982905982906
58,202207011011,45,34,33,257,5,6,7,19,2,1,3,5,4,4,1,33,0,1,0,1,0,0,0,0,0,0,0,6,0,0,0,0,0,0,0,0,0.0,0.0,18.0,14.0,35.0,0.6,0.6666666666666666,0.0,0.0,15.0,18.0,35.7,2.2,0.5,0.0,0.0,10.0,10.0,35.5,0.8,0.625,-2.0,-2.0,0.0,0.0,0.14285714285714285,4,7,131.7,15.0,1428,939,1263,0.0,0.0,14.0,16.0,35.6,0.8,0.1111111111111111,0.0,0.0,9.0,14.0,34.5,0.9,0.1875,-0.2,0.0,51.0,-14.0,18.0,18.0,472.0,0.0,0.1111111111111111,-0.125,0.0,0.0,0.11000000000000014,0.0,-0.36540000000000106,0.5469000000000008,0.346899999999998,0.4935000000000045,-0.653100000000002,0.22747269541748041,0.4498888751680805,-3.0,4.0,0.0,0.0,0.0,3.0,0.0,0.002599413749239554,-0.2722007722007722
59,202207011212,0,0,0,2,1,0,0,2,0,0,0,0,0,0,0,0,0,0,0,0,0,0,0,0,0,0,0,0,0,0,0,0,0,0,0,0,0.0,0.0,14.0,14.0,13.5,4.2,0.6428571428571429,0.0,0.0,7.0,8.0,13.1,1.4,0.2727272727272727,0.0,0.0,6.0,,,,0.08333333333333333,-6.0,0.0,-2090.0,0.17647058823529413,0.5294117647058824,6,12,6.1,4.0,1507,1170,593,0.0,0.0,2.0,13.0,14.2,13.2,0.21428571428571427,0.0,0.0,1.0,1.0,13.8,0.0,0.08333333333333333,-3.4,0.25,57.0,-832.0,16.0,14.0,506.0,0.35714285714285715,0.45454545454545453,0.6666666666666666,0.6428571428571429,0.0,-0.20000000000000018,0.0,,,,,,0.20554862913323124,0.4031128874149274,-3.0,0.0,,1.0,1.0,0.0,,,-0.09523809523809523
60,202207011212,4,4,3,12,0,0,2,2,0,0,0,0,0,0,0,0,0,0,0,1,0,0,0,0,0,0,0,0,0,0,0,0,0,0,0,0,0.0,0.0,13.0,14.0,34.6,1.0,0.9375,0.0,0.0,9.0,9.0,34.8,0.9,0.9090909090909091,0.0,0.0,10.0,13.0,34.6,1.2,0.875,-0.5,0.0,0.0,0.15,0.3,5,10,33.0,10.0,1098,1542,1294,0.0,0.0,7.0,8.0,34.7,1.2,0.18181818181818182,0.0,0.0,7.0,14.0,33.4,0.9,0.9411764705882353,-0.1,0.0,57.0,-560.0,16.0,16.0,480.0,0.0,0.0,0.0,0.0,0.058823529411764705,0.25,0.0,-0.5531000000000006,-1.2948000000000022,-0.5531000000000006,-0.4064999999999941,-1.7531000000000034,0.29451006878733027,0.5153639490690056,-1.0,4.0,0.0,0.3333333333333333,0.3333333333333333,0.0,,0.07071681131468982,-0.053475935828877
61,202207011212,11,6,9,43,1,0,0,0,1,0,0,0,0,0,0,3,0,0,0,0,0,0,0,0,0,0,0,1,0,0,0,0,0,0,0,0,0.0,0.0,5.0,6.0,33.7,0.2,1.0,0.0,0.0,8.0,14.0,34.9,1.0,0.2777777777777778,0.0,0.0,8.0,3.0,34.0,0.2,0.875,-1.5,-10.0,0.0,0.08571428571428572,0.2857142857142857,3,6,5.1,2.0,1428,106,1263,0.0,0.0,5.0,8.0,34.2,0.5,0.9375,0.0,0.0,7.0,3.0,34.1,0.2,0.42857142857142855,-1.2,0.4,55.0,-734.0,16.0,14.0,436.0,-0.07142857142857142,-0.05555555555555555,-0.0625,-0.125,-0.07142857142857142,-0.010000000000000142,0.0,-1.4530999999999992,-0.25310000000000343,-1.153100000000002,-0.9530999999999992,-1.0064999999999955,0.2928840268126713,0.396988664825583,1.0,4.0,0.25,0.0,0.375,0.0,,0.002599413749239554,
62,202207011212,1,1,1,17,0,0,0,5,0,0,0,0,0,0,0,3,0,0,0,0,0,0,0,0,0,0,0,1,0,0,0,0,0,0,0,0,0.0,0.0,30.0,2.0,34.4,0.1,0.5,0.0,0.0,60.0,2.0,33.5,0.2,0.6428571428571429,0.0,0.0,100.0,5.0,34.4,0.2,0.4666666666666667,1.5,0.0,-200.0,0.1,0.25,6,11,5.5,3.0,1736,1206,1482,0.0,0.0,70.0,11.0,34.6,1.0,0.6923076923076923,0.0,0.0,10.0,11.0,38.2,1.2,0.5,2.7,0.4,57.0,14.0,16.0,12.0,488.0,-0.08333333333333333,-0.07142857142857142,-0.13333333333333333,0.07692307692307693,-0.08333333333333333,-0.870000000000001,0.0,-0.7064999999999984,-1.653100000000002,-0.7064999999999984,-0.5064999999999955,1.8384,0.0897564168152398,1.635114674877577,1.0,1.0,1.0,0.08333333333333333,0.5,0.0,,-0.06123106670963582,0.06763285024154589
63,202207011212,1,1,1,17,0,0,0,1,0,0,0,1,0,0,0,3,0,0,0,1,0,0,0,1,0,0,0,1,0,0,0,0,0,0,0,0,0.0,0.0,70.0,8.0,33.8,0.9,0.6428571428571429,0.0,0.0,100.0,2.0,34.0,0.1,0.7058823529411765,0.0,0.0,60.0,10.0,34.4,0.8,0.38461538461538464,1.0,8.0,0.0,0.0,0.0,4,7,15.4,5.0,1736,1332,1482,0.0,0.0,80.0,8.0,34.2,1.2,0.35714285714285715,0.0,0.0,20.0,5.0,35.7,0.4,0.5,0.0,0.2,57.0,29.0,16.0,14.0,476.0,0.14285714285714285,-0.11764705882352941,-0.07692307692307693,0.2857142857142857,0.125,-0.4000000000000014,0.0,-1.3531000000000049,-1.153100000000002,-0.7531000000000034,-0.9064999999999941,-0.11619999999999919,0.13775304798812388,0.6705221845696098,0.0,4.0,0.25,0.16666666666666666,0.4444444444444444,1.0,0.0,-0.06123106670963582,
64,202207011212,0,1,0,2,1,1,1,16,0,0,0,0,0,0,0,0,0,0,0,6,0,0,0,0,0,0,0,0,0,0,0,1,0,0,0,0,0.0,0.0,14.0,9.0,34.9,0.9,0.5,0.0,0.0,7.0,12.0,34.5,0.7,0.5625,0.0,0.0,13.0,2.0,34.9,0.0,0.875,-3.5,-6.0,0.0,0.06896551724137931,0.27586206896551724,8,16,17.7,7.0,1698,1556,1366,0.0,0.0,11.0,10.0,34.6,0.6,0.75,0.0,0.0,8.0,10.0,37.3,0.8,0.6153846153846154,0.0,0.2,57.0,-756.0,16.0,18.0,526.0,-0.05555555555555555,-0.1875,-0.375,0.0625,0.0,-0.4899999999999999,0.0,-0.4654000000000025,-0.653100000000002,-0.25310000000000343,-0.5531000000000006,1.934599999999996,0.13521842947113036,1.0423051376636296,-1.0,5.0,0.2,0.058823529411764705,0.23529411764705882,0.0,,,0.05405982905982906
65,202207011212,0,1,0,3,0,0,0,1,0,0,0,0,0,0,0,0,0,0,0,0,0,0,0,0,0,0,0,0,0,0,0,0,0,0,0,0,0.0,0.0,10.0,9.0,36.1,0.7,0.8125,0.0,0.0,9.0,11.0,38.1,1.1,0.21428571428571427,0.0,0.0,6.0,8.0,33.5,0.4,0.6666666666666666,-0.5,-6.0,0.0,0.13636363636363635,0.3181818181818182,2,3,2.7,1.0,314,168,324,0.0,0.0,15.0,8.0,34.9,0.5,0.7222222222222222,0.0,0.0,9.0,12.0,34.6,1.2,0.75,0.3,0.0,55.0,-650.0,16.0,16.0,460.0,0.0625,0.0,-0.13333333333333333,0.0,-0.0625,0.6200000000000003,0.0,0.7346000000000004,1.911200000000001,-1.653100000000002,-1.1948000000000008,-0.5531000000000006,0.21462751986921524,1.5666524822052916,2.0,4.0,0.0,0.0,0.0,0.0,,-0.2548387096774194,
66,202207011212,0,0,0,8,2,2,3,12,0,0,0,0,0,0,0,1,0,0,0,2,0,0,0,0,0,0,0,0,0,0,0,0,0,0,0,0,0.0,0.0,11.0,12.0,34.3,0.8,0.46153846153846156,0.0,0.0,10.0,11.0,32.7,0.5,0.7222222222222222,0.0,0.0,4.0,7.0,33.0,0.6,0.5,-2.5,0.0,0.0,0.0,0.06666666666666667,7,13,93.7,12.0,1642,1559,1124,0.0,0.0,12.0,8.0,35.2,0.3,0.25,0.0,0.0,9.0,13.0,36.5,1.5,0.2777777777777778,-0.1,0.0,55.0,-259.0,16.0,13.0,490.0,0.0,,,-0.0625,0.05555555555555555,-0.6900000000000006,0.0,-0.8531000000000049,-0.8433999999999955,-0.5433999999999983,-0.16539999999999822,0.40520000000000067,0.17094017094017094,1.406556077801379,0.0,3.0,0.0,0.0,0.25,0.0,,-0.15625,0.08123791102514505
67,202207011212,4,4,3,12,2,2,3,12,0,0,0,0,0,0,0,0,0,0,0,2,0,0,0,0,0,0,0,0,0,0,0,0,0,0,0,0,0.0,0.0,2.0,5.0,40.7,2.1,0.3333333333333333,0.0,0.0,14.0,10.0,35.9,1.3,0.5,0.0,0.0,14.0,8.0,37.0,0.8,0.5714285714285714,1.5,10.0,-300.0,0.0,0.0,8,15,17.2,6.0,1098,1559,1294,0.0,0.0,10.0,11.0,35.2,0.4,0.6153846153846154,0.0,0.0,6.0,9.0,34.7,0.4,0.4375,0.9,0.0,57.0,-477.0,16.0,12.0,488.0,0.0,-0.125,0.0,0.0,0.0,1.2699999999999996,0.0,,0.7468999999999966,0.9052000000000007,0.04690000000000083,-0.6653999999999982,0.09974057811183984,2.143828351337859,1.0,4.0,0.0,0.0,0.0,0.0,,0.07071681131468982,0.08123791102514505
68,202207011212,0,0,0,2,0,0,0,1,0,0,0,0,0,0,0,0,0,0,0,0,0,0,0,0,0,0,0,0,0,0,0,0,0,0,0,0,0.0,0.0,2.0,4.0,39.8,1.7,0.25,0.0,0.0,14.0,14.0,37.6,1.8,0.5625,0.0,0.0,13.0,9.0,34.8,0.9,0.7692307692307693,2.5,-1.0,-300.0,0.0,0.0,1,1,315.5,15.0,1571,1335,1108,0.0,0.0,16.0,9.0,36.9,0.8,0.4375,0.0,0.0,15.0,10.0,35.4,1.1,0.8125,0.7,0.0,57.0,-988.0,16.0,8.0,517.0,0.125,0.0,0.0,0.0625,-0.0625,0.95,0.0,,0.008600000000001273,-0.35310000000000485,-0.7916999999999987,-0.6948000000000008,0.20901908833869895,1.7640861656959959,1.0,2.0,0.0,0.0,0.0,0.0,,,
69,202207011212,0,0,0,1,4,3,2,13,0,0,0,0,0,0,0,0,1,0,0,2,0,0,0,0,0,0,0,0,0,0,0,1,0,0,0,0,0.0,0.0,11.0,11.0,33.9,0.8,1.0,0.0,0.0,13.0,11.0,35.3,1.1,0.5,0.0,0.0,6.0,14.0,36.1,1.4,0.6470588235294118,1.5,0.0,0.0,0.0,0.08333333333333333,2,4,65.3,11.0,1447,1428,1721,0.0,0.0,5.0,14.0,33.8,0.6,0.9411764705882353,0.0,0.0,3.0,2.0,34.2,0.1,0.9090909090909091,-1.5,0.2,55.0,0.0,16.0,16.0,430.0,0.0,0.14285714285714285,0.0,0.058823529411764705,0.0,0.08999999999999915,0.0,-1.4654000000000025,0.19350000000000023,0.8087000000000018,-1.3531000000000049,-0.9530999999999992,0.1924688005451185,0.8957678270623483,0.0,3.0,0.3333333333333333,0.125,0.25,0.0,,,0.03664799253034551
70,202207011212,0,0,0,0,0,0,0,3,0,0,0,0,0,0,0,0,0,0,0,0,0,0,0,0,0,0,0,0,0,0,0,0,0,0,0,0,0.0,0.0,13.0,14.0,35.1,0.7,0.5,0.0,0.0,12.0,11.0,35.9,0.8,0.38461538461538464,0.0,0.0,14.0,12.0,36.0,0.8,0.125,-1.0,0.0,0.0,0.0,0.0,1,2,111.3,14.0,1055,1039,1618,0.0,0.0,15.0,9.0,38.4,1.2,0.125,0.0,0.0,13.0,16.0,40.8,3.0,0.1875,0.2,0.0,57.0,-112.0,16.0,16.0,472.0,0.0,0.0,0.0,0.0,0.0,-1.3899999999999992,0.0,-0.05310000000000059,-0.19480000000000075,0.6345999999999989,0.488900000000001,2.5204999999999984,0.15148427379467674,2.0943734146517414,3.0,3.0,0.0,0.0,1.0,0.0,,,
71,202207011212,0,0,0,1,1,1,1,16,0,0,0,0,0,0,0,1,0,0,0,6,0,0,0,0,0,0,0,0,0,0,0,1,0,0,0,0,0.0,0.0,110.0,7.0,34.7,1.0,0.875,0.0,0.0,110.0,5.0,33.9,0.3,0.42857142857142855,0.0,0.0,80.0,10.0,34.1,0.8,0.9090909090909091,1.5,-12.0,0.0,0.125,0.3125,7,14,28.9,9.0,1576,1556,1577,0.0,0.0,90.0,13.0,35.6,0.9,0.25,0.0,0.0,70.0,9.0,33.3,0.7,0.9230769230769231,1.2,0.0,57.0,-77.0,16.0,16.0,500.0,0.0625,0.0,0.09090909090909091,0.0625,0.07692307692307693,0.11000000000000085,0.0,-0.45309999999999917,-1.2531000000000034,-1.0531000000000006,0.23460000000000036,-1.8531000000000049,0.28201761929156244,0.780768851837727,0.0,5.0,0.0,0.0,0.0,0.0,,0.0,0.05405982905982906
72,202207011212,4,4,3,12,1,2,1,24,0,0,0,1,0,0,0,0,0,0,0,3,0,0,0,0,0,0,0,0,0,0,0,2,0,0,0,0,0.0,0.0,110.0,90.0,36.9,1.7,0.9090909090909091,0.0,0.0,150.0,110.0,37.9,2.1,0.625,0.0,0.0,110.0,150.0,38.6,1.5,0.25,30.0,18.0,280.0,0.0,0.0,3,5,110.1,13.0,1098,1167,1294,0.0,0.0,130.0,140.0,34.7,1.1,0.8125,0.0,0.0,70.0,100.0,36.6,1.4,0.7142857142857143,5.0,0.0,57.0,-831.0,16.0,11.0,506.0,,0.0,0.0,0.0,0.14285714285714285,0.379999999999999,0.0,,-0.011099999999999,0.9083000000000041,-0.6653999999999982,0.1589000000000027,0.22695850262989944,1.3275541420220862,1.0,1.0,0.0,0.0,0.0,0.0,,0.07071681131468982,-0.05976134585289514
73,202207011212,11,6,9,43,0,0,0,1,0,0,0,1,0,0,0,3,0,0,0,0,0,0,0,0,0,0,0,1,0,0,0,0,0,0,0,0,0.0,0.0,16.0,13.0,35.9,1.0,0.375,0.0,0.0,8.0,13.0,35.6,1.4,0.5,0.0,0.0,14.0,14.0,36.3,1.6,0.125,0.5,-2.0,0.0,0.0,0.0,4,8,19.3,8.0,1428,548,1263,0.0,0.0,8.0,15.0,36.6,1.3,0.0625,0.0,0.0,6.0,12.0,38.0,2.7,0.16666666666666666,0.0,0.0,51.0,-147.0,16.0,16.0,458.0,0.0625,0.0,0.0,0.0,0.08333333333333333,-0.5200000000000002,0.0,0.7468999999999966,0.4468999999999994,1.1468999999999951,1.2346000000000004,2.846899999999998,0.16478099944404326,0.8328265125462807,-4.0,5.0,0.0,0.09090909090909091,0.45454545454545453,0.0,,0.002599413749239554,
74,202207011212,0,0,0,2,0,0,0,3,0,0,0,0,0,0,0,0,0,0,0,0,0,0,0,0,0,0,0,0,0,0,0,0,0,0,0,0,0.0,0.0,18.0,16.0,35.5,2.0,0.3333333333333333,0.0,0.0,13.0,5.0,32.6,0.2,0.4444444444444444,0.0,0.0,14.0,10.0,33.7,1.1,0.2777777777777778,-3.0,-2.0,0.0,0.0,0.0,5,9,523.6,16.0,1313,1092,1108,0.0,0.0,15.0,14.0,35.4,2.7,0.9333333333333333,0.0,0.0,16.0,16.0,36.3,1.5,0.1875,0.9,0.0,55.0,-265.0,16.0,18.0,454.0,0.05555555555555555,,,,0.0,-0.43999999999999917,0.0,0.346899999999998,-0.9433999999999969,0.1566000000000045,1.6128,0.9345999999999961,0.2625780307303378,1.3490737563232025,0.0,2.0,0.0,0.0,0.125,0.0,,-0.09090909090909091,
75,202207020304,3,1,4,11,0,0,0,0,0,0,0,0,0,1,0,2,0,0,0,0,0,0,0,0,0,0,0,0,0,0,0,0,0,0,0,0,0.0,0.0,3.0,2.0,13.3,0.9,0.18181818181818182,0.0,0.0,5.0,6.0,13.1,0.9,0.6428571428571429,0.0,0.0,2.0,3.0,13.5,1.6,0.2,0.5,-6.0,-1690.0,0.0,0.0,2,4,2.5,1.0,1393,1487,1263,0.0,0.0,5.0,3.0,13.6,1.0,0.16666666666666666,0.0,0.0,10.0,8.0,13.7,2.7,0.5714285714285714,0.9,0.6,53.0,-778.0,18.0,11.0,464.0,0.0,-0.07142857142857142,0.1,0.08333333333333333,0.07142857142857142,-0.12999999999999973,0.0,,,,,,0.20936071073183948,0.21540659228537995,-7.0,0.0,,0.125,0.3125,0.0,,0.04022988505747127,
76,202207020304,0,0,0,3,1,1,0,2,0,0,0,0,0,0,0,0,0,0,0,0,0,0,0,0,0,0,0,0,0,0,0,0,0,0,0,0,0.0,0.0,20.0,5.0,35.7,0.2,0.3333333333333333,0.0,0.0,20.0,3.0,34.6,0.2,0.1111111111111111,0.0,0.0,10.0,3.0,34.4,0.2,0.3125,-1.0,-6.0,0.0,0.2222222222222222,0.2222222222222222,6,12,6.9,5.0,1601,1503,239,0.0,0.0,30.0,7.0,37.1,0.4,0.16666666666666666,0.0,0.0,20.0,2.0,34.5,0.0,0.1875,-0.2,0.6,54.0,28.0,18.0,18.0,416.0,-0.05555555555555555,0.0,0.0625,0.0,0.0,-0.009999999999999431,0.0,-0.11619999999999919,-0.5531000000000006,-0.7531000000000034,1.9935000000000045,-1.5947999999999993,0.08617828920826984,1.0326664514740476,0.0,4.0,0.75,0.0,0.0,1.0,1.0,0.055555555555555525,0.10227272727272729
77,202207020304,1,0,0,0,0,0,0,3,0,0,0,0,0,0,0,0,0,0,0,0,0,0,0,0,0,0,0,0,0,0,0,0,0,0,0,0,0.0,0.0,40.0,4.0,36.0,0.1,0.05555555555555555,0.0,0.0,30.0,3.0,35.3,0.4,0.1875,0.0,0.0,50.0,18.0,39.9,3.8,0.16666666666666666,7.0,-2.0,0.0,0.13333333333333333,0.3,1,2,4.9,2.0,1154,1036,1561,0.0,0.0,30.0,2.0,33.7,0.2,0.1,0.0,0.0,30.0,4.0,34.7,0.9,0.0625,-0.1,0.4,54.0,28.0,18.0,18.0,440.0,0.0,-0.0625,-0.05555555555555555,0.0,0.0,0.4199999999999989,0.0,0.18379999999999797,0.14689999999999515,4.825299999999999,-1.3746999999999971,-0.7591999999999999,0.053738334938620014,2.1282856951076834,0.0,2.0,0.5,0.0,0.05,0.0,,,-0.02797202797202797
78,202207020304,0,0,0,1,0,0,0,0,0,0,0,0,0,0,0,1,0,0,0,0,0,0,0,0,0,0,0,0,0,0,0,0,0,0,0,0,0.0,0.0,5.0,5.0,40.4,1.6,0.14285714285714285,0.0,0.0,10.0,12.0,36.5,1.2,0.75,0.0,0.0,9.0,11.0,36.1,1.0,0.1875,3.0,-3.0,0.0,0.08333333333333333,0.3055555555555556,5,10,36.7,9.0,707,671,260,0.0,0.0,8.0,18.0,39.0,3.9,0.2222222222222222,0.0,0.0,9.0,4.0,35.9,0.5,0.5,0.4,0.0,56.0,-787.0,18.0,14.0,469.0,0.0,-0.125,0.0625,-0.05555555555555555,0.0,0.65,0.0,2.982299999999995,1.134599999999999,0.9468999999999994,3.893500000000003,-0.19480000000000075,0.23133899620803383,1.7971087891388209,0.0,3.0,0.0,0.2,0.2,1.0,0.0,,
79,202207020304,3,2,2,10,0,0,0,3,0,0,0,0,0,0,0,1,0,0,0,0,0,0,0,0,0,0,0,1,0,0,0,0,0,0,0,0,0.0,0.0,10.0,11.0,45.6,5.0,0.36363636363636365,0.0,0.0,15.0,11.0,35.3,1.4,0.9375,0.0,0.0,11.0,12.0,36.3,1.0,0.3125,0.5,-11.0,-200.0,0.08333333333333333,0.4166666666666667,8,16,55.0,11.0,1098,1036,1294,0.0,0.0,7.0,8.0,34.9,0.7,0.625,0.0,0.0,6.0,8.0,38.7,1.3,0.0625,-0.9,0.0,54.0,-456.0,18.0,11.0,431.0,0.6363636363636364,-0.0625,0.125,0.0,0.0625,1.4199999999999995,0.0,7.446200000000005,0.14689999999999515,0.9345999999999961,-0.25310000000000343,3.334600000000002,0.2980870484099436,3.947454876246214,0.0,4.0,0.0,0.0,0.0,0.0,,0.07071681131468982,-0.02797202797202797
80,202207020304,0,0,0,0,0,1,3,5,0,0,0,0,0,0,0,0,0,0,1,0,0,0,0,0,0,0,0,0,0,0,0,0,0,0,0,0,0.0,0.0,2.0,7.0,41.3,1.8,0.09090909090909091,0.0,0.0,2.0,12.0,37.4,2.4,0.8333333333333334,0.0,0.0,8.0,9.0,38.4,1.4,0.06666666666666667,1.0,8.0,-100.0,0.0,0.38461538461538464,7,14,6.5,4.0,1534,1366,1235,0.0,0.0,8.0,8.0,36.4,1.2,0.3125,0.0,0.0,3.0,6.0,35.1,0.7,0.3333333333333333,-0.6,0.0,54.0,-728.0,18.0,11.0,492.0,0.2727272727272727,0.08333333333333333,0.0,-0.0625,-0.1111111111111111,1.3399999999999992,0.0,3.8658999999999963,0.9588999999999999,0.5788999999999973,1.0345999999999975,-0.05310000000000059,0.27573014349066877,2.097045540754896,2.0,2.0,0.0,0.07142857142857142,0.2857142857142857,0.0,,,0.02285714285714291
81,202207020304,3,2,2,10,2,1,3,24,0,1,0,3,0,0,0,1,1,0,2,5,0,0,0,1,0,0,0,1,0,0,1,1,0,0,0,1,0.0,0.0,3.0,8.0,37.4,1.5,0.5,0.0,0.0,17.0,7.0,34.9,1.0,0.7222222222222222,0.0,0.0,6.0,5.0,34.5,0.4,0.3888888888888889,-1.5,13.0,380.0,0.08333333333333333,0.25,4,8,23.0,6.0,1098,1167,1294,0.0,0.0,5.0,6.0,35.3,1.2,0.5555555555555556,0.0,0.0,11.0,4.0,35.1,0.6,0.5,-0.9,0.0,52.0,-227.0,18.0,12.0,459.0,-0.08333333333333333,-0.05555555555555555,0.0,-0.2222222222222222,-0.16666666666666666,0.4199999999999996,0.0,,-0.4654000000000025,-0.653100000000002,0.14689999999999515,-0.05310000000000059,0.10886621079036347,1.015086203235961,-2.0,4.0,0.0,0.09090909090909091,0.2727272727272727,0.0,,0.07071681131468982,-0.05976134585289514
82,202207020304,0,0,0,0,0,1,3,5,0,0,0,0,0,0,0,0,0,0,1,0,0,0,0,0,0,0,0,0,0,0,0,0,0,0,0,0,0.0,0.0,100.0,100.0,42.1,4.5,0.7,0.0,0.0,60.0,70.0,35.8,1.0,0.1111111111111111,0.0,0.0,160.0,80.0,36.8,0.8,0.16666666666666666,-10.0,7.0,-100.0,0.0,0.0,7,13,258.1,16.0,1243,1366,1428,0.0,0.0,110.0,150.0,40.7,4.6,0.5333333333333333,0.0,0.0,90.0,150.0,38.4,1.6,0.16666666666666666,18.0,0.0,53.0,-855.0,18.0,10.0,483.0,0.3,0.0,0.0,0.2,0.0,0.25,0.0,4.665900000000001,0.6935000000000002,0.7051999999999978,2.7889000000000053,3.2935000000000016,0.2363717515657732,2.3516802503741894,0.0,1.0,0.0,0.0,0.0,1.0,0.0,,0.02285714285714291
83,202207020304,3,1,4,11,0,0,0,1,0,0,0,0,0,1,0,2,0,0,0,0,0,0,0,0,0,0,0,0,0,0,0,0,0,0,0,0,0.0,0.0,7.0,9.0,35.5,1.2,0.625,0.0,0.0,3.0,7.0,35.1,0.5,0.5,0.0,0.0,5.0,4.0,34.6,0.6,0.8125,-2.5,-8.0,0.0,0.0,0.0,5,9,33.2,8.0,1393,391,1263,0.0,0.0,8.0,9.0,36.7,0.9,0.2777777777777778,0.0,0.0,6.0,5.0,34.9,0.8,0.16666666666666666,-0.6,0.0,56.0,-169.0,18.0,16.0,432.0,-0.1875,-0.0625,0.0,0.05555555555555555,-0.05555555555555555,-0.039999999999999855,0.0,0.346899999999998,-0.26539999999999964,-0.5531000000000006,0.6052000000000035,-0.25310000000000343,0.23280363155285516,0.7310266752998834,0.0,5.0,0.0,0.0,0.2727272727272727,1.0,0.0,0.04022988505747127,
84,202207020304,0,0,0,0,0,0,0,1,0,0,0,0,0,0,0,0,0,0,0,0,0,0,0,0,0,0,0,0,0,0,0,0,0,0,0,0,0.0,0.0,1.0,4.0,40.3,0.4,0.9090909090909091,0.0,0.0,8.0,9.0,14.2,8.5,1.0,0.0,0.0,11.0,,,,0.4166666666666667,5.0,2.0,-100.0,0.0,0.07692307692307693,1,1,175.0,12.0,1704,1539,1712,0.0,0.0,11.0,12.0,34.2,1.6,1.0,0.0,0.0,16.0,5.0,33.2,0.2,0.7222222222222222,0.6,0.0,52.0,-358.0,18.0,11.0,488.0,-0.36363636363636365,-0.25,-0.08333333333333333,-0.0625,0.0,0.12999999999999795,0.0,2.708599999999997,,,-0.8746999999999971,-1.8746999999999971,0.22110370481018102,9.781455668764236,-2.0,0.0,,0.0,0.0,0.0,,,
85,202207020304,1,1,1,12,0,1,2,7,0,0,0,0,1,1,0,3,0,1,0,1,0,0,0,0,0,0,0,0,0,0,0,1,0,0,0,0,0.0,0.0,40.0,50.0,38.2,1.2,0.16666666666666666,0.0,0.0,130.0,140.0,36.2,2.3,0.5555555555555556,0.0,0.0,90.0,180.0,37.7,3.0,0.2222222222222222,65.0,7.0,380.0,0.0,0.0,8,18,49.5,10.0,1561,1235,1263,0.0,0.0,100.0,110.0,37.0,1.1,0.2222222222222222,0.0,0.0,70.0,40.0,36.0,0.7,0.05555555555555555,-5.0,0.0,54.0,-445.0,18.0,12.0,441.0,0.08333333333333333,0.0,-0.05555555555555555,0.0,0.0,0.3600000000000009,0.0,,1.0469000000000008,2.334600000000002,0.9052000000000007,-0.09479999999999933,0.16703662642636566,0.8447484832777157,3.0,4.0,0.0,0.0,0.14285714285714285,2.0,0.0,0.09871915026554202,0.09690177982860912
86,202207020304,1,0,0,0,0,0,0,0,0,0,0,0,0,0,0,0,0,0,0,0,0,0,0,0,0,0,0,0,0,0,0,0,0,0,0,0,0.0,0.0,6.0,15.0,35.4,2.0,0.5555555555555556,0.0,0.0,3.0,14.0,41.1,3.0,0.13333333333333333,0.0,0.0,3.0,12.0,37.3,1.1,0.1111111111111111,-1.5,6.0,200.0,0.030303030303030304,0.09090909090909091,3,6,6.1,3.0,1629,314,1428,0.0,0.0,1.0,7.0,36.4,0.8,0.25,0.0,0.0,5.0,4.0,35.9,0.4,0.4375,-2.9,0.0,54.0,-148.0,18.0,18.0,484.0,,0.0,0.0,0.0625,0.0,0.3700000000000003,0.0,1.6128,3.188900000000004,1.2051999999999978,1.2468999999999966,-0.19480000000000075,0.17328614029908188,2.03901937214927,0.0,3.0,0.0,0.0,0.16666666666666666,2.0,0.0,0.04571428571428571,
87,202207020304,0,1,0,3,0,0,2,1,0,0,0,0,0,0,0,0,0,0,0,0,0,0,0,0,0,0,0,0,0,0,0,0,0,0,0,0,0.0,0.0,5.0,8.0,39.3,1.9,0.7777777777777778,0.0,0.0,11.0,7.0,35.8,1.1,0.5625,0.0,0.0,8.0,11.0,37.3,1.9,0.8,1.5,5.0,-100.0,0.13043478260869565,0.30434782608695654,3,5,32.7,7.0,1712,1445,1292,0.0,0.0,4.0,7.0,34.8,0.6,0.875,0.0,0.0,12.0,5.0,34.3,0.5,0.8888888888888888,-0.6,0.0,56.0,-791.0,18.0,9.0,433.0,0.1111111111111111,0.0,0.0,0.0,-0.05555555555555555,1.1,0.0,1.708599999999997,0.4345999999999961,1.5625999999999962,-0.35310000000000485,-1.065400000000004,0.11712344442752655,1.816590212458495,0.0,3.0,0.0,0.05555555555555555,0.2222222222222222,0.0,,-0.033333333333333354,0.3015873015873016
88,202207020304,0,1,1,2,2,4,4,20,0,1,0,0,0,0,0,0,1,0,0,1,0,0,0,0,0,0,0,0,1,0,0,0,0,0,0,0,0.0,0.0,16.0,14.0,35.7,2.2,0.8333333333333334,0.0,0.0,17.0,14.0,36.1,1.3,0.6666666666666666,,,,,,,,0.0,10.0,0.0,0.0,0.23529411764705882,2,3,315.1,17.0,1200,1428,324,,,,,,,,,,,,,,,0.0,0.0,54.0,-127.0,18.0,18.0,400.0,0.05555555555555555,0.0,,,,-0.3999999999999986,0.0,0.5469000000000008,0.005200000000002092,,,,0.08333333333333337,0.1999999999999993,3.0,2.0,0.0,0.0,0.0,1.0,0.0,0.20833333333333331,0.03664799253034551
89,202207020304,0,0,1,0,0,0,0,3,0,0,0,0,0,0,0,0,0,0,0,0,0,0,0,0,0,0,0,0,0,0,0,0,0,0,0,0,0.0,0.0,7.0,8.0,39.0,1.3,0.9166666666666666,0.0,0.0,16.0,14.0,34.9,2.0,0.7222222222222222,0.0,0.0,18.0,15.0,36.2,1.6,0.7222222222222222,3.5,11.0,-200.0,0.0,0.0,7,15,330.1,18.0,1291,1482,1589,0.0,0.0,14.0,8.0,35.9,1.1,0.5625,,,,,,,,0.1,0.0,51.0,-518.0,18.0,12.0,401.0,-0.16666666666666666,0.0,0.0,0.0,,0.8,0.0,0.8462000000000032,-0.20649999999999835,0.10520000000000351,0.7468999999999966,,0.12551735145777776,1.5215124054702942,-3.0,2.0,0.0,0.0,0.0,1.0,0.0,,-0.0913978494623656
90,202207020304,0,1,0,7,0,0,0,1,0,0,0,0,0,1,0,2,0,0,0,0,0,0,0,0,0,1,0,1,0,0,0,0,0,0,0,0,0.0,0.0,12.0,15.0,39.4,3.0,0.4375,0.0,0.0,14.0,16.0,36.0,1.7,0.8333333333333334,,,,,,,,1.0,-6.0,0.0,0.0,0.5,8,17,189.5,14.0,1172,397,1556,,,,,,,,,,,,,,,1.0,0.0,54.0,-29.0,18.0,16.0,420.0,0.25,0.0,,,,3.3999999999999986,0.0,1.5788999999999973,-0.09479999999999933,,,,0.19791666666666669,1.6999999999999993,0.0,1.0,0.0,0.0,0.0,1.0,0.0,0.037523452157598475,
91,202207020304,1,0,0,3,0,0,0,2,0,0,0,0,0,0,0,2,0,0,0,0,0,0,0,0,0,0,0,1,0,0,0,0,0,0,0,0,0.0,0.0,11.0,11.0,35.0,1.7,1.0,0.0,0.0,14.0,12.0,39.9,3.8,0.8571428571428571,0.0,0.0,15.0,15.0,39.3,3.4,0.625,2.0,2.0,-800.0,0.1,0.16666666666666666,4,7,248.5,15.0,1376,1306,1559,0.0,0.0,15.0,17.0,36.0,2.2,0.9444444444444444,,,,,,,,2.1,0.0,56.0,-92.0,18.0,11.0,428.0,0.0,0.0,0.3125,0.0,,-0.23999999999999985,0.0,-0.9166000000000025,0.507399999999997,1.3888999999999996,-0.09479999999999933,,0.14310752281340725,2.0910523666326473,0.0,1.0,0.0,0.0,0.0,1.0,0.0,0.033333333333333354,0.051282051282051266
92,202207020304,5,4,3,30,0,0,0,3,0,0,0,0,3,0,1,5,0,0,0,0,0,0,0,0,1,0,0,0,0,0,0,0,0,0,0,0,0.0,0.0,10.0,15.0,47.7,19.2,1.0,0.0,0.0,13.0,18.0,38.5,6.2,1.0,,,,,,,,3.0,-6.0,0.0,0.0,0.0,6,11,183.9,13.0,1716,1436,1167,,,,,,,,,,,,,,,3.0,0.0,55.0,-70.0,18.0,15.0,508.0,0.0,0.0,,,,9.200000000000003,0.0,10.2823,2.4052000000000007,,,,0.0,4.600000000000001,0.0,1.0,0.0,0.0,0.0,1.0,0.0,0.05419580419580422,-0.0625
93,202207020608,3,2,2,16,1,2,0,12,0,0,0,0,1,0,0,3,0,0,0,3,0,0,0,0,0,0,0,0,0,0,0,1,0,0,0,0,0.0,0.0,12.0,8.0,34.7,0.6,0.3125,0.0,0.0,9.0,15.0,40.2,3.3,0.25,0.0,0.0,12.0,14.0,35.1,1.5,0.2,3.0,-6.0,0.0,0.1,0.4,8,16,6.8,3.0,1152,1345,1428,0.0,0.0,10.0,6.0,33.7,0.5,0.125,0.0,0.0,2.0,3.0,35.1,0.2,0.26666666666666666,-1.9,0.2,55.0,-630.0,18.0,16.0,482.0,0.0625,0.0,0.0,0.0,,0.5700000000000003,0.0,-0.45309999999999917,2.2889000000000053,-0.05310000000000059,-1.4530999999999992,0.32620000000000005,0.06398784606817488,2.2782449385437027,3.0,3.0,0.0,0.0,0.5,0.0,,-0.036725569512454787,0.0753968253968254
94,202207020608,0,0,0,3,0,0,0,3,0,0,0,0,0,0,0,0,0,0,0,1,0,0,0,0,0,0,0,0,0,0,0,1,0,0,0,0,0.0,0.0,4.0,4.0,36.1,0.4,0.6875,0.0,0.0,12.0,8.0,33.7,0.5,1.0,0.0,0.0,8.0,9.0,33.9,0.6,0.9230769230769231,2.5,-6.0,0.0,0.0,0.22857142857142856,5,10,24.0,8.0,1677,1376,1167,0.0,0.0,4.0,1.0,35.6,0.0,0.8,0.0,0.0,8.0,2.0,35.0,0.1,0.2777777777777778,-1.1,0.4,57.0,-230.0,18.0,16.0,484.0,-0.125,0.0,0.0,-0.06666666666666667,0.0,0.030000000000000426,0.0,0.9468999999999994,-1.4530999999999992,-1.2531000000000034,0.4468999999999994,-1.0947999999999993,0.25341494426372185,0.9350935782048769,0.0,5.0,0.4,0.0,0.0,1.0,1.0,0.05167173252279633,-0.17307692307692307
95,202207020608,0,0,2,5,0,0,0,0,0,0,0,0,0,0,0,0,0,0,0,0,0,0,0,0,0,0,0,0,0,0,0,0,0,0,0,0,0.0,0.0,6.0,9.0,13.8,5.9,0.7272727272727273,0.0,0.0,11.0,10.0,13.6,2.3,0.5714285714285714,0.0,0.0,11.0,12.0,35.9,1.3,0.9375,1.5,-4.0,-1660.0,0.0,0.0625,2,4,11.2,4.0,1729,962,1428,0.0,0.0,14.0,12.0,37.3,2.0,1.0,0.0,0.0,8.0,9.0,39.1,1.3,0.9090909090909091,0.2,0.0,57.0,-706.0,18.0,11.0,526.0,0.09090909090909091,-0.14285714285714285,0.0,0.0,0.0,-7.43,0.0,,,0.7468999999999966,1.269999999999996,-0.2926000000000002,0.1575558729307067,11.671263856155424,-3.0,1.0,0.0,0.07692307692307693,0.15384615384615385,0.0,,0.07112375533428161,
96,202207020608,2,3,4,20,1,0,0,5,0,0,0,2,0,1,0,0,1,0,0,1,0,0,0,0,0,0,0,0,0,0,0,0,0,0,0,0,0.0,0.0,5.0,2.0,41.3,0.4,0.08333333333333333,0.0,0.0,14.0,15.0,40.3,4.0,0.25,0.0,0.0,10.0,9.0,35.3,0.9,0.8571428571428571,3.5,-4.0,-200.0,0.07692307692307693,0.38461538461538464,7,13,56.3,12.0,1503,324,1263,0.0,0.0,15.0,13.0,38.6,1.2,0.0625,0.0,0.0,17.0,10.0,34.3,1.4,0.3888888888888889,1.4,0.2,57.0,-938.0,18.0,12.0,454.0,0.0,0.0625,-0.2857142857142857,0.0,,1.5699999999999996,0.0,3.1462000000000003,2.3888999999999996,-0.5977000000000032,0.6889000000000038,0.5127999999999986,0.2898740940922454,2.7390509305231987,1.0,0.0,,0.0,0.0,0.0,,-0.009277322582043612,-0.09523809523809523
97,202207020608,5,4,3,30,0,1,0,12,0,0,0,1,3,0,1,5,0,1,0,3,0,0,0,0,1,0,0,1,0,0,0,0,0,0,0,0,0.0,0.0,3.0,5.0,35.5,0.6,0.125,0.0,0.0,6.0,15.0,36.5,2.0,0.375,0.0,0.0,5.0,12.0,35.4,1.1,0.14285714285714285,3.5,-8.0,0.0,0.37037037037037035,0.5555555555555556,3,6,2.8,1.0,1716,1405,1167,0.0,0.0,1.0,3.0,36.5,0.3,0.125,0.0,0.0,7.0,3.0,34.9,0.2,0.23529411764705882,-1.6,0.4,55.0,-749.0,18.0,16.0,460.0,0.0,0.0625,0.07142857142857142,0.0,0.0,0.12000000000000029,0.0,0.346899999999998,0.40520000000000067,0.24689999999999657,1.346899999999998,-0.25310000000000343,0.09631614067681527,0.6374950980203696,-1.0,5.0,0.4,0.0,0.0,1.0,0.0,0.05419580419580422,-0.04768439108061748
98,202207020608,0,1,0,7,0,0,0,2,0,0,0,1,0,1,0,2,0,0,0,1,0,0,0,1,0,0,0,1,0,0,0,0,0,0,0,0,0.0,0.0,150.0,11.0,37.3,1.4,0.75,0.0,0.0,16.0,14.0,36.9,1.8,0.5625,0.0,0.0,15.0,14.0,38.3,1.5,0.1875,1.5,0.0,0.0,0.0,0.0,8,18,34.7,9.0,1172,1686,1556,0.0,0.0,8.0,10.0,38.2,1.4,0.2857142857142857,0.0,0.0,4.0,6.0,36.9,0.4,0.4375,-1.4,0.0,57.0,-972.0,18.0,16.0,496.0,0.0625,0.0625,0.0,0.0,0.0625,-0.05000000000000071,0.0,-0.6111000000000004,-1.011099999999999,0.3888999999999996,0.28890000000000526,-0.9233000000000047,0.19928123394861252,0.6144916598294894,3.0,0.0,,0.0,0.1111111111111111,0.0,,0.037523452157598475,
99,202207020608,1,0,0,5,0,1,2,7,0,0,0,0,0,0,0,1,0,1,0,1,0,0,0,0,0,0,0,0,0,0,0,0,0,0,0,0,0.0,0.0,2.0,9.0,39.2,2.6,0.2,0.0,0.0,13.0,15.0,34.8,1.2,0.7222222222222222,0.0,0.0,14.0,8.0,34.6,0.4,0.8125,-0.5,1.0,200.0,0.2,0.3,4,8,3.1,2.0,1611,1235,1263,0.0,0.0,7.0,13.0,36.2,1.0,0.5625,0.0,0.0,5.0,13.0,35.3,0.8,0.1875,0.6,0.0,57.0,-848.0,18.0,10.0,467.0,0.0,0.1111111111111111,0.0,-0.125,-0.0625,0.6400000000000006,0.0,2.758900000000004,-0.35310000000000485,-0.5064999999999955,1.0469000000000008,0.14689999999999515,0.2602132909559453,1.6833300330000665,1.0,3.0,0.0,0.0,0.0,0.0,,0.08874458874458874,0.09690177982860912
100,202207020608,0,0,0,0,0,0,0,0,0,0,0,0,0,0,0,0,0,0,0,0,0,0,0,0,0,0,0,0,0,0,0,0,0,0,0,0,0.0,0.0,15.0,14.0,38.6,2.2,0.9333333333333333,0.0,0.0,13.0,9.0,38.5,1.6,0.8571428571428571,0.0,0.0,14.0,13.0,39.2,3.0,0.4666666666666667,-0.5,-4.0,-600.0,0.0,1.0,2,3,18.3,7.0,1023,1380,1327,0.0,0.0,16.0,9.0,37.2,0.6,0.3125,0.0,0.0,13.0,11.0,38.3,1.4,0.7142857142857143,-0.6,0.0,57.0,-580.0,18.0,15.0,486.0,0.06666666666666667,-0.07142857142857142,-0.13333333333333333,0.0,0.07142857142857142,0.19000000000000056,0.0,-0.9466999999999999,-0.5386999999999986,0.9205000000000041,-0.4916999999999945,-0.2775999999999996,0.23435260852978904,0.6529931086925803,0.0,0.0,,0.0,0.0,0.0,,,
101,202207020608,1,1,0,4,0,0,0,7,0,0,0,0,0,0,0,0,0,0,0,0,0,0,0,0,0,0,0,0,0,0,0,0,0,0,0,0,0.0,0.0,12.0,10.0,36.1,0.9,0.4444444444444444,0.0,0.0,17.0,5.0,34.6,0.4,0.1111111111111111,0.0,0.0,13.0,15.0,34.8,0.9,0.05555555555555555,2.5,-2.0,0.0,0.0,0.08333333333333333,6,11,43.9,10.0,1463,1362,1167,0.0,0.0,9.0,14.0,34.9,1.3,1.0,0.0,0.0,7.0,5.0,35.3,0.4,0.21428571428571427,-0.1,0.0,52.0,-336.0,18.0,18.0,456.0,0.05555555555555555,0.0,0.0,-0.0625,0.0,0.13000000000000114,0.0,0.9468999999999994,-0.5531000000000006,-0.35310000000000485,-0.25310000000000343,0.14689999999999515,0.3442285915713975,0.5314132102234574,0.0,5.0,0.0,0.0,0.0,0.0,,-0.07500000000000001,-0.18016321406151914
102,202207020608,0,1,0,3,2,4,4,20,0,0,0,0,0,0,0,0,1,0,0,1,0,0,0,0,0,0,0,0,0,0,0,1,0,0,0,0,0.0,0.0,11.0,11.0,35.4,1.2,0.1875,0.0,0.0,15.0,10.0,36.2,0.9,0.3125,0.0,0.0,4.0,12.0,36.3,1.8,0.15384615384615385,0.5,0.0,-400.0,,,8,17,17.5,6.0,1712,1428,1292,0.0,0.0,11.0,7.0,35.1,0.4,0.9285714285714286,0.0,0.0,5.0,7.0,34.1,0.7,0.625,-1.1,0.0,52.0,-251.0,18.0,16.0,430.0,0.0,0.125,0.07692307692307693,-0.21428571428571427,0.0625,0.36999999999999955,0.0,0.3252999999999986,1.1253000000000029,0.8407999999999944,-0.3592000000000013,-1.1912999999999982,0.29489406924493455,0.8034923770640261,-2.0,0.0,,0.0,0.0,0.0,,-0.033333333333333354,0.03664799253034551
103,202207020608,1,0,3,14,0,0,0,3,0,0,0,0,0,0,0,3,0,0,0,0,0,0,0,0,0,0,0,1,0,0,0,0,0,0,0,0,0.0,0.0,5.0,14.0,34.7,1.1,0.75,0.0,0.0,4.0,9.0,34.4,0.5,0.5,0.0,0.0,8.0,2.0,33.7,0.0,0.6428571428571429,-6.0,12.0,0.0,0.07692307692307693,0.23076923076923078,7,15,52.0,11.0,1506,1482,199,0.0,0.0,7.0,4.0,34.1,0.1,0.8181818181818182,0.0,0.0,12.0,7.0,34.2,0.5,0.7142857142857143,-1.9,0.2,53.0,-630.0,18.0,16.0,496.0,0.0,-0.05555555555555555,-0.07142857142857142,0.0,-0.07142857142857142,0.12999999999999973,0.0,-0.45309999999999917,-0.7064999999999984,-1.406499999999994,-1.994799999999998,-0.9064999999999941,0.10846294213305238,0.33105890714493663,-2.0,2.0,0.0,0.05263157894736842,0.21052631578947367,1.0,0.0,0.00030605998775759535,-0.0913978494623656
104,202207020608,0,0,0,2,0,0,0,7,0,0,0,0,0,0,0,0,0,0,0,0,0,0,0,0,0,0,0,0,0,0,0,0,0,0,0,0,0.0,0.0,13.0,12.0,34.4,1.2,1.0,0.0,0.0,16.0,12.0,33.9,0.5,0.625,0.0,0.0,13.0,12.0,34.2,0.6,0.9375,0.0,-16.0,-200.0,0.05,0.05,1,1,17.2,5.0,1089,1362,1428,0.0,0.0,11.0,8.0,34.9,0.7,0.4117647058823529,0.0,0.0,10.0,4.0,34.9,0.3,0.5555555555555556,-2.0,0.0,54.0,-874.0,18.0,14.0,454.0,0.0,0.0625,0.0,0.058823529411764705,-0.05555555555555555,-0.2,0.0,-0.7064999999999984,-1.2531000000000034,-0.9530999999999992,-0.4654000000000025,-0.4654000000000025,0.22618451879273507,0.3929376540877695,-2.0,4.0,0.0,0.0,0.0,0.0,,-0.09523809523809523,-0.18016321406151914
105,202207020608,0,0,0,4,0,0,2,3,0,0,0,0,0,0,0,0,0,0,0,0,0,0,0,0,0,0,0,0,0,0,0,0,0,0,0,0,0.0,0.0,180.0,18.0,35.0,1.5,0.3333333333333333,0.0,0.0,140.0,13.0,34.9,0.9,0.5294117647058824,0.0,0.0,100.0,12.0,41.0,4.2,0.5,-3.0,20.0,0.0,0.0,0.0,6,12,275.4,18.0,1520,1393,695,0.0,0.0,100.0,13.0,34.9,1.1,0.7857142857142857,0.0,0.0,70.0,5.0,34.5,0.6,0.9,-2.6,0.0,52.0,28.0,18.0,18.0,450.0,0.05555555555555555,0.058823529411764705,0.08333333333333333,0.07142857142857142,0.1,0.1,0.0,-0.153100000000002,-0.9162000000000035,2.7205000000000013,-0.25310000000000343,-0.653100000000002,0.20499460657132534,2.475964458549436,-3.0,4.0,0.0,0.0,0.0,0.0,,0.07575757575757575,0.23546511627906977
106,202207020608,0,0,0,0,0,0,0,0,0,0,0,0,0,0,0,0,0,0,0,0,0,0,0,0,0,0,0,0,0,0,0,0,0,0,0,0,0.0,0.0,4.0,,,,,0.0,0.0,1.0,5.0,13.2,1.9,0.2222222222222222,0.0,0.0,7.0,4.0,13.5,1.3,0.5384615384615384,-1.0,4.0,-1550.0,0.0,0.0,4,7,61.9,13.0,1399,274,1428,0.0,0.0,6.0,6.0,13.5,6.0,0.3,0.0,0.0,11.0,8.0,34.4,0.4,0.5714285714285714,1.1,0.0,54.0,-959.0,18.0,6.0,440.0,,0.3333333333333333,-0.15384615384615385,0.2,-0.07142857142857142,-6.359999999999999,0.0,,,,,-0.7064999999999984,0.14992205519732468,9.094091488433575,-6.0,0.0,,0.0,0.0,0.0,,,
107,202207020608,0,0,0,0,0,0,0,0,0,0,0,0,0,0,0,0,0,0,0,0,0,0,0,0,0,0,0,0,0,0,0,0,0,0,0,0,0.0,0.0,150.0,14.0,35.6,1.3,0.4375,0.0,0.0,120.0,9.0,34.8,0.9,0.4666666666666667,0.0,0.0,160.0,7.0,35.6,0.3,0.125,-3.5,-8.0,-400.0,,,5,9,209.7,17.0,1310,1360,1618,0.0,0.0,110.0,13.0,35.5,1.2,0.9444444444444444,0.0,0.0,100.0,5.0,34.3,0.6,0.26666666666666666,-1.4,0.0,55.0,14.0,18.0,16.0,456.0,0.0,0.0,0.0,-0.05555555555555555,-0.06666666666666667,0.19000000000000056,0.0,0.5253000000000014,-0.35310000000000485,-0.049900000000000944,0.39350000000000307,-0.8531000000000049,0.27717378779743096,0.5238320341483536,0.0,2.0,0.0,0.0,0.1111111111111111,0.0,,-0.08552631578947367,
108,202207020608,0,0,0,0,0,0,0,0,0,0,0,0,0,0,0,0,0,0,0,0,0,0,0,0,0,0,0,0,0,0,0,0,0,0,0,0,0.0,0.0,30.0,30.0,39.2,2.1,0.25,0.0,0.0,100.0,90.0,34.4,0.8,0.9375,0.0,0.0,150.0,70.0,34.2,0.7,0.75,20.0,7.0,-200.0,0.06666666666666667,0.26666666666666666,3,5,89.0,14.0,1482,1507,1263,0.0,0.0,160.0,70.0,34.6,0.2,0.8125,0.0,0.0,140.0,160.0,34.7,1.1,0.8333333333333334,24.0,0.0,55.0,-848.0,18.0,8.0,463.0,0.0,0.0,0.0,-0.0625,0.0,0.8799999999999997,0.0,0.9205000000000041,-0.7531000000000034,-0.9530999999999992,-1.494799999999998,-1.3947999999999965,0.24101924773299288,1.897788186284234,1.0,4.0,0.0,0.0,0.0,2.0,0.0,,
109,202207020608,1,1,1,12,0,1,2,7,0,0,0,0,1,1,0,3,0,1,0,1,0,0,0,0,0,1,0,0,0,0,0,0,0,0,0,0,0.0,0.0,8.0,9.0,39.8,3.3,0.7,0.0,0.0,11.0,11.0,39.2,4.0,1.0,0.0,0.0,11.0,11.0,36.3,1.2,0.6923076923076923,1.0,11.0,-200.0,0.0,0.07692307692307693,1,2,200.2,16.0,1561,1235,1263,0.0,0.0,15.0,13.0,37.6,2.4,0.75,0.0,0.0,14.0,7.0,38.2,1.0,0.9285714285714286,-0.2,0.0,57.0,-412.0,18.0,10.0,513.0,0.0,-0.08333333333333333,0.07692307692307693,-0.0625,-0.14285714285714285,0.479999999999999,0.0,1.6462000000000003,-0.34669999999999845,0.8407999999999944,-0.6794999999999973,-1.1925999999999988,0.12619308651877348,1.2270289320142378,1.0,0.0,,0.0,0.0,0.0,,0.09871915026554202,0.09690177982860912
110,202207020608,0,0,2,5,0,0,0,0,0,0,0,0,0,0,0,0,0,0,0,0,0,0,0,0,0,0,0,0,0,0,0,0,0,0,0,0,0.0,0.0,9.0,5.0,42.2,2.1,0.8,0.0,0.0,8.0,7.0,38.4,3.1,1.0,0.0,0.0,11.0,9.0,39.0,2.3,0.5833333333333334,2.0,12.0,-400.0,0.045454545454545456,0.22727272727272727,7,14,167.2,15.0,1729,276,1428,0.0,0.0,15.0,10.0,38.5,2.2,0.8,0.0,0.0,14.0,11.0,34.6,1.1,0.8666666666666667,1.5,0.0,57.0,-854.0,18.0,10.0,476.0,-0.2,0.0,0.16666666666666666,0.0,0.0,1.5100000000000002,0.0,4.1274000000000015,-1.1467000000000027,-0.5467000000000013,-0.8926000000000016,-0.7653999999999996,0.13482498944104454,2.4146221236458514,1.0,1.0,0.0,0.14285714285714285,0.2857142857142857,0.0,,0.07112375533428161,
111,202207020611,0,0,0,0,1,0,1,9,0,0,0,0,0,0,0,0,0,0,0,2,0,0,0,0,0,0,0,0,0,0,0,0,0,0,0,0,0.0,0.0,13.0,9.0,34.4,0.6,0.625,0.0,0.0,5.0,10.0,35.6,1.2,1.0,0.0,0.0,16.0,17.0,34.5,1.9,0.9444444444444444,4.0,-6.0,0.0,0.07142857142857142,0.35714285714285715,1,2,27.8,8.0,1221,1559,1263,0.0,0.0,9.0,4.0,35.1,0.3,0.8333333333333334,0.0,0.0,3.0,9.0,33.2,0.7,0.875,-0.6,0.0,57.0,-553.0,18.0,16.0,492.0,0.0,-0.125,-0.1111111111111111,-0.05555555555555555,-0.0625,0.28999999999999915,0.0,-0.7531000000000034,-0.4947999999999979,-0.5747,-0.26539999999999964,-1.9530999999999992,0.12868038691000522,0.8064738061462378,-1.0,4.0,0.0,0.1111111111111111,0.4444444444444444,1.0,0.0,,0.08123791102514505
112,202207020611,0,0,0,0,0,0,1,0,0,0,0,0,0,0,0,0,0,0,0,0,0,0,0,0,0,0,0,0,0,0,0,0,0,0,0,0,0.0,0.0,12.0,5.0,33.7,0.7,0.7222222222222222,0.0,0.0,5.0,6.0,33.3,0.3,1.0,0.0,0.0,10.0,6.0,34.0,0.2,0.6470588235294118,0.5,4.0,0.0,0.06451612903225806,0.25806451612903225,5,9,12.9,5.0,673,760,248,0.0,0.0,11.0,3.0,33.5,0.2,0.9444444444444444,0.0,0.0,3.0,12.0,34.0,0.8,0.17647058823529413,1.1,0.2,55.0,-728.0,18.0,18.0,496.0,0.0,0.0,0.058823529411764705,-0.2222222222222222,0.0,-0.07999999999999971,0.0,-2.3947999999999965,-1.8064999999999998,-1.106499999999997,-1.606499999999997,-1.0747,0.29227162139127055,0.2756809750418053,-1.0,1.0,0.0,0.0,0.0,1.0,0.0,,
113,202207020611,5,4,3,30,0,1,2,7,0,0,0,1,3,0,1,5,0,1,0,1,0,0,0,0,1,0,1,3,0,0,0,0,0,0,0,0,0.0,0.0,3.0,15.0,42.6,3.9,0.2,0.0,0.0,15.0,9.0,36.8,0.9,0.05555555555555555,0.0,0.0,5.0,12.0,34.7,1.5,0.2,-1.5,8.0,0.0,0.0,0.1,5,10,225.8,17.0,1716,1235,1167,0.0,0.0,10.0,2.0,33.9,0.2,0.125,0.0,0.0,6.0,6.0,34.6,0.5,0.1875,-2.5,0.2,57.0,-669.0,18.0,15.0,510.0,0.13333333333333333,0.0,0.0,0.0,0.0,1.89,0.0,4.7789,1.434599999999996,-0.45309999999999917,-1.2531000000000034,-0.5531000000000006,0.05636630637027018,3.190861952513772,0.0,4.0,0.25,1.0,1.0,0.0,,0.05419580419580422,0.09690177982860912
114,202207020611,1,0,1,2,0,0,0,2,0,0,0,1,0,0,1,1,0,0,0,1,0,0,0,1,0,0,0,1,0,0,0,1,0,0,0,1,0.0,0.0,90.0,2.0,33.8,0.1,0.8571428571428571,0.0,0.0,100.0,2.0,32.5,0.0,0.7647058823529411,0.0,0.0,160.0,4.0,34.4,0.2,0.6111111111111112,1.0,22.0,-200.0,0.0,0.25,7,13,27.0,7.0,1465,1028,1328,0.0,0.0,50.0,15.0,34.7,0.9,0.2777777777777778,0.0,0.0,30.0,1.0,34.0,0.0,0.25,1.0999999999999999,0.6,57.0,28.0,18.0,14.0,492.0,0.0,0.058823529411764705,0.05555555555555555,0.05555555555555555,0.0,-0.26000000000000084,0.0,-1.3064999999999998,-2.606499999999997,-1.6948000000000008,-0.45309999999999917,-1.153100000000002,0.2482949042775572,0.75736384915046,1.0,3.0,0.3333333333333333,0.16666666666666666,0.16666666666666666,1.0,0.0,0.3663663663663664,
115,202207020611,1,0,0,0,0,0,0,2,0,0,0,0,0,0,0,0,0,0,0,0,0,0,0,0,0,0,0,0,0,0,0,0,0,0,0,0,0.0,0.0,10.0,9.0,34.7,1.1,0.3333333333333333,0.0,0.0,3.0,10.0,34.6,0.6,0.3888888888888889,0.0,0.0,6.0,9.0,,,,0.0,-8.0,0.0,0.14285714285714285,0.3333333333333333,8,17,5.2,2.0,1629,1506,1428,0.0,0.0,5.0,5.0,34.8,0.4,0.3125,0.0,0.0,12.0,15.0,34.4,1.3,0.5,0.7,0.0,55.0,-728.0,18.0,18.0,486.0,-0.05555555555555555,0.0,,-0.0625,0.0,0.0700000000000017,0.0,-1.3947999999999965,-0.5064999999999955,,-0.35310000000000485,-0.6747000000000014,0.0727304168946299,0.1479019945774904,-1.0,2.0,0.0,0.07142857142857142,0.21428571428571427,1.0,0.0,0.04571428571428571,-0.2857142857142857
116,202207020611,3,1,4,11,0,1,0,0,0,1,0,0,0,1,0,2,0,1,0,0,0,1,0,0,0,1,0,2,0,1,0,0,0,1,0,0,0.0,0.0,7.0,5.0,,,,0.0,0.0,9.0,11.0,33.6,0.4,0.2777777777777778,0.0,0.0,6.0,3.0,34.1,0.3,0.1111111111111111,-1.0,,-151.0,0.18181818181818182,0.2727272727272727,4,7,2.2,1.0,1393,497,1263,0.0,0.0,1.0,6.0,35.2,0.3,0.05555555555555555,0.0,0.0,2.0,2.0,33.5,0.3,0.25,-1.1,0.4,55.0,-335.0,18.0,11.0,,,0.05555555555555555,0.0,0.0,0.0,-0.07999999999999971,0.0,,-1.4746999999999986,-0.9746999999999986,-0.8947999999999965,-1.653100000000002,0.09291033444624758,0.6745368781616029,0.0,2.0,0.5,0.17647058823529413,0.35294117647058826,1.0,0.0,0.04022988505747127,
117,202207020611,4,1,2,13,1,0,0,3,1,0,0,0,0,0,0,2,0,0,0,1,0,0,0,0,0,0,0,0,0,0,0,0,0,0,0,0,0.0,0.0,6.0,6.0,33.7,0.7,0.4666666666666667,0.0,0.0,2.0,2.0,34.1,0.1,0.375,0.0,0.0,3.0,13.0,34.7,0.6,0.5555555555555556,3.5,0.0,0.0,0.0,0.14285714285714285,2,3,30.0,9.0,1127,351,1328,0.0,0.0,3.0,7.0,33.9,0.3,0.4166666666666667,0.0,0.0,9.0,7.0,34.5,0.3,0.5555555555555556,0.7,0.2,55.0,-308.0,18.0,15.0,480.0,-0.06666666666666667,0.0,0.1111111111111111,0.0,0.0,-0.13999999999999915,0.0,-1.4530999999999992,-1.0531000000000006,-0.4064999999999941,-1.2064999999999984,-1.5947999999999993,0.07272474743090476,0.37094473981982834,0.0,3.0,0.3333333333333333,0.0,0.2857142857142857,1.0,0.0,0.030746489283074607,-0.009259259259259245
118,202207020611,0,0,0,2,2,1,1,11,0,0,0,1,0,0,0,1,0,0,0,2,0,0,0,1,0,0,0,1,0,0,0,1,0,0,0,1,0.0,0.0,12.0,9.0,33.6,1.0,0.6666666666666666,0.0,0.0,6.0,11.0,33.3,1.1,0.8125,0.0,0.0,14.0,6.0,34.3,0.3,0.625,-1.5,0.0,0.0,0.18181818181818182,0.45454545454545453,6,12,128.0,15.0,1665,1013,1577,0.0,0.0,5.0,6.0,34.3,0.5,1.0,0.0,0.0,15.0,8.0,33.8,0.3,0.9444444444444444,-0.7,0.0,55.0,-308.0,18.0,15.0,456.0,0.0,0.0,-0.125,0.0,0.0,-0.13999999999999915,0.0,-1.5531000000000006,-1.8531000000000049,-0.8531000000000049,-0.8531000000000049,-2.294800000000002,0.14761478061762692,0.3929376540877695,-1.0,5.0,0.0,0.0,0.0,1.0,0.0,0.0,0.13151602104256338
119,202207020611,3,1,4,11,0,0,0,2,0,0,0,0,0,1,0,2,0,0,0,0,0,0,0,0,0,1,0,2,0,0,0,0,0,0,0,0,0.0,0.0,60.0,3.0,34.6,0.4,0.21428571428571427,0.0,0.0,40.0,1.0,34.9,0.0,0.4375,0.0,0.0,60.0,6.0,34.9,0.3,0.2777777777777778,1.5,10.0,-200.0,0.125,0.2916666666666667,3,6,60.7,11.0,1393,1306,1263,0.0,0.0,160.0,11.0,35.1,1.1,0.35294117647058826,0.0,0.0,40.0,1.0,34.5,0.0,0.3,0.6,0.6,57.0,28.0,18.0,14.0,480.0,0.0,0.0625,-0.05555555555555555,0.058823529411764705,-0.1,0.0,0.0,-0.5064999999999955,-0.25310000000000343,-0.20649999999999835,0.025300000000001432,-0.6064999999999969,0.07508445915914998,0.2190890230020663,1.0,1.0,1.0,0.0,0.1,0.0,,0.04022988505747127,0.051282051282051266
120,202207020611,5,4,3,30,0,1,2,7,0,0,0,1,3,0,1,5,0,1,0,1,0,0,0,0,1,0,1,3,0,0,0,0,0,0,0,0,0.0,0.0,12.0,1.0,35.5,0.0,0.3888888888888889,0.0,0.0,10.0,2.0,33.1,0.0,0.26666666666666666,0.0,0.0,5.0,4.0,33.9,0.4,0.75,1.5,-8.0,0.0,0.0,0.0,7,15,204.0,16.0,1716,1235,1167,0.0,0.0,9.0,7.0,33.7,0.9,0.375,0.0,0.0,12.0,10.0,35.5,0.5,0.125,2.3,0.4,57.0,-364.0,18.0,18.0,518.0,-0.1111111111111111,0.06666666666666667,0.0,0.125,0.0,-0.060000000000000143,0.0,0.13459999999999894,-2.0531000000000006,-1.4654000000000025,-1.4530999999999992,0.346899999999998,0.20730040229127258,0.9830564581955601,-1.0,5.0,0.4,0.1111111111111111,0.3333333333333333,0.0,,0.05419580419580422,0.09690177982860912
121,202207020611,0,0,0,0,3,2,3,19,0,0,0,0,0,0,0,0,1,0,1,4,0,0,0,0,0,0,0,0,0,0,1,0,0,0,0,0,0.0,0.0,6.0,12.0,,,,0.0,0.0,8.0,1.0,34.6,0.0,0.1875,0.0,0.0,9.0,17.0,35.6,2.0,0.3888888888888889,2.5,,0.0,0.0,0.07142857142857142,4,8,65.0,13.0,464,1263,257,0.0,0.0,13.0,11.0,35.3,0.4,0.1111111111111111,0.0,0.0,2.0,1.0,34.2,0.0,0.2,-1.2,0.4,57.0,-259.0,18.0,14.0,,,-0.0625,0.05555555555555555,0.0,-0.06666666666666667,0.15,0.0,,-0.5531000000000006,0.4468999999999994,-0.7948000000000022,-0.9530999999999992,0.10225267039737918,0.5539629951540073,0.0,5.0,0.4,0.16666666666666666,0.16666666666666666,1.0,0.0,,0.10027720027720027
122,202207020611,0,0,0,5,0,0,0,0,0,0,0,0,0,0,0,3,0,0,0,0,0,0,0,0,0,0,0,1,0,0,0,0,0,0,0,0,0.0,0.0,3.0,2.0,33.8,0.1,0.7647058823529411,0.0,0.0,2.0,6.0,33.6,0.4,0.8888888888888888,0.0,0.0,10.0,5.0,34.9,0.5,1.0,1.5,8.0,-200.0,0.35714285714285715,0.5357142857142857,8,18,5.6,3.0,314,378,324,0.0,0.0,1.0,7.0,34.3,0.6,0.3333333333333333,0.0,0.0,2.0,2.0,35.0,0.0,0.4444444444444444,0.1,0.4,57.0,-636.0,18.0,17.0,476.0,-0.058823529411764705,0.0,0.0,-0.06666666666666667,-0.05555555555555555,-0.31000000000000016,0.0,-1.3064999999999998,-1.5064999999999955,-0.4654000000000025,-0.8064999999999998,-0.10649999999999693,0.2563891591198394,0.5635601121442148,-1.0,1.0,0.0,0.0,0.0,0.0,,-0.2548387096774194,
123,202207020611,0,0,0,2,0,0,0,2,0,0,0,1,0,0,0,1,0,0,0,1,0,0,0,1,0,0,0,1,0,0,0,1,0,0,0,1,0.0,0.0,130.0,16.0,37.2,2.3,0.4444444444444444,0.0,0.0,140.0,5.0,33.7,0.8,0.375,0.0,0.0,90.0,13.0,34.7,0.9,0.375,-1.5,4.0,-200.0,0.0,0.0,2,4,80.5,14.0,779,707,334,0.0,0.0,140.0,13.0,35.2,0.6,0.16666666666666666,0.0,0.0,120.0,7.0,34.2,0.5,0.5625,-1.0,0.0,57.0,-272.0,18.0,18.0,516.0,0.05555555555555555,-0.0625,0.0,0.0,0.1875,0.45,0.0,2.093500000000006,-1.4530999999999992,-0.45309999999999917,-0.8947999999999965,-0.9530999999999992,0.12877029984999178,1.208304597359457,0.0,4.0,0.0,0.0,0.25,1.0,0.0,,
124,202207020611,5,4,3,30,3,2,3,19,1,1,2,2,3,0,1,5,1,0,1,4,1,0,1,0,1,0,1,3,0,0,1,0,0,0,1,0,0.0,0.0,1.0,1.0,35.2,0.0,0.2777777777777778,0.0,0.0,4.0,1.0,34.2,0.0,0.2777777777777778,0.0,0.0,10.0,4.0,34.6,0.2,0.3125,1.5,6.0,-200.0,0.043478260869565216,0.21739130434782608,7,14,18.4,6.0,1716,1263,1167,0.0,0.0,17.0,14.0,34.1,0.7,0.16666666666666666,0.0,0.0,6.0,14.0,34.0,0.6,1.0,3.9,0.4,57.0,-272.0,18.0,18.0,478.0,-0.05555555555555555,0.0,0.0625,0.0,0.0,0.2500000000000007,0.0,0.09350000000000591,-0.9064999999999941,-0.5531000000000006,-0.9746999999999986,-2.0947999999999993,0.30057814661452387,0.44000000000000067,0.0,2.0,0.0,0.14814814814814814,0.3333333333333333,1.0,0.0,0.05419580419580422,0.10027720027720027
125,202207020611,2,3,4,20,0,0,0,0,0,0,0,0,0,1,0,0,0,0,0,0,0,0,0,0,0,0,0,0,0,0,0,0,0,0,0,0,0.0,0.0,,,,,,0.0,0.0,30.0,14.0,34.1,1.1,0.6470588235294118,0.0,0.0,10.0,1.0,33.8,0.0,0.4,-13.0,,-400.0,0.0,0.0,1,1,10.7,4.0,1503,499,1263,0.0,0.0,80.0,3.0,33.0,0.0,0.3888888888888889,0.0,0.0,40.0,15.0,35.0,0.6,0.3888888888888889,0.5,0.5,57.0,-259.0,18.0,10.0,,,0.11764705882352941,0.2,0.1111111111111111,-0.1111111111111111,-0.18999999999999986,0.0,,-0.9746999999999986,-1.6592000000000056,-2.0747,-1.0947999999999993,0.11028043972316887,0.7154544010627094,0.0,1.0,0.0,0.0,0.5,1.0,0.0,-0.009277322582043612,
126,202207020611,1,0,0,8,0,0,0,1,0,0,0,1,0,0,0,2,0,0,0,1,0,0,0,1,0,0,0,1,0,0,0,1,0,0,0,1,0.0,0.0,14.0,15.0,36.9,3.5,0.13333333333333333,0.0,0.0,12.0,14.0,37.6,3.3,0.7857142857142857,0.0,0.0,12.0,16.0,35.0,0.9,0.5555555555555556,0.5,-4.0,-200.0,0.0,0.5,6,11,64.8,12.0,1317,1423,1186,0.0,0.0,8.0,14.0,36.3,2.2,0.35714285714285715,0.0,0.0,14.0,14.0,34.4,1.3,0.125,-0.2,0.0,57.0,-776.0,18.0,15.0,506.0,0.0,0.14285714285714285,0.05555555555555555,0.0,0.125,0.6300000000000004,0.0,1.7935000000000016,0.1822999999999979,-1.0947999999999993,1.1935000000000002,-0.6747000000000014,0.2534449469684984,1.1842297074469974,0.0,1.0,0.0,0.1111111111111111,0.2222222222222222,1.0,0.0,-0.01626016260162602,
127,202207020611,5,4,3,30,0,0,0,3,0,0,0,0,3,0,1,5,0,0,0,1,0,0,0,0,1,0,1,3,0,0,0,0,0,0,0,0,0.0,0.0,130.0,14.0,36.4,1.7,0.8125,0.0,0.0,150.0,13.0,35.7,1.1,0.5,0.0,0.0,150.0,16.0,36.5,1.7,0.1875,1.0,-20.0,0.0,0.047619047619047616,0.047619047619047616,3,5,47.2,10.0,1716,1618,1167,0.0,0.0,140.0,10.0,34.7,0.7,0.0625,0.0,0.0,140.0,13.0,34.9,1.7,0.26666666666666666,-0.5,0.0,55.0,-518.0,18.0,16.0,446.0,0.125,0.1875,0.25,0.0,-0.06666666666666667,0.4,0.0,0.30519999999999925,0.5469000000000008,0.40520000000000067,-0.45309999999999917,-0.25310000000000343,0.2650131024014557,0.7418894796396556,0.0,5.0,0.0,0.25,0.25,2.0,0.0,0.05419580419580422,-0.035714285714285726
128,202207020611,0,0,0,1,0,1,0,12,0,0,0,1,0,0,0,1,0,1,0,3,0,0,0,1,0,0,0,1,0,0,0,3,0,0,0,1,0.0,0.0,9.0,8.0,39.5,2.9,0.7777777777777778,0.0,0.0,17.0,14.0,34.6,1.4,0.7647058823529411,0.0,0.0,12.0,15.0,35.3,1.6,0.13333333333333333,3.5,-10.0,0.0,0.07142857142857142,0.21428571428571427,8,16,389.8,18.0,1014,1405,180,0.0,0.0,14.0,12.0,34.8,0.7,0.875,0.0,0.0,18.0,5.0,34.8,0.2,0.7222222222222222,-0.8,0.0,57.0,-940.0,18.0,9.0,526.0,0.1111111111111111,-0.058823529411764705,0.06666666666666667,-0.125,0.0,0.920000000000001,0.0,1.6788999999999987,-0.5531000000000006,0.22529999999999717,-0.35310000000000485,-0.3064999999999998,0.2653917604883267,1.8644033898274273,2.0,2.0,0.0,0.0,0.09523809523809523,0.0,,,-0.04768439108061748
129,202207030211,13,11,6,67,1,1,1,8,0,0,0,1,2,2,0,9,0,0,0,1,0,0,0,1,0,1,0,3,0,0,0,1,0,0,0,1,0.0,0.0,7.0,16.0,37.1,1.4,0.125,0.0,0.0,9.0,7.0,35.1,0.5,0.2,0.0,0.0,14.0,15.0,34.2,1.0,0.7777777777777778,-0.5,-6.0,0.0,0.029411764705882353,0.08823529411764706,7,13,6.2,3.0,1657,391,1317,0.0,0.0,13.0,8.0,34.3,0.5,0.1111111111111111,0.0,0.0,7.0,10.0,33.8,1.2,0.6666666666666666,-1.1,0.0,55.0,-546.0,18.0,16.0,472.0,0.0625,0.0,0.0,0.0,0.0,0.7400000000000013,0.0,1.9468999999999994,-0.19129999999999825,-0.9530999999999992,-0.8064999999999998,-1.3531000000000049,0.28637582144991064,1.1781341180018523,-2.0,3.0,0.0,0.0,0.0,3.0,0.0,-0.07118311242022585,
130,202207030211,11,6,16,89,7,6,6,87,2,1,0,5,1,0,1,11,0,2,1,18,0,0,0,1,0,0,0,5,0,0,1,3,0,0,0,1,0.0,0.0,80.0,4.0,34.1,0.2,0.4666666666666667,0.0,0.0,20.0,10.0,34.7,0.5,0.7777777777777778,0.0,0.0,30.0,2.0,33.9,0.1,0.4117647058823529,-1.0,-2.0,0.0,0.10526315789473684,0.3684210526315789,8,16,4.7,1.0,1152,1558,1428,0.0,0.0,30.0,14.0,35.3,0.6,0.1111111111111111,0.0,0.0,70.0,3.0,36.1,0.2,0.3888888888888889,0.2,0.4,56.0,64.0,18.0,15.0,508.0,-0.06666666666666667,0.05555555555555555,0.0,0.0,0.0,-0.4599999999999994,0.0,-1.0531000000000006,-1.1161999999999992,-1.2531000000000034,0.19350000000000023,-0.2616000000000014,0.21260239383227794,0.8059776671843955,0.0,3.0,0.3333333333333333,0.0,0.125,2.0,0.5,-0.036725569512454787,0.05152394775036287
131,202207030211,26,21,13,160,3,7,8,76,0,0,0,0,9,6,4,30,3,3,2,16,0,0,0,0,2,1,2,11,0,2,1,4,0,0,0,0,0.0,0.0,11.0,15.0,34.8,0.8,0.13333333333333333,0.0,0.0,3.0,13.0,35.9,1.1,0.0625,0.0,0.0,5.0,2.0,35.4,0.0,0.0625,-6.5,-2.0,0.0,0.0,0.2,3,6,21.8,10.0,1716,1559,1167,0.0,0.0,10.0,3.0,33.7,0.2,0.05555555555555555,0.0,0.0,12.0,11.0,35.3,1.4,0.05555555555555555,-1.8,0.4,54.0,-246.0,18.0,15.0,464.0,0.06666666666666667,0.0,0.0,0.0,0.0,0.11999999999999958,0.0,-0.35310000000000485,0.5345999999999975,0.03459999999999752,-1.4530999999999992,0.19350000000000023,0.029884035128401848,0.7467261881037772,-1.0,4.0,0.5,0.0,0.06666666666666667,2.0,0.5,0.05419580419580422,0.08123791102514505
132,202207030211,7,20,20,127,2,1,3,46,0,0,1,3,1,6,2,32,0,0,0,2,0,0,0,0,1,0,0,10,0,0,0,0,0,0,0,0,0.0,0.0,110.0,9.0,34.1,0.3,0.8333333333333334,0.0,0.0,60.0,3.0,34.6,0.4,0.21428571428571427,0.0,0.0,40.0,1.0,34.9,0.0,0.4375,-4.0,-2.0,0.0,0.0,0.0,6,12,5.5,2.0,1393,1306,1263,0.0,0.0,60.0,6.0,34.9,0.3,0.2777777777777778,0.0,0.0,160.0,11.0,35.1,1.1,0.35294117647058826,0.7,0.4,57.0,42.0,18.0,18.0,478.0,-0.05555555555555555,0.0,0.0625,-0.05555555555555555,0.058823529411764705,-0.2299999999999997,0.0,-1.994799999999998,-0.5064999999999955,-0.25310000000000343,-0.20649999999999835,0.025300000000001432,0.2182397487341519,0.3487119154832533,0.0,2.0,0.5,0.0,0.09090909090909091,1.0,1.0,0.04022988505747127,0.051282051282051266
133,202207030211,26,21,13,160,9,4,9,104,1,1,0,5,9,6,4,30,0,0,0,12,0,0,0,1,2,1,2,11,0,0,0,1,0,0,0,0,0.0,0.0,18.0,16.0,33.4,1.1,0.6666666666666666,0.0,0.0,11.0,10.0,36.2,0.8,0.4375,0.0,0.0,13.0,17.0,35.2,2.0,0.1111111111111111,0.5,0.0,0.0,0.08108108108108109,0.2972972972972973,1,1,7.3,5.0,1716,1345,1167,0.0,0.0,11.0,13.0,35.7,0.8,0.2222222222222222,0.0,0.0,8.0,15.0,34.3,2.0,0.9333333333333333,0.1,0.0,57.0,-567.0,18.0,18.0,500.0,0.0,0.0625,0.0,-0.05555555555555555,0.0,-0.12999999999999973,0.0,-1.7531000000000034,1.0469000000000008,0.09350000000000591,0.3346000000000018,-0.8531000000000049,0.29816775872934187,1.0011992808627082,0.0,4.0,0.0,0.0,0.125,3.0,0.0,0.05419580419580422,0.0753968253968254
134,202207030211,14,13,13,99,9,4,9,104,3,0,1,19,0,0,1,7,0,0,0,12,0,0,0,0,0,0,0,2,0,0,0,1,0,0,0,0,0.0,0.0,12.0,9.0,35.0,0.4,0.35714285714285715,0.0,0.0,10.0,11.0,33.7,0.7,0.875,0.0,0.0,13.0,6.0,32.6,0.6,1.0,-1.5,-4.0,-600.0,0.043478260869565216,0.043478260869565216,8,18,59.3,13.0,1167,1345,460,0.0,0.0,5.0,11.0,34.2,0.7,0.5882352941176471,0.0,0.0,14.0,6.0,34.3,0.3,0.8888888888888888,-0.6,0.0,54.0,-84.0,18.0,14.0,438.0,0.07142857142857142,0.0,0.0,0.0,-0.1111111111111111,0.09000000000000057,0.0,-0.4592000000000027,-1.4530999999999992,-2.5531000000000006,-0.9530999999999992,-0.8064999999999998,0.2356216642909703,0.7964923100695943,-1.0,3.0,0.0,0.0,0.0,3.0,0.0,0.22385812280408235,0.0753968253968254
135,202207030211,26,21,13,160,5,9,6,103,0,0,0,5,9,6,4,30,1,2,2,15,0,0,0,0,2,1,2,11,0,0,0,1,0,0,0,0,0.0,0.0,7.0,7.0,40.8,4.8,1.0,0.0,0.0,8.0,12.0,33.9,1.1,0.9411764705882353,0.0,0.0,11.0,7.0,33.7,0.5,1.0,0.0,-8.0,-200.0,0.02857142857142857,0.2571428571428571,2,3,6.9,4.0,1716,1013,1167,0.0,0.0,13.0,8.0,35.4,0.5,0.75,0.0,0.0,9.0,10.0,34.4,0.9,0.2,0.2,0.0,56.0,-864.0,18.0,7.0,494.0,0.0,0.0,0.0,0.0,0.0,1.1299999999999997,0.0,2.5204999999999984,-1.2531000000000034,-1.6653999999999982,0.24689999999999657,-0.7531000000000034,0.30333555140702656,2.6462048295625173,2.0,4.0,0.0,0.0,0.0,3.0,0.0,0.05419580419580422,0.13151602104256338
136,202207030211,7,20,20,127,0,0,0,6,0,0,0,1,1,6,2,32,0,0,0,1,0,0,0,1,1,0,0,10,0,0,0,1,0,0,0,1,0.0,0.0,8.0,10.0,35.4,1.3,0.4375,0.0,0.0,2.0,5.0,35.0,0.3,0.4375,0.0,0.0,2.0,10.0,35.0,0.5,0.1875,0.0,2.0,0.0,0.0,0.16666666666666666,2,4,19.3,8.0,1393,260,1263,0.0,0.0,8.0,8.0,33.7,0.6,0.2222222222222222,0.0,0.0,3.0,6.0,34.4,0.1,0.3125,-0.5,0.0,54.0,-154.0,18.0,16.0,490.0,0.125,0.0,0.0,-0.05555555555555555,0.0,0.32999999999999974,0.0,0.03459999999999752,-0.36540000000000106,-0.153100000000002,-1.4530999999999992,-0.7531000000000034,0.10467468711898208,0.5932958789676519,1.0,5.0,0.0,0.0,0.0,3.0,0.0,0.04022988505747127,
137,202207030211,7,2,3,33,8,8,10,84,1,0,1,3,1,0,1,3,0,1,1,15,0,0,0,0,0,0,1,0,0,0,0,4,0,0,0,0,0.0,0.0,15.0,15.0,34.8,1.8,0.9333333333333333,0.0,0.0,10.0,9.0,35.1,2.0,0.9,0.0,0.0,13.0,9.0,34.2,0.4,0.38461538461538464,-3.0,2.0,-400.0,0.4,0.4,1,2,135.2,17.0,1306,1405,1445,0.0,0.0,16.0,8.0,34.6,0.5,0.8125,0.0,0.0,16.0,13.0,35.2,1.7,0.29411764705882354,-0.5,0.0,56.0,-167.0,18.0,15.0,462.0,-0.06666666666666667,-0.1,0.0,-0.4375,-0.058823529411764705,-0.030000000000001137,0.0,-0.27470000000000283,-0.8166000000000011,-0.8746999999999971,-0.8592000000000013,0.04690000000000083,0.2702418333409832,0.3599999999999998,0.0,1.0,0.0,0.0,0.0,1.0,0.0,-0.0393939393939394,-0.04768439108061748
138,202207030211,7,1,4,70,0,1,2,1,0,1,1,1,0,1,1,8,0,1,1,0,0,1,0,0,0,0,0,0,0,0,0,0,0,0,0,0,0.0,0.0,13.0,16.0,38.0,2.2,0.3125,0.0,0.0,14.0,14.0,37.9,2.1,0.7857142857142857,0.0,0.0,16.0,17.0,36.7,1.7,0.1111111111111111,0.5,8.0,0.0,0.0,0.0,7,15,36.3,11.0,1090,1508,1169,0.0,0.0,13.0,10.0,35.2,0.7,0.4375,0.0,0.0,15.0,12.0,34.7,0.4,0.8333333333333334,-1.2,0.0,54.0,-517.0,18.0,16.0,532.0,0.0,0.0,0.05555555555555555,0.0,-0.3888888888888889,0.929999999999999,0.0,0.08890000000000242,-0.011099999999999,1.3346000000000018,0.04690000000000083,-0.6653999999999982,0.27675335476766577,1.3549907748763441,-1.0,3.0,0.0,0.16666666666666666,0.26666666666666666,1.0,0.0,0.061991869918699205,
139,202207030211,26,21,13,160,8,5,3,46,2,1,0,5,9,6,4,30,3,0,1,10,1,0,0,0,2,1,2,11,0,0,0,3,0,0,0,0,0.0,0.0,13.0,15.0,36.4,1.5,0.06666666666666667,0.0,0.0,10.0,14.0,35.1,1.0,0.16666666666666666,0.0,0.0,3.0,9.0,33.8,0.7,0.16666666666666666,-3.0,-6.0,-200.0,0.16666666666666666,0.25,4,8,8.9,6.0,1716,1482,1167,0.0,0.0,1.0,7.0,34.6,0.3,0.0625,0.0,0.0,7.0,16.0,38.9,2.7,0.0625,-0.5,0.0,54.0,-525.0,18.0,15.0,494.0,0.0,-0.05555555555555555,,,0.0,-0.45,0.0,1.108699999999999,-0.05310000000000059,0.25659999999999883,1.056600000000003,1.0788999999999973,0.0503736041990247,1.7828067758453239,2.0,1.0,0.0,0.21428571428571427,0.35714285714285715,1.0,0.0,0.05419580419580422,-0.0913978494623656
140,202207030211,0,0,2,40,2,2,7,42,0,0,0,3,0,0,2,17,0,0,0,13,0,0,0,1,0,0,0,1,0,0,0,6,0,0,0,1,0.0,0.0,10.0,5.0,34.7,0.4,0.4375,0.0,0.0,14.0,5.0,34.2,0.5,0.8125,0.0,0.0,7.0,12.0,35.1,0.7,0.75,3.5,6.0,0.0,0.0,0.0,5,9,78.0,14.0,1611,1599,1263,0.0,0.0,9.0,4.0,34.6,0.4,0.375,0.0,0.0,14.0,12.0,33.6,0.7,0.3333333333333333,1.3,0.0,54.0,-223.0,18.0,16.0,464.0,-0.125,0.0625,-0.0625,0.0,0.0,0.18000000000000044,0.0,-0.6653999999999982,-1.1653999999999982,-0.26539999999999964,-0.5531000000000006,-1.5531000000000006,0.19939143523342331,0.5083306010855534,1.0,5.0,0.0,0.0,0.0,2.0,0.0,0.08874458874458874,0.22995283018867924
141,202207030211,7,1,4,70,0,0,0,8,0,0,0,1,0,1,1,8,0,0,0,3,0,0,0,1,0,0,0,0,0,0,0,1,0,0,0,0,0.0,0.0,10.0,11.0,37.2,1.2,0.6363636363636364,0.0,0.0,18.0,16.0,34.0,0.8,0.7777777777777778,0.0,0.0,10.0,18.0,32.7,1.4,1.0,3.5,0.0,-500.0,0.16666666666666666,0.4166666666666667,6,11,135.0,16.0,1090,1650,1169,0.0,0.0,16.0,13.0,33.1,0.8,0.7777777777777778,0.0,0.0,11.0,13.0,34.0,0.6,0.8125,0.1,0.0,57.0,-422.0,18.0,11.0,498.0,0.36363636363636365,-0.05555555555555555,,0.0,0.0,0.7300000000000004,0.0,1.6714000000000055,-1.106499999999997,-1.0871999999999957,-2.0531000000000006,-1.153100000000002,0.11654772239188217,1.5836666315863326,1.0,2.0,0.0,0.06666666666666667,0.26666666666666666,2.0,0.0,0.061991869918699205,0.2
142,202207030211,2,1,0,3,12,10,14,149,1,0,0,2,0,1,0,0,0,0,2,15,0,0,0,0,0,1,0,0,0,0,0,2,0,0,0,0,0.0,0.0,14.0,13.0,33.2,0.7,0.9333333333333333,0.0,0.0,8.0,13.0,35.0,1.0,0.8666666666666667,0.0,0.0,6.0,8.0,33.7,0.9,0.8888888888888888,-2.5,-10.0,-400.0,0.0,0.07692307692307693,5,10,18.7,7.0,779,1263,334,0.0,0.0,10.0,11.0,35.4,0.6,0.6666666666666666,0.0,0.0,12.0,2.0,33.2,0.0,0.7222222222222222,-2.4,0.2,56.0,-350.0,18.0,15.0,492.0,0.06666666666666667,0.0,0.0,-0.05555555555555555,0.1111111111111111,-0.039999999999999855,0.0,-1.8746999999999971,-1.3748999999999967,-1.3746999999999971,0.29350000000000165,-1.8746999999999971,0.10270417785147862,0.9252026804976284,-1.0,0.0,,0.0,0.5,0.0,,,0.10027720027720027
143,202207030211,0,0,2,40,0,0,0,2,0,0,0,1,0,0,2,17,0,0,0,1,0,0,0,1,0,0,0,1,0,0,0,0,0,0,0,0,0.0,0.0,30.0,1.0,33.7,0.0,0.9333333333333333,0.0,0.0,130.0,4.0,33.4,0.1,0.7222222222222222,0.0,0.0,60.0,3.0,35.0,0.3,0.4,1.0,10.0,0.0,0.13333333333333333,0.4,4,7,19.6,9.0,1611,1084,1263,0.0,0.0,170.0,13.0,34.7,1.1,0.6666666666666666,0.0,0.0,60.0,5.0,34.3,0.4,0.9166666666666666,1.7,0.4,56.0,57.0,18.0,15.0,482.0,-0.2,0.0,0.0,0.16666666666666666,0.0,-0.24999999999999928,0.0,-1.4530999999999992,-1.7531000000000034,-0.153100000000002,-0.4064999999999941,-0.8531000000000049,0.19449205766258723,0.5979966555090425,1.0,4.0,0.5,0.0,0.0,4.0,0.5,0.08874458874458874,
144,202207030211,4,11,7,58,1,2,0,8,0,0,0,4,0,0,0,7,0,2,0,2,0,0,0,1,0,0,0,3,0,1,0,1,0,0,0,1,0.0,0.0,12.0,11.0,33.0,1.0,0.9230769230769231,0.0,0.0,8.0,,,,0.6153846153846154,0.0,0.0,8.0,13.0,39.3,3.0,0.6153846153846154,2.0,-4.0,0.0,0.0,0.1875,3,5,50.1,12.0,1463,197,1167,0.0,0.0,14.0,15.0,33.5,0.7,1.0,0.0,0.0,13.0,15.0,34.3,1.1,1.0,1.4,0.0,56.0,-728.0,18.0,13.0,454.0,0.0,0.0,-0.07692307692307693,0.0,-0.05555555555555555,0.19000000000000056,0.0,-2.153100000000002,,1.0204999999999984,-1.653100000000002,-1.1592000000000056,0.178089798504465,2.5113492389550274,-1.0,2.0,0.0,0.10526315789473684,0.3157894736842105,2.0,0.0,-0.07500000000000001,
145,202207030211,7,20,20,127,1,0,1,7,0,0,0,1,1,6,2,32,0,0,0,1,0,0,0,0,1,0,0,10,0,0,0,0,0,0,0,0,0.0,0.0,100.0,13.0,36.0,1.9,0.4375,0.0,0.0,,,,,,0.0,0.0,100.0,3.0,35.4,0.2,0.125,-10.0,,0.0,0.0,0.11764705882352941,8,17,107.3,15.0,1393,666,1263,0.0,0.0,90.0,5.0,34.5,0.3,0.4375,0.0,0.0,150.0,17.0,34.0,0.9,0.2222222222222222,1.4,0.25,55.0,-154.0,18.0,16.0,464.0,-0.0625,,0.0,0.0,-0.05555555555555555,0.6899999999999998,0.0,0.6345999999999989,,0.03459999999999752,-0.653100000000002,-1.153100000000002,0.13634829108383237,0.7758060324591448,2.0,5.0,0.2,0.0,0.3333333333333333,3.0,0.0,0.04022988505747127,
146,202207030211,0,0,0,1,0,0,0,4,0,0,0,1,0,0,0,1,0,0,0,1,0,0,0,1,0,0,0,1,0,0,0,1,0,0,0,1,0.0,0.0,30.0,9.0,41.9,3.8,0.2222222222222222,0.0,0.0,160.0,15.0,36.1,1.1,0.0625,0.0,0.0,160.0,15.0,33.9,1.3,0.25,3.0,4.0,0.0,0.0,0.08333333333333333,7,14,160.5,18.0,1231,1236,1104,0.0,0.0,160.0,16.0,33.7,1.1,0.8125,0.0,0.0,160.0,10.0,34.3,0.8,0.875,0.3,0.0,58.0,-898.0,18.0,9.0,494.0,0.1111111111111111,0.0,,0.0,0.0,1.7600000000000002,0.0,4.078899999999997,0.9468999999999994,0.35660000000000025,-1.4530999999999992,-1.065400000000004,0.33284107170291605,3.079220680626836,1.0,3.0,0.0,0.0,0.0,2.0,0.0,,
147,202207030306,0,0,0,2,1,3,0,11,0,0,0,1,0,0,0,0,0,1,0,1,0,0,0,0,0,0,0,0,0,0,0,0,0,0,0,0,0.0,0.0,13.0,5.0,33.4,0.4,0.1875,0.0,0.0,7.0,11.0,35.3,0.8,0.5384615384615384,0.0,0.0,4.0,8.0,34.3,0.6,0.45454545454545453,1.5,6.0,0.0,0.0,0.0,5,8,17.3,6.0,1089,1183,1428,0.0,0.0,4.0,10.0,33.8,0.4,0.35714285714285715,0.0,0.0,8.0,3.0,33.2,0.1,0.4444444444444444,-0.5,0.2,52.0,-498.0,14.0,16.0,478.0,0.0,0.0,0.0,0.0,0.0,0.18999999999999914,0.0,-1.7531000000000034,-0.0654000000000039,-0.8531000000000049,-1.3064999999999998,-1.9530999999999992,0.11920652224047476,0.7509993342207419,-2.0,4.0,0.25,0.1111111111111111,0.1111111111111111,0.0,,-0.09523809523809523,-0.0018939393939393923
148,202207030306,4,1,2,13,0,1,0,12,0,0,0,0,0,0,0,2,0,1,0,3,0,0,0,0,0,0,0,0,0,0,0,0,0,0,0,0,0.0,0.0,80.0,3.0,35.6,0.1,0.8,0.0,0.0,90.0,9.0,34.3,0.7,0.8888888888888888,0.0,0.0,130.0,2.0,34.5,0.2,0.7777777777777778,-0.5,-2.0,0.0,0.12,0.28,7,12,5.6,2.0,1127,1405,1328,0.0,0.0,90.0,13.0,37.5,1.5,0.6923076923076923,0.0,0.0,110.0,6.0,33.1,0.7,0.2777777777777778,1.0,0.4,57.0,27.0,14.0,15.0,458.0,-0.06666666666666667,-0.05555555555555555,-0.1111111111111111,-0.07692307692307693,,0.17999999999999972,0.0,0.4468999999999994,-0.8531000000000049,-1.316200000000002,-0.4110999999999976,-0.4433999999999969,0.21413038698725084,1.4805404418657397,0.0,3.0,0.6666666666666666,0.0,0.2222222222222222,0.0,,0.030746489283074607,-0.04768439108061748
149,202207030306,0,0,0,3,0,0,0,2,0,0,0,0,0,0,0,0,0,0,0,0,0,0,0,0,0,0,0,0,0,0,0,0,0,0,0,0,0.0,0.0,4.0,9.0,34.6,0.5,0.3333333333333333,0.0,0.0,3.0,7.0,35.0,0.2,0.5,0.0,0.0,2.0,6.0,33.9,0.4,0.8888888888888888,-1.5,-12.0,0.0,0.3448275862068966,0.5172413793103449,3,3,2.2,1.0,1677,1506,1167,0.0,0.0,3.0,3.0,35.2,0.5,0.8125,0.0,0.0,3.0,3.0,34.8,0.4,0.46153846153846156,-1.6,0.4,55.0,-644.0,14.0,18.0,460.0,0.05555555555555555,-0.1111111111111111,-0.05555555555555555,-0.125,-0.15384615384615385,-0.05999999999999943,0.0,-0.5531000000000006,-0.10649999999999693,-1.391300000000001,-0.16539999999999822,-0.35310000000000485,0.21395931967106108,0.44721359549995887,0.0,3.0,0.6666666666666666,0.0,0.2222222222222222,0.0,,0.05167173252279633,-0.2857142857142857
150,202207030306,1,1,0,4,2,1,3,24,0,0,0,1,0,0,0,0,1,0,2,5,0,0,0,0,0,0,0,0,0,0,0,0,0,0,0,0,0.0,0.0,70.0,8.0,37.6,1.9,0.8888888888888888,0.0,0.0,90.0,10.0,36.5,0.4,0.4,0.0,0.0,60.0,10.0,36.3,1.0,0.08333333333333333,1.0,-2.0,50.0,,,8,13,60.6,11.0,1657,1167,1317,0.0,0.0,50.0,15.0,34.9,1.2,0.7333333333333333,0.0,0.0,40.0,1.0,35.0,0.0,0.16666666666666666,-0.9,0.2,54.0,13.0,14.0,9.0,432.0,0.0,-0.13333333333333333,0.0,-0.06666666666666667,0.0,0.6800000000000004,0.0,0.4771000000000001,1.346899999999998,1.1468999999999951,-0.25310000000000343,-0.153100000000002,0.31305740411561095,1.0091580649234297,-3.0,4.0,0.25,0.0,0.2857142857142857,0.0,,-0.07118311242022585,-0.05976134585289514
151,202207030306,1,1,0,4,0,0,0,3,0,0,0,0,0,0,0,0,0,0,0,1,0,0,0,0,0,0,0,0,0,0,0,1,0,0,0,0,0.0,0.0,5.0,8.0,42.1,3.3,0.8,0.0,0.0,10.0,7.0,36.5,1.0,0.625,0.0,0.0,5.0,12.0,38.8,1.1,0.125,2.0,24.0,-100.0,0.0,0.14285714285714285,5,7,5.6,3.0,1657,1618,1317,0.0,0.0,5.0,4.0,36.9,0.6,0.375,0.0,0.0,2.0,4.0,36.2,0.6,0.9166666666666666,-1.1,0.0,57.0,-749.0,14.0,10.0,468.0,0.0,-0.125,0.0625,0.0,-0.16666666666666666,1.14,0.0,5.271900000000002,-1.6537999999999968,0.5204999999999984,-0.5177000000000049,-1.6210999999999984,0.28710238204824734,2.1954498400100153,1.0,0.0,,0.0,0.0,0.0,,-0.07118311242022585,-0.035714285714285726
152,202207030306,1,0,3,14,0,0,0,3,0,0,0,0,0,0,0,3,0,0,0,1,0,0,0,0,0,0,0,1,0,0,0,1,0,0,0,0,0.0,0.0,11.0,8.0,35.2,1.1,0.8235294117647058,0.0,0.0,13.0,8.0,37.0,1.1,0.8666666666666667,0.0,0.0,12.0,15.0,34.4,0.8,0.7777777777777778,3.5,-4.0,0.0,,,2,2,44.1,10.0,1506,1618,199,0.0,0.0,16.0,6.0,33.8,0.6,1.0,0.0,0.0,10.0,14.0,35.2,0.9,0.875,1.0,0.0,52.0,-616.0,14.0,17.0,424.0,0.0,0.0,-0.05555555555555555,0.0,0.0625,0.3200000000000003,0.0,-0.16539999999999822,-0.9110999999999976,-0.7531000000000034,-1.3531000000000049,0.09350000000000591,0.0742841727615464,1.0777754868245994,-3.0,3.0,0.0,0.0,0.23076923076923078,0.0,,0.00030605998775759535,-0.035714285714285726
153,202207030306,1,0,3,14,2,1,1,11,0,0,0,0,0,0,0,3,0,0,0,2,0,0,0,0,0,0,0,1,0,0,0,0,0,0,0,0,0.0,0.0,9.0,16.0,39.1,5.3,0.875,0.0,0.0,14.0,4.0,33.8,0.3,0.9333333333333333,0.0,0.0,10.0,14.0,44.5,6.5,0.9285714285714286,-1.0,0.0,-400.0,0.0,0.24324324324324326,4,6,18.8,8.0,1506,1013,199,0.0,0.0,10.0,13.0,34.7,0.9,0.5625,0.0,0.0,8.0,7.0,35.4,0.6,0.14285714285714285,-0.9,0.0,55.0,-245.0,14.0,16.0,442.0,0.0,0.06666666666666667,0.07142857142857142,0.0625,0.0,0.65,0.0,2.7251000000000047,-1.9374000000000038,5.290599999999998,-0.45309999999999917,-0.6948000000000008,0.3052743088242407,3.937003937005906,-1.0,2.0,0.0,0.14285714285714285,0.32142857142857145,1.0,0.0,0.00030605998775759535,0.13151602104256338
154,202207030306,0,0,0,0,1,1,0,2,0,0,0,0,0,0,0,0,0,0,0,0,0,0,0,0,0,0,0,0,0,0,0,0,0,0,0,0,0.0,0.0,5.0,2.0,38.4,0.5,0.08333333333333333,0.0,0.0,11.0,13.0,34.0,1.0,0.3333333333333333,0.0,0.0,14.0,17.0,37.6,2.6,0.1111111111111111,7.5,20.0,300.0,0.0,0.0,6,10,137.3,14.0,1310,815,1618,0.0,0.0,14.0,17.0,34.4,1.8,0.3888888888888889,0.0,0.0,6.0,8.0,38.7,2.1,0.07692307692307693,1.6000000000000003,0.2,55.0,-261.0,14.0,12.0,502.0,0.0,,0.0,,0.0,-0.10000000000000071,0.0,,0.45660000000000167,2.4468999999999994,0.8566000000000003,0.7889000000000053,0.13424518354049275,2.0123617964968434,1.0,1.0,0.0,0.0,0.0,0.0,,-0.08552631578947367,0.2222222222222222
155,202207030306,3,2,2,16,0,0,0,2,0,0,0,0,1,0,0,3,0,0,0,1,0,0,0,0,0,0,0,0,0,0,0,0,0,0,0,0,0.0,0.0,15.0,16.0,36.3,1.6,0.16666666666666666,0.0,0.0,11.0,8.0,34.1,0.6,1.0,0.0,0.0,16.0,8.0,34.3,0.4,0.8823529411764706,-4.0,-2.0,0.0,0.0,0.0,8,14,9.1,4.0,1152,1686,1428,0.0,0.0,10.0,10.0,34.2,0.5,1.0,0.0,0.0,13.0,7.0,33.7,0.5,0.9333333333333333,-1.6,0.0,57.0,-799.0,14.0,18.0,508.0,0.0,-0.13333333333333333,0.0,-0.07692307692307693,0.0,0.5099999999999987,0.0,1.1468999999999951,-1.0531000000000006,-0.8064999999999998,-0.9064999999999941,-1.4530999999999992,0.3179964188704898,0.9130169768410644,-1.0,3.0,0.0,0.0,0.08333333333333333,0.0,,-0.036725569512454787,
156,202207030306,0,0,0,0,0,0,0,1,0,0,0,0,0,0,0,0,0,0,0,0,0,0,0,0,0,0,0,0,0,0,0,0,0,0,0,0,0.0,0.0,9.0,10.0,39.1,2.2,0.4,0.0,0.0,12.0,10.0,35.4,0.7,0.14285714285714285,0.0,0.0,11.0,9.0,35.7,0.8,0.9230769230769231,-0.5,22.0,0.0,0.027777777777777776,0.25,6,9,65.6,12.0,1426,322,306,0.0,0.0,13.0,10.0,34.8,0.6,0.2222222222222222,0.0,0.0,9.0,13.0,35.1,1.1,0.3333333333333333,0.6,0.0,55.0,-481.0,14.0,10.0,474.0,0.0,0.0,0.0,-0.1111111111111111,0.0,0.8600000000000001,0.0,1.682299999999998,-0.6948000000000008,0.5469000000000008,-0.35310000000000485,-0.05310000000000059,0.27411272804629455,1.568948692596416,4.0,4.0,0.0,,,1.0,0.0,,
157,202207030306,5,4,3,30,1,1,0,2,0,0,0,0,3,0,1,5,0,0,0,0,0,0,0,0,1,0,0,1,0,0,0,0,0,0,0,0,0.0,0.0,10.0,10.0,34.0,1.4,1.0,0.0,0.0,12.0,12.0,37.0,1.6,1.0,0.0,0.0,10.0,8.0,34.6,0.9,0.7,-1.0,2.0,-400.0,0.0,0.2727272727272727,7,11,17.6,7.0,1716,1503,1167,0.0,0.0,14.0,11.0,35.6,1.2,0.21428571428571427,0.0,0.0,18.0,18.0,35.7,1.8,0.5555555555555556,1.5,0.0,57.0,-666.0,14.0,10.0,454.0,0.0,-0.15384615384615385,0.0,0.0,0.2777777777777778,-0.2000000000000007,0.0,-1.0747,0.14970000000000283,-0.8592000000000013,0.4468999999999994,0.5469000000000008,0.29549979867229875,1.0283968105745953,2.0,2.0,0.0,0.0,0.0,0.0,,0.05419580419580422,0.10227272727272729
158,202207030306,3,2,2,16,0,0,0,0,0,0,0,0,1,0,0,3,0,0,0,0,0,0,0,0,0,0,0,0,0,0,0,0,0,0,0,0,0.0,0.0,50.0,70.0,41.6,2.6,0.1111111111111111,0.0,0.0,120.0,120.0,36.8,2.2,0.7692307692307693,0.0,0.0,100.0,120.0,35.7,1.7,1.0,25.0,2.0,-200.0,0.0625,0.28125,4,5,17.2,5.0,1152,549,1428,0.0,0.0,50.0,120.0,34.8,0.8,0.7142857142857143,0.0,0.0,80.0,120.0,13.8,6.9,0.3076923076923077,10.0,0.0,57.0,-500.0,14.0,9.0,490.0,0.1111111111111111,0.15384615384615385,0.0,0.0,0.5384615384615384,5.76,0.0,3.4462000000000046,1.434599999999996,0.6253000000000029,-1.2948000000000022,,0.3238049196997896,9.659316746022983,1.0,2.0,0.0,,,1.0,0.0,-0.036725569512454787,
159,202207030306,0,1,0,7,2,1,3,24,0,0,0,0,0,1,0,2,1,0,2,5,0,0,0,0,0,0,0,1,0,0,0,0,0,0,0,0,0.0,0.0,40.0,4.0,40.0,0.5,0.2857142857142857,0.0,0.0,130.0,13.0,35.0,0.8,0.6428571428571429,0.0,0.0,140.0,8.0,36.3,0.8,0.4375,2.0,26.0,-200.0,0.0967741935483871,0.16129032258064516,3,4,97.9,13.0,1172,1167,1556,0.0,0.0,140.0,14.0,36.5,1.2,0.11764705882352941,0.0,0.0,120.0,10.0,37.6,1.0,0.75,1.3,0.0,55.0,-590.0,14.0,7.0,440.0,0.2857142857142857,-0.07142857142857142,-0.125,0.0,-0.125,0.32999999999999974,0.0,1.8462000000000032,-1.0947999999999993,1.1468999999999951,1.134599999999999,-0.31109999999999616,0.2301066637224992,1.6773789077009407,1.0,3.0,0.0,0.0,0.0,1.0,0.0,0.037523452157598475,-0.05976134585289514
160,202207030306,3,2,2,16,1,3,0,11,0,1,0,1,1,0,0,3,0,1,0,1,0,0,0,0,0,0,0,0,0,0,0,0,0,0,0,0,0.0,0.0,9.0,14.0,34.9,1.1,0.8571428571428571,0.0,0.0,14.0,13.0,36.9,1.6,0.3125,0.0,0.0,8.0,6.0,35.1,0.5,0.8125,-4.0,-2.0,0.0,0.09090909090909091,0.18181818181818182,1,1,19.1,9.0,1152,1183,1428,0.0,0.0,9.0,6.0,34.1,0.8,0.5333333333333333,0.0,0.0,1.0,8.0,34.9,0.5,0.4,-1.9,0.0,55.0,0.0,14.0,14.0,442.0,0.0,-0.0625,-0.25,0.0,0.06666666666666667,0.2799999999999997,0.0,-1.1948000000000008,0.04970000000000141,-0.05310000000000059,-1.0531000000000006,-0.25310000000000343,0.21769269098835303,0.9260669522232172,0.0,4.0,0.0,0.0,0.2,1.0,0.0,-0.036725569512454787,-0.0018939393939393923
161,202207030509,26,21,13,160,8,5,3,46,2,1,0,5,9,6,4,30,3,0,1,10,1,0,0,0,0,2,2,10,1,0,0,0,0,0,0,0,0.0,0.0,10.0,1.0,36.4,0.0,0.0625,0.0,0.0,20.0,2.0,36.6,0.2,0.05555555555555555,0.0,0.0,20.0,4.0,35.3,0.4,0.125,1.5,0.0,0.0,0.07894736842105263,0.2894736842105263,4,8,15.9,6.0,1716,1482,1167,0.0,0.0,30.0,2.0,34.7,0.0,0.08333333333333333,0.0,0.0,50.0,12.0,39.0,2.6,0.07692307692307693,2.2,0.6,56.0,35.0,16.0,16.0,488.0,0.0,0.0,0.0,0.0,0.0,-0.3300000000000004,0.0,0.5837999999999965,0.5052000000000021,0.14689999999999515,-0.45309999999999917,1.5322000000000031,0.024278243789129465,1.4764823060233399,3.0,4.0,0.75,0.0,0.13333333333333333,2.0,0.5,0.05419580419580422,-0.0913978494623656
162,202207030509,3,2,2,65,9,10,18,107,0,0,0,5,0,0,0,14,0,2,0,13,0,0,0,2,0,0,0,4,0,1,0,5,0,0,0,0,0.0,0.0,50.0,4.0,36.6,0.8,0.08333333333333333,0.0,0.0,70.0,4.0,35.1,0.2,0.23076923076923078,0.0,0.0,40.0,3.0,37.4,0.8,0.9230769230769231,-0.5,0.0,-200.0,0.02702702702702703,0.24324324324324326,3,5,4.3,1.0,1431,1167,1428,0.0,0.0,70.0,3.0,34.4,0.3,0.8181818181818182,0.0,0.0,20.0,5.0,34.1,0.3,1.0,0.1,0.4,56.0,20.0,16.0,12.0,468.0,0.0,-0.15384615384615385,-0.15384615384615385,-0.18181818181818182,-0.125,0.5700000000000003,0.0,1.0379000000000005,0.025300000000001432,-0.8795000000000002,-0.7064999999999984,-1.0531000000000006,0.37805947536727724,1.2765578717786354,0.0,1.0,0.0,0.125,0.25,1.0,0.0,0.11111111111111112,-0.05976134585289514
163,202207030509,11,6,16,89,8,3,4,44,0,0,0,0,1,0,1,11,1,1,0,6,0,0,0,0,0,0,0,2,0,0,0,1,0,0,0,0,0.0,0.0,5.0,8.0,13.4,5.8,0.5,0.0,0.0,3.0,6.0,13.1,1.4,0.4,0.0,0.0,1.0,1.0,13.4,0.0,0.16666666666666666,-3.5,-4.0,-2010.0,0.3333333333333333,0.5333333333333333,6,12,4.6,3.0,1152,1362,1428,0.0,0.0,3.0,3.0,13.7,0.4,0.2,0.0,0.0,1.0,1.0,13.5,0.0,0.25,-1.7,0.6,56.0,-854.0,16.0,12.0,490.0,0.08333333333333333,0.1,0.0,0.1,-0.125,-0.07999999999999989,0.0,,,,,,0.12666666666666668,0.19390719429665307,-5.0,0.0,,0.2,0.2,0.0,,-0.036725569512454787,-0.18016321406151914
164,202207030509,6,2,7,67,2,2,2,37,0,0,0,0,1,1,2,13,0,0,0,6,0,0,0,0,0,0,0,2,0,0,0,0,0,0,0,0,0.0,0.0,4.0,10.0,40.3,3.1,1.0,0.0,0.0,5.0,12.0,37.5,2.5,0.9166666666666666,0.0,0.0,6.0,10.0,34.8,0.9,1.0,0.0,-8.0,-200.0,0.1,0.4,1,2,10.4,5.0,1317,1393,1186,0.0,0.0,6.0,11.0,35.7,1.3,0.25,0.0,0.0,5.0,10.0,36.2,1.3,0.0625,-0.1,0.0,54.0,-484.0,16.0,10.0,476.0,0.0,0.0,0.0,0.0,0.0,0.9999999999999986,0.0,2.1462000000000003,1.0589000000000013,-1.6411000000000016,0.5469000000000008,1.0469000000000008,0.4052605471929276,1.9110206696945997,0.0,2.0,0.0,0.1,0.1,2.0,0.0,-0.01626016260162602,0.23546511627906977
165,202207030509,0,0,0,0,2,0,1,5,0,0,0,0,0,0,0,0,0,0,1,0,0,0,0,0,0,0,0,0,0,0,0,0,0,0,0,0,0.0,0.0,1.0,1.0,35.4,0.0,0.35714285714285715,0.0,0.0,5.0,2.0,35.5,0.1,0.2777777777777778,0.0,0.0,4.0,6.0,34.9,0.6,0.9375,2.5,0.0,0.0,0.11538461538461539,0.3076923076923077,7,13,4.3,2.0,368,548,115,0.0,0.0,1.0,9.0,34.7,0.4,0.7142857142857143,0.0,0.0,2.0,5.0,33.6,0.1,0.5,1.5,0.4,56.0,-308.0,16.0,14.0,490.0,-0.07142857142857142,-0.05555555555555555,-0.0625,-0.35714285714285715,0.0625,0.43999999999999917,0.0,-2.4211000000000027,0.346899999999998,-0.4654000000000025,-0.45309999999999917,-1.5531000000000006,0.24111216913568712,0.6794115100585203,-2.0,4.0,0.25,0.0,0.1111111111111111,3.0,0.3333333333333333,,
166,202207030509,0,2,3,13,3,3,3,24,0,1,0,0,0,0,2,1,0,1,0,3,0,0,0,0,0,0,0,0,0,0,0,3,0,0,0,0,0.0,0.0,10.0,4.0,34.2,0.7,0.8,0.0,0.0,3.0,8.0,34.3,1.4,0.23529411764705882,0.0,0.0,5.0,3.0,34.0,0.1,0.35714285714285715,-0.5,2.0,0.0,0.08333333333333333,0.16666666666666666,5,10,5.7,4.0,1601,1503,239,0.0,0.0,11.0,11.0,35.7,0.7,0.06666666666666667,0.0,0.0,2.0,11.0,34.9,0.9,0.5294117647058824,1.7,0.2,54.0,-897.0,16.0,10.0,440.0,-0.2,0.058823529411764705,0.07142857142857142,0.0,-0.058823529411764705,-0.2799999999999997,0.0,-1.6161999999999992,-1.065400000000004,-1.153100000000002,0.3346000000000018,-0.4654000000000025,0.25171289166501487,0.6177378084592208,-2.0,5.0,0.2,0.0,0.3333333333333333,1.0,1.0,0.055555555555555525,0.10227272727272729
167,202207030509,2,2,0,8,2,2,2,37,0,0,0,0,0,0,0,0,0,0,0,6,0,0,0,0,0,0,0,0,0,0,0,0,0,0,0,0,0.0,0.0,5.0,5.0,37.5,0.4,0.375,0.0,0.0,5.0,8.0,39.0,1.0,0.1875,0.0,0.0,6.0,6.0,38.9,1.1,0.2857142857142857,0.5,-8.0,50.0,0.09375,0.15625,2,4,29.0,9.0,1467,1393,336,0.0,0.0,3.0,7.0,38.4,0.8,0.07692307692307693,0.0,0.0,10.0,8.0,37.5,0.9,0.4375,0.5,0.0,56.0,-539.0,16.0,16.0,474.0,0.0,0.0625,0.07142857142857142,0.0,0.0,0.060000000000000143,0.0,-0.32330000000000325,0.7205000000000013,-0.49260000000000304,-0.8094000000000037,-0.6537999999999968,0.12913651413405633,0.6529931086925799,-2.0,0.0,,0.0,0.0,0.0,,,0.23546511627906977
168,202207030509,0,1,2,2,0,0,0,2,0,0,0,0,0,0,1,1,0,0,0,0,0,0,0,0,0,0,0,0,0,0,0,0,0,0,0,0,0.0,0.0,5.0,9.0,34.1,0.5,0.1111111111111111,0.0,0.0,4.0,1.0,36.3,0.0,0.125,0.0,0.0,4.0,5.0,37.3,0.5,0.3333333333333333,-2.0,-2.0,0.0,0.0,0.0,4,7,15.9,7.0,1534,1561,1235,0.0,0.0,1.0,13.0,39.1,1.4,0.0625,0.0,0.0,1.0,9.0,37.0,0.7,0.125,1.2,0.2,54.0,-343.0,16.0,18.0,510.0,0.0,0.0,0.0,0.0,0.0625,-0.8600000000000001,0.0,-1.0531000000000006,-1.5211000000000041,-0.6111000000000004,1.1889000000000038,-0.4177000000000035,0.0938296986336363,1.6193825983997727,-2.0,1.0,0.0,0.0,0.0,1.0,0.0,,
169,202207030509,7,1,4,70,8,5,3,46,0,0,0,2,0,1,1,8,3,0,1,10,0,0,0,0,0,0,1,0,1,0,0,0,0,0,0,0,0.0,0.0,9.0,12.0,39.8,2.1,0.8461538461538461,0.0,0.0,4.0,12.0,43.5,5.2,0.4166666666666667,0.0,0.0,8.0,5.0,38.0,0.9,0.36363636363636365,-3.5,11.0,0.0,0.0,0.23684210526315788,8,16,25.1,8.0,1090,1482,1169,0.0,0.0,8.0,11.0,37.5,0.7,0.6875,0.0,0.0,11.0,7.0,36.4,0.6,0.7333333333333333,-1.1,0.0,56.0,-544.0,16.0,13.0,451.0,0.07692307692307693,0.5,0.0,-0.125,-0.06666666666666667,1.2799999999999998,0.0,1.8888999999999996,4.461300000000001,-1.5467000000000013,-0.7794999999999987,-1.4211000000000027,0.18711352205111267,2.4856387509048856,0.0,0.0,,0.0,0.0,0.0,,0.061991869918699205,-0.0913978494623656
170,202207030509,0,6,0,19,8,12,13,88,0,0,0,2,0,1,0,2,1,1,4,26,0,0,0,1,0,0,0,0,0,0,0,2,0,0,0,0,0.0,0.0,7.0,9.0,39.7,1.2,0.6,0.0,0.0,12.0,10.0,35.4,0.8,0.1111111111111111,0.0,0.0,7.0,10.0,39.6,2.3,0.4166666666666667,0.5,23.0,-200.0,0.0,0.07692307692307693,8,15,30.3,10.0,1629,1183,1428,0.0,0.0,7.0,8.0,35.2,0.9,0.4375,0.0,0.0,11.0,5.0,34.9,0.5,0.16666666666666666,-1.0,0.0,54.0,-884.0,16.0,10.0,459.0,0.0,0.0,0.0,-0.0625,0.0,0.9800000000000004,0.0,1.546200000000006,0.24689999999999657,1.7766999999999982,0.04690000000000083,-0.25310000000000343,0.18177706465494456,2.202362368003959,0.0,3.0,0.0,0.2857142857142857,0.42857142857142855,3.0,0.0,0.04571428571428571,-0.0018939393939393923
171,202207030509,0,0,1,6,2,2,2,37,0,0,0,1,0,0,0,0,0,0,0,6,0,0,0,0,0,0,0,0,0,0,0,0,0,0,0,0,0.0,0.0,9.0,9.0,37.1,1.7,1.0,0.0,0.0,12.0,9.0,34.5,0.4,1.0,0.0,0.0,10.0,10.0,35.0,1.1,0.7,0.5,-10.0,-200.0,0.02702702702702703,0.13513513513513514,2,3,69.7,13.0,1605,1393,1,0.0,0.0,12.0,11.0,34.4,0.8,0.8461538461538461,0.0,0.0,9.0,10.0,39.8,2.9,0.36363636363636365,0.4,0.0,56.0,-890.0,16.0,12.0,460.0,-0.08333333333333333,-0.08333333333333333,0.1,-0.07692307692307693,0.6363636363636364,-0.529999999999999,0.0,-1.1794999999999973,-0.653100000000002,-0.153100000000002,-0.7531000000000034,0.40739999999999554,0.23702988815984785,2.0655265672462306,-2.0,3.0,0.0,0.0,0.0,3.0,0.0,0.2571428571428572,0.23546511627906977
172,202207030509,0,6,0,19,0,0,0,0,0,0,0,0,0,1,0,2,0,0,0,0,0,0,0,0,0,0,0,0,0,0,0,0,0,0,0,0,0.0,0.0,,,,,,0.0,0.0,170.0,18.0,35.6,2.0,0.3333333333333333,0.0,0.0,120.0,7.0,36.5,0.7,0.23076923076923078,-11.0,,-200.0,0.0,0.0,3,6,61.9,12.0,1629,1056,1428,0.0,0.0,80.0,9.0,37.3,0.7,0.25,0.0,0.0,100.0,10.0,34.9,0.6,0.5625,-2.2,0.0,54.0,-829.0,16.0,7.0,,,0.0,0.0,0.0625,-0.0625,0.13000000000000114,0.0,,0.4468999999999994,1.346899999999998,1.934599999999996,-0.25310000000000343,0.1318267272857586,0.9065732182234366,0.0,4.0,0.0,0.0,0.3,3.0,0.0,0.04571428571428571,
173,202207030509,26,21,13,160,0,0,0,3,0,0,0,0,9,6,4,30,0,0,0,0,0,0,0,0,0,2,2,10,0,0,0,0,0,0,0,0,0.0,0.0,20.0,1.0,36.2,0.0,0.0625,0.0,0.0,70.0,6.0,35.8,0.3,0.3333333333333333,0.0,0.0,50.0,8.0,37.1,1.1,0.25,3.5,-4.0,0.0,0.0,0.35714285714285715,7,14,45.9,11.0,1716,1172,1167,0.0,0.0,10.0,5.0,35.0,0.7,0.14285714285714285,,,,,,,,1.4,0.25,54.0,21.0,16.0,16.0,420.0,0.0,0.1111111111111111,0.0625,0.0,,0.23000000000000043,0.0,0.10520000000000351,-0.016200000000004877,1.9935000000000045,-0.10649999999999693,,0.10297737320405294,0.7562241731127095,0.0,2.0,0.5,0.0625,0.25,0.0,,0.05419580419580422,
174,202207030509,2,2,2,9,0,0,1,29,0,0,0,1,1,2,2,5,0,0,0,3,0,0,0,0,0,0,0,0,0,0,0,2,0,0,0,0,0.0,0.0,2.0,5.0,38.7,0.8,1.0,0.0,0.0,12.0,10.0,38.1,1.2,0.3333333333333333,0.0,0.0,15.0,12.0,35.9,1.5,0.3333333333333333,3.5,-1.0,-200.0,0.0,0.0,5,9,213.3,15.0,1270,1032,969,0.0,0.0,8.0,10.0,35.2,0.7,0.5,0.0,0.0,14.0,7.0,35.5,0.3,0.7777777777777778,0.4,0.0,54.0,-790.0,16.0,10.0,457.0,-0.1,0.0,0.0,-0.0625,0.1111111111111111,0.9300000000000004,0.0,0.4205000000000041,0.18890000000000384,0.5345999999999975,0.12530000000000285,-0.5947999999999993,0.26199613605670213,1.4344336861632894,0.0,2.0,0.0,0.0,0.2,0.0,,,0.3
175,202207030509,0,0,0,0,8,3,4,44,0,0,0,0,0,0,0,0,1,1,0,6,0,0,0,0,0,0,0,0,0,0,0,1,0,0,0,0,0.0,0.0,9.0,9.0,40.5,2.4,0.9,0.0,0.0,15.0,14.0,36.7,2.6,0.9333333333333333,0.0,0.0,15.0,17.0,35.1,1.6,0.8235294117647058,4.0,18.0,-200.0,0.0,0.0,6,11,252.1,16.0,1717,1362,1559,0.0,0.0,16.0,15.0,35.5,1.4,0.1875,0.0,0.0,12.0,12.0,40.7,3.3,1.0,0.7,0.0,54.0,-799.0,16.0,10.0,444.0,0.0,0.06666666666666667,0.058823529411764705,0.0,0.0,0.07999999999999971,0.0,2.2205000000000013,0.7834000000000003,-0.26539999999999964,0.346899999999998,2.420500000000004,0.2961901652564066,2.4265201420964964,0.0,2.0,0.0,0.0,0.0,1.0,0.0,,-0.18016321406151914
176,202207030509,13,11,6,67,4,6,2,36,0,0,0,3,2,2,0,9,0,0,0,8,0,0,0,1,0,1,0,3,0,0,0,3,0,0,0,0,0.0,0.0,15.0,16.0,37.6,2.4,0.125,0.0,0.0,14.0,16.0,34.8,1.9,0.875,0.0,0.0,16.0,12.0,34.9,1.4,0.9375,-2.0,16.0,0.0,0.11764705882352941,0.29411764705882354,1,1,85.2,14.0,1657,1376,1317,0.0,0.0,7.0,10.0,38.4,2.7,0.6363636363636364,0.0,0.0,10.0,6.0,34.6,0.6,0.5,-2.6,0.0,54.0,-106.0,16.0,16.0,474.0,0.0,0.0625,-0.0625,-0.2727272727272727,0.0,0.23999999999999985,0.0,2.4468999999999994,-0.35310000000000485,-0.25310000000000343,0.5788999999999973,-0.5531000000000006,0.29168044044612074,1.6069847541280535,1.0,4.0,0.0,0.0,0.23076923076923078,4.0,0.0,-0.07118311242022585,-0.17307692307692307
177,202207030512,5,9,11,82,1,2,0,7,0,1,0,2,0,1,1,10,0,1,0,1,0,1,0,1,0,1,1,4,0,1,0,1,0,1,0,1,0.0,0.0,20.0,5.0,33.4,0.2,1.0,0.0,0.0,10.0,4.0,34.1,0.3,0.2857142857142857,0.0,0.0,30.0,2.0,33.9,0.0,0.45454545454545453,-1.5,-10.0,0.0,0.2222222222222222,0.5555555555555556,3,3,2.7,1.0,1736,1332,1482,0.0,0.0,30.0,5.0,34.8,0.2,0.7222222222222222,0.0,0.0,50.0,5.0,33.6,0.1,0.8125,0.1,0.2,57.0,14.0,12.0,13.0,466.0,-0.07692307692307693,0.07142857142857142,-0.09090909090909091,-0.05555555555555555,0.0,-0.11000000000000014,0.0,-1.7531000000000034,-1.0531000000000006,-1.2531000000000034,-1.2948000000000022,-2.2162000000000006,0.25491333455287196,0.4841487374764074,0.0,5.0,0.2,0.15789473684210525,0.42105263157894735,3.0,0.3333333333333333,-0.06123106670963582,
178,202207030512,6,4,9,63,0,1,1,4,0,1,1,0,3,2,1,26,0,1,1,1,0,1,1,0,2,1,1,7,0,1,1,0,0,1,1,0,0.0,0.0,120.0,110.0,39.0,3.3,0.9166666666666666,0.0,0.0,140.0,90.0,32.4,0.8,0.875,0.0,0.0,160.0,140.0,34.9,1.0,0.375,15.0,24.0,-200.0,0.0,0.3333333333333333,7,10,7.2,4.0,1172,792,1556,0.0,0.0,100.0,140.0,34.5,0.8,0.3125,0.0,0.0,80.0,30.0,33.7,0.4,0.2222222222222222,-11.0,0.0,57.0,-834.0,12.0,12.0,538.0,0.08333333333333333,,0.0,0.0625,0.0,0.8499999999999993,0.0,1.3357000000000028,-1.1433999999999997,-0.20649999999999835,-0.653100000000002,-1.4530999999999992,0.29464091977343926,2.22081066279861,5.0,2.0,0.0,0.0,0.16666666666666666,2.0,0.0,0.037523452157598475,
179,202207030512,0,0,0,6,7,6,6,87,0,0,0,0,0,0,0,2,0,2,1,18,0,0,0,0,0,0,0,0,0,0,0,1,0,0,0,0,0.0,0.0,16.0,6.0,33.2,0.2,0.05555555555555555,0.0,0.0,8.0,11.0,37.0,2.9,0.18181818181818182,0.0,0.0,10.0,3.0,34.9,0.2,0.08333333333333333,-1.5,18.0,200.0,0.1,0.1,4,4,52.1,10.0,1020,1558,1576,0.0,0.0,8.0,16.0,40.4,3.3,0.25,0.0,0.0,5.0,15.0,38.7,1.5,0.0625,2.3,0.2,55.0,-147.0,12.0,18.0,468.0,,0.09090909090909091,0.0,0.0,0.0,-1.44,0.0,-0.3433999999999955,1.846899999999998,-0.25310000000000343,2.7083000000000013,0.7889000000000053,0.0765568110079233,2.575732905407701,0.0,2.0,0.5,0.0,0.125,2.0,0.5,,0.05152394775036287
180,202207030512,0,0,1,10,1,0,1,6,0,0,1,0,0,0,1,3,0,0,1,1,0,0,1,0,0,0,0,0,0,0,0,0,0,0,0,0,0.0,0.0,5.0,12.0,32.3,1.2,0.7647058823529411,0.0,0.0,4.0,16.0,33.6,1.1,0.7777777777777778,0.0,0.0,2.0,3.0,32.4,0.1,0.5,-4.5,-2.0,200.0,0.0,0.23076923076923078,6,8,4.2,2.0,1520,1205,695,0.0,0.0,5.0,13.0,34.5,1.0,0.875,0.0,0.0,10.0,10.0,34.7,0.3,0.25,-0.7,0.2,55.0,-890.0,12.0,17.0,464.0,,,,0.0625,0.0,-0.570000000000001,0.0,-1.2434000000000012,0.05660000000000309,-1.1433999999999997,-0.653100000000002,-0.45309999999999917,0.22858163122661865,1.0099504938362094,1.0,2.0,0.0,0.0,0.0,2.0,0.0,0.07575757575757575,
181,202207030512,0,2,0,14,0,4,2,8,0,0,0,0,0,0,0,0,0,0,1,4,0,0,0,0,0,0,0,0,0,0,0,1,0,0,0,0,0.0,0.0,130.0,9.0,34.0,0.5,0.7647058823529411,0.0,0.0,90.0,7.0,33.8,0.8,1.0,0.0,0.0,130.0,6.0,34.3,1.2,0.5,-1.5,10.0,0.0,0.10256410256410256,0.3076923076923077,6,7,21.6,8.0,1200,1208,324,0.0,0.0,90.0,9.0,34.6,1.1,0.3,0.0,0.0,100.0,10.0,34.8,1.3,0.35714285714285715,0.4,0.0,57.0,-875.0,12.0,17.0,498.0,-0.058823529411764705,0.0,-0.0625,0.0,0.21428571428571427,-0.23999999999999985,0.0,-1.153100000000002,-1.3531000000000049,-0.8531000000000049,-0.5064999999999955,-0.35310000000000485,0.2626351444931605,0.3687817782917157,-1.0,4.0,0.0,0.0,0.0,4.0,0.0,0.20833333333333331,
182,202207030512,7,1,4,70,1,1,1,11,0,0,0,0,0,1,1,8,0,0,0,1,0,0,0,0,0,1,0,1,0,0,0,0,0,0,0,0,0.0,0.0,30.0,16.0,36.6,2.7,0.75,0.0,0.0,30.0,11.0,34.0,0.4,0.4444444444444444,0.0,0.0,30.0,2.0,33.2,0.2,0.5384615384615384,-7.0,8.0,0.0,0.1111111111111111,0.2962962962962963,5,6,6.5,3.0,1090,1438,1169,0.0,0.0,110.0,3.0,35.1,0.2,0.75,0.0,0.0,40.0,8.0,34.7,0.8,0.6666666666666666,-2.4,0.4,55.0,27.0,12.0,16.0,426.0,0.0,0.0,0.07692307692307693,-0.0625,-0.1111111111111111,0.2699999999999996,0.0,1.4468999999999994,-1.153100000000002,-1.9530999999999992,-0.05310000000000059,-1.1161999999999992,0.12079284917338955,1.1408768557561326,0.0,5.0,0.4,0.0,0.125,4.0,0.5,0.061991869918699205,-0.08928571428571427
183,202207030512,1,0,0,12,9,10,18,107,1,0,0,4,0,0,0,6,0,2,0,13,0,0,0,4,0,0,0,2,0,0,0,4,0,0,0,2,0.0,0.0,3.0,7.0,35.7,2.0,0.5,0.0,0.0,5.0,4.0,33.8,0.6,1.0,0.0,0.0,6.0,7.0,34.1,0.4,0.5833333333333334,0.0,4.0,0.0,0.05714285714285714,0.11428571428571428,7,9,14.3,6.0,1713,1167,215,0.0,0.0,7.0,8.0,34.9,0.9,0.6666666666666666,0.0,0.0,8.0,2.0,34.0,0.1,0.2857142857142857,-0.6,0.2,57.0,-57.0,12.0,8.0,488.0,0.25,-0.09090909090909091,0.08333333333333333,-0.2222222222222222,0.0,0.23000000000000043,0.0,0.5469000000000008,-1.3531000000000049,-1.0531000000000006,-0.3913000000000011,-1.153100000000002,0.233770242069211,0.7071067811865487,0.0,4.0,0.25,0.0,0.0,4.0,0.25,,-0.05976134585289514
184,202207030512,3,1,0,23,0,1,0,20,0,0,0,1,0,0,0,6,0,0,0,7,0,0,0,1,0,0,0,1,0,0,0,1,0,0,0,1,0.0,0.0,15.0,13.0,33.7,1.2,0.6111111111111112,0.0,0.0,12.0,14.0,33.6,1.1,0.17647058823529413,0.0,0.0,5.0,8.0,36.1,1.2,0.26666666666666666,-2.5,14.0,200.0,0.0,0.0,8,12,68.3,11.0,1183,1124,1558,0.0,0.0,16.0,11.0,35.8,1.0,0.125,0.0,0.0,9.0,8.0,36.2,0.9,0.5555555555555556,-1.3,0.0,55.0,-511.0,12.0,18.0,482.0,,,,0.0,-0.1111111111111111,-0.7199999999999995,0.0,0.1566000000000045,0.05660000000000309,1.3262,0.6468999999999951,1.0469000000000008,0.19903156322419965,1.1754148203932084,-1.0,2.0,0.0,0.0,0.11764705882352941,2.0,0.0,0.11500974658869395,0.5238095238095237
185,202207030512,45,34,33,257,1,0,1,34,0,0,0,2,4,4,1,33,0,0,0,8,0,0,0,2,1,1,1,3,0,0,0,0,0,0,0,0,0.0,0.0,8.0,11.0,41.7,3.6,0.8181818181818182,0.0,0.0,13.0,13.0,35.9,1.2,0.5714285714285714,0.0,0.0,16.0,9.0,34.1,0.5,0.8125,-1.0,-6.0,-200.0,0.0,0.0,1,1,96.2,12.0,1428,1445,1263,0.0,0.0,12.0,9.0,34.1,0.8,1.0,0.0,0.0,6.0,7.0,34.2,0.9,0.75,-1.2,0.0,57.0,-208.0,12.0,11.0,454.0,0.18181818181818182,0.0,0.0625,0.0,0.125,1.6799999999999997,0.0,3.420500000000004,0.7468999999999966,-1.0531000000000006,-1.0531000000000006,-0.8746999999999971,0.13767573752475534,2.9312113536898017,0.0,3.0,0.0,0.2,0.2,3.0,0.0,0.002599413749239554,0.3015873015873016
186,202207030512,17,17,10,78,3,3,2,26,1,0,0,1,1,1,0,4,1,0,1,4,1,0,0,1,0,0,0,0,0,0,0,1,0,0,0,0,0.0,0.0,13.0,14.0,34.6,1.0,0.9375,0.0,0.0,9.0,9.0,34.8,0.9,0.9090909090909091,0.0,0.0,10.0,13.0,34.6,1.2,0.875,-0.5,0.0,0.0,0.07692307692307693,0.15384615384615385,5,5,8.2,5.0,1098,1542,1294,0.0,0.0,7.0,8.0,34.7,1.2,0.18181818181818182,0.0,0.0,7.0,14.0,33.4,0.9,0.9411764705882353,-0.1,0.0,57.0,-456.0,12.0,16.0,480.0,0.0,0.0,0.0,0.0,0.058823529411764705,0.25,0.0,-0.5531000000000006,-1.2948000000000022,-0.5531000000000006,-0.4064999999999941,-1.7531000000000034,0.29451006878733027,0.5153639490690056,-1.0,4.0,0.0,0.25,0.375,3.0,0.0,0.07071681131468982,-0.053475935828877
187,202207030512,6,4,9,63,0,0,0,1,0,0,0,0,3,2,1,26,0,0,0,0,0,0,0,0,2,1,1,7,0,0,0,0,0,0,0,0,0.0,0.0,17.0,18.0,34.4,2.1,1.0,0.0,0.0,14.0,14.0,35.5,1.3,0.7142857142857143,0.0,0.0,7.0,11.0,34.7,0.9,0.5833333333333334,-3.5,-2.0,0.0,0.12121212121212122,0.30303030303030304,2,2,18.7,7.0,1172,178,1556,0.0,0.0,11.0,7.0,34.5,0.6,0.5,0.0,0.0,7.0,10.0,34.3,0.4,0.8571428571428571,-2.3,0.0,55.0,-161.0,12.0,18.0,438.0,0.0,-0.07142857142857142,-0.08333333333333333,0.07142857142857142,0.0,0.12000000000000029,0.0,-0.7531000000000034,0.39350000000000307,-0.45309999999999917,-0.653100000000002,-0.8531000000000049,0.18095238095238095,0.430813184570761,0.0,4.0,0.0,0.0,0.0,4.0,0.0,0.037523452157598475,
188,202207030512,1,0,1,2,7,6,6,87,0,0,0,0,0,0,1,0,0,2,1,18,0,0,0,0,0,0,0,0,0,0,0,1,0,0,0,0,0.0,0.0,60.0,30.0,37.2,0.8,0.16666666666666666,0.0,0.0,50.0,110.0,36.5,2.5,0.75,0.0,0.0,90.0,120.0,35.7,1.4,0.25,45.0,4.0,300.0,0.09090909090909091,0.15151515151515152,8,11,37.4,9.0,429,1558,377,0.0,0.0,140.0,60.0,37.7,0.4,0.125,0.0,0.0,80.0,130.0,40.3,1.9,0.125,15.0,0.0,57.0,-753.0,12.0,12.0,484.0,0.08333333333333333,0.0,0.0,0.0,0.0,-0.7399999999999991,0.0,,0.058900000000001285,0.5469000000000008,0.008300000000005525,2.3888999999999996,0.2377557102947851,1.5625619987699673,2.0,1.0,0.0,0.2,0.45,1.0,0.0,,0.05152394775036287
189,202207030604,0,1,1,1,0,0,0,0,0,0,0,0,0,0,0,0,0,0,0,0,0,0,0,0,0,0,0,0,0,0,0,0,0,0,0,0,0.0,0.0,90.0,12.0,37.1,1.4,0.16666666666666666,0.0,0.0,80.0,8.0,40.8,1.5,0.26666666666666666,0.0,0.0,30.0,14.0,44.1,4.0,0.2857142857142857,1.0,-8.0,-400.0,0.0,0.0,8,16,38.6,8.0,1089,68,1428,0.0,0.0,20.0,7.0,33.9,0.5,0.8888888888888888,,,,,,,,-0.9,0.0,53.0,70.0,18.0,18.0,478.0,0.05555555555555555,-0.06666666666666667,-0.14285714285714285,-0.3333333333333333,,0.6300000000000004,0.0,2.0253000000000014,2.5204999999999984,4.4741,-1.5592000000000041,,0.2847279602319879,3.8362579423182694,-3.0,0.0,,0.0,0.4444444444444444,0.0,,-0.09523809523809523,
190,202207030604,0,1,0,3,2,2,2,23,0,0,0,0,0,0,0,1,0,0,0,2,0,0,0,0,0,0,0,0,0,0,0,0,0,0,0,0,0.0,0.0,10.0,5.0,38.3,0.8,0.4166666666666667,0.0,0.0,20.0,3.0,35.1,0.4,0.16666666666666666,0.0,0.0,30.0,2.0,34.4,0.2,0.2777777777777778,-1.5,-6.0,0.0,0.1,0.3,6,11,3.2,1.0,1317,1405,1186,0.0,0.0,10.0,2.0,35.4,0.0,0.5,0.0,0.0,50.0,3.0,34.2,0.1,0.7222222222222222,-0.5,0.8,54.0,15.0,18.0,12.0,428.0,-0.08333333333333333,0.0,0.0,0.05555555555555555,-0.05555555555555555,0.7899999999999991,0.0,0.3888999999999996,-0.006499999999995509,-0.7064999999999984,-0.41620000000000346,-0.9530999999999992,0.19083960041464074,1.4770240350109392,1.0,2.0,1.0,0.0,0.0,1.0,1.0,-0.01626016260162602,-0.04768439108061748
191,202207030604,0,1,1,8,1,1,0,15,0,0,0,1,0,0,0,0,1,1,0,2,0,0,0,0,0,0,0,0,0,1,0,0,0,0,0,0,0.0,0.0,30.0,4.0,39.6,2.0,0.1875,0.0,0.0,20.0,3.0,35.1,0.2,0.2222222222222222,0.0,0.0,40.0,5.0,35.3,0.8,0.375,0.5,-2.0,-200.0,0.0,0.225,4,8,3.8,2.0,1306,1235,1445,0.0,0.0,120.0,3.0,36.2,0.4,0.3333333333333333,0.0,0.0,60.0,5.0,34.2,0.2,0.4,0.2,0.4,56.0,28.0,18.0,16.0,456.0,0.0625,-0.05555555555555555,-0.25,0.05555555555555555,0.0,0.9699999999999995,0.0,1.4662000000000006,-0.006499999999995509,0.22529999999999717,1.1253000000000029,-0.8746999999999971,0.08411485387240063,1.871256262514571,0.0,0.0,,0.0,0.0,0.0,,-0.0393939393939394,0.09690177982860912
192,202207030604,0,0,0,4,2,1,1,7,0,0,0,0,0,0,0,0,0,0,1,2,0,0,0,0,0,0,0,0,0,0,0,2,0,0,0,0,0.0,0.0,7.0,6.0,36.9,0.8,0.5833333333333334,0.0,0.0,8.0,3.0,37.2,0.3,0.7777777777777778,0.0,0.0,10.0,10.0,38.3,2.5,0.36363636363636365,2.0,0.0,-200.0,0.09523809523809523,0.38095238095238093,2,3,8.6,5.0,1094,1393,334,0.0,0.0,11.0,11.0,35.4,1.0,0.5833333333333334,0.0,0.0,2.0,1.0,36.6,0.0,0.3333333333333333,-0.2,0.4,54.0,-889.0,18.0,12.0,452.0,0.08333333333333333,-0.2222222222222222,0.0,0.08333333333333333,0.0,0.23999999999999985,0.0,-1.3795000000000002,-1.079499999999996,0.02049999999999841,-0.5225000000000009,-1.2210999999999999,0.16335397756881312,0.9368030742904291,0.0,0.0,,0.16666666666666666,0.3333333333333333,0.0,,,0.23546511627906977
193,202207030604,0,0,0,2,0,1,0,6,0,0,0,0,0,0,0,1,0,0,0,0,0,0,0,0,0,0,0,0,0,0,0,0,0,0,0,0,0.0,0.0,5.0,8.0,39.3,1.9,0.7777777777777778,0.0,0.0,11.0,7.0,35.8,1.1,0.5625,0.0,0.0,8.0,11.0,37.3,1.9,0.8,1.5,5.0,-100.0,0.0,0.0,2,4,55.0,12.0,1712,1445,1292,0.0,0.0,4.0,7.0,34.8,0.6,0.875,0.0,0.0,12.0,5.0,34.3,0.5,0.8888888888888888,-0.6,0.0,56.0,-727.0,18.0,9.0,433.0,0.1111111111111111,0.0,0.0,0.0,-0.05555555555555555,1.1,0.0,1.708599999999997,0.4345999999999961,1.5625999999999962,-0.35310000000000485,-1.065400000000004,0.11712344442752655,1.816590212458495,0.0,3.0,0.0,0.05,0.2,0.0,,-0.033333333333333354,0.3015873015873016
194,202207030604,0,0,0,1,2,2,2,23,0,0,0,0,0,0,0,0,0,0,0,2,0,0,0,0,0,0,0,0,0,0,0,0,0,0,0,0,0.0,0.0,4.0,8.0,41.3,2.1,0.5833333333333334,0.0,0.0,2.0,7.0,35.1,0.8,0.16666666666666666,0.0,0.0,5.0,2.0,34.2,0.0,0.3888888888888889,-3.0,-7.0,-300.0,0.0,0.125,5,9,9.5,6.0,1534,1405,1235,0.0,0.0,6.0,6.0,34.9,0.5,0.3333333333333333,0.0,0.0,2.0,5.0,35.9,0.9,0.625,-0.7,0.2,54.0,-267.0,18.0,12.0,493.0,-0.16666666666666666,0.05555555555555555,-0.1111111111111111,0.05555555555555555,0.0,1.1,0.0,,-0.05310000000000059,-0.9530999999999992,-0.4654000000000025,0.5345999999999975,0.16814162167135063,2.567800615312644,0.0,4.0,0.25,0.058823529411764705,0.23529411764705882,0.0,,,-0.04768439108061748
195,202207030604,0,0,0,3,0,1,2,1,0,0,0,0,0,0,0,0,0,0,0,0,0,0,0,0,0,0,0,0,0,0,0,0,0,0,0,0,0.0,0.0,1.0,2.0,38.7,0.5,0.3,0.0,0.0,1.0,14.0,35.2,1.5,0.8333333333333334,0.0,0.0,4.0,5.0,34.1,0.5,0.7058823529411765,1.5,30.0,-200.0,0.0,0.0,4,7,67.2,14.0,1310,1124,1618,0.0,0.0,10.0,2.0,33.5,0.3,0.6666666666666666,0.0,0.0,6.0,6.0,36.8,0.9,0.4,-0.3999999999999999,0.4,56.0,-787.0,18.0,10.0,486.0,0.0,0.0,-0.23529411764705882,-0.16666666666666666,0.0,0.5500000000000014,0.0,1.0357000000000056,-0.16539999999999822,-1.0531000000000006,-1.653100000000002,-1.4795000000000016,0.19916241375102428,1.8895502110290694,3.0,3.0,0.3333333333333333,0.16129032258064516,0.25806451612903225,0.0,,-0.08552631578947367,0.5238095238095237
196,202207030604,3,4,1,20,0,0,0,1,0,0,0,1,0,0,0,0,0,0,0,0,0,0,0,0,0,0,0,0,0,0,0,0,0,0,0,0,0.0,0.0,150.0,16.0,39.6,2.5,1.0,0.0,0.0,140.0,12.0,35.9,1.1,0.75,0.0,0.0,17.0,15.0,34.2,1.2,0.5555555555555556,-0.5,2.0,-200.0,0.02631578947368421,0.2631578947368421,7,13,46.4,10.0,1127,1412,1328,0.0,0.0,2.0,1.0,42.2,0.0,0.16666666666666666,0.0,0.0,10.0,8.0,34.2,0.6,0.9444444444444444,-2.7,0.2,54.0,-931.0,18.0,16.0,440.0,0.0,0.0,0.2222222222222222,-0.08333333333333333,-0.05555555555555555,0.4499999999999993,0.0,1.3205000000000027,-0.016600000000003945,-0.9064999999999941,2.8074000000000012,-1.1653999999999982,0.3020506048681819,3.1764130713746916,-2.0,1.0,0.0,0.0,0.2727272727272727,0.0,,0.030746489283074607,
197,202207030604,1,1,0,12,1,0,0,6,0,0,0,0,0,0,0,0,0,0,0,1,0,0,0,0,0,0,0,0,0,0,0,1,0,0,0,0,0.0,0.0,6.0,6.0,39.3,1.2,0.3,0.0,0.0,8.0,8.0,35.2,0.9,0.8181818181818182,0.0,0.0,2.0,8.0,34.9,0.6,0.2222222222222222,1.0,17.0,-200.0,0.11428571428571428,0.2857142857142857,7,14,7.9,4.0,1431,1036,1428,0.0,0.0,6.0,8.0,34.4,0.9,0.7777777777777778,0.0,0.0,4.0,9.0,35.0,0.7,0.5,0.6,0.0,54.0,-627.0,18.0,10.0,461.0,0.3,0.0,0.0,-0.05555555555555555,0.0,0.9399999999999998,0.0,1.0204999999999984,0.04690000000000083,-0.25310000000000343,-0.7531000000000034,-0.36540000000000106,0.24197820920324895,1.7895250766614021,0.0,4.0,0.0,0.0,0.0,0.0,,0.11111111111111112,-0.02797202797202797
198,202207030604,2,2,1,23,0,0,0,7,0,0,0,0,0,0,1,2,0,0,0,1,0,0,0,0,0,0,1,1,0,0,0,0,0,0,0,0,0.0,0.0,1.0,3.0,40.7,0.4,1.0,0.0,0.0,6.0,12.0,36.6,1.9,0.8125,0.0,0.0,16.0,10.0,34.9,0.7,0.6111111111111112,3.5,3.0,-200.0,,,5,10,197.5,16.0,1691,1306,1167,0.0,0.0,13.0,10.0,36.3,1.4,0.8125,0.0,0.0,11.0,14.0,40.9,4.2,0.1875,2.0,0.2,51.0,-84.0,18.0,10.0,461.0,-0.8,-0.0625,0.0,0.0625,0.0,-0.009999999999998722,0.0,2.420500000000004,0.6833999999999989,-0.4654000000000025,-0.07489999999999952,3.2357000000000014,0.27738166201058256,2.453079697033915,-3.0,1.0,0.0,0.0,0.0,0.0,,0.035334713595583156,0.051282051282051266
199,202207030604,4,4,3,12,3,0,0,7,0,0,0,0,0,0,0,0,0,0,0,0,0,0,0,0,0,0,0,0,0,0,0,0,0,0,0,0,0.0,0.0,5.0,5.0,39.9,0.3,0.1,0.0,0.0,6.0,6.0,36.2,0.9,0.5714285714285714,0.0,0.0,7.0,11.0,35.4,1.1,0.5555555555555556,3.0,2.0,-200.0,0.0,0.0,3,5,25.6,7.0,1098,1503,1294,0.0,0.0,11.0,4.0,37.0,0.4,0.5,0.0,0.0,7.0,6.0,38.1,1.3,0.2857142857142857,0.0,0.0,55.0,-289.0,18.0,10.0,494.0,0.0,-0.14285714285714285,-0.05555555555555555,-0.1875,0.0,0.2799999999999997,0.0,1.6204999999999998,-0.24109999999999587,0.03459999999999752,-0.12290000000000134,0.18890000000000384,0.18254547954908248,1.5689486925964145,-1.0,1.0,0.0,0.0,0.16666666666666666,0.0,,0.07071681131468982,0.10227272727272729
200,202207030604,8,5,3,33,0,0,0,0,0,0,0,0,2,0,1,11,0,0,0,0,0,0,0,0,1,0,0,5,0,0,0,0,0,0,0,0,0.0,0.0,12.0,14.0,41.5,4.3,0.9285714285714286,0.0,0.0,15.0,16.0,37.6,2.5,0.0625,0.0,0.0,13.0,16.0,34.5,2.0,0.375,1.0,2.0,-500.0,0.07142857142857142,0.14285714285714285,6,12,7.4,3.0,1716,784,1167,0.0,0.0,12.0,14.0,37.4,1.6,0.4375,0.0,0.0,10.0,11.0,38.1,1.6,0.25,-0.8,0.0,54.0,-811.0,18.0,14.0,458.0,-0.07142857142857142,0.0625,,0.0625,0.0625,0.7,0.0,2.1073999999999984,2.4468999999999994,0.9566000000000017,-0.017700000000004934,0.18890000000000384,0.28887757805347375,2.230156945149825,2.0,1.0,0.0,0.14285714285714285,0.2857142857142857,0.0,,0.05419580419580422,
201,202207030604,0,0,0,6,0,0,0,1,0,0,0,0,0,0,0,1,0,0,0,0,0,0,0,0,0,0,0,1,0,0,0,0,0,0,0,0,0.0,0.0,1.0,4.0,41.4,1.1,0.1111111111111111,0.0,0.0,18.0,13.0,34.7,1.5,1.0,0.0,0.0,16.0,12.0,36.7,1.2,0.6875,4.0,25.0,-100.0,0.0,0.125,1,1,330.8,18.0,1583,1541,118,0.0,0.0,12.0,15.0,41.0,4.2,0.1875,0.0,0.0,9.0,8.0,36.0,1.5,0.35714285714285715,1.0,0.0,54.0,-56.0,18.0,9.0,447.0,0.1111111111111111,0.0,0.0625,0.1875,0.0,0.45,0.0,4.571899999999999,-0.6653999999999982,-1.1210999999999984,3.0889000000000024,0.846899999999998,0.3315241672858602,2.725142198124713,0.0,2.0,0.0,0.0,0.0,0.0,,-0.0875,
202,202207030604,0,0,0,0,4,3,2,18,0,0,0,0,0,0,0,0,1,0,0,1,0,0,0,0,0,0,0,0,1,0,0,0,0,0,0,0,0.0,0.0,11.0,14.0,36.0,1.6,0.3333333333333333,0.0,0.0,9.0,14.0,39.3,3.6,0.4375,0.0,0.0,8.0,7.0,38.0,0.8,0.1875,-3.5,-6.0,0.0,,,1,2,52.4,11.0,1289,1013,1428,0.0,0.0,7.0,12.0,36.2,1.8,0.2222222222222222,0.0,0.0,5.0,4.0,35.6,0.8,0.1111111111111111,-2.2,0.0,51.0,0.0,18.0,18.0,442.0,0.05555555555555555,0.1875,0.0,0.2777777777777778,0.0,0.3899999999999991,0.0,0.6345999999999989,1.8822999999999936,0.08890000000000242,1.0469000000000008,0.4468999999999994,0.11464855046382745,1.406271666499754,0.0,3.0,0.0,0.17647058823529413,0.17647058823529413,0.0,,,0.13151602104256338
203,202207030604,0,0,1,1,1,2,1,24,0,0,0,0,0,0,0,1,0,0,0,3,0,0,0,0,0,0,0,1,0,0,0,1,0,0,0,0,0.0,0.0,13.0,13.0,42.0,3.0,0.7692307692307693,0.0,0.0,11.0,15.0,40.7,4.1,0.4375,0.0,0.0,15.0,15.0,36.5,1.7,0.05555555555555555,1.0,36.0,0.0,0.02631578947368421,0.13157894736842105,7,15,109.2,15.0,1449,1167,1306,0.0,0.0,11.0,11.0,35.7,1.3,0.4117647058823529,0.0,0.0,8.0,4.0,35.7,0.4,0.09090909090909091,-2.2,0.0,54.0,-563.0,18.0,13.0,472.0,0.23076923076923078,0.0625,0.05555555555555555,0.058823529411764705,0.0,1.7599999999999993,0.0,4.088900000000002,2.7889000000000053,1.134599999999999,0.5469000000000008,0.5469000000000008,0.26115376150949193,2.685069831494145,0.0,3.0,0.0,0.0,0.0,0.0,,,-0.05976134585289514
204,202207030604,0,0,0,0,0,0,0,0,0,0,0,0,0,0,0,0,0,0,0,0,0,0,0,0,0,0,0,0,0,0,0,0,0,0,0,0,0.0,0.0,5.0,6.0,41.4,1.8,0.3,0.0,0.0,16.0,13.0,36.9,1.9,0.4375,0.0,0.0,8.0,10.0,37.4,2.4,0.5833333333333334,2.0,-20.0,-300.0,0.05555555555555555,0.1111111111111111,8,18,60.2,13.0,673,142,248,0.0,0.0,13.0,16.0,36.4,1.7,0.16666666666666666,0.0,0.0,14.0,8.0,36.0,1.4,0.16666666666666666,0.7,0.0,54.0,-633.0,18.0,10.0,404.0,0.1,0.125,0.08333333333333333,0.0,0.0,1.1299999999999997,0.0,,1.5345999999999975,0.9588999999999999,1.0345999999999975,0.8935000000000031,0.16123654121266132,1.9477166118303757,2.0,2.0,0.0,0.2,0.6,0.0,,,
205,202207030604,0,0,0,0,2,1,1,6,0,0,0,0,0,0,0,0,0,0,0,0,0,0,0,0,0,0,0,0,0,0,0,0,0,0,0,0,0.0,0.0,4.0,6.0,39.6,1.3,0.08333333333333333,0.0,0.0,15.0,15.0,38.4,2.8,0.9333333333333333,0.0,0.0,15.0,16.0,39.6,3.4,0.5625,5.0,2.0,-300.0,0.0,0.25,8,17,249.3,17.0,1279,1294,1079,0.0,0.0,12.0,12.0,39.9,2.6,0.6923076923076923,0.0,0.0,16.0,14.0,37.6,1.9,0.0625,1.3,0.0,56.0,-794.0,18.0,12.0,474.0,0.08333333333333333,0.0,0.125,0.3076923076923077,0.0625,0.25,0.0,,-0.8094000000000037,1.0224000000000046,0.2740999999999971,1.8626000000000005,0.34297834762970214,0.8772684879784522,0.0,0.0,,0.0,0.23076923076923078,0.0,,,0.0761904761904762
206,202207030604,1,1,2,9,1,1,0,15,0,0,0,0,0,0,0,1,1,1,0,2,0,0,0,0,0,0,0,1,0,1,0,0,0,0,0,0,0.0,0.0,40.0,50.0,38.2,1.2,0.16666666666666666,0.0,0.0,130.0,140.0,36.2,2.3,0.5555555555555556,0.0,0.0,90.0,180.0,37.7,3.0,0.2222222222222222,65.0,7.0,380.0,0.0,0.0,3,6,40.2,9.0,1561,1235,1263,0.0,0.0,100.0,110.0,37.0,1.1,0.2222222222222222,0.0,0.0,70.0,40.0,36.0,0.7,0.05555555555555555,-5.0,0.0,54.0,-381.0,18.0,12.0,441.0,0.08333333333333333,0.0,-0.05555555555555555,0.0,0.0,0.3600000000000009,0.0,,1.0469000000000008,2.334600000000002,0.9052000000000007,-0.09479999999999933,0.16703662642636566,0.8447484832777157,3.0,4.0,0.0,0.0625,0.1875,0.0,,0.09871915026554202,0.09690177982860912
207,202207030711,1,2,0,19,7,7,6,97,0,1,0,1,0,1,0,4,2,1,0,18,0,1,0,1,0,1,0,0,0,1,0,2,0,1,0,0,0.0,0.0,50.0,1.0,33.9,0.0,0.3,0.0,0.0,100.0,15.0,38.3,2.3,0.2777777777777778,0.0,0.0,10.0,2.0,34.8,0.6,0.5555555555555556,0.5,0.0,-200.0,0.1111111111111111,0.2777777777777778,4,7,4.6,1.0,1009,1556,298,0.0,0.0,50.0,1.0,35.6,0.0,0.1875,0.0,0.0,40.0,1.0,36.1,0.0,0.15384615384615385,-1.4,0.8,57.0,20.0,17.0,10.0,466.0,0.0,0.1111111111111111,0.0,-0.0625,0.0,-0.17000000000000098,0.0,-1.2064999999999984,2.7378999999999962,-0.35310000000000485,0.4468999999999994,0.005200000000002092,0.14120300294785934,1.4813507349712962,1.0,3.0,1.0,0.0,0.5,2.0,1.0,0.030303030303030304,0.05405982905982906
208,202207030711,4,1,0,8,1,0,0,0,1,0,0,0,1,0,0,0,0,0,0,0,0,0,0,0,0,0,0,0,0,0,0,0,0,0,0,0,0.0,0.0,170.0,15.0,35.9,1.7,0.23529411764705882,0.0,0.0,17.0,6.0,34.0,0.5,0.23529411764705882,0.0,0.0,6.0,6.0,34.0,0.3,0.8,-4.5,0.0,-400.0,0.05405405405405406,0.10810810810810811,3,6,20.2,9.0,1289,219,1428,0.0,0.0,10.0,3.0,33.9,0.1,0.1875,0.0,0.0,16.0,3.0,33.5,0.2,0.8888888888888888,-2.7,0.4,54.0,-904.0,17.0,17.0,448.0,-0.11764705882352941,0.0,-0.1,0.0,-0.1111111111111111,0.4899999999999999,0.0,0.8252999999999986,-1.0747,-1.153100000000002,-1.2531000000000034,-1.606499999999997,0.3080084499169048,0.8404760555780274,-2.0,2.0,0.5,0.0,0.0,2.0,0.5,,
209,202207030711,1,0,1,9,1,0,1,6,1,0,0,0,0,0,0,0,0,0,1,1,0,0,0,0,0,0,0,0,0,0,0,0,0,0,0,0,0.0,0.0,4.0,7.0,35.4,0.9,0.5,0.0,0.0,7.0,7.0,33.8,0.4,0.75,0.0,0.0,5.0,14.0,34.6,0.6,0.26666666666666666,3.5,-2.0,-200.0,0.0,0.375,7,13,6.8,4.0,1045,1205,969,0.0,0.0,3.0,5.0,34.4,0.4,0.16666666666666666,0.0,0.0,5.0,3.0,35.6,0.1,0.3333333333333333,-1.0,0.2,54.0,-617.0,17.0,14.0,474.0,0.14285714285714285,0.0,0.0,0.0,0.05555555555555555,-0.10000000000000071,0.0,0.29350000000000165,-1.3531000000000049,-0.5531000000000006,-0.7531000000000034,-0.4947999999999979,0.20450482200237288,0.6621178142898749,-1.0,4.0,0.25,0.05555555555555555,0.2222222222222222,3.0,0.0,,
210,202207030711,0,1,2,2,0,0,0,1,0,0,0,0,0,0,1,1,0,0,0,0,0,0,0,0,0,0,0,0,0,0,0,0,0,0,0,0,0.0,0.0,10.0,1.0,35.0,0.0,0.3125,0.0,0.0,60.0,3.0,35.6,0.4,0.15384615384615385,0.0,0.0,90.0,4.0,34.9,0.2,0.2,1.5,0.0,0.0,0.0,0.3333333333333333,6,12,9.0,6.0,1534,1029,1235,0.0,0.0,80.0,8.0,33.6,1.0,0.7777777777777778,0.0,0.0,30.0,4.0,35.7,0.8,0.2727272727272727,1.1,0.4,56.0,34.0,17.0,16.0,484.0,0.0,0.0,-0.1,0.0,0.0,0.05999999999999943,0.0,-0.153100000000002,-0.049900000000000944,-0.1747000000000014,-1.5064999999999955,-0.2224999999999966,0.2241105594883975,0.7499333303701072,0.0,1.0,1.0,0.0,0.0,1.0,1.0,,
211,202207030711,6,4,9,63,2,0,1,8,0,0,0,0,3,2,1,26,0,0,0,1,0,0,0,0,0,0,0,2,0,0,0,0,0,0,0,0,0.0,0.0,110.0,3.0,34.3,0.3,0.6923076923076923,0.0,0.0,10.0,5.0,35.9,0.5,0.25,0.0,0.0,20.0,2.0,36.0,0.2,0.2727272727272727,-0.5,-8.0,0.0,0.0,0.24390243902439024,5,9,6.6,3.0,1172,1417,1556,0.0,0.0,30.0,1.0,33.5,0.0,0.08333333333333333,,,,,,,,-0.9,0.75,54.0,90.0,17.0,13.0,468.0,0.0,0.0,0.0,0.0,,0.229999999999999,0.0,-0.8531000000000049,0.7468999999999966,0.846899999999998,-0.04339999999999833,,0.22454091554222103,1.0638961415476607,0.0,3.0,0.6666666666666666,0.08333333333333333,0.4166666666666667,3.0,0.6666666666666666,0.037523452157598475,
212,202207030711,0,0,0,1,0,0,0,3,0,0,0,0,0,0,0,1,0,0,0,0,0,0,0,0,0,0,0,0,0,0,0,0,0,0,0,0,0.0,0.0,2.0,1.0,37.1,0.0,0.5625,0.0,0.0,6.0,2.0,35.9,0.2,0.6428571428571429,0.0,0.0,7.0,5.0,35.5,1.0,1.0,2.0,-8.0,0.0,0.0,0.11764705882352941,3,5,8.7,5.0,1432,1150,1428,0.0,0.0,7.0,6.0,36.1,0.5,0.875,0.0,0.0,6.0,10.0,34.7,0.5,0.9375,2.2,0.4,56.0,-554.0,17.0,16.0,486.0,-0.1875,-0.14285714285714285,-0.125,-0.1875,0.0625,0.4599999999999994,0.0,-0.8110999999999962,-2.011099999999999,-2.4110999999999976,-1.8110999999999962,-0.6653999999999982,0.17062684550844648,0.7838367176906167,-2.0,1.0,0.0,0.0,0.0,0.0,,,
213,202207030711,0,1,2,2,0,0,0,11,0,0,0,0,0,0,1,1,0,0,0,4,0,0,0,0,0,0,0,0,0,0,0,0,0,0,0,0,0.0,0.0,10.0,7.0,34.6,1.2,0.6,0.0,0.0,50.0,1.0,34.4,0.0,0.2222222222222222,0.0,0.0,10.0,1.0,39.3,0.0,0.125,-3.0,4.0,-200.0,0.09090909090909091,0.18181818181818182,5,10,36.9,11.0,1534,1448,1235,,,,,,,,,,,,,,,-3.0,0.6666666666666666,56.0,20.0,17.0,10.0,464.0,0.0,0.0,0.0,,,-2.349999999999998,0.0,-0.5064999999999955,-1.1621000000000024,1.0204999999999984,,,0.2048829502901984,2.2642143596988915,0.0,0.0,,0.16666666666666666,0.16666666666666666,0.0,,,
214,202207030711,2,2,2,8,1,0,0,0,1,0,0,0,0,0,0,2,0,0,0,0,0,0,0,0,0,0,0,0,0,0,0,0,0,0,0,0,0.0,0.0,30.0,10.0,36.1,1.9,0.2,0.0,0.0,70.0,7.0,37.3,0.8,0.05555555555555555,0.0,0.0,50.0,9.0,35.6,1.0,0.23076923076923078,-0.5,0.0,-200.0,0.15384615384615385,0.38461538461538464,2,3,44.7,15.0,1089,216,1428,0.0,0.0,110.0,14.0,37.1,1.9,0.06666666666666667,0.0,0.0,20.0,1.0,35.7,0.0,0.16666666666666666,-1.1,0.2,56.0,20.0,17.0,10.0,478.0,0.0,0.0,0.0,0.0,0.0,0.09999999999999928,0.0,0.9935000000000045,1.7378999999999962,0.4468999999999994,2.0253000000000014,0.5935000000000059,0.07068453580120483,0.7088018058667727,0.0,1.0,0.0,0.0,0.09090909090909091,1.0,0.0,-0.09523809523809523,
215,202207030711,0,0,1,9,7,6,6,87,0,0,0,0,0,0,0,0,0,2,1,18,0,0,0,0,0,0,0,0,0,0,1,3,0,0,0,0,0.0,0.0,140.0,12.0,37.7,1.5,0.1111111111111111,0.0,0.0,20.0,1.0,34.6,0.0,0.1111111111111111,0.0,0.0,70.0,2.0,35.9,0.2,0.125,-5.0,2.0,-200.0,0.0,0.0,7,14,48.2,16.0,1064,1558,1556,0.0,0.0,40.0,5.0,34.4,1.2,0.625,0.0,0.0,10.0,1.0,35.5,0.0,0.07142857142857142,-1.8,0.6,56.0,70.0,17.0,18.0,484.0,0.05555555555555555,0.0,0.0,-0.125,0.0,0.46000000000000085,0.0,2.137900000000002,-0.5531000000000006,0.7468999999999966,-0.7064999999999984,0.346899999999998,0.20890284968062622,1.178812962263311,0.0,3.0,1.0,0.0,0.25,3.0,1.0,,0.05152394775036287
216,202207030711,7,20,20,127,0,0,0,4,0,0,0,0,1,6,2,32,0,0,0,0,0,0,0,0,1,0,0,10,0,0,0,0,0,0,0,0,0.0,0.0,13.0,13.0,41.1,5.4,0.07692307692307693,0.0,0.0,15.0,18.0,38.7,3.5,0.05555555555555555,0.0,0.0,9.0,13.0,38.5,2.6,0.42857142857142855,0.0,-2.0,-600.0,0.06666666666666667,0.13333333333333333,2,4,35.3,10.0,1393,1260,1263,0.0,0.0,7.0,10.0,36.7,1.3,0.36363636363636365,0.0,0.0,4.0,4.0,34.9,0.2,0.1111111111111111,-2.6,0.0,54.0,-624.0,17.0,13.0,450.0,0.15384615384615385,0.0,0.35714285714285715,0.09090909090909091,0.0,1.4400000000000006,0.0,5.640799999999999,3.408700000000003,3.134599999999999,0.2589000000000041,-0.25310000000000343,0.156638964400515,2.080769088582393,-2.0,2.0,0.0,0.14285714285714285,0.14285714285714285,1.0,0.0,0.04022988505747127,
217,202207030711,2,0,2,10,1,0,0,12,0,0,0,4,1,0,0,3,1,0,0,7,0,0,0,3,0,0,0,0,1,0,0,2,0,0,0,0,0.0,0.0,60.0,13.0,36.8,1.9,0.13333333333333333,0.0,0.0,30.0,1.0,35.2,0.0,0.125,0.0,0.0,10.0,2.0,36.8,0.1,0.1,-5.5,4.0,-200.0,0.0,0.1111111111111111,1,2,14.8,7.0,1698,1028,1366,0.0,0.0,20.0,1.0,34.5,0.0,0.25,,,,,,,,-3.5,0.75,54.0,76.0,17.0,15.0,494.0,0.0,0.0,0.0,-0.125,,0.5299999999999997,0.0,1.6935000000000002,-0.6161999999999992,-0.13240000000000407,-0.653100000000002,,0.05784768073714509,1.0059199769365337,0.0,3.0,1.0,0.25,0.75,1.0,1.0,,
218,202207030711,26,21,13,160,25,18,14,132,4,2,2,17,9,6,4,30,2,0,2,16,0,0,0,3,2,1,2,11,0,0,2,2,0,0,0,1,0.0,0.0,110.0,11.0,37.5,1.3,0.2777777777777778,0.0,0.0,20.0,8.0,34.5,0.8,0.8461538461538461,0.0,0.0,100.0,11.0,35.6,1.5,0.6666666666666666,0.0,2.0,-200.0,0.0,0.25,4,8,39.1,13.0,1716,1428,1167,0.0,0.0,70.0,8.0,33.5,0.8,0.9285714285714286,0.0,0.0,20.0,1.0,35.8,0.0,0.5555555555555556,-2.0,0.2,56.0,70.0,17.0,18.0,450.0,-0.1111111111111111,0.07692307692307693,0.2,0.0,-0.1111111111111111,0.44000000000000056,0.0,1.937899999999999,-0.653100000000002,0.5253000000000014,-1.606499999999997,0.6468999999999951,0.2296532246302987,1.3437261625792658,0.0,2.0,0.5,0.13793103448275862,0.3103448275862069,2.0,0.5,0.05419580419580422,0.03664799253034551
219,202207030711,7,20,20,127,1,1,3,6,0,0,0,0,1,6,2,32,0,1,1,1,0,0,0,0,1,0,0,10,0,0,0,1,0,0,0,0,0.0,0.0,20.0,3.0,33.1,0.3,0.5555555555555556,0.0,0.0,10.0,4.0,33.6,0.3,0.5714285714285714,0.0,0.0,10.0,1.0,34.2,0.0,0.8,-1.0,10.0,-200.0,0.13636363636363635,0.3181818181818182,8,16,6.1,2.0,1393,239,1263,0.0,0.0,10.0,1.0,35.7,0.0,0.2,0.0,0.0,10.0,4.0,33.4,0.3,0.5,-0.1,0.6,54.0,119.0,17.0,9.0,444.0,0.0,0.0,0.0,0.0,-0.08333333333333333,-0.2699999999999996,0.0,-2.0064999999999955,-1.5064999999999955,-0.9530999999999992,0.5469000000000008,-0.14339999999999975,0.19233484700814296,0.923038460737147,0.0,2.0,1.0,0.0,0.0,2.0,1.0,0.04022988505747127,
220,202207030711,0,0,0,0,1,1,0,5,0,0,0,0,0,0,0,0,0,0,0,0,0,0,0,0,0,0,0,0,0,0,0,0,0,0,0,0,0.0,0.0,100.0,2.0,34.6,0.3,0.1,0.0,0.0,140.0,18.0,37.0,2.8,0.05555555555555555,0.0,0.0,30.0,1.0,35.0,0.0,0.07692307692307693,-0.5,-4.0,-200.0,0.10714285714285714,0.2857142857142857,8,15,19.3,8.0,321,464,882,0.0,0.0,100.0,12.0,34.8,1.3,0.35714285714285715,0.0,0.0,50.0,3.0,36.2,0.7,0.3333333333333333,-0.4000000000000001,0.6,56.0,20.0,17.0,10.0,484.0,0.0,0.0,0.0,0.0,0.0,-0.1,0.0,-0.5064999999999955,1.9253,-0.153100000000002,-0.3064999999999998,1.093500000000006,0.13213371257371123,0.9260669522232187,0.0,1.0,1.0,0.19047619047619047,0.42857142857142855,1.0,1.0,,
221,202207030711,0,0,0,3,7,6,6,87,0,0,0,0,0,0,0,1,0,2,1,18,0,0,0,0,0,0,0,0,0,0,1,3,0,0,0,0,0.0,0.0,8.0,15.0,39.2,1.8,0.25,0.0,0.0,6.0,9.0,38.5,1.0,0.125,0.0,0.0,6.0,16.0,41.5,5.1,0.1875,0.5,4.0,0.0,0.0,0.0,6,11,41.2,14.0,1571,1558,1108,0.0,0.0,2.0,12.0,38.1,1.9,0.4375,0.0,0.0,1.0,8.0,38.6,0.9,0.06666666666666667,-1.1,0.0,56.0,-567.0,17.0,16.0,494.0,0.125,0.0,0.0625,0.0,0.0,0.16000000000000014,0.0,1.3789000000000016,0.6788999999999987,3.9086,0.4083000000000041,0.6889000000000038,0.1277312717300575,1.2122705968553387,-2.0,0.0,,0.0,0.0,0.0,,,0.05152394775036287
222,202207030711,0,0,0,10,7,7,6,97,0,0,0,1,0,0,0,4,2,1,0,18,0,0,0,1,0,0,0,0,0,1,0,2,0,0,0,0,0.0,0.0,160.0,15.0,40.3,3.9,0.0625,0.0,0.0,10.0,16.0,45.2,7.9,0.125,0.0,0.0,15.0,13.0,39.7,2.6,0.0625,-1.0,-2.0,-200.0,0.02564102564102564,0.2564102564102564,1,1,37.6,12.0,1576,1556,1577,0.0,0.0,7.0,16.0,37.8,4.4,1.0,0.0,0.0,3.0,4.0,37.4,0.5,0.1875,-2.2,0.0,54.0,-910.0,17.0,16.0,466.0,0.0,0.0,0.0,0.0,0.0625,1.3200000000000003,0.0,2.1661999999999964,7.378900000000002,1.6274000000000015,-0.11110000000000042,-0.017700000000004934,0.35925269657999787,2.7852468472291663,-2.0,0.0,,0.2,0.2,0.0,,0.0,0.05405982905982906
223,202207030711,13,11,6,67,2,7,3,70,0,0,0,0,2,2,0,9,1,4,1,20,0,0,0,0,0,1,0,3,0,0,0,5,0,0,0,0,0.0,0.0,70.0,8.0,34.5,1.3,0.8,0.0,0.0,70.0,5.0,34.9,0.7,0.46153846153846156,0.0,0.0,60.0,1.0,35.4,0.0,0.05555555555555555,-3.5,-4.0,-200.0,0.041666666666666664,0.041666666666666664,8,17,121.1,17.0,1657,1235,1317,0.0,0.0,100.0,1.0,35.1,0.0,0.0625,,,,,,,,-2.5,0.5,56.0,20.0,17.0,10.0,472.0,0.0,0.0,0.0,0.0625,,-0.23000000000000043,0.0,-0.6064999999999969,-0.25310000000000343,0.24689999999999657,-0.05310000000000059,,0.3099155160007218,0.3269174207655503,0.0,3.0,0.6666666666666666,0.1111111111111111,0.1111111111111111,3.0,0.6666666666666666,-0.07118311242022585,0.09690177982860912
224,202207030812,7,20,20,127,5,7,6,52,0,0,1,1,1,6,2,32,2,0,2,13,0,0,0,1,0,1,0,3,1,0,1,4,0,0,0,0,0.0,0.0,18.0,17.0,37.5,1.8,0.1111111111111111,0.0,0.0,13.0,15.0,34.9,1.1,0.125,0.0,0.0,17.0,14.0,36.5,1.0,0.05555555555555555,-1.5,-10.0,0.0,0.0,0.0,3,6,6.0,2.0,1393,1366,1263,0.0,0.0,5.0,13.0,34.8,0.7,0.25,0.0,0.0,6.0,9.0,35.6,1.3,0.1875,-1.8,0.0,53.0,-301.0,16.0,18.0,476.0,0.0,0.0625,0.0,0.0,0.1875,0.38999999999999985,0.0,2.134599999999999,-0.25310000000000343,1.393500000000003,-0.35310000000000485,0.23460000000000036,0.0668977476599572,1.0209799214480182,-3.0,4.0,0.0,0.2,0.2,2.0,0.0,0.04022988505747127,0.02285714285714291
225,202207030812,1,1,0,22,1,1,0,4,0,0,0,2,0,0,0,7,0,0,0,2,0,0,0,1,0,0,0,1,0,0,0,1,0,0,0,1,0.0,0.0,15.0,15.0,38.5,2.3,0.4666666666666667,0.0,0.0,14.0,14.0,36.1,1.7,0.14285714285714285,0.0,0.0,12.0,14.0,36.5,0.9,0.1111111111111111,-0.5,-8.0,-200.0,0.0,0.07692307692307693,5,9,51.6,14.0,1645,1026,1366,0.0,0.0,15.0,7.0,34.0,0.3,0.23529411764705882,0.0,0.0,16.0,13.0,38.1,2.0,0.625,-1.1,0.0,52.0,-846.0,16.0,15.0,522.0,0.0,0.0,0.05555555555555555,-0.058823529411764705,0.25,0.28999999999999987,0.0,0.22050000000000125,0.9935000000000045,1.134599999999999,-1.106499999999997,-0.17949999999999733,0.1983192461855887,1.6044936896105266,0.0,1.0,0.0,0.0,0.0,0.0,,0.1388888888888889,
226,202207030812,2,4,2,40,1,0,0,12,0,0,0,2,0,0,0,11,1,0,0,7,0,0,0,2,0,0,0,4,0,0,0,4,0,0,0,1,0.0,0.0,17.0,15.0,33.4,0.8,0.6111111111111112,0.0,0.0,16.0,13.0,34.9,0.8,0.9444444444444444,0.0,0.0,17.0,9.0,33.5,0.7,0.7222222222222222,-3.0,-12.0,0.0,0.0,0.1111111111111111,4,7,33.3,12.0,1618,1028,1263,0.0,0.0,14.0,7.0,33.1,0.5,0.375,0.0,0.0,14.0,12.0,34.1,1.2,0.9375,-1.2,0.0,55.0,-700.0,16.0,18.0,458.0,0.16666666666666666,-0.05555555555555555,0.0,0.0,0.0625,0.03999999999999915,0.0,-1.7531000000000034,-0.4654000000000025,-1.653100000000002,-2.0531000000000006,-1.0531000000000006,0.2137986822765984,0.638748776906852,-3.0,5.0,0.0,0.15789473684210525,0.3684210526315789,4.0,0.0,-0.06666666666666665,
227,202207030812,26,21,13,160,0,1,2,14,0,1,0,0,9,6,4,30,0,0,0,2,0,0,0,0,4,1,0,4,0,0,0,0,0,0,0,0,0.0,0.0,7.0,12.0,36.0,1.1,0.875,0.0,0.0,5.0,4.0,34.2,0.1,0.6875,0.0,0.0,15.0,13.0,35.1,1.7,0.4375,0.5,-6.0,0.0,0.08823529411764706,0.14705882352941177,2,3,9.7,5.0,1716,1313,1167,0.0,0.0,4.0,14.0,34.6,0.8,0.3888888888888889,0.0,0.0,7.0,4.0,33.8,0.2,0.35294117647058826,-0.6,0.0,55.0,-34.0,16.0,16.0,472.0,0.0625,0.0,-0.0625,0.16666666666666666,-0.11764705882352941,0.4000000000000007,0.0,0.6345999999999989,-0.9530999999999992,0.025300000000001432,-0.5064999999999955,-1.3064999999999998,0.20097916334179847,0.763151361133557,0.0,2.0,0.0,0.0,0.0,1.0,0.0,0.05419580419580422,-0.08556149732620322
228,202207030812,4,2,5,36,8,3,4,44,0,0,0,4,1,0,1,5,1,1,0,6,0,0,0,3,0,0,0,2,0,0,0,2,0,0,0,2,0.0,0.0,50.0,,,,0.5,0.0,0.0,60.0,1.0,13.4,0.0,0.45454545454545453,0.0,0.0,110.0,13.0,33.3,0.8,0.5625,12.0,14.0,-1910.0,0.02564102564102564,0.1282051282051282,1,2,13.9,7.0,1677,1362,1167,0.0,0.0,140.0,11.0,32.9,0.8,1.0,0.0,0.0,120.0,8.0,34.3,0.4,1.0,1.9,0.25,54.0,-566.0,16.0,14.0,484.0,0.0,-0.18181818181818182,0.0,0.0,-0.0625,-6.2299999999999995,0.0,,,-1.8531000000000049,-2.2531000000000034,-0.8531000000000049,0.24457966979295942,8.718478938438745,-6.0,3.0,0.0,0.0,0.0,3.0,0.0,0.05167173252279633,-0.18016321406151914
229,202207030812,11,6,16,89,14,6,7,78,1,0,0,3,1,0,1,11,1,1,0,7,0,0,0,0,0,0,1,0,0,0,0,2,0,0,0,0,0.0,0.0,9.0,10.0,33.7,0.7,0.9,0.0,0.0,10.0,10.0,34.2,0.6,0.7142857142857143,0.0,0.0,8.0,7.0,33.9,0.6,0.7777777777777778,-1.5,6.0,0.0,0.16,0.24,1,1,7.5,4.0,1152,1294,1428,0.0,0.0,4.0,5.0,33.8,0.5,0.6666666666666666,0.0,0.0,4.0,5.0,34.2,0.5,0.36363636363636365,-1.5,0.0,54.0,-161.0,16.0,10.0,480.0,0.0,0.14285714285714285,-0.05555555555555555,0.0,-0.09090909090909091,-0.05999999999999943,0.0,-1.4530999999999992,-0.9530999999999992,-2.1948000000000008,-1.3531000000000049,-0.9530999999999992,0.17849351806588867,0.20591260281974114,-1.0,5.0,0.0,0.1111111111111111,0.2222222222222222,4.0,0.0,-0.036725569512454787,0.0761904761904762
230,202207030812,11,6,16,89,6,1,5,24,0,1,2,5,1,0,1,11,1,0,1,5,0,0,1,1,0,0,1,0,0,0,1,0,0,0,1,0,0.0,0.0,4.0,8.0,35.5,0.5,0.3333333333333333,0.0,0.0,4.0,6.0,35.8,0.1,0.375,0.0,0.0,1.0,7.0,34.9,0.2,0.25,-0.5,-2.0,0.0,0.0625,0.125,8,16,4.3,1.0,1152,324,1428,0.0,0.0,2.0,5.0,34.2,0.4,0.15384615384615385,0.0,0.0,4.0,6.0,34.9,0.8,0.16666666666666666,-0.5,0.0,53.0,-55.0,16.0,15.0,440.0,0.0,0.0,0.0,0.07692307692307693,0.0,0.2799999999999997,0.0,0.13459999999999894,0.4345999999999961,-0.25310000000000343,-1.1653999999999982,-0.25310000000000343,0.08785559845647083,0.5535341001239205,-2.0,5.0,0.0,0.125,0.25,2.0,0.0,-0.036725569512454787,-0.09523809523809523
231,202207030812,7,20,20,127,0,5,2,12,0,1,0,1,1,6,2,32,0,1,0,1,0,1,0,0,0,1,0,3,0,1,0,0,0,1,0,0,0.0,0.0,5.0,12.0,43.0,7.0,0.08333333333333333,0.0,0.0,12.0,11.0,37.3,1.4,0.8461538461538461,0.0,0.0,16.0,12.0,34.6,0.7,0.7058823529411765,0.0,20.0,-400.0,0.14285714285714285,0.35714285714285715,7,14,20.0,11.0,1393,1103,1263,0.0,0.0,14.0,13.0,35.1,1.1,0.5333333333333333,0.0,0.0,10.0,7.0,34.7,0.4,0.7272727272727273,-0.8,0.0,54.0,-779.0,16.0,12.0,478.0,0.9166666666666666,-0.07692307692307693,0.0,-0.06666666666666667,0.0,1.879999999999999,0.0,7.9253,-0.5233000000000061,-0.5531000000000006,-0.19129999999999825,-0.4064999999999941,0.2672922779236654,3.185341425969906,-2.0,1.0,0.0,0.0,0.25,1.0,0.0,0.04022988505747127,0.031578947368421095
232,202207030812,26,21,13,160,7,6,6,87,1,0,1,0,9,6,4,30,0,2,1,18,0,0,1,0,4,1,0,4,0,2,0,4,0,0,0,0,0.0,0.0,60.0,8.0,37.5,1.6,0.9,0.0,0.0,100.0,15.0,35.1,1.8,0.8125,0.0,0.0,160.0,15.0,35.3,1.5,0.4375,3.5,1.0,280.0,0.08333333333333333,0.16666666666666666,6,11,12.8,6.0,1716,1558,1167,0.0,0.0,180.0,18.0,35.6,1.3,0.7222222222222222,0.0,0.0,130.0,10.0,35.0,1.8,0.375,0.7,0.0,55.0,-703.0,16.0,10.0,507.0,,,-0.125,0.16666666666666666,0.0,0.45,0.0,,1.3128000000000029,-0.0654000000000039,-0.4947999999999979,-0.153100000000002,0.2073171513275443,0.9230384607371461,2.0,3.0,0.0,0.18181818181818182,0.18181818181818182,1.0,0.0,0.05419580419580422,0.05152394775036287
233,202207030812,26,21,13,160,25,18,14,132,4,2,2,17,9,6,4,30,2,0,2,16,0,0,0,3,4,1,0,4,0,0,0,1,0,0,0,0,0.0,0.0,11.0,5.0,32.0,0.6,0.5294117647058824,0.0,0.0,11.0,9.0,32.6,0.7,0.6875,0.0,0.0,11.0,5.0,34.8,0.4,0.1875,0.0,0.0,200.0,0.125,0.375,5,10,7.3,3.0,1716,1428,1167,0.0,0.0,10.0,8.0,33.8,0.4,0.5454545454545454,0.0,0.0,4.0,8.0,34.6,0.7,0.5,0.5,0.0,54.0,-882.0,16.0,17.0,434.0,,,0.0,0.0,,-0.6399999999999999,0.0,-1.5433999999999983,-0.9433999999999969,-0.35310000000000485,-1.3531000000000049,0.8128000000000029,0.16446336384387097,1.0983624174196778,0.0,2.0,0.0,0.2,0.5,2.0,0.0,0.05419580419580422,0.03664799253034551
234,202207030812,1,0,0,3,1,2,0,2,0,0,0,0,1,0,0,1,0,0,0,0,0,0,0,0,0,0,0,1,0,0,0,0,0,0,0,0,0.0,0.0,5.0,7.0,39.5,1.5,0.9,0.0,0.0,8.0,14.0,34.5,0.8,0.8823529411764706,0.0,0.0,16.0,5.0,34.6,0.3,0.7222222222222222,-1.0,-7.0,-100.0,0.0,0.23809523809523808,3,5,18.3,10.0,548,152,257,0.0,0.0,11.0,10.0,34.9,0.4,0.8,0.0,0.0,6.0,16.0,34.2,1.1,0.9444444444444444,1.4,0.0,56.0,-763.0,16.0,10.0,485.0,0.1,0.0,0.0,0.0,-0.05555555555555555,1.0199999999999996,0.0,2.065899999999999,-0.653100000000002,-1.494799999999998,-0.25310000000000343,-1.8947999999999965,0.07911186276312653,1.992586259111509,0.0,4.0,0.0,0.0,0.35714285714285715,2.0,0.0,,
235,202207030812,0,0,0,10,4,6,2,36,0,0,0,0,0,0,0,4,0,0,0,8,0,0,0,0,0,0,0,0,0,0,0,1,0,0,0,0,0.0,0.0,,,,,,0.0,0.0,120.0,11.0,34.1,1.2,0.7058823529411765,0.0,0.0,100.0,12.0,35.6,0.8,0.4,1.0,,-500.0,0.0,0.23076923076923078,8,15,14.4,8.0,1576,1376,1577,0.0,0.0,80.0,12.0,34.5,0.5,0.6875,0.0,0.0,140.0,4.0,34.1,0.1,0.375,-2.1,0.0,54.0,-730.0,16.0,5.0,,,0.0,0.26666666666666666,0.0625,0.0625,0.11000000000000014,0.0,,-1.0531000000000006,0.23460000000000036,-0.653100000000002,-1.0531000000000006,0.1549843855498784,0.6139014578904337,-2.0,4.0,0.0,0.0,0.3333333333333333,3.0,0.0,0.0,-0.17307692307692307
236,202207030812,4,6,9,58,5,9,6,103,0,1,0,2,0,0,2,4,1,2,2,15,0,0,0,2,0,0,0,0,0,0,0,3,0,0,0,0,0.0,0.0,14.0,14.0,34.1,0.9,0.5625,0.0,0.0,12.0,12.0,34.4,0.7,0.16666666666666666,0.0,0.0,9.0,13.0,35.1,0.6,0.375,-0.5,8.0,0.0,0.06666666666666667,0.2,6,12,17.7,9.0,1489,1013,565,0.0,0.0,15.0,4.0,34.9,0.6,0.125,0.0,0.0,8.0,6.0,34.3,0.6,0.4375,-2.4,0.0,54.0,-189.0,16.0,16.0,470.0,0.0625,0.0,0.0,0.0,0.0,-0.08999999999999915,0.0,-1.0531000000000006,-0.7064999999999984,-0.05310000000000059,-0.25310000000000343,-0.8064999999999998,0.16509677296799125,0.3773592452822645,1.0,3.0,0.0,0.0,0.16666666666666666,3.0,0.0,0.04356933389191456,0.13151602104256338
237,202207030812,11,6,16,89,2,0,3,10,0,0,1,4,1,0,1,11,1,0,0,1,0,0,0,1,0,0,1,0,0,0,0,0,0,0,0,0,0.0,0.0,11.0,10.0,34.4,0.7,0.5555555555555556,0.0,0.0,8.0,4.0,34.0,0.5,0.5454545454545454,0.0,0.0,15.0,14.0,34.8,0.6,0.375,2.0,2.0,0.0,0.3333333333333333,0.3333333333333333,4,8,53.3,15.0,1152,1592,1428,0.0,0.0,11.0,10.0,33.9,0.7,0.6923076923076923,0.0,0.0,16.0,8.0,35.0,0.9,0.3888888888888889,0.2,0.0,52.0,-97.0,16.0,18.0,458.0,-0.05555555555555555,0.0,0.1875,0.0,-0.05555555555555555,-0.11000000000000014,0.0,-1.6948000000000008,-1.153100000000002,-0.35310000000000485,-1.4654000000000025,-0.153100000000002,0.11785664350455788,0.4308131845707602,0.0,5.0,0.0,0.0,0.3,3.0,0.0,-0.036725569512454787,0.0
238,202207030812,1,1,0,22,8,12,13,88,0,0,0,1,0,0,0,7,1,1,4,26,0,0,0,1,0,0,0,1,1,0,1,7,0,0,0,0,0.0,0.0,10.0,9.0,37.8,1.3,0.5333333333333333,0.0,0.0,18.0,14.0,35.8,1.0,0.05555555555555555,0.0,0.0,17.0,18.0,38.0,2.4,0.05555555555555555,4.5,-6.0,0.0,0.0,0.07142857142857142,7,13,48.2,13.0,1645,1183,1366,0.0,0.0,16.0,15.0,37.4,1.2,0.1875,0.0,0.0,13.0,15.0,35.1,0.9,0.625,1.3,0.0,54.0,-126.0,16.0,15.0,514.0,0.0,0.0,0.0,0.0,-0.0625,0.379999999999999,0.0,-0.11110000000000042,-0.29480000000000217,2.893500000000003,2.0345999999999975,-0.05310000000000059,0.24160344000494327,1.1565465835840762,1.0,3.0,0.0,0.0,0.0,1.0,0.0,0.1388888888888889,-0.0018939393939393923
239,202207030812,12,7,13,137,12,10,14,149,3,1,0,21,1,0,0,8,0,0,2,15,0,0,0,1,0,0,0,1,0,0,0,1,0,0,0,1,0.0,0.0,90.0,8.0,39.7,3.0,0.7777777777777778,0.0,0.0,110.0,10.0,33.6,0.9,1.0,0.0,0.0,160.0,16.0,34.4,1.1,1.0,4.0,1.0,-200.0,0.0,0.0,2,4,70.0,16.0,1506,1263,199,0.0,0.0,120.0,12.0,33.6,0.9,1.0,0.0,0.0,180.0,8.0,33.2,0.8,1.0,0.2,0.0,54.0,-447.0,16.0,9.0,427.0,0.1111111111111111,0.0,0.0,0.0,0.0,1.3,0.0,1.546200000000006,-1.5531000000000006,-0.7531000000000034,-1.5531000000000006,-1.9530999999999992,0.08888888888888889,2.431460466468662,1.0,4.0,0.0,0.18181818181818182,0.45454545454545453,4.0,0.0,0.00030605998775759535,0.10027720027720027
240,202207040306,1,1,0,4,0,0,0,7,0,0,0,0,0,0,0,0,0,0,0,3,0,0,0,0,0,0,0,0,0,0,0,1,0,0,0,0,0.0,0.0,10.0,9.0,39.9,2.4,0.6363636363636364,0.0,0.0,8.0,11.0,37.3,1.6,0.8,0.0,0.0,4.0,12.0,35.7,1.0,0.25,1.5,3.0,200.0,0.06060606060606061,0.2727272727272727,2,4,16.8,6.0,1154,779,1561,0.0,0.0,6.0,8.0,33.9,0.8,0.5294117647058824,0.0,0.0,4.0,4.0,34.3,0.2,0.25,-1.3,0.0,56.0,-422.0,18.0,11.0,485.0,-0.18181818181818182,-0.13333333333333333,0.0625,0.058823529411764705,0.08333333333333333,1.4600000000000002,0.0,3.4589,-0.5211000000000041,0.5469000000000008,-1.2531000000000034,-0.8531000000000049,0.21643744065712742,2.1930800258996475,-1.0,3.0,0.0,0.15625,0.25,3.0,0.0,,
241,202207040306,0,0,0,3,0,0,0,0,0,0,0,0,0,0,0,0,0,0,0,0,0,0,0,0,0,0,0,0,0,0,0,0,0,0,0,0,0.0,0.0,40.0,6.0,39.2,1.5,0.13333333333333333,0.0,0.0,40.0,14.0,39.1,1.9,0.25,,,,,,,,8.0,-4.0,0.0,0.0,0.3181818181818182,6,11,32.2,9.0,1684,1337,1328,,,,,,,,,,,,,,,8.0,0.0,54.0,90.0,18.0,15.0,438.0,0.0,0.3125,,,,0.10000000000000142,0.0,1.2889000000000053,1.1889000000000038,,,,0.058333333333333334,0.05000000000000071,0.0,0.0,,0.06666666666666667,0.2,0.0,,,
242,202207040306,6,2,7,67,8,8,10,84,0,0,0,2,1,1,2,13,0,1,1,15,0,0,0,0,0,1,0,0,0,0,0,0,0,0,0,0,0.0,0.0,10.0,2.0,34.7,0.1,0.2222222222222222,0.0,0.0,10.0,5.0,38.3,0.8,0.4166666666666667,0.0,0.0,20.0,3.0,35.1,0.4,0.16666666666666666,0.5,0.0,0.0,0.0975609756097561,0.3170731707317073,7,15,1.7,1.0,1317,1405,1186,0.0,0.0,30.0,2.0,34.4,0.2,0.2777777777777778,0.0,0.0,10.0,2.0,35.4,0.0,0.5,-0.3,0.8,54.0,20.0,18.0,18.0,428.0,-0.05555555555555555,-0.08333333333333333,0.0,0.0,0.05555555555555555,0.2500000000000007,0.0,-1.1161999999999992,0.3888999999999996,-0.006499999999995509,-0.7064999999999984,-0.41620000000000346,0.12372809695177828,1.4019985734657494,0.0,2.0,1.0,0.0,0.1111111111111111,0.0,,-0.01626016260162602,-0.04768439108061748
243,202207040306,0,0,0,0,0,0,0,0,0,0,0,0,0,0,0,0,0,0,0,0,0,0,0,0,0,0,0,0,0,0,0,0,0,0,0,0,0.0,0.0,1.0,12.0,45.2,2.9,0.08333333333333333,0.0,0.0,3.0,14.0,36.8,1.5,0.05555555555555555,0.0,0.0,10.0,4.0,34.9,0.5,0.2222222222222222,-4.0,6.0,-200.0,0.025,0.125,1,1,55.5,10.0,405,997,239,0.0,0.0,9.0,15.0,40.4,4.1,0.8,0.0,0.0,8.0,7.0,39.4,3.2,0.5,-0.9,0.0,54.0,-605.0,18.0,12.0,496.0,0.25,0.0,0.0,0.06666666666666667,0.0625,0.8000000000000007,0.0,7.535700000000006,1.6468999999999951,-0.25310000000000343,2.488900000000001,1.7357000000000014,0.28197714643408806,3.510897321198672,0.0,2.0,0.0,0.0,0.07692307692307693,2.0,0.0,,
244,202207040306,1,0,0,4,0,0,0,2,0,0,0,0,0,0,0,1,0,0,0,1,0,0,0,0,0,0,0,1,0,0,0,0,0,0,0,0,0.0,0.0,120.0,9.0,34.8,0.9,0.5384615384615384,0.0,0.0,6.0,14.0,34.3,0.7,0.35714285714285715,0.0,0.0,5.0,8.0,34.8,0.5,0.2857142857142857,-0.5,-4.0,-200.0,0.2,0.4,5,10,16.8,5.0,1243,89,1428,0.0,0.0,2.0,5.0,35.2,0.6,0.2777777777777778,0.0,0.0,4.0,2.0,33.9,0.1,0.375,-2.3,0.2,54.0,-903.0,18.0,13.0,448.0,0.0,0.0,0.0,0.0,0.0625,0.08999999999999915,0.0,-0.3064999999999998,-0.8064999999999998,-0.3064999999999998,0.09350000000000591,-1.2064999999999984,0.09394469803547324,0.45166359162544967,-2.0,0.0,,0.13333333333333333,0.3,0.0,,,
245,202207040306,0,1,2,2,5,7,6,52,0,0,0,0,0,0,1,1,2,0,2,13,0,0,0,0,0,0,1,1,0,0,0,0,0,0,0,0,0.0,0.0,2.0,7.0,41.3,1.8,0.09090909090909091,0.0,0.0,2.0,12.0,37.4,2.4,0.8333333333333334,0.0,0.0,8.0,9.0,38.4,1.4,0.06666666666666667,1.0,8.0,-100.0,0.025,0.25,7,14,7.7,3.0,1534,1366,1235,0.0,0.0,8.0,8.0,36.4,1.2,0.3125,0.0,0.0,3.0,6.0,35.1,0.7,0.3333333333333333,-0.6,0.0,54.0,-644.0,18.0,11.0,492.0,0.2727272727272727,0.08333333333333333,0.0,-0.0625,-0.1111111111111111,1.3399999999999992,0.0,3.8658999999999963,0.9588999999999999,0.5788999999999973,1.0345999999999975,-0.05310000000000059,0.27573014349066877,2.097045540754896,2.0,2.0,0.0,0.05263157894736842,0.2631578947368421,1.0,0.0,,0.02285714285714291
246,202207040306,2,2,2,9,0,0,0,11,0,0,0,0,1,2,2,5,0,0,0,4,0,0,0,0,0,0,0,1,0,0,0,1,0,0,0,0,0.0,0.0,11.0,12.0,39.6,1.8,0.5,0.0,0.0,12.0,11.0,35.8,1.6,0.3333333333333333,0.0,0.0,14.0,7.0,34.9,0.8,0.4444444444444444,-2.5,4.0,0.0,0.0625,0.1875,5,9,82.2,14.0,1270,1448,969,0.0,0.0,8.0,12.0,40.3,2.5,0.125,0.0,0.0,3.0,5.0,38.1,1.3,0.21428571428571427,-1.3,0.0,54.0,-759.0,18.0,14.0,486.0,0.0,0.1111111111111111,-0.05555555555555555,0.0625,0.0,-0.15,0.0,1.7789000000000001,0.6468999999999951,-0.25310000000000343,2.478899999999996,0.18890000000000384,0.13943204451105612,2.0962824237206212,-2.0,2.0,0.0,0.047619047619047616,0.19047619047619047,2.0,0.0,,
247,202207040306,2,2,0,8,8,12,13,88,0,0,0,0,0,0,0,0,1,1,4,26,0,0,0,0,0,0,0,0,0,0,0,5,0,0,0,0,0.0,0.0,50.0,7.0,40.7,3.1,0.1875,0.0,0.0,70.0,4.0,37.5,1.4,0.1875,0.0,0.0,80.0,6.0,39.2,1.7,0.3125,-0.5,2.0,-200.0,0.0,0.0,3,6,61.0,11.0,1467,1183,336,0.0,0.0,50.0,5.0,38.0,2.1,0.5714285714285714,,,,,,,,-0.4,0.0,56.0,48.0,18.0,16.0,462.0,0.0625,0.125,-0.125,0.0,,0.6400000000000006,0.0,2.566200000000002,0.08229999999999649,0.9205000000000041,0.08890000000000242,,0.15674348092911394,1.2338962679253078,0.0,0.0,,0.0,0.0,0.0,,,-0.0018939393939393923
248,202207040306,7,1,4,70,2,1,3,46,0,0,0,1,0,1,1,8,0,0,0,2,0,0,0,0,0,0,0,6,0,0,0,0,0,0,0,0,0.0,0.0,3.0,2.0,40.5,0.1,0.2727272727272727,0.0,0.0,4.0,13.0,37.0,2.1,0.7142857142857143,0.0,0.0,8.0,9.0,34.9,1.0,0.5,3.5,19.0,-300.0,0.25,0.25,8,16,24.0,8.0,1090,1306,1169,0.0,0.0,5.0,6.0,35.2,1.0,0.3888888888888889,0.0,0.0,12.0,2.0,34.6,0.1,0.05555555555555555,-0.7,0.4,53.0,-642.0,18.0,11.0,459.0,-0.09090909090909091,-0.14285714285714285,0.05555555555555555,-0.2222222222222222,0.0,1.3599999999999994,0.0,,0.5589000000000013,-0.25310000000000343,0.04690000000000083,-0.5531000000000006,0.22036318779224562,2.1950854197502196,-1.0,3.0,0.3333333333333333,0.3333333333333333,0.6666666666666666,3.0,0.3333333333333333,0.061991869918699205,0.051282051282051266
249,202207040306,0,6,0,19,8,8,10,84,0,0,0,0,0,1,0,2,0,1,1,15,0,0,0,0,0,1,0,2,0,0,0,0,0,0,0,0,0.0,0.0,80.0,80.0,39.9,2.6,1.0,0.0,0.0,130.0,110.0,35.2,1.2,1.0,0.0,0.0,90.0,100.0,14.3,12.5,1.0,10.0,0.0,-300.0,0.0,0.07142857142857142,3,5,311.0,16.0,1629,1405,1428,0.0,0.0,160.0,100.0,34.7,1.2,0.7222222222222222,0.0,0.0,120.0,120.0,37.3,2.1,0.625,7.0,0.0,56.0,-627.0,18.0,10.0,494.0,-0.2,0.0,0.0,0.0,0.0,0.5700000000000003,0.0,,-1.0741999999999976,,-0.45309999999999917,1.5625999999999962,0.16282612099725385,9.175271113160635,2.0,1.0,0.0,0.0,0.0,1.0,0.0,0.04571428571428571,-0.04768439108061748
250,202207040306,3,4,4,39,0,0,0,1,0,0,0,0,0,2,1,16,0,0,0,0,0,0,0,0,0,1,0,4,0,0,0,0,0,0,0,0,0.0,0.0,70.0,11.0,41.4,5.7,0.9166666666666666,0.0,0.0,110.0,9.0,35.8,1.2,0.7142857142857143,0.0,0.0,130.0,11.0,35.0,1.3,0.6111111111111112,0.0,9.0,-200.0,0.0,0.0,7,13,64.3,13.0,1036,1374,1108,0.0,0.0,150.0,6.0,39.1,2.5,0.625,0.0,0.0,130.0,10.0,37.7,1.9,0.6875,-0.5,0.0,56.0,-441.0,18.0,12.0,481.0,-0.08333333333333333,-0.07142857142857142,0.0,-0.125,-0.0625,0.4099999999999987,0.0,3.1205,-0.09770000000000323,-0.153100000000002,0.9462000000000046,-0.12109999999999843,0.10975935104743118,2.3021728866442674,0.0,1.0,0.0,0.16666666666666666,0.16666666666666666,1.0,0.0,-0.00260869565217392,
251,202207040306,1,0,1,9,5,9,6,103,0,0,0,0,0,0,0,0,1,2,2,15,0,0,0,0,0,0,0,0,1,0,1,4,0,0,0,0,0.0,0.0,20.0,8.0,41.8,1.9,0.1,0.0,0.0,20.0,12.0,36.5,1.6,0.05555555555555555,0.0,0.0,10.0,11.0,40.4,2.0,0.06666666666666667,1.5,18.0,-200.0,0.0,0.06666666666666667,1,2,7.2,2.0,1045,1013,969,0.0,0.0,120.0,7.0,36.1,0.7,0.29411764705882354,0.0,0.0,50.0,6.0,34.1,0.4,0.3333333333333333,-0.9,0.0,54.0,-515.0,18.0,10.0,488.0,0.2,0.0,0.0,0.0,-0.1111111111111111,1.579999999999999,0.0,3.5204999999999984,1.346899999999998,1.8224000000000018,0.6407999999999987,-1.3592000000000013,0.11896071231449945,2.864541848184451,0.0,1.0,0.0,0.0,0.0,1.0,0.0,,0.13151602104256338
252,202207040306,1,0,1,9,3,7,8,76,0,0,0,0,0,0,0,0,3,3,2,16,0,0,0,0,0,0,0,0,0,0,0,4,0,0,0,0,0.0,0.0,,,,,,0.0,0.0,160.0,15.0,39.7,2.4,0.1875,0.0,0.0,170.0,9.0,34.6,1.0,0.7777777777777778,-6.0,,-200.0,,,4,7,64.2,12.0,1045,1559,969,0.0,0.0,120.0,13.0,34.8,1.8,0.9444444444444444,,,,,,,,-1.0,0.0,52.0,-835.0,18.0,7.0,,,0.0,0.0,0.05555555555555555,,2.450000000000003,0.0,,1.420500000000004,-0.5064999999999955,-0.35310000000000485,,0.3247512765677344,2.358436393507832,-4.0,1.0,0.0,0.0,0.3,1.0,0.0,,0.08123791102514505
253,202207040306,1,0,0,2,0,0,0,1,0,0,0,0,0,0,0,0,0,0,0,0,0,0,0,0,0,0,0,0,0,0,0,0,0,0,0,0,0.0,0.0,10.0,,,,0.2222222222222222,0.0,0.0,140.0,11.0,42.6,6.6,0.125,0.0,0.0,,,,,,,-4.0,-200.0,0.0,0.1,2,3,218.9,15.0,707,193,260,0.0,0.0,150.0,14.0,35.3,2.0,0.8333333333333334,,,,,,,,3.0,0.0,54.0,-177.0,18.0,9.0,482.0,0.5555555555555556,0.3125,,0.0,,7.300000000000004,0.0,,3.390599999999999,,0.14689999999999515,,0.3135185732099447,3.650000000000002,1.0,1.0,0.0,0.0,0.2727272727272727,1.0,0.0,,
254,202207040306,0,0,0,0,25,18,14,132,0,0,0,0,0,0,0,0,2,0,2,16,0,0,0,0,0,0,0,0,1,0,0,5,0,0,0,0,0.0,0.0,6.0,3.0,38.3,1.1,0.2857142857142857,0.0,0.0,16.0,13.0,36.3,1.9,0.7777777777777778,0.0,0.0,15.0,13.0,37.1,2.7,0.6,5.0,12.0,0.0,0.0,0.17647058823529413,8,17,439.5,18.0,1257,1428,1294,0.0,0.0,18.0,15.0,35.7,2.5,0.8333333333333334,0.0,0.0,15.0,15.0,40.2,3.6,0.875,2.6,0.2,54.0,-113.0,18.0,7.0,466.0,0.0,-0.1111111111111111,0.26666666666666666,0.0,0.0,-0.3200000000000017,0.0,0.3888999999999996,0.38339999999999463,1.183399999999999,0.5469000000000008,2.046200000000006,0.21577723131751333,1.5979987484350548,0.0,1.0,0.0,0.0,0.0,1.0,0.0,,0.03664799253034551
255,202207040306,26,21,13,160,0,1,1,8,0,0,0,0,9,6,4,30,0,0,0,1,0,0,0,0,1,1,0,3,0,0,0,0,0,0,0,0,0.0,0.0,50.0,3.0,37.8,0.6,0.2,0.0,0.0,70.0,10.0,36.6,1.5,0.5833333333333334,0.0,0.0,70.0,9.0,36.7,1.2,0.4166666666666667,3.0,30.0,350.0,0.058823529411764705,0.11764705882352941,4,8,16.3,4.0,1716,712,1167,0.0,0.0,40.0,16.0,36.7,3.0,0.6111111111111112,0.0,0.0,30.0,10.0,40.0,2.3,0.38461538461538464,2.0,0.2,56.0,-556.0,18.0,10.0,530.0,0.0,0.08333333333333333,0.08333333333333333,0.0,-0.15384615384615385,-0.45000000000000073,0.0,,0.1589000000000027,0.4258000000000024,1.5469000000000008,1.7205000000000013,0.1490179212632592,1.2970736293672758,0.0,1.0,0.0,0.1111111111111111,0.2222222222222222,1.0,0.0,0.05419580419580422,
256,202207040306,0,0,0,9,2,1,3,46,0,0,0,0,0,0,0,1,0,0,0,2,0,0,0,0,0,0,0,0,0,0,0,0,0,0,0,0,0.0,0.0,5.0,6.0,36.8,0.8,0.3,0.0,0.0,10.0,14.0,37.1,2.1,0.35714285714285715,0.0,0.0,7.0,17.0,37.1,3.0,0.3333333333333333,5.5,27.0,350.0,0.13513513513513514,0.2972972972972973,8,18,19.4,7.0,1186,1306,792,0.0,0.0,12.0,15.0,35.7,1.3,0.4444444444444444,0.0,0.0,15.0,3.0,35.2,0.2,0.125,-0.5,0.2,54.0,-744.0,18.0,10.0,471.0,0.0,0.0,0.05555555555555555,0.2222222222222222,0.0625,0.45999999999999874,0.0,,1.202300000000001,1.9468999999999994,0.5469000000000008,0.04690000000000083,0.10502144377846448,0.7833262411026445,0.0,3.0,0.3333333333333333,0.0,0.0,3.0,0.3333333333333333,0.0,0.051282051282051266
257,202207040306,0,0,0,1,14,6,7,78,0,0,0,1,0,0,0,0,1,1,0,7,0,0,0,0,0,0,0,0,1,0,0,1,0,0,0,0,0.0,0.0,4.0,6.0,39.6,1.3,0.08333333333333333,0.0,0.0,15.0,15.0,38.4,2.8,0.9333333333333333,0.0,0.0,15.0,16.0,39.6,3.4,0.5625,5.0,2.0,-300.0,0.0,0.15789473684210525,6,12,355.9,17.0,1279,1294,1079,0.0,0.0,12.0,12.0,39.9,2.6,0.6923076923076923,0.0,0.0,16.0,14.0,37.6,1.9,0.0625,1.3,0.0,56.0,-774.0,18.0,12.0,474.0,0.08333333333333333,0.0,0.125,0.3076923076923077,0.0625,0.25,0.0,,-0.8094000000000037,1.0224000000000046,0.2740999999999971,1.8626000000000005,0.34297834762970214,0.8772684879784522,0.0,0.0,,0.0,0.21428571428571427,0.0,,,0.0761904761904762
258,202207040405,0,0,0,1,0,0,0,0,0,0,0,0,0,0,0,1,0,0,0,0,0,0,0,0,0,0,0,0,0,0,0,0,0,0,0,0,,,,,,,,,,,,,,,,,,,,,,,,,0.3125,0.53125,1,1,1.4,1.0,969,1264,201,,,,,,,,,,,,,,,,,54.0,,9.0,,,,,,,,,,,,,,,,,,0.0,,0.1,0.3,0.0,,,
259,202207040405,0,0,0,0,14,6,7,78,0,0,0,0,0,0,0,0,1,1,0,7,0,0,0,0,0,0,0,0,0,0,0,1,0,0,0,0,0.0,0.0,10.0,15.0,34.6,1.3,0.3125,0.0,0.0,12.0,15.0,36.5,0.9,0.25,0.0,0.0,4.0,15.0,35.7,1.3,0.26666666666666666,0.0,6.0,0.0,0.16666666666666666,0.3333333333333333,3,3,5.4,2.0,1540,1294,1036,0.0,0.0,10.0,14.0,38.8,2.9,0.07142857142857142,0.0,0.0,7.0,8.0,35.9,1.5,0.4,-1.5,0.0,51.0,-497.0,9.0,16.0,460.0,0.0625,0.0,0.06666666666666667,0.0,0.1,-0.48999999999999916,0.0,-0.5531000000000006,1.134599999999999,0.5469000000000008,2.4383999999999943,0.7468999999999966,0.10775881147844553,1.3928388277184103,-6.0,4.0,0.0,0.0,0.16666666666666666,3.0,0.0,,0.0761904761904762
260,202207040405,0,1,2,2,25,18,14,132,0,0,0,0,0,0,1,1,2,0,2,16,0,0,0,0,0,0,0,0,0,0,0,0,0,0,0,0,0.0,0.0,,,,,,0.0,0.0,120.0,16.0,37.9,2.6,0.05555555555555555,0.0,0.0,20.0,8.0,36.9,1.0,0.1,-8.0,,380.0,0.0,0.15789473684210525,2,2,16.7,5.0,1534,1428,1235,0.0,0.0,50.0,3.0,35.3,1.2,0.1111111111111111,,,,,,,,-6.5,0.3333333333333333,54.0,-570.0,9.0,11.0,,,0.05555555555555555,0.0,0.0,,1.3000000000000007,0.0,,2.7468999999999966,1.7468999999999966,0.14689999999999515,,0.02400274332743652,1.070825226947268,0.0,3.0,0.3333333333333333,0.0,0.0,3.0,0.3333333333333333,,0.03664799253034551
261,202207040405,0,0,0,22,0,0,0,1,0,0,0,0,0,0,0,2,0,0,0,0,0,0,0,0,0,0,0,0,0,0,0,0,0,0,0,0,,,,,,,,,,,,,,,,,,,,,,,,,0.09302325581395349,0.32558139534883723,8,9,44.0,7.0,1672,1225,1167,,,,,,,,,,,,,,,,,54.0,,9.0,,,,,,,,,,,,,,,,,,0.0,,0.25,0.5,0.0,,,
262,202207040405,0,0,1,6,1,2,3,27,0,0,0,0,0,0,0,0,0,0,1,6,0,0,0,0,0,0,0,0,0,0,0,0,0,0,0,0,0.0,0.0,9.0,,,,0.5454545454545454,0.0,0.0,10.0,9.0,34.8,1.3,1.0,0.0,0.0,12.0,13.0,38.6,2.8,0.42857142857142855,4.0,6.0,-900.0,0.1282051282051282,0.28205128205128205,5,5,8.8,3.0,1605,1036,1,0.0,0.0,10.0,8.0,35.9,1.2,0.18181818181818182,0.0,0.0,14.0,11.0,38.2,1.3,0.1875,0.1,0.0,54.0,-721.0,9.0,11.0,500.0,0.45454545454545453,-0.1,0.07142857142857142,0.0,0.125,-0.7500000000000014,0.0,,-0.35310000000000485,0.32050000000000267,-0.46160000000000423,0.28890000000000526,0.3003850413181913,1.5801503093060503,-3.0,1.0,0.0,0.0,0.0,1.0,0.0,0.2571428571428572,-0.02797202797202797
263,202207040405,0,0,0,0,14,6,7,78,0,0,0,0,0,0,0,0,1,1,0,7,0,0,0,0,0,0,0,0,0,0,0,1,0,0,0,0,0.0,0.0,30.0,4.0,43.1,3.2,0.1,0.0,0.0,100.0,12.0,36.9,2.7,0.6666666666666666,0.0,0.0,60.0,7.0,36.5,0.9,0.8333333333333334,1.5,21.0,-300.0,0.1111111111111111,0.2222222222222222,4,4,76.7,8.0,1699,1294,1313,0.0,0.0,110.0,8.0,38.4,1.4,0.7333333333333333,0.0,0.0,110.0,5.0,38.5,1.2,0.1875,-0.2,0.0,52.0,-739.0,9.0,10.0,487.0,0.1,0.08333333333333333,0.0,0.06666666666666667,0.0,0.7700000000000002,0.0,,0.45889999999999986,0.058900000000001285,0.488900000000001,0.6766999999999967,0.3003007751497747,2.3481056194302683,-2.0,0.0,,0.0,0.0,0.0,,,0.0761904761904762
264,202207040405,26,21,13,160,3,4,2,17,0,0,0,2,9,6,4,30,0,0,0,0,0,0,0,0,0,1,0,0,0,0,0,0,0,0,0,0,0.0,0.0,20.0,8.0,43.1,2.9,0.8,0.0,0.0,110.0,12.0,40.4,3.7,0.5833333333333334,0.0,0.0,,,,,,4.0,-3.0,-100.0,0.0,0.0,8,8,9.6,4.0,1716,565,1167,0.0,0.0,90.0,10.0,40.0,3.8,0.8,0.0,0.0,40.0,7.0,36.1,3.5,0.7777777777777778,-0.5,0.0,50.0,-285.0,9.0,10.0,487.0,-0.2,0.25,,0.1,0.0,2.1399999999999997,0.0,5.665900000000001,1.1905999999999963,,2.0889000000000024,0.9468999999999994,0.09106494426547503,2.4969981978367546,-6.0,1.0,0.0,0.0,0.25,1.0,0.0,0.05419580419580422,-0.09615384615384615
265,202207040405,5,9,11,82,0,0,0,2,0,0,0,0,0,1,1,10,0,0,0,0,0,0,0,0,0,0,0,0,0,0,0,0,0,0,0,0,0.0,0.0,70.0,70.0,41.4,2.1,0.3,0.0,0.0,150.0,140.0,38.1,3.1,0.26666666666666666,0.0,0.0,90.0,100.0,41.8,3.8,0.8,15.0,-8.0,-300.0,0.0,0.09090909090909091,6,6,101.4,9.0,1736,523,1482,0.0,0.0,100.0,100.0,35.7,1.9,1.0,0.0,0.0,90.0,80.0,35.5,3.5,0.8888888888888888,-2.0,0.0,54.0,-772.0,9.0,10.0,432.0,0.4,0.06666666666666667,0.2,-0.1,0.0,1.4199999999999995,0.0,,2.9935000000000045,3.5204999999999984,0.5469000000000008,0.346899999999998,0.30708506080221687,2.694438717061494,-2.0,2.0,0.0,0.0,0.0,2.0,0.0,-0.06123106670963582,
266,202207040405,0,0,0,0,0,0,0,2,0,0,0,0,0,0,0,0,0,0,0,1,0,0,0,0,0,0,0,0,0,0,0,0,0,0,0,0,0.0,0.0,2.0,10.0,46.4,2.7,0.3,0.0,0.0,13.0,15.0,42.7,5.6,0.625,0.0,0.0,6.0,11.0,38.1,3.5,1.0,0.5,10.0,-100.0,0.125,0.125,7,7,24.3,6.0,321,102,882,0.0,0.0,6.0,9.0,35.8,4.3,0.8888888888888888,,,,,,,,-0.7,0.0,52.0,-350.0,9.0,10.0,504.0,-0.1,0.375,-0.08333333333333333,0.1111111111111111,,3.6400000000000006,0.0,8.965899999999998,3.4906000000000006,1.825800000000001,0.6468999999999951,,0.26984059509135994,4.100304866714182,-4.0,1.0,0.0,0.18181818181818182,0.4090909090909091,1.0,0.0,,
267,202207040412,0,1,2,2,1,2,4,41,0,1,0,0,0,0,1,1,0,0,2,3,0,0,0,0,0,0,0,0,0,0,0,2,0,0,0,0,0.0,0.0,10.0,1.0,36.1,0.0,0.125,0.0,0.0,60.0,3.0,36.1,0.5,0.2222222222222222,0.0,0.0,50.0,12.0,35.9,1.7,0.1875,5.5,-2.0,0.0,0.058823529411764705,0.17647058823529413,5,10,12.2,8.0,1534,1328,1235,0.0,0.0,50.0,2.0,35.8,0.1,0.2222222222222222,0.0,0.0,10.0,4.0,35.8,0.6,0.6923076923076923,0.5,0.6,52.0,56.0,16.0,16.0,454.0,-0.0625,-0.05555555555555555,0.3125,0.0,0.0,0.09000000000000127,0.0,0.9468999999999994,0.9935000000000045,0.8252999999999986,0.6935000000000002,-0.29480000000000217,0.2043380883492067,0.1356465996625073,-3.0,2.0,0.5,0.0,0.0,1.0,1.0,,-0.07916666666666668
268,202207040412,0,2,3,13,2,2,2,37,0,0,0,2,0,0,2,1,0,0,0,6,0,0,0,0,0,0,0,0,0,0,0,0,0,0,0,0,0.0,0.0,13.0,12.0,34.8,1.3,0.7142857142857143,0.0,0.0,12.0,15.0,35.1,1.3,0.2,0.0,0.0,13.0,8.0,35.6,0.5,0.1111111111111111,-2.0,-10.0,0.0,0.04,0.04,2,3,11.5,7.0,1601,1393,239,0.0,0.0,14.0,8.0,34.7,0.7,0.16666666666666666,0.0,0.0,9.0,11.0,34.6,0.9,0.45454545454545453,-0.9,0.0,55.0,-748.0,16.0,14.0,504.0,0.07142857142857142,0.0,0.0,0.0,0.18181818181818182,0.079999999999999,0.0,-0.35310000000000485,-0.05310000000000059,0.23460000000000036,-0.45309999999999917,-0.5531000000000006,0.2256877950001663,0.36110940170535594,-1.0,5.0,0.0,0.125,0.125,4.0,0.0,0.055555555555555525,0.23546511627906977
269,202207040412,2,2,2,8,0,0,0,3,0,0,0,0,0,0,0,2,0,0,0,0,0,0,0,0,0,0,0,1,0,0,0,0,0,0,0,0,0.0,0.0,80.0,1.0,33.9,0.0,0.7777777777777778,0.0,0.0,90.0,12.0,37.1,1.4,0.16666666666666666,0.0,0.0,80.0,8.0,40.8,1.5,0.26666666666666666,3.5,4.0,0.0,0.2,0.2,7,13,7.7,4.0,1089,68,1428,0.0,0.0,30.0,14.0,44.1,4.0,0.2857142857142857,0.0,0.0,20.0,7.0,33.9,0.5,0.8888888888888888,1.4,0.2,51.0,21.0,16.0,18.0,482.0,0.0,0.05555555555555555,-0.06666666666666667,-0.14285714285714285,-0.3333333333333333,-0.7,0.0,-1.9162000000000035,2.0253000000000014,2.5204999999999984,4.4741,-1.5592000000000041,0.29572174074049073,3.986778147828143,-2.0,1.0,1.0,0.1,0.5,0.0,,-0.09523809523809523,
270,202207040412,2,2,0,8,2,2,2,37,0,0,0,0,0,0,0,0,0,0,0,6,0,0,0,0,0,0,0,0,0,0,0,0,0,0,0,0,0.0,0.0,5.0,5.0,37.5,0.4,0.375,0.0,0.0,5.0,8.0,39.0,1.0,0.1875,0.0,0.0,6.0,6.0,38.9,1.1,0.2857142857142857,0.5,-8.0,50.0,0.08823529411764706,0.29411764705882354,4,8,10.3,6.0,1467,1393,336,0.0,0.0,3.0,7.0,38.4,0.8,0.07692307692307693,0.0,0.0,10.0,8.0,37.5,0.9,0.4375,0.5,0.0,54.0,-517.0,16.0,16.0,474.0,0.0,0.0625,0.07142857142857142,0.0,0.0,0.060000000000000143,0.0,-0.32330000000000325,0.7205000000000013,-0.49260000000000304,-0.8094000000000037,-0.6537999999999968,0.12913651413405633,0.6529931086925799,-4.0,0.0,,0.0,0.0,0.0,,,0.23546511627906977
271,202207040412,0,1,2,2,0,1,2,1,0,0,1,0,0,0,1,1,0,1,1,0,0,0,1,0,0,0,0,0,0,0,0,0,0,0,0,0,0.0,0.0,90.0,11.0,34.4,1.4,1.0,0.0,0.0,60.0,12.0,35.9,0.9,0.375,0.0,0.0,10.0,1.0,35.5,0.0,0.1111111111111111,-5.0,-4.0,0.0,0.045454545454545456,0.045454545454545456,6,12,30.8,10.0,1534,1508,1235,0.0,0.0,20.0,4.0,35.5,1.0,0.16666666666666666,0.0,0.0,10.0,3.0,34.7,0.2,0.2,-2.4,0.4,53.0,64.0,16.0,16.0,508.0,0.0,-0.1875,0.0,0.0,-0.06666666666666667,-0.020000000000000996,0.0,-0.7531000000000034,0.08379999999999654,0.346899999999998,0.346899999999998,-0.45309999999999917,0.3268612421272034,0.5585696017507572,-3.0,5.0,0.4,0.0,0.08695652173913043,4.0,0.5,,
272,202207040412,4,2,5,36,5,9,6,103,0,0,0,0,1,0,1,5,1,2,2,15,0,0,0,0,0,0,1,1,0,2,1,3,0,0,0,0,0.0,0.0,150.0,12.0,34.7,1.0,0.9375,0.0,0.0,80.0,12.0,34.1,1.3,0.9444444444444444,0.0,0.0,90.0,3.0,34.9,0.5,0.8333333333333334,-4.5,2.0,0.0,0.13157894736842105,0.2894736842105263,4,7,10.1,5.0,1677,1013,1167,0.0,0.0,130.0,18.0,33.8,1.1,0.6111111111111112,0.0,0.0,110.0,8.0,33.1,0.4,0.9333333333333333,-0.2,0.2,57.0,-888.0,16.0,16.0,512.0,0.0,0.05555555555555555,-0.05555555555555555,0.0,0.0,0.3500000000000007,0.0,-0.45309999999999917,-1.2653999999999996,-0.4654000000000025,-1.3531000000000049,-2.0531000000000006,0.12715913040141646,0.6462197768561405,1.0,5.0,0.2,0.0,0.2727272727272727,3.0,0.0,0.05167173252279633,0.13151602104256338
273,202207040412,17,17,10,78,0,1,2,14,0,0,0,0,1,1,0,4,0,0,0,2,0,0,0,0,1,0,0,2,0,0,0,0,0,0,0,0,0.0,0.0,8.0,9.0,37.6,2.2,0.7,0.0,0.0,9.0,15.0,38.8,3.0,0.6111111111111112,0.0,0.0,11.0,10.0,35.4,0.5,0.1111111111111111,0.5,0.0,380.0,0.0,0.0,1,2,62.9,12.0,1098,1313,1294,0.0,0.0,13.0,16.0,37.5,1.3,0.0625,0.0,0.0,8.0,13.0,37.5,2.6,0.5,0.9,0.0,53.0,-362.0,16.0,10.0,452.0,0.1,-0.1111111111111111,0.0,0.0,0.0,0.15,0.0,,3.434599999999996,0.03459999999999752,2.346899999999998,1.0589000000000013,0.26148967828931957,1.0965400129498237,-4.0,3.0,0.0,0.0,0.23076923076923078,1.0,0.0,0.07071681131468982,-0.08556149732620322
274,202207040412,26,21,13,160,1,1,3,6,0,1,1,1,9,6,4,30,0,1,1,1,0,1,1,0,0,2,2,10,0,1,1,0,0,1,1,0,0.0,0.0,2.0,14.0,33.0,0.6,0.4444444444444444,0.0,0.0,2.0,1.0,32.3,0.0,0.6666666666666666,0.0,0.0,4.0,3.0,35.8,0.6,0.4375,-5.5,8.0,200.0,0.1875,0.375,8,16,6.8,3.0,1716,239,1167,0.0,0.0,3.0,8.0,34.5,0.7,0.5625,0.0,0.0,1.0,8.0,36.7,0.3,0.06666666666666667,-0.5000000000000001,0.4,55.0,-125.0,16.0,18.0,448.0,,,-0.0625,0.0,0.0,-0.9600000000000009,0.0,-0.5433999999999983,-1.2434000000000012,-1.3229000000000042,-0.653100000000002,1.5469000000000008,0.20282457603055726,1.6499696966914281,0.0,2.0,0.0,0.12903225806451613,0.2903225806451613,2.0,0.0,0.05419580419580422,
275,202207040412,26,21,13,160,8,8,10,84,0,0,0,4,9,6,4,30,0,1,1,15,0,0,0,0,0,2,2,10,0,1,0,5,0,0,0,0,0.0,0.0,12.0,9.0,39.1,2.2,0.5384615384615384,0.0,0.0,10.0,9.0,36.3,1.8,0.3,0.0,0.0,15.0,15.0,34.5,1.3,0.625,3.0,-6.0,-600.0,0.14285714285714285,0.14285714285714285,3,6,12.8,9.0,1716,1405,1167,0.0,0.0,11.0,8.0,37.4,1.0,0.5,0.0,0.0,11.0,6.0,37.6,1.1,0.4666666666666667,-0.7,0.0,52.0,-840.0,16.0,13.0,512.0,0.0,0.1,0.0,-0.07142857142857142,-0.2,0.18999999999999986,0.0,-0.5259,0.38339999999999463,-0.5747,-2.225900000000003,-1.9466999999999999,0.10699438070124831,1.5276125163142655,-6.0,0.0,,0.0,0.2857142857142857,0.0,,0.05419580419580422,-0.04768439108061748
276,202207040412,26,21,13,160,8,8,10,84,0,0,0,4,9,6,4,30,0,1,1,15,0,0,0,0,0,2,2,10,0,1,0,5,0,0,0,0,0.0,0.0,20.0,1.0,37.0,0.0,0.0625,0.0,0.0,50.0,9.0,36.0,1.5,0.1111111111111111,0.0,0.0,20.0,4.0,39.4,1.3,0.0625,1.5,0.0,0.0,0.0,0.0,1,1,5.8,2.0,1716,1405,1167,0.0,0.0,10.0,6.0,36.8,0.8,0.05555555555555555,0.0,0.0,60.0,2.0,34.3,0.0,0.17647058823529413,-0.1,0.4,49.0,14.0,16.0,16.0,442.0,0.0,0.0,0.0,0.0,0.0,0.46000000000000085,0.0,-0.9110999999999976,0.8935000000000031,1.7357000000000014,1.7252999999999972,-0.7747000000000028,0.04594772985059033,1.6516658257650065,-5.0,0.0,,0.07692307692307693,0.38461538461538464,0.0,,0.05419580419580422,-0.04768439108061748
277,202207040412,12,7,13,137,2,2,2,37,1,1,1,3,1,0,0,8,0,0,0,6,0,0,0,0,0,0,0,1,0,0,0,0,0,0,0,0,0.0,0.0,10.0,12.0,48.7,8.5,0.8333333333333334,0.0,0.0,12.0,14.0,38.0,2.1,0.8125,0.0,0.0,15.0,10.0,34.7,0.6,0.4117647058823529,-1.0,-33.0,-200.0,0.3225806451612903,0.5483870967741935,2,4,4.0,1.0,1506,1393,199,0.0,0.0,10.0,17.0,34.6,1.0,0.8888888888888888,0.0,0.0,8.0,17.0,36.1,1.8,0.7777777777777778,1.3,0.0,54.0,-770.0,16.0,12.0,471.0,0.16666666666666666,0.0625,0.11764705882352941,-0.1111111111111111,0.0,2.8600000000000003,0.0,10.546200000000006,0.08890000000000242,-0.45309999999999917,-0.5531000000000006,1.0253000000000014,0.17040133564834112,5.285224687749803,-2.0,2.0,0.0,0.18181818181818182,0.2727272727272727,2.0,0.0,0.00030605998775759535,0.23546511627906977
278,202207040412,13,11,6,67,8,5,3,48,0,0,0,1,2,2,0,9,1,1,0,7,0,0,0,0,0,1,0,3,0,0,0,3,0,0,0,0,0.0,0.0,5.0,8.0,42.1,3.3,0.8,0.0,0.0,10.0,7.0,36.5,1.0,0.625,0.0,0.0,5.0,12.0,38.8,1.1,0.125,2.0,24.0,-100.0,0.0,0.16666666666666666,6,11,38.7,11.0,1657,1618,1317,0.0,0.0,5.0,4.0,36.9,0.6,0.375,0.0,0.0,2.0,4.0,36.2,0.6,0.9166666666666666,-1.1,0.0,57.0,-720.0,16.0,10.0,468.0,0.0,-0.125,0.0625,0.0,-0.16666666666666666,1.14,0.0,5.271900000000002,-1.6537999999999968,0.5204999999999984,-0.5177000000000049,-1.6210999999999984,0.28710238204824734,2.1954498400100153,1.0,0.0,,0.0,0.0,0.0,,-0.07118311242022585,-0.035714285714285726
279,202207040412,4,11,8,74,5,7,6,52,0,0,0,0,0,1,1,5,2,0,2,13,0,0,0,0,0,0,0,0,1,0,1,3,0,0,0,0,0.0,0.0,100.0,7.0,39.9,1.2,1.0,0.0,0.0,130.0,15.0,35.2,2.1,0.9375,0.0,0.0,100.0,12.0,14.3,6.8,0.9166666666666666,2.5,-6.0,-200.0,0.024390243902439025,0.12195121951219512,3,5,63.8,13.0,1304,1366,1503,0.0,0.0,140.0,15.0,39.8,6.3,1.0,0.0,0.0,,,,,,2.1,0.0,54.0,-516.0,16.0,10.0,478.0,0.0,0.0,0.0,0.0,,2.1200000000000006,0.0,1.7462000000000018,0.04690000000000083,,1.8888999999999996,,0.03719493973199402,10.564326765109076,-2.0,1.0,0.0,0.0,0.0,1.0,0.0,-0.007946735395189003,0.02285714285714291
280,202207040412,1,6,4,86,1,2,0,11,0,0,0,2,0,2,1,9,0,0,0,0,0,0,0,0,0,0,0,1,0,0,0,0,0,0,0,0,0.0,0.0,12.0,7.0,38.2,0.7,0.7857142857142857,0.0,0.0,11.0,5.0,37.8,0.8,0.75,0.0,0.0,4.0,3.0,38.8,0.1,0.8,-2.0,2.0,-600.0,0.09523809523809523,0.3333333333333333,5,9,137.8,15.0,1561,1299,1263,0.0,0.0,9.0,9.0,37.6,1.8,0.5454545454545454,0.0,0.0,15.0,6.0,37.5,1.5,0.5625,0.2,0.2,54.0,-531.0,16.0,14.0,476.0,-0.14285714285714285,-0.16666666666666666,-0.4,-0.09090909090909091,0.1875,0.16000000000000014,0.0,-1.4258999999999986,-1.8259000000000043,-0.012800000000005696,1.683399999999999,-2.1259000000000015,0.11135784317217558,0.474973683481516,-4.0,0.0,,0.058823529411764705,0.17647058823529413,0.0,,0.09871915026554202,
281,202207040412,11,6,16,89,4,3,1,13,0,0,0,1,1,0,1,11,0,1,0,6,0,0,0,0,0,0,0,2,0,0,0,0,0,0,0,0,0.0,0.0,12.0,11.0,37.5,1.8,1.0,0.0,0.0,13.0,10.0,36.8,1.2,0.1875,0.0,0.0,13.0,8.0,35.6,0.7,0.058823529411764705,-1.5,-14.0,200.0,,,7,14,65.4,14.0,1152,1170,1428,0.0,0.0,15.0,16.0,33.7,2.4,0.8888888888888888,0.0,0.0,5.0,11.0,35.4,0.8,0.26666666666666666,0.6,0.0,54.0,-773.0,16.0,12.0,492.0,0.0,0.1875,0.0,,0.0,0.7299999999999998,0.0,1.0589000000000013,1.6468999999999951,0.4468999999999994,0.1566000000000045,0.24689999999999657,0.386276170052723,1.3038404810405284,-1.0,3.0,0.0,0.045454545454545456,0.18181818181818182,3.0,0.0,-0.036725569512454787,-0.09523809523809523
282,202207040412,26,21,13,160,6,1,5,24,0,0,0,2,9,6,4,30,1,0,1,5,0,0,0,0,0,2,2,10,0,0,0,0,0,0,0,0,0.0,0.0,9.0,5.0,40.9,1.9,0.75,0.0,0.0,14.0,12.0,41.1,3.9,0.4666666666666667,0.0,0.0,13.0,12.0,36.6,1.3,1.0,3.5,-3.0,-200.0,0.0,0.0625,8,15,233.3,16.0,1716,324,1167,0.0,0.0,13.0,14.0,40.0,2.3,0.0625,0.0,0.0,10.0,5.0,37.6,0.6,0.14285714285714285,0.2,0.0,55.0,-776.0,16.0,12.0,461.0,-0.08333333333333333,0.26666666666666666,0.0,0.0,0.0,0.7699999999999996,0.0,2.6205,1.8905999999999992,-0.8177000000000021,1.7205000000000013,-0.6794999999999973,0.355345556961963,1.8139459749397162,1.0,0.0,,0.0,0.08333333333333333,0.0,,0.05419580419580422,-0.09523809523809523
283,202207050211,0,6,0,19,0,1,3,10,0,0,0,0,0,1,0,2,0,0,0,1,0,0,0,0,0,0,0,0,0,0,0,0,0,0,0,0,0.0,0.0,10.0,9.0,34.7,1.1,0.3333333333333333,0.0,0.0,3.0,10.0,34.6,0.6,0.3888888888888889,0.0,0.0,6.0,9.0,,,,0.0,-8.0,0.0,0.13043478260869565,0.30434782608695654,4,5,1.7,1.0,1629,1506,1428,0.0,0.0,5.0,5.0,34.8,0.4,0.3125,0.0,0.0,12.0,15.0,34.4,1.3,0.5,0.7,0.0,55.0,-560.0,13.0,18.0,486.0,-0.05555555555555555,0.0,,-0.0625,0.0,0.0700000000000017,0.0,-1.3947999999999965,-0.5064999999999955,,-0.35310000000000485,-0.6747000000000014,0.0727304168946299,0.1479019945774904,-1.0,2.0,0.0,0.0625,0.25,1.0,0.0,0.04571428571428571,-0.2857142857142857
284,202207050211,26,21,13,160,2,7,3,70,1,3,1,4,9,6,4,30,1,4,1,20,1,2,1,3,2,1,2,11,0,0,0,5,0,0,0,2,0.0,0.0,12.0,1.0,35.5,0.0,0.3888888888888889,0.0,0.0,10.0,2.0,33.1,0.0,0.26666666666666666,0.0,0.0,5.0,4.0,33.9,0.4,0.75,1.5,-8.0,0.0,0.09523809523809523,0.23809523809523808,8,12,20.7,6.0,1716,1235,1167,0.0,0.0,9.0,7.0,33.7,0.9,0.375,0.0,0.0,12.0,10.0,35.5,0.5,0.125,2.3,0.4,56.0,-196.0,13.0,18.0,518.0,-0.1111111111111111,0.06666666666666667,0.0,0.125,0.0,-0.060000000000000143,0.0,0.13459999999999894,-2.0531000000000006,-1.4654000000000025,-1.4530999999999992,0.346899999999998,0.20730040229127258,0.9830564581955601,-2.0,5.0,0.4,0.13636363636363635,0.3181818181818182,3.0,0.3333333333333333,0.05419580419580422,0.09690177982860912
285,202207050211,7,20,20,127,2,1,3,46,0,0,1,3,1,6,2,32,0,0,0,2,0,0,0,0,1,0,0,10,0,0,0,0,0,0,0,0,0.0,0.0,20.0,4.0,32.9,0.3,0.7222222222222222,0.0,0.0,110.0,9.0,34.1,0.3,0.8333333333333334,0.0,0.0,60.0,3.0,34.6,0.4,0.21428571428571427,-0.5,-4.0,0.0,0.0,0.0,5,7,13.4,4.0,1393,1306,1263,0.0,0.0,40.0,1.0,34.9,0.0,0.4375,0.0,0.0,60.0,6.0,34.9,0.3,0.2777777777777778,-0.4,0.4,56.0,126.0,13.0,18.0,474.0,-0.1111111111111111,-0.05555555555555555,0.0,0.0625,-0.05555555555555555,-0.4799999999999997,0.0,-2.2531000000000034,-1.994799999999998,-0.5064999999999955,-0.25310000000000343,-0.20649999999999835,0.2430519112133654,0.7493997598078078,-1.0,3.0,0.3333333333333333,0.0,0.07142857142857142,2.0,0.5,0.04022988505747127,0.051282051282051266
286,202207050211,11,6,16,89,7,6,6,87,2,1,0,5,1,0,1,11,0,2,1,18,0,0,0,1,0,0,0,5,0,0,1,3,0,0,0,1,0.0,0.0,40.0,2.0,33.7,0.2,0.3333333333333333,0.0,0.0,10.0,2.0,33.0,0.2,0.5555555555555556,0.0,0.0,80.0,4.0,34.1,0.2,0.4666666666666667,1.0,-2.0,-200.0,0.0,0.3333333333333333,6,9,12.9,3.0,1152,1558,1428,0.0,0.0,20.0,10.0,34.7,0.5,0.7777777777777778,0.0,0.0,30.0,2.0,33.9,0.1,0.4117647058823529,0.8,0.6,56.0,105.0,13.0,18.0,506.0,0.0,-0.16666666666666666,-0.06666666666666667,0.05555555555555555,0.0,-0.20999999999999944,0.0,-1.406499999999994,-2.153100000000002,-1.0531000000000006,-1.1161999999999992,-1.2531000000000034,0.1526528761399166,0.552810998443411,0.0,4.0,0.5,0.0,0.25,3.0,0.6666666666666666,-0.036725569512454787,0.05152394775036287
287,202207050211,11,6,16,89,14,6,7,78,1,0,0,3,1,0,1,11,1,1,0,7,0,0,0,0,0,0,0,5,0,0,0,0,0,0,0,0,0.0,0.0,1.0,5.0,,,,0.0,0.0,1.0,2.0,33.5,0.0,0.3333333333333333,0.0,0.0,4.0,1.0,33.1,0.0,0.6111111111111112,-2.0,,-400.0,0.21428571428571427,0.42857142857142855,7,11,3.2,2.0,1152,1294,1428,0.0,0.0,4.0,1.0,33.2,0.0,0.5,0.0,0.0,2.0,5.0,33.1,0.7,0.6923076923076923,-0.1,0.6,56.0,-419.0,13.0,13.0,,,0.16666666666666666,-0.1111111111111111,-0.125,0.0,0.10999999999999943,0.0,,-1.9592000000000027,-1.9746999999999986,-1.8746999999999971,-2.0531000000000006,0.13456449994729733,0.16393596310754938,0.0,1.0,0.0,0.0,0.0,1.0,0.0,-0.036725569512454787,0.0761904761904762
288,202207050211,7,20,20,127,0,0,1,1,0,0,1,1,1,6,2,32,0,0,0,1,0,0,0,1,1,0,0,10,0,0,0,1,0,0,0,1,0.0,0.0,170.0,5.0,33.7,0.4,0.6666666666666666,0.0,0.0,100.0,17.0,36.8,3.3,0.29411764705882354,0.0,0.0,60.0,16.0,39.1,2.9,0.3125,5.5,2.0,0.0,0.2631578947368421,0.5789473684210527,6,8,17.2,5.0,1393,596,1263,0.0,0.0,40.0,12.0,35.6,1.1,0.07142857142857142,0.0,0.0,30.0,12.0,33.3,1.3,0.3125,0.9,0.0,56.0,21.0,13.0,18.0,508.0,-0.05555555555555555,0.17647058823529413,0.25,0.0,,0.2000000000000007,0.0,-1.4530999999999992,1.6468999999999951,1.2317000000000036,0.4935000000000045,-0.24340000000000117,0.19083671880854577,2.1232051243344343,1.0,2.0,0.0,0.0,0.1,2.0,0.0,0.04022988505747127,
289,202207050211,3,4,4,39,5,7,6,52,0,0,2,1,0,2,1,16,2,0,2,13,0,0,1,1,0,1,0,5,0,0,0,3,0,0,0,1,0.0,0.0,13.0,15.0,35.5,1.2,0.375,0.0,0.0,8.0,7.0,34.9,1.2,0.07692307692307693,0.0,0.0,4.0,15.0,35.3,0.9,0.1875,0.0,-8.0,0.0,0.15384615384615385,0.23076923076923078,2,2,55.6,8.0,1036,1366,1108,0.0,0.0,5.0,3.0,34.1,0.5,0.0625,0.0,0.0,10.0,9.0,34.7,0.4,0.26666666666666666,-1.6,0.2,54.0,-97.0,13.0,16.0,472.0,0.125,0.0,0.1875,0.0,0.0,0.23999999999999916,0.0,0.13459999999999894,-0.25310000000000343,0.14689999999999515,-1.0531000000000006,-0.45309999999999917,0.11754365367553936,0.4898979485566345,2.0,5.0,0.2,0.0,0.25,4.0,0.25,-0.00260869565217392,0.02285714285714291
290,202207050211,1,1,1,13,3,7,8,76,1,0,1,3,1,0,1,3,3,3,2,16,1,0,1,3,0,0,1,3,0,2,1,4,0,0,1,3,0.0,0.0,10.0,4.0,38.7,1.7,0.375,0.0,0.0,150.0,12.0,35.9,0.9,1.0,0.0,0.0,120.0,11.0,35.5,1.0,1.0,3.5,-8.0,-400.0,0.024390243902439025,0.24390243902439024,5,6,69.3,9.0,1583,1559,118,0.0,0.0,150.0,8.0,36.9,0.7,0.8666666666666667,0.0,0.0,110.0,10.0,33.8,0.8,1.0,0.8,0.0,56.0,-666.0,13.0,8.0,484.0,-0.125,0.0,0.0,-0.2,0.0,0.8800000000000011,0.0,1.444900000000004,-2.011099999999999,-2.4110999999999976,-1.3795000000000002,-1.3531000000000049,0.24223496398698882,1.6169106345126203,0.0,1.0,0.0,0.14285714285714285,0.3333333333333333,1.0,0.0,-0.0875,0.08123791102514505
291,202207050211,7,20,20,127,5,2,4,33,0,0,0,3,1,6,2,32,1,0,1,13,0,0,0,3,1,0,0,10,0,0,0,4,0,0,0,3,0.0,0.0,16.0,16.0,34.3,1.1,1.0,0.0,0.0,10.0,9.0,33.1,1.2,0.9230769230769231,0.0,0.0,10.0,10.0,33.1,0.9,0.75,-3.0,-2.0,0.0,0.05555555555555555,0.05555555555555555,8,13,84.3,10.0,1393,1708,1263,0.0,0.0,10.0,6.0,34.4,0.3,0.7777777777777778,0.0,0.0,7.0,6.0,34.1,0.4,1.0,-2.3,0.0,56.0,-21.0,13.0,16.0,502.0,0.0,0.0,0.0,0.05555555555555555,0.0,-0.09000000000000057,0.0,-0.8531000000000049,-2.0531000000000006,-2.0531000000000006,-0.9654000000000025,-1.0531000000000006,0.10722664211661233,0.5796550698475762,-1.0,5.0,0.0,0.0,0.0,4.0,0.0,0.04022988505747127,-0.17307692307692307
292,202207050211,26,21,13,160,25,18,14,132,4,2,2,17,9,6,4,30,2,0,2,16,0,0,0,3,2,1,2,11,0,0,2,2,0,0,0,1,0.0,0.0,15.0,15.0,34.9,1.2,0.625,0.0,0.0,18.0,14.0,34.7,1.0,0.6111111111111112,0.0,0.0,7.0,17.0,34.4,1.9,1.0,1.0,-4.0,0.0,0.0,0.14285714285714285,1,1,25.9,7.0,1716,1428,1167,0.0,0.0,6.0,16.0,35.1,1.2,0.3333333333333333,0.0,0.0,13.0,4.0,33.2,0.3,0.4666666666666667,-2.0,0.0,54.0,-538.0,13.0,16.0,444.0,0.0,-0.05555555555555555,0.0,0.16666666666666666,0.0,0.29999999999999927,0.0,-0.4654000000000025,-0.4064999999999941,-0.7531000000000034,-0.05310000000000059,-1.9530999999999992,0.22332780534894286,0.6711184694225,-1.0,4.0,0.0,0.15789473684210525,0.15789473684210525,3.0,0.0,0.05419580419580422,0.03664799253034551
293,202207050211,1,0,1,29,1,1,1,11,0,0,0,2,0,0,0,5,0,0,0,1,0,0,0,1,0,0,0,1,0,0,0,1,0,0,0,1,0.0,0.0,15.0,13.0,33.8,1.0,0.8666666666666667,0.0,0.0,18.0,11.0,34.5,0.3,0.9444444444444444,0.0,0.0,16.0,14.0,33.6,0.7,1.0,0.5,-2.0,-200.0,0.0,0.21428571428571427,4,4,208.9,13.0,1728,1438,1169,0.0,0.0,13.0,11.0,33.7,1.3,0.6923076923076923,0.0,0.0,15.0,11.0,34.0,1.4,0.9411764705882353,-0.4,0.0,54.0,-168.0,13.0,15.0,430.0,0.0,-0.05555555555555555,0.0,0.0,-0.058823529411764705,0.03999999999999915,0.0,-1.3064999999999998,-0.8654000000000011,-1.5531000000000006,-1.4530999999999992,-1.153100000000002,0.10705520017754898,0.31874754901018404,-1.0,4.0,0.0,0.0,0.1111111111111111,3.0,0.0,0.1497695852534562,-0.08928571428571427
294,202207050211,0,0,2,40,0,0,0,2,0,0,0,1,0,0,2,17,0,0,0,1,0,0,0,1,0,0,0,1,0,0,0,0,0,0,0,0,0.0,0.0,110.0,13.0,33.8,0.8,0.8333333333333334,0.0,0.0,60.0,3.0,33.9,0.2,0.8125,0.0,0.0,100.0,6.0,33.8,0.7,0.9375,-3.5,-2.0,0.0,0.05555555555555555,0.1111111111111111,7,10,138.8,12.0,1611,1084,1263,0.0,0.0,90.0,15.0,33.1,0.9,0.9444444444444444,0.0,0.0,30.0,1.0,33.7,0.0,0.9333333333333333,-1.2,0.4,56.0,21.0,13.0,18.0,464.0,0.1111111111111111,0.0625,-0.1875,0.0,-0.2,0.09999999999999858,0.0,-1.3531000000000049,-1.2531000000000034,-1.3531000000000049,-2.0531000000000006,-1.4530999999999992,0.057080460863115655,0.2870540018881452,2.0,5.0,0.4,0.0,0.0,5.0,0.4,0.08874458874458874,
295,202207050211,0,0,0,0,0,0,0,5,0,0,0,0,0,0,0,0,0,0,0,0,0,0,0,0,0,0,0,0,0,0,0,0,0,0,0,0,0.0,0.0,1.0,2.0,41.4,0.3,0.18181818181818182,0.0,0.0,16.0,15.0,37.7,2.2,0.4375,0.0,0.0,13.0,13.0,37.9,2.3,0.23076923076923078,5.5,-6.0,-400.0,0.125,0.275,3,3,89.8,11.0,964,79,548,0.0,0.0,9.0,13.0,14.8,18.6,0.7857142857142857,0.0,0.0,12.0,16.0,40.4,3.1,0.0625,2.6,0.2,56.0,-665.0,13.0,11.0,504.0,0.0,0.0,0.0,0.07142857142857142,0.0,2.49,0.0,3.3273999999999972,-0.5794999999999959,-0.011099999999999,,2.7357000000000014,0.2538211954089396,9.922620621589843,0.0,0.0,,0.17391304347826086,0.391304347826087,0.0,,,
296,202207050305,0,0,0,0,0,1,2,5,0,0,0,0,0,0,0,0,0,0,0,1,0,0,0,0,0,0,0,0,0,0,0,0,0,0,0,0,,,,,,,,,,,,,,,,,,,,,,,,,0.25,0.55,3,3,2.4,1.0,1540,1522,1036,,,,,,,,,,,,,,,,,54.0,,10.0,,,,,,,,,,,,,,,,,,0.0,,0.0,0.3333333333333333,0.0,,,
297,202207050305,7,20,20,127,0,0,0,1,0,0,0,0,1,6,2,32,0,0,0,0,0,0,0,0,0,1,0,0,0,0,0,0,0,0,0,0,0.0,0.0,8.0,11.0,36.2,1.3,0.26666666666666666,0.0,0.0,11.0,13.0,36.9,2.6,0.3076923076923077,0.0,0.0,5.0,1.0,34.8,0.0,0.0625,-5.0,26.0,0.0,0.17647058823529413,0.35294117647058826,1,1,8.6,4.0,1393,272,1263,0.0,0.0,3.0,10.0,36.4,1.5,0.125,0.0,0.0,4.0,2.0,33.8,0.5,0.3,-2.1,0.4,54.0,-274.0,10.0,15.0,458.0,-0.06666666666666667,0.07692307692307693,0.0,0.0,-0.1,0.5300000000000011,0.0,1.0469000000000008,1.7468999999999966,-0.35310000000000485,1.2468999999999966,-1.3531000000000049,0.0998078364045532,1.1461239025515533,2.0,5.0,0.4,0.07142857142857142,0.35714285714285715,5.0,0.4,0.04022988505747127,
298,202207050305,12,7,13,137,5,9,6,103,0,0,0,14,1,0,0,8,1,2,2,15,0,0,0,2,0,0,0,0,0,0,0,0,0,0,0,0,,,,,,,,,,,,,,,,,,,,,,,,,0.023809523809523808,0.23809523809523808,6,6,3.2,2.0,1506,1013,199,,,,,,,,,,,,,,,,,54.0,,10.0,,,,,,,,,,,,,,,,,,0.0,,0.14285714285714285,0.14285714285714285,0.0,,0.00030605998775759535,0.13151602104256338
299,202207050305,0,0,0,0,2,1,3,46,0,0,0,0,0,0,0,0,0,0,0,2,0,0,0,0,0,0,0,0,0,0,0,0,0,0,0,0,0.0,0.0,15.0,7.0,35.7,0.4,1.0,0.0,0.0,14.0,14.0,35.2,1.3,0.625,0.0,0.0,10.0,9.0,34.5,0.9,0.6363636363636364,1.0,-6.0,0.0,0.05263157894736842,0.05263157894736842,8,9,7.2,3.0,1699,1306,1313,0.0,0.0,10.0,10.0,37.2,3.9,1.0,0.0,0.0,10.0,11.0,35.9,1.2,0.36363636363636365,0.4,0.0,54.0,-344.0,10.0,16.0,424.0,-0.0625,0.125,0.0,0.0,0.0,-0.23999999999999916,0.0,-0.3947999999999965,0.04690000000000083,-0.653100000000002,1.9087000000000032,0.6086999999999989,0.24482241835445873,0.892188320927819,0.0,3.0,0.0,0.14285714285714285,0.14285714285714285,2.0,0.0,,0.051282051282051266
300,202207050305,13,11,6,67,1,0,1,6,0,0,0,3,2,2,0,9,0,0,1,1,0,0,0,0,0,0,0,1,0,0,0,0,0,0,0,0,0.0,0.0,3.0,9.0,40.1,3.7,0.9,0.0,0.0,4.0,15.0,44.2,6.2,0.125,0.0,0.0,5.0,5.0,34.0,0.9,0.5,-2.0,10.0,-200.0,0.05263157894736842,0.13157894736842105,2,2,12.5,5.0,1657,1205,1317,,,,,,,,,,,,,,,-2.0,0.0,54.0,-372.0,10.0,10.0,430.0,0.1,0.0,-0.1,,,3.0500000000000007,0.0,2.435700000000004,6.046200000000006,-1.153100000000002,,,0.3164472924341254,4.190730511763102,-2.0,1.0,0.0,0.125,0.125,1.0,0.0,-0.07118311242022585,
301,202207050305,0,2,3,13,3,7,8,76,0,0,0,0,0,0,2,1,3,3,2,16,0,0,0,0,0,0,0,0,0,0,1,1,0,0,0,0,0.0,0.0,80.0,5.0,36.2,1.8,0.8888888888888888,0.0,0.0,90.0,9.0,40.4,4.1,1.0,0.0,0.0,70.0,7.0,34.5,1.7,1.0,1.0,5.0,200.0,0.0,0.0,4,4,23.6,6.0,1601,1559,239,0.0,0.0,110.0,9.0,39.8,2.8,0.6666666666666666,0.0,0.0,60.0,6.0,34.6,1.3,0.2,0.2,0.0,50.0,-394.0,10.0,9.0,423.0,0.0,0.0,0.0,0.0,0.0,0.38000000000000045,0.0,-0.0741999999999976,2.1205,-0.6064999999999969,1.5204999999999984,-0.5531000000000006,0.30124023471698747,2.529822128134702,-4.0,1.0,0.0,0.13043478260869565,0.34782608695652173,1.0,0.0,0.055555555555555525,0.08123791102514505
302,202207050305,0,0,0,0,8,8,10,84,0,0,0,0,0,0,0,0,0,1,1,15,0,0,0,0,0,0,0,0,0,0,0,1,0,0,0,0,0.0,0.0,12.0,14.0,38.4,3.4,0.75,0.0,0.0,15.0,14.0,35.4,2.6,0.6666666666666666,0.0,0.0,16.0,16.0,36.5,3.4,0.9375,1.0,-22.0,-200.0,0.16666666666666666,0.3333333333333333,7,8,29.7,7.0,1658,1405,1167,0.0,0.0,10.0,12.0,36.7,2.6,0.75,0.0,0.0,7.0,7.0,34.6,1.9,0.7,-1.6,0.0,54.0,-182.0,10.0,16.0,432.0,-0.0625,0.0,0.0625,-0.08333333333333333,0.0,0.629999999999999,0.0,0.24620000000000175,0.3252999999999986,1.346899999999998,0.32510000000000616,-0.5531000000000006,0.09382311963358382,1.289030643545761,4.0,2.0,0.0,0.08333333333333333,0.25,2.0,0.0,,-0.04768439108061748
303,202207050305,7,20,20,127,9,10,18,107,0,1,0,3,1,6,2,32,0,2,0,13,0,1,0,1,0,1,0,0,0,0,0,0,0,0,0,0,0.0,0.0,5.0,3.0,40.4,1.2,0.5,0.0,0.0,7.0,8.0,40.9,1.7,0.42857142857142855,0.0,0.0,12.0,13.0,35.4,1.2,0.3076923076923077,5.0,2.0,-200.0,0.0,0.0,8,10,33.0,8.0,1393,1167,1263,0.0,0.0,8.0,8.0,34.9,2.3,0.7,,,,,,,,2.0,0.25,50.0,-249.0,10.0,10.0,406.0,-0.1,0.0,0.46153846153846156,0.0,,2.2,0.0,2.1205,1.507399999999997,0.3252999999999986,-0.25310000000000343,,0.14236283882062756,2.7613402542968153,-4.0,1.0,0.0,0.05555555555555555,0.16666666666666666,1.0,0.0,0.04022988505747127,-0.05976134585289514
304,202207050305,0,0,2,40,1,0,0,12,0,0,0,0,0,0,2,17,1,0,0,7,0,0,0,0,0,0,0,0,0,0,0,0,0,0,0,0,0.0,0.0,3.0,12.0,53.0,14.3,0.5,0.0,0.0,14.0,16.0,40.7,6.1,0.6875,0.0,0.0,12.0,12.0,38.3,3.6,0.8125,0.0,1.0,-300.0,0.0,0.0,5,5,159.1,10.0,1611,1028,1263,0.0,0.0,10.0,9.0,34.6,2.9,0.9,,,,,,,,-1.3,0.0,51.0,-207.0,10.0,12.0,445.0,0.5,0.25,0.0625,0.0,,5.76,0.0,,4.7834,0.708599999999997,-0.5531000000000006,,0.15026019100214136,6.9038032996312975,-4.0,1.0,0.0,0.0,0.0,1.0,0.0,0.08874458874458874,
305,202207050305,6,4,9,63,0,1,2,3,0,0,0,0,3,2,1,26,0,0,1,0,0,0,0,0,0,0,0,0,0,0,0,0,0,0,0,0,0.0,0.0,4.0,10.0,41.6,2.7,0.2,0.0,0.0,11.0,16.0,42.0,6.5,1.0,0.0,0.0,10.0,10.0,35.9,3.3,1.0,0.0,-16.0,-100.0,0.0,0.23255813953488372,7,7,48.3,9.0,1172,880,1556,0.0,0.0,9.0,10.0,35.1,3.4,0.9,,,,,,,,-0.6,0.0,54.0,-625.0,10.0,10.0,494.0,0.7,0.0,0.0,0.0,,2.56,0.0,4.165900000000001,3.846200000000003,0.7468999999999966,-0.05310000000000059,,0.3344772040064913,3.165833223655346,-2.0,2.0,0.0,0.0,0.3333333333333333,2.0,0.0,0.037523452157598475,-0.375
306,202207050403,0,1,2,2,0,0,0,0,0,0,0,0,0,0,1,1,0,0,0,0,0,0,0,0,0,0,1,1,0,0,0,0,0,0,0,0,0.0,0.0,10.0,2.0,35.0,0.5,0.3076923076923077,0.0,0.0,10.0,3.0,35.2,0.4,0.25,,,,,,,,1.0,-8.0,0.0,0.09090909090909091,0.3181818181818182,1,1,1.3,1.0,1534,879,1235,,,,,,,,,,,,,,,1.0,1.0,54.0,14.0,8.0,13.0,492.0,-0.07692307692307693,0.0,,,,-0.20000000000000284,0.0,-0.153100000000002,-0.8947999999999965,,,,0.028846153846153855,0.10000000000000142,0.0,2.0,1.0,0.05263157894736842,0.15789473684210525,1.0,1.0,,
307,202207050403,0,0,0,0,0,1,0,26,0,0,0,0,0,0,0,0,0,0,0,7,0,0,0,0,0,0,0,0,0,0,0,4,0,0,0,0,0.0,0.0,8.0,13.0,35.0,1.9,0.125,0.0,0.0,8.0,11.0,37.2,2.1,0.16666666666666666,0.0,0.0,2.0,14.0,34.3,1.2,0.2222222222222222,0.5,-12.0,200.0,0.09090909090909091,0.2727272727272727,3,3,5.4,2.0,1540,1186,1036,0.0,0.0,1.0,15.0,34.8,1.7,0.0625,0.0,0.0,1.0,1.0,32.4,0.0,0.05555555555555555,-2.0,0.2,54.0,-588.0,8.0,16.0,472.0,,0.0,,,,0.7600000000000009,0.0,1.4566000000000017,2.046900000000001,0.7565999999999988,1.2565999999999988,-1.1433999999999997,0.06309898162000303,1.5357083056361989,0.0,1.0,0.0,0.0,0.4,1.0,0.0,,0.12962962962962962
308,202207050403,7,1,4,70,7,7,6,97,1,0,0,2,0,1,1,8,2,1,0,18,0,0,0,0,0,0,0,6,2,0,0,2,0,0,0,0,0.0,0.0,50.0,10.0,35.5,0.8,0.35714285714285715,,,,,,,,,,,,,,,,,0.0,0.16666666666666666,0.3888888888888889,4,4,44.2,6.0,1090,1556,1169,,,,,,,,,,,,,,,,0.0,54.0,29.0,8.0,14.0,438.0,-0.07142857142857142,,,,,,,0.346899999999998,,,,,,,0.0,1.0,0.0,0.2222222222222222,0.3333333333333333,1.0,0.0,0.061991869918699205,0.05405982905982906
309,202207050403,26,21,13,160,7,7,6,97,1,1,0,13,9,6,4,30,2,1,0,18,0,0,0,3,1,1,0,3,2,0,0,2,0,0,0,1,0.0,0.0,2.0,,,,0.3333333333333333,0.0,0.0,13.0,8.0,34.8,0.5,0.3333333333333333,0.0,0.0,9.0,7.0,35.2,0.8,0.7142857142857143,-1.0,12.0,-500.0,0.023255813953488372,0.2558139534883721,6,6,7.3,3.0,1716,1556,1167,0.0,0.0,6.0,11.0,35.9,1.7,0.5,0.0,0.0,3.0,14.0,36.8,1.3,0.3333333333333333,2.2,0.0,54.0,-648.0,8.0,12.0,458.0,0.6666666666666666,0.0,-0.07142857142857142,-0.1111111111111111,0.0,-0.6699999999999996,0.0,,-0.5654000000000039,0.12530000000000285,0.7468999999999966,1.6468999999999951,0.1502831794100905,0.7595228765481649,0.0,3.0,0.0,0.0,0.21428571428571427,2.0,0.0,0.05419580419580422,0.05405982905982906
310,202207050403,0,0,0,0,1,0,0,0,0,0,0,0,0,0,0,0,0,0,0,0,0,0,0,0,0,0,0,0,0,0,0,0,0,0,0,0,0.0,0.0,40.0,7.0,37.7,1.3,0.07142857142857142,,,,,,,,,,,,,,,,,-600.0,0.12195121951219512,0.2682926829268293,7,7,22.2,5.0,1676,219,1428,,,,,,,,,,,,,,,,0.0,54.0,63.0,8.0,14.0,454.0,0.0,,,,,,,2.2408,,,,,,,0.0,0.0,,0.15384615384615385,0.38461538461538464,0.0,,,
311,202207050403,0,6,0,19,1,2,3,27,0,0,0,1,0,1,0,2,0,0,1,6,0,0,0,0,0,1,0,2,0,0,0,1,0,0,0,0,0.0,0.0,12.0,14.0,38.3,2.6,0.875,0.0,0.0,10.0,9.0,38.5,1.6,0.21428571428571427,0.0,0.0,11.0,12.0,39.7,3.4,0.1875,-1.0,-8.0,0.0,0.0,0.0,2,2,12.3,4.0,1629,1036,1428,0.0,0.0,9.0,6.0,36.4,1.2,0.625,0.0,0.0,7.0,11.0,36.8,1.8,0.7142857142857143,-0.9,0.0,50.0,-273.0,8.0,16.0,436.0,-0.125,0.0,0.0,-0.0625,0.07142857142857142,0.5100000000000001,0.0,0.3888999999999996,0.5889000000000024,1.8789000000000016,-1.4211000000000027,0.5257999999999967,0.275231813241871,1.2009995836801959,-6.0,0.0,,0.0,0.0,0.0,,0.04571428571428571,-0.02797202797202797
312,202207050403,0,6,0,19,14,6,7,78,0,0,0,1,0,1,0,2,1,1,0,7,0,0,0,0,0,1,0,2,1,0,0,1,0,0,0,0,0.0,0.0,11.0,,,,1.0,0.0,0.0,10.0,6.0,37.5,1.2,0.5,0.0,0.0,14.0,6.0,38.1,1.5,0.375,0.0,12.0,-200.0,0.023809523809523808,0.11904761904761904,8,8,51.4,7.0,1629,1294,1428,0.0,0.0,9.0,8.0,38.9,2.5,0.6153846153846154,0.0,0.0,12.0,8.0,38.7,0.7,0.25,0.8,0.0,54.0,-630.0,8.0,12.0,414.0,,0.0,0.0625,0.0,0.0,-0.44000000000000056,0.0,,-0.3211000000000013,0.27890000000000015,0.988900000000001,1.2822999999999993,0.2568585824163692,0.5477225575051661,0.0,0.0,,0.0,0.0,0.0,,0.04571428571428571,0.0761904761904762
313,202207050403,0,1,2,2,0,0,0,8,0,0,0,0,0,0,1,1,0,0,0,3,0,0,0,0,0,0,1,1,0,0,0,0,0,0,0,0,0.0,0.0,16.0,18.0,38.2,3.5,0.3333333333333333,0.0,0.0,8.0,8.0,37.0,3.1,0.5,0.0,0.0,9.0,12.0,35.7,1.3,0.8333333333333334,-3.0,16.0,0.0,0.14285714285714285,0.42857142857142855,5,5,104.3,8.0,1534,1650,1235,0.0,0.0,5.0,8.0,38.5,2.3,0.36363636363636365,,,,,,,,-2.6,0.0,51.0,-119.0,8.0,18.0,452.0,0.2222222222222222,0.0,-0.08333333333333333,0.0,,0.04000000000000057,0.0,2.834600000000002,1.846899999999998,0.5469000000000008,3.393500000000003,,0.19827655042882428,1.1056672193747985,-2.0,3.0,0.0,0.11764705882352941,0.29411764705882354,2.0,0.0,,0.2
314,202207050512,0,0,1,2,0,1,0,6,0,0,0,0,0,0,0,0,0,0,0,1,0,0,0,0,0,0,0,0,0,0,0,1,0,0,0,0,0.0,0.0,14.0,10.0,34.9,1.0,0.6111111111111112,0.0,0.0,11.0,13.0,35.5,0.8,0.625,0.0,0.0,7.0,1.0,34.2,0.0,0.3333333333333333,-4.5,-4.0,0.0,0.038461538461538464,0.07692307692307693,6,10,102.5,15.0,1183,1362,1558,0.0,0.0,6.0,5.0,34.5,0.5,0.5,0.0,0.0,5.0,5.0,34.7,0.5,0.5,-1.8,0.2,53.0,-671.0,15.0,18.0,416.0,-0.05555555555555555,0.0,-0.05555555555555555,0.16666666666666666,-0.1111111111111111,0.13999999999999915,0.0,-0.25310000000000343,0.346899999999998,-0.9530999999999992,-0.653100000000002,-0.45309999999999917,0.10467468711898208,0.4363484845854277,-3.0,5.0,0.2,0.0,0.0,0.0,,0.11500974658869395,-0.18016321406151914
315,202207050512,0,0,1,5,0,0,0,6,0,0,0,1,0,0,1,2,0,0,0,2,0,0,0,1,0,0,0,1,0,0,0,1,0,0,0,1,0.0,0.0,40.0,8.0,34.3,0.7,0.6,0.0,0.0,50.0,6.0,33.6,0.7,0.6470588235294118,0.0,0.0,40.0,2.0,34.5,0.1,0.46153846153846156,-3.0,4.0,0.0,0.3333333333333333,0.5454545454545454,8,15,7.4,4.0,1036,1482,1108,0.0,0.0,60.0,3.0,33.9,0.2,0.6875,0.0,0.0,60.0,3.0,34.7,0.1,0.7777777777777778,-1.3,0.6,55.0,15.0,15.0,15.0,450.0,0.13333333333333333,0.058823529411764705,0.0,0.0,0.0,-0.11000000000000085,0.0,-0.8531000000000049,-1.5531000000000006,-0.653100000000002,-1.2531000000000034,-1.1161999999999992,0.10449958017216865,0.40000000000000036,0.0,5.0,0.6,0.0,0.2857142857142857,0.0,,-0.00260869565217392,-0.0913978494623656
316,202207050512,2,0,0,4,1,0,0,0,1,0,0,0,0,0,0,0,0,0,0,0,0,0,0,0,0,0,0,0,0,0,0,0,0,0,0,0,0.0,0.0,6.0,9.0,13.8,5.9,0.7272727272727273,0.0,0.0,11.0,10.0,13.6,2.3,0.5714285714285714,0.0,0.0,11.0,12.0,35.9,1.3,0.9375,1.5,-4.0,-1660.0,0.0,0.15,7,12,7.0,3.0,1729,962,1428,0.0,0.0,14.0,12.0,37.3,2.0,1.0,0.0,0.0,8.0,9.0,39.1,1.3,0.9090909090909091,0.2,0.0,57.0,-530.0,15.0,11.0,526.0,0.09090909090909091,-0.14285714285714285,0.0,0.0,0.0,-7.43,0.0,,,0.7468999999999966,1.269999999999996,-0.2926000000000002,0.1575558729307067,11.671263856155424,-3.0,1.0,0.0,0.1111111111111111,0.2777777777777778,0.0,,0.07112375533428161,
317,202207050512,3,1,2,17,0,0,0,2,0,0,0,1,0,1,0,0,0,0,0,0,0,0,0,0,0,1,0,0,0,0,0,0,0,0,0,0,0.0,0.0,12.0,12.0,33.6,1.1,0.9375,0.0,0.0,9.0,3.0,35.3,0.7,0.75,0.0,0.0,13.0,5.0,35.7,0.3,0.875,-3.5,-6.0,0.0,0.0,0.1111111111111111,2,3,8.1,6.0,1152,187,1428,0.0,0.0,8.0,6.0,35.5,0.7,1.0,0.0,0.0,10.0,6.0,33.3,0.4,0.8571428571428571,-0.9,0.2,55.0,-363.0,15.0,16.0,480.0,-0.125,0.125,0.0625,0.0,0.0,0.04000000000000057,0.0,-1.5531000000000006,0.14689999999999515,-0.3947999999999965,-0.5947999999999993,-1.8531000000000049,0.08375742428256125,1.0166612021711074,-1.0,5.0,0.2,0.2,0.4,0.0,,-0.036725569512454787,
318,202207050512,0,0,0,2,0,0,0,0,0,0,0,0,0,0,0,1,0,0,0,0,0,0,0,0,0,0,0,1,0,0,0,0,0,0,0,0,0.0,0.0,10.0,9.0,35.9,0.7,0.3125,0.0,0.0,50.0,2.0,35.6,0.3,0.125,0.0,0.0,40.0,3.0,35.5,0.4,0.3125,-3.0,4.0,0.0,0.0,0.0,8,14,55.4,13.0,1687,1506,1345,0.0,0.0,50.0,4.0,34.7,0.2,0.3125,0.0,0.0,40.0,12.0,37.1,1.9,0.5,0.8,0.4,51.0,408.0,15.0,16.0,452.0,0.0625,0.0,0.0,-0.125,0.21428571428571427,-0.15000000000000072,0.0,0.7468999999999966,0.4468999999999994,0.346899999999998,-0.45309999999999917,0.8612000000000037,0.11858541225631422,0.778716893357271,-3.0,4.0,0.5,0.1,0.2,0.0,,0.10476190476190478,-0.2857142857142857
319,202207050512,4,1,1,7,0,0,1,2,0,0,0,0,1,0,0,1,0,0,1,0,0,0,0,0,1,0,0,1,0,0,1,0,0,0,0,0,0.0,0.0,5.0,18.0,35.6,1.8,0.2777777777777778,0.0,0.0,2.0,3.0,34.6,0.6,0.5555555555555556,0.0,0.0,3.0,1.0,33.9,0.0,0.3333333333333333,-8.5,0.0,0.0,0.022727272727272728,0.25,2,2,5.6,2.0,1716,1036,1167,0.0,0.0,6.0,2.0,35.2,0.1,0.1111111111111111,0.0,0.0,2.0,7.0,38.5,1.7,0.3333333333333333,-2.3,0.6,53.0,-432.0,15.0,18.0,462.0,0.1111111111111111,-0.1111111111111111,-0.1111111111111111,0.0,0.08333333333333333,-0.6399999999999999,0.0,0.4468999999999994,-0.7653999999999996,-1.2531000000000034,-0.8947999999999965,0.5889000000000024,0.14229164972073,1.5781001235663092,-3.0,4.0,0.75,0.05,0.25,0.0,,0.05419580419580422,-0.02797202797202797
320,202207050512,0,0,0,6,0,0,0,0,0,0,0,0,0,0,0,0,0,0,0,0,0,0,0,0,0,0,0,0,0,0,0,0,0,0,0,0,0.0,0.0,7.0,7.0,37.4,0.4,0.1875,0.0,0.0,1.0,7.0,33.8,0.7,0.3333333333333333,0.0,0.0,3.0,11.0,37.7,1.6,0.14285714285714285,2.0,0.0,50.0,0.0,0.22727272727272727,3,5,8.0,5.0,1463,1620,1167,0.0,0.0,5.0,7.0,36.2,0.5,0.26666666666666666,0.0,0.0,4.0,5.0,35.0,0.3,0.36363636363636365,-0.4,0.0,55.0,-62.0,15.0,16.0,496.0,-0.0625,,0.0,0.0,-0.09090909090909091,0.23999999999999916,0.0,-0.4233000000000047,0.25659999999999883,-0.12109999999999843,0.8346000000000018,-0.153100000000002,0.08382625063395589,1.4647866738880457,0.0,2.0,0.0,0.0,0.26666666666666666,0.0,,-0.07500000000000001,
321,202207050512,4,1,1,7,1,0,0,1,0,0,0,0,1,0,0,1,0,0,0,0,0,0,0,0,1,0,0,1,0,0,0,0,0,0,0,0,0.0,0.0,10.0,10.0,34.0,1.4,1.0,0.0,0.0,12.0,12.0,37.0,1.6,1.0,0.0,0.0,10.0,8.0,34.6,0.9,0.7,-1.0,2.0,-400.0,0.0,0.0,5,9,97.7,14.0,1716,1503,1167,0.0,0.0,14.0,11.0,35.6,1.2,0.21428571428571427,0.0,0.0,18.0,18.0,35.7,1.8,0.5555555555555556,1.5,0.0,57.0,-538.0,15.0,10.0,454.0,0.0,-0.15384615384615385,0.0,0.0,0.2777777777777778,-0.2000000000000007,0.0,-1.0747,0.14970000000000283,-0.8592000000000013,0.4468999999999994,0.5469000000000008,0.29549979867229875,1.0283968105745953,2.0,2.0,0.0,0.0,0.0,0.0,,0.05419580419580422,0.10227272727272729
322,202207050512,0,0,0,5,2,1,1,6,0,0,0,1,0,0,0,0,1,0,0,1,0,0,0,0,0,0,0,0,1,0,0,1,0,0,0,0,0.0,0.0,10.0,6.0,34.9,0.6,0.375,0.0,0.0,10.0,9.0,36.2,0.6,0.4,0.0,0.0,2.0,16.0,35.8,1.7,0.1875,5.0,10.0,0.0,0.08571428571428572,0.14285714285714285,3,4,31.8,10.0,1561,1235,1263,0.0,0.0,7.0,9.0,35.6,1.0,0.5625,0.0,0.0,13.0,9.0,35.3,1.4,0.8666666666666667,0.6,0.0,53.0,-47.0,15.0,16.0,446.0,0.0,-0.06666666666666667,0.0,-0.0625,0.13333333333333333,-0.019999999999999574,0.0,-0.25310000000000343,0.8346000000000018,0.6468999999999951,0.4468999999999994,0.19350000000000023,0.2277211989351111,0.44090815370097336,-1.0,4.0,0.0,0.0,0.2222222222222222,0.0,,0.09871915026554202,0.09690177982860912
323,202207050512,0,0,0,6,0,0,1,1,0,0,0,0,0,0,0,0,0,0,0,0,0,0,0,0,0,0,0,0,0,0,0,0,0,0,0,0,0.0,0.0,16.0,12.0,35.9,1.4,0.5,0.0,0.0,15.0,9.0,35.9,1.0,0.625,0.0,0.0,18.0,13.0,35.0,1.3,0.2777777777777778,0.5,-4.0,0.0,0.0,0.34782608695652173,4,7,35.6,12.0,1657,460,1317,0.0,0.0,17.0,16.0,33.5,1.3,0.47058823529411764,0.0,0.0,14.0,12.0,33.6,1.2,0.6875,0.7,0.0,55.0,-552.0,15.0,16.0,424.0,-0.0625,-0.0625,,,,0.6999999999999993,0.0,-0.19480000000000075,0.7468999999999966,1.2128000000000014,-0.04339999999999833,0.05660000000000309,0.14162491563495688,1.0571660229122,2.0,2.0,0.0,0.125,0.28125,0.0,,-0.07118311242022585,0.12121212121212122
324,202207050512,0,0,0,0,0,0,0,0,0,0,0,0,0,0,0,0,0,0,0,0,0,0,0,0,0,0,0,0,0,0,0,0,0,0,0,0,0.0,0.0,7.0,6.0,35.9,0.8,0.8125,0.0,0.0,6.0,10.0,35.5,0.5,0.9444444444444444,0.0,0.0,9.0,8.0,34.2,0.5,0.4444444444444444,1.0,0.0,-200.0,0.16,0.32,5,8,15.1,7.0,1064,882,1556,0.0,0.0,9.0,12.0,33.7,0.7,0.6666666666666666,0.0,0.0,7.0,11.0,35.3,0.7,0.9333333333333333,1.2,0.0,53.0,-244.0,15.0,16.0,460.0,0.0,0.05555555555555555,0.05555555555555555,-0.05555555555555555,-0.06666666666666667,0.3,0.0,0.7935000000000016,-0.5947999999999993,-0.9530999999999992,-1.4530999999999992,-0.0654000000000039,0.18713977742932233,0.8304215796810659,-3.0,4.0,0.0,0.16666666666666666,0.5,0.0,,,-0.08333333333333334
325,202207050512,0,7,1,22,0,0,0,0,0,0,0,0,0,2,0,2,0,0,0,0,0,0,0,0,0,1,0,1,0,0,0,0,0,0,0,0,0.0,0.0,18.0,12.0,33.2,0.7,0.5,0.0,0.0,14.0,10.0,34.8,1.0,0.7647058823529411,0.0,0.0,9.0,12.0,35.1,0.7,1.0,0.0,0.0,-400.0,0.0,0.0,4,6,23.3,9.0,1428,783,1263,0.0,0.0,8.0,5.0,34.6,1.2,0.8461538461538461,0.0,0.0,8.0,4.0,35.5,0.7,0.35714285714285715,-2.1,0.0,51.0,-61.0,15.0,18.0,442.0,0.05555555555555555,0.0,0.0,0.0,0.14285714285714285,-0.43999999999999984,0.0,-1.8746999999999971,-0.3064999999999998,-0.26539999999999964,-0.5064999999999955,0.4253,0.23362108272147716,0.7812809993849834,-4.0,1.0,0.0,0.0,0.25,0.0,,0.002599413749239554,
326,202207050512,0,0,0,0,0,0,2,1,0,0,0,0,0,0,0,0,0,0,0,0,0,0,0,0,0,0,0,0,0,0,0,0,0,0,0,0,0.0,0.0,100.0,7.0,35.5,0.6,0.09090909090909091,0.0,0.0,110.0,12.0,37.3,2.5,0.5714285714285714,0.0,0.0,90.0,9.0,35.9,1.0,0.42857142857142855,1.0,0.0,0.0,0.0,0.13333333333333333,6,11,35.0,11.0,1204,1306,1221,0.0,0.0,150.0,4.0,32.8,0.4,0.5,0.0,0.0,120.0,11.0,36.2,2.6,1.0,0.0,0.0,55.0,22.0,15.0,11.0,472.0,0.0,-0.07142857142857142,0.14285714285714285,,-0.08333333333333333,0.30999999999999944,0.0,0.346899999999998,0.8588999999999984,-0.5411000000000001,-0.7434000000000012,0.6379000000000019,0.2918583769472777,1.494790955284384,5.0,1.0,0.0,0.15,0.15,0.0,,,0.051282051282051266
327,202207050512,0,1,0,4,0,0,0,1,0,0,0,0,0,0,0,0,0,0,0,0,0,0,0,0,0,0,0,0,0,0,0,0,0,0,0,0,0.0,0.0,16.0,16.0,35.3,1.8,0.625,0.0,0.0,16.0,15.0,32.9,1.3,0.7777777777777778,0.0,0.0,8.0,8.0,34.3,1.0,0.5,-4.0,-4.0,0.0,0.05128205128205128,0.1282051282051282,1,1,18.4,8.0,1310,1170,1618,0.0,0.0,14.0,9.0,32.2,0.4,0.8333333333333334,0.0,0.0,13.0,8.0,35.3,0.6,0.625,-2.2,0.0,55.0,-769.0,15.0,16.0,462.0,-0.125,,0.2,,0.125,0.06999999999999958,0.0,0.14689999999999515,-0.6433999999999997,-0.8531000000000049,-1.3433999999999955,0.14689999999999515,0.11934750588300465,1.25857061780418,-1.0,3.0,0.0,0.0,0.23076923076923078,0.0,,-0.08552631578947367,-0.09523809523809523
328,202207050512,0,0,0,1,0,0,0,1,0,0,0,0,0,0,0,1,0,0,0,0,0,0,0,0,0,0,0,1,0,0,0,0,0,0,0,0,0.0,0.0,5.0,5.0,33.6,0.6,0.7,0.0,0.0,4.0,5.0,35.6,0.4,0.3333333333333333,0.0,0.0,8.0,13.0,35.0,1.3,0.5,4.0,8.0,0.0,0.05263157894736842,0.10526315789473684,7,13,3.8,1.0,204,969,4,0.0,0.0,8.0,6.0,34.6,0.3,0.5625,0.0,0.0,4.0,5.0,34.1,0.4,0.38461538461538464,0.1,0.0,53.0,-194.0,15.0,10.0,456.0,0.0,-0.08333333333333333,0.1875,-0.0625,-0.07692307692307693,0.0,0.0,-1.5531000000000006,0.4935000000000045,-0.153100000000002,-0.5531000000000006,-1.0531000000000006,0.13032358705872366,0.6939740629158987,-3.0,4.0,0.0,0.1,0.2,0.0,,,
329,202207050611,13,9,10,91,0,2,1,7,0,0,1,1,1,0,1,7,0,0,1,3,0,0,1,1,0,0,0,0,0,0,0,0,0,0,0,0,0.0,0.0,90.0,11.0,35.7,0.7,0.125,0.0,0.0,130.0,8.0,34.0,1.0,0.4,0.0,0.0,50.0,9.0,33.6,0.5,0.5333333333333333,-1.0,-2.0,0.0,0.15384615384615385,0.3076923076923077,2,4,15.7,7.0,1127,1160,1328,0.0,0.0,40.0,13.0,33.5,1.2,0.3888888888888889,0.0,0.0,70.0,1.0,33.6,0.0,0.35294117647058826,-1.5,0.2,53.0,-197.0,17.0,16.0,444.0,0.0625,0.0,0.0,,-0.058823529411764705,0.4700000000000003,0.0,0.5469000000000008,-1.153100000000002,-1.5531000000000006,-0.28719999999999857,-1.5531000000000006,0.13247930705998714,0.8280096617793787,-2.0,4.0,0.25,0.0,0.2,4.0,0.25,0.030746489283074607,
330,202207050611,0,0,0,1,0,0,0,7,0,0,0,0,0,0,0,0,0,0,0,0,0,0,0,0,0,0,0,0,0,0,0,0,0,0,0,0,0.0,0.0,18.0,18.0,35.2,2.0,0.5,0.0,0.0,6.0,16.0,33.5,2.2,1.0,0.0,0.0,9.0,10.0,34.2,1.0,0.07692307692307693,-4.0,-10.0,0.0,0.2857142857142857,0.5714285714285714,1,1,12.9,5.0,1434,770,969,0.0,0.0,9.0,12.0,35.4,0.8,0.125,0.0,0.0,13.0,15.0,35.5,1.2,0.1875,-1.0,0.0,56.0,-742.0,17.0,18.0,520.0,0.2222222222222222,,0.0,0.0,0.0,-0.24999999999999928,0.0,0.04690000000000083,-0.04339999999999833,-0.9530999999999992,0.24689999999999657,0.13459999999999894,0.3443005945511625,0.7812809993849842,0.0,4.0,0.0,0.16666666666666666,0.375,3.0,0.0,,
331,202207050611,11,6,16,89,6,4,4,28,0,1,0,3,1,0,1,11,0,1,0,6,0,0,0,1,0,0,1,0,0,0,0,0,0,0,0,0,0.0,0.0,10.0,16.0,35.7,1.7,0.4375,0.0,0.0,15.0,11.0,36.4,0.9,0.3125,0.0,0.0,13.0,18.0,34.7,1.6,0.8333333333333334,1.0,-8.0,0.0,0.0,0.2222222222222222,5,9,16.2,8.0,1152,460,1428,0.0,0.0,9.0,8.0,33.8,0.7,0.625,0.0,0.0,2.0,1.0,34.7,0.0,0.5,-3.3,0.2,52.0,-448.0,17.0,16.0,488.0,-0.0625,0.0,0.0,0.0,0.05555555555555555,0.46000000000000013,0.0,0.3346000000000018,1.2468999999999966,-0.45309999999999917,-1.3531000000000049,-1.3947999999999965,0.17726706155152205,0.9002221947941523,-2.0,5.0,0.2,0.17647058823529413,0.2647058823529412,3.0,0.0,-0.036725569512454787,0.12121212121212122
332,202207050611,1,4,6,20,0,0,0,2,0,0,0,0,0,0,1,6,0,0,0,0,0,0,0,0,0,0,0,3,0,0,0,0,0,0,0,0,0.0,0.0,10.0,9.0,36.1,0.7,0.8125,0.0,0.0,9.0,11.0,38.1,1.1,0.21428571428571427,0.0,0.0,6.0,8.0,33.5,0.4,0.6666666666666666,-0.5,-6.0,0.0,0.10344827586206896,0.27586206896551724,7,13,7.2,4.0,314,168,324,0.0,0.0,15.0,8.0,34.9,0.5,0.7222222222222222,0.0,0.0,9.0,12.0,34.6,1.2,0.75,0.3,0.0,53.0,-420.0,17.0,16.0,460.0,0.0625,0.0,-0.13333333333333333,0.0,-0.0625,0.6200000000000003,0.0,0.7346000000000004,1.911200000000001,-1.653100000000002,-1.1948000000000008,-0.5531000000000006,0.21462751986921524,1.5666524822052916,0.0,4.0,0.0,0.16666666666666666,0.16666666666666666,2.0,0.0,-0.2548387096774194,
333,202207050611,0,0,1,6,0,0,0,0,0,0,0,0,0,0,0,2,0,0,0,0,0,0,0,0,0,0,0,0,0,0,0,0,0,0,0,0,0.0,0.0,2.0,10.0,35.1,0.3,0.2222222222222222,0.0,0.0,3.0,1.0,35.4,0.0,0.3333333333333333,0.0,0.0,2.0,5.0,34.3,0.5,0.17647058823529413,-2.5,8.0,0.0,0.09090909090909091,0.36363636363636365,5,10,4.5,2.0,204,735,4,0.0,0.0,1.0,2.0,35.1,0.2,0.4,0.0,0.0,1.0,1.0,34.1,0.0,0.16666666666666666,-1.7,0.6,53.0,-141.0,17.0,18.0,464.0,0.16666666666666666,0.0,0.0,-0.06666666666666667,0.0,0.2299999999999997,0.0,-0.26539999999999964,0.24689999999999657,-0.8531000000000049,-0.26539999999999964,-1.0531000000000006,0.09175278771086343,0.5059644256269409,-2.0,5.0,0.6,0.09090909090909091,0.5454545454545454,3.0,0.6666666666666666,,
334,202207050611,12,7,13,137,1,1,1,25,1,0,0,2,1,0,0,8,0,0,0,5,0,0,0,1,0,0,0,1,0,0,0,0,0,0,0,0,0.0,0.0,9.0,5.0,34.7,0.3,0.5454545454545454,0.0,0.0,10.0,6.0,34.2,0.5,0.23529411764705882,0.0,0.0,6.0,6.0,36.6,0.7,0.5,0.5,2.0,-200.0,0.0,0.0,2,3,27.4,10.0,1506,1713,199,0.0,0.0,2.0,4.0,33.7,0.5,0.8888888888888888,0.0,0.0,12.0,3.0,35.1,0.4,0.2857142857142857,-0.6,0.2,53.0,-70.0,17.0,11.0,494.0,0.0,-0.058823529411764705,-0.14285714285714285,-0.2222222222222222,0.0,-0.029999999999999714,0.0,-0.4064999999999941,-0.9530999999999992,0.677500000000002,-1.4530999999999992,-0.006499999999995509,0.23190065261815615,0.9891410415102585,-2.0,2.0,0.0,0.0,0.21428571428571427,2.0,0.0,0.00030605998775759535,0.16558441558441556
335,202207050611,2,2,2,8,8,3,4,44,0,0,0,2,0,0,0,2,1,1,0,6,0,0,0,2,0,0,0,0,0,0,0,2,0,0,0,0,0.0,0.0,13.0,12.0,34.4,1.2,1.0,0.0,0.0,16.0,12.0,33.9,0.5,0.625,0.0,0.0,13.0,12.0,34.2,0.6,0.9375,0.0,-16.0,-200.0,0.0,0.0,6,11,28.9,11.0,1089,1362,1428,0.0,0.0,11.0,8.0,34.9,0.7,0.4117647058823529,0.0,0.0,10.0,4.0,34.9,0.3,0.5555555555555556,-2.0,0.0,52.0,-693.0,17.0,14.0,454.0,0.0,0.0625,0.0,0.058823529411764705,-0.05555555555555555,-0.2,0.0,-0.7064999999999984,-1.2531000000000034,-0.9530999999999992,-0.4654000000000025,-0.4654000000000025,0.22618451879273507,0.3929376540877695,-4.0,4.0,0.0,0.0,0.0,2.0,0.0,-0.09523809523809523,-0.18016321406151914
336,202207050611,0,1,2,2,1,2,4,41,0,1,0,0,0,0,1,1,0,0,2,3,0,0,0,0,0,0,0,0,0,0,0,0,0,0,0,0,0.0,0.0,10.0,2.0,34.4,0.2,0.2777777777777778,0.0,0.0,10.0,1.0,33.9,0.0,0.25,0.0,0.0,80.0,1.0,34.2,0.0,0.375,-0.5,0.0,0.0,0.10526315789473684,0.21052631578947367,4,7,4.1,1.0,1534,1328,1235,0.0,0.0,10.0,1.0,36.1,0.0,0.125,0.0,0.0,60.0,3.0,36.1,0.5,0.2222222222222222,0.2,1.0,55.0,21.0,17.0,18.0,446.0,0.05555555555555555,0.0,0.0,-0.0625,-0.05555555555555555,-0.5600000000000008,0.0,-1.6948000000000008,-1.2531000000000034,-0.9530999999999992,0.9468999999999994,0.9935000000000045,0.08098544298396251,0.9604165762834382,1.0,4.0,1.0,0.25,0.25,3.0,1.0,,-0.07916666666666668
337,202207050611,26,21,13,160,2,2,2,37,0,0,0,5,9,6,4,30,0,0,0,6,0,0,0,2,4,1,0,4,0,0,0,0,0,0,0,0,0.0,0.0,10.0,2.0,35.9,0.0,0.3125,0.0,0.0,60.0,4.0,34.5,0.2,0.058823529411764705,0.0,0.0,30.0,1.0,35.4,0.0,0.15384615384615385,-0.5,6.0,0.0,0.3235294117647059,0.5588235294117647,8,16,5.9,3.0,1716,1393,1167,0.0,0.0,60.0,1.0,34.4,0.0,0.05555555555555555,0.0,0.0,50.0,8.0,37.7,0.6,0.1875,0.9,0.6,56.0,84.0,17.0,16.0,498.0,-0.125,0.0,0.0,0.0,0.0,-0.3500000000000007,0.0,0.08379999999999654,-0.6064999999999969,-0.6948000000000008,-0.7064999999999984,0.28229999999999933,0.09486175510583149,1.1989995829857503,1.0,2.0,1.0,0.5,0.5,0.0,,0.05419580419580422,0.23546511627906977
338,202207050611,7,1,4,70,1,1,1,11,0,0,0,0,0,1,1,8,0,0,0,1,0,0,0,0,0,0,0,1,0,0,0,0,0,0,0,0,0.0,0.0,60.0,1.0,34.2,0.0,0.9285714285714286,0.0,0.0,110.0,8.0,34.7,0.2,0.8461538461538461,0.0,0.0,80.0,10.0,34.8,0.7,1.0,4.5,18.0,0.0,0.13333333333333333,0.3333333333333333,1,2,24.8,9.0,1090,1438,1169,0.0,0.0,30.0,6.0,33.8,0.4,0.9166666666666666,0.0,0.0,30.0,16.0,36.6,2.7,0.75,2.8,0.2,52.0,28.0,17.0,14.0,446.0,0.0,0.0,0.0,-0.08333333333333333,0.0,-0.3899999999999991,0.0,-0.9530999999999992,-0.45309999999999917,-0.35310000000000485,-1.3531000000000049,1.4468999999999994,0.08462450199044312,0.9600000000000006,-4.0,5.0,0.2,0.0,0.10526315789473684,5.0,0.2,0.061991869918699205,-0.08928571428571427
339,202207050611,0,0,0,10,4,6,2,36,0,0,0,0,0,0,0,4,0,0,0,8,0,0,0,0,0,0,0,0,0,0,0,1,0,0,0,0,0.0,0.0,,,,,,0.0,0.0,120.0,11.0,34.1,1.2,0.7058823529411765,0.0,0.0,100.0,12.0,35.6,0.8,0.4,1.0,,-500.0,0.1111111111111111,0.3333333333333333,8,17,46.6,12.0,1576,1376,1577,0.0,0.0,80.0,12.0,34.5,0.5,0.6875,0.0,0.0,140.0,4.0,34.1,0.1,0.375,-2.1,0.0,54.0,-612.0,17.0,5.0,,,0.0,0.26666666666666666,0.0625,0.0625,0.11000000000000014,0.0,,-1.0531000000000006,0.23460000000000036,-0.653100000000002,-1.0531000000000006,0.1549843855498784,0.6139014578904337,-2.0,4.0,0.0,0.0,0.25,3.0,0.0,0.0,-0.17307692307692307
340,202207050611,0,1,0,1,0,2,0,2,0,1,0,0,0,1,0,0,0,2,0,1,0,1,0,0,0,0,0,0,0,1,0,0,0,0,0,0,0.0,0.0,14.0,15.0,39.7,2.4,0.125,0.0,0.0,13.0,11.0,36.2,0.6,0.05555555555555555,0.0,0.0,13.0,7.0,35.3,0.3,0.6666666666666666,-4.0,2.0,0.0,0.023255813953488372,0.11627906976744186,6,12,48.3,13.0,803,108,666,0.0,0.0,13.0,12.0,34.6,1.2,0.35294117647058826,0.0,0.0,6.0,13.0,35.2,1.0,0.5333333333333333,-0.3,0.0,54.0,-218.0,17.0,16.0,474.0,0.0,0.05555555555555555,-0.06666666666666667,0.058823529411764705,0.0,1.06,0.0,2.2822999999999993,0.10520000000000351,0.14689999999999515,-0.5531000000000006,0.04690000000000083,0.23288005440627763,1.8231840280125324,-4.0,4.0,0.0,0.15,0.375,3.0,0.0,,
341,202207050611,7,20,20,127,0,5,2,12,0,1,0,1,1,6,2,32,0,1,0,1,0,1,0,0,0,1,0,3,0,1,0,0,0,1,0,0,0.0,0.0,5.0,12.0,43.0,7.0,0.08333333333333333,0.0,0.0,12.0,11.0,37.3,1.4,0.8461538461538461,0.0,0.0,16.0,12.0,34.6,0.7,0.7058823529411765,0.0,20.0,-400.0,0.0,0.3333333333333333,3,6,56.3,14.0,1393,1103,1263,0.0,0.0,14.0,13.0,35.1,1.1,0.5333333333333333,0.0,0.0,10.0,7.0,34.7,0.4,0.7272727272727273,-0.8,0.0,54.0,-661.0,17.0,12.0,478.0,0.9166666666666666,-0.07692307692307693,0.0,-0.06666666666666667,0.0,1.879999999999999,0.0,7.9253,-0.5233000000000061,-0.5531000000000006,-0.19129999999999825,-0.4064999999999941,0.2672922779236654,3.185341425969906,-2.0,1.0,0.0,0.0,0.2,1.0,0.0,0.04022988505747127,0.031578947368421095
342,202207050611,26,21,13,160,1,1,0,9,0,1,0,1,9,6,4,30,1,1,0,4,0,1,0,0,4,1,0,4,1,0,0,0,0,0,0,0,0.0,0.0,15.0,16.0,36.8,2.4,0.25,0.0,0.0,13.0,17.0,36.5,1.8,0.11764705882352941,0.0,0.0,11.0,13.0,39.4,3.5,0.23076923076923078,-1.5,0.0,0.0,0.15789473684210525,0.42105263157894735,4,8,76.1,16.0,1716,1511,1167,0.0,0.0,16.0,14.0,34.4,1.4,0.7058823529411765,0.0,0.0,8.0,6.0,34.2,0.9,0.6666666666666666,-2.3,0.0,53.0,-267.0,17.0,16.0,402.0,0.1875,0.0,0.0,0.0,0.2222222222222222,0.729999999999999,0.0,1.6468999999999951,1.346899999999998,1.5788999999999973,-0.7531000000000034,-0.9530999999999992,0.24305092427037572,1.892722906291356,-3.0,4.0,0.0,0.043478260869565216,0.17391304347826086,4.0,0.0,0.05419580419580422,0.10389610389610388
343,202207050611,26,21,13,160,8,8,10,84,0,0,0,4,9,6,4,30,0,1,1,15,0,0,0,0,4,1,0,4,0,0,1,3,0,0,0,0,0.0,0.0,14.0,9.0,35.3,1.1,0.3125,0.0,0.0,10.0,10.0,37.1,2.4,0.2,0.0,0.0,15.0,15.0,39.3,1.8,0.25,3.0,4.0,200.0,0.05,0.125,3,5,62.6,15.0,1716,1405,1167,0.0,0.0,11.0,11.0,38.9,2.5,0.46153846153846156,0.0,0.0,15.0,15.0,35.5,1.5,0.11764705882352941,1.3,0.0,53.0,-225.0,17.0,16.0,472.0,,0.0,0.0625,0.23076923076923078,0.0,-0.22000000000000028,0.0,1.5127999999999986,1.9935000000000045,1.3888999999999996,1.0766999999999953,0.346899999999998,0.11575044260763036,1.6618062462272787,-5.0,1.0,0.0,0.0,0.25,1.0,0.0,0.05419580419580422,-0.04768439108061748
344,202207050611,3,1,0,23,0,0,0,13,0,0,0,0,0,0,0,6,0,0,0,2,0,0,0,0,0,0,0,2,0,0,0,0,0,0,0,0,0.0,0.0,100.0,8.0,39.8,2.5,0.9,0.0,0.0,160.0,16.0,39.8,5.1,1.0,0.0,0.0,120.0,,,,,8.0,60.0,-200.0,0.0,0.06666666666666667,8,15,197.0,17.0,1183,1221,1558,0.0,0.0,170.0,16.0,35.1,2.4,0.8823529411764706,0.0,0.0,140.0,14.0,36.3,2.3,0.9285714285714286,1.8,0.0,50.0,-673.0,17.0,10.0,570.0,-0.3,0.0,,0.0,-0.07142857142857142,1.5199999999999996,0.0,1.5204999999999984,1.8888999999999996,,-0.05310000000000059,-0.14110000000000156,0.044865608389782236,2.093442141545831,-6.0,1.0,0.0,0.0,0.0,1.0,0.0,0.11500974658869395,0.2222222222222222
345,202207050611,0,0,2,19,0,2,1,7,0,0,0,0,0,0,1,7,0,0,1,3,0,0,0,0,0,0,0,0,0,0,0,0,0,0,0,0,0.0,0.0,120.0,16.0,34.6,0.9,0.6875,0.0,0.0,120.0,7.0,34.7,0.9,0.5,0.0,0.0,100.0,8.0,35.3,0.6,0.11764705882352941,-4.0,-2.0,200.0,0.0,0.07692307692307693,7,14,13.7,6.0,1687,1160,1345,0.0,0.0,,,,,,0.0,0.0,60.0,17.0,36.1,2.5,0.23529411764705882,0.4,0.0,53.0,-239.0,17.0,16.0,470.0,,,0.0,,0.058823529411764705,-0.5099999999999995,0.0,1.056600000000003,0.9128000000000043,0.14689999999999515,,0.9468999999999994,0.22283438228178143,0.5973901572674255,3.0,3.0,0.0,0.0,0.1,3.0,0.0,0.10476190476190478,
346,202207050709,0,0,1,6,0,0,0,0,0,0,0,0,0,0,0,2,0,0,0,0,0,0,0,0,0,0,0,0,0,0,0,0,0,0,0,0,0.0,0.0,10.0,1.0,33.7,0.0,0.11764705882352941,0.0,0.0,20.0,1.0,34.4,0.0,0.05555555555555555,0.0,0.0,20.0,3.0,38.4,0.5,0.0625,1.0,2.0,0.0,0.05,0.1,5,10,1.5,1.0,204,421,4,0.0,0.0,10.0,3.0,34.9,0.1,0.1875,,,,,,,,0.8,1.0,55.0,64.0,17.0,17.0,528.0,0.0,0.0,0.0,0.0625,,-0.7599999999999987,0.0,-1.4530999999999992,-0.7064999999999984,0.12049999999999983,-0.1747000000000014,,0.052949591590942154,1.811767093199343,1.0,1.0,1.0,0.06666666666666667,0.4,1.0,1.0,,
347,202207050709,11,6,16,89,0,0,0,1,0,0,0,0,1,0,1,11,0,0,0,1,0,0,0,0,0,0,0,2,0,0,0,0,0,0,0,0,0.0,0.0,15.0,16.0,36.3,1.6,0.16666666666666666,0.0,0.0,11.0,8.0,34.1,0.6,1.0,0.0,0.0,16.0,8.0,34.3,0.4,0.8823529411764706,-4.0,-2.0,0.0,0.022727272727272728,0.11363636363636363,3,6,128.1,14.0,1152,1686,1428,0.0,0.0,10.0,10.0,34.2,0.5,1.0,0.0,0.0,13.0,7.0,33.7,0.5,0.9333333333333333,-1.6,0.0,57.0,-665.0,17.0,18.0,508.0,0.0,-0.13333333333333333,0.0,-0.07692307692307693,0.0,0.5099999999999987,0.0,1.1468999999999951,-1.0531000000000006,-0.8064999999999998,-0.9064999999999941,-1.4530999999999992,0.3179964188704898,0.9130169768410644,-1.0,3.0,0.0,0.0,0.13333333333333333,3.0,0.0,-0.036725569512454787,
348,202207050709,11,6,16,89,0,0,0,1,0,0,0,1,1,0,1,11,0,0,0,0,0,0,0,0,0,0,0,2,0,0,0,0,0,0,0,0,0.0,0.0,10.0,2.0,34.9,0.5,0.16666666666666666,0.0,0.0,10.0,1.0,34.2,0.0,0.16666666666666666,0.0,0.0,20.0,2.0,35.1,0.3,0.5,0.0,2.0,0.0,0.0,0.32,4,8,5.7,2.0,1152,193,1428,0.0,0.0,180.0,12.0,34.9,0.8,0.05555555555555555,0.0,0.0,30.0,6.0,38.2,1.1,0.0625,1.9,0.6,53.0,35.0,17.0,12.0,450.0,-0.08333333333333333,0.0,0.16666666666666666,0.0,0.0,-0.7300000000000004,0.0,-0.9162000000000035,-0.9530999999999992,-0.4620999999999995,-0.1747000000000014,0.5357000000000056,0.16218511752216666,1.4037093716293279,1.0,2.0,1.0,0.10526315789473684,0.3157894736842105,1.0,1.0,-0.036725569512454787,
349,202207050709,1,2,2,27,12,10,14,149,0,0,1,2,0,1,0,9,0,0,2,15,0,0,0,1,0,0,0,3,0,0,0,7,0,0,0,1,0.0,0.0,14.0,10.0,33.7,0.5,0.8823529411764706,0.0,0.0,14.0,11.0,34.3,1.1,0.5,0.0,0.0,9.0,5.0,36.0,0.7,0.375,-2.5,8.0,0.0,0.0,0.0,1,1,44.0,9.0,1642,1263,1124,0.0,0.0,8.0,6.0,34.3,0.4,0.9166666666666666,0.0,0.0,7.0,9.0,34.2,0.7,0.8,-0.7,0.0,55.0,-748.0,17.0,17.0,482.0,-0.058823529411764705,0.0625,-0.125,-0.25,-0.06666666666666667,-0.1,0.0,-1.4530999999999992,-0.8531000000000049,-0.09479999999999933,-0.8531000000000049,-0.9530999999999992,0.2171115121060276,0.7823042886243172,-1.0,5.0,0.0,0.0,0.1,4.0,0.0,-0.15625,0.10027720027720027
350,202207050709,1,1,0,4,3,7,8,76,0,0,0,0,0,0,0,0,3,3,2,16,0,0,0,0,0,0,0,0,1,1,0,0,0,0,0,0,0.0,0.0,10.0,1.0,34.7,0.0,0.7692307692307693,0.0,0.0,10.0,5.0,34.3,0.3,0.7272727272727273,0.0,0.0,20.0,2.0,34.6,0.2,0.1875,0.5,-10.0,0.0,0.1,0.26666666666666666,6,11,9.4,3.0,1154,1559,1561,0.0,0.0,30.0,2.0,34.5,0.2,0.3333333333333333,0.0,0.0,10.0,7.0,35.4,0.6,0.5555555555555556,0.9,0.6,55.0,64.0,17.0,13.0,474.0,-0.15384615384615385,0.0,-0.0625,0.0,-0.16666666666666666,-0.15999999999999942,0.0,-1.1161999999999992,-0.8531000000000049,-0.5531000000000006,-1.062100000000001,0.24689999999999657,0.22431936484565973,0.37416573867739417,1.0,4.0,0.5,0.1875,0.3125,3.0,0.3333333333333333,,0.08123791102514505
351,202207050709,0,2,3,13,2,2,2,37,0,0,0,2,0,0,2,1,0,0,0,6,0,0,0,0,0,0,0,0,0,0,0,0,0,0,0,0,0.0,0.0,13.0,12.0,34.8,1.3,0.7142857142857143,0.0,0.0,12.0,15.0,35.1,1.3,0.2,0.0,0.0,13.0,8.0,35.6,0.5,0.1111111111111111,-2.0,-10.0,0.0,0.07407407407407407,0.1111111111111111,5,9,15.9,5.0,1601,1393,239,0.0,0.0,14.0,8.0,34.7,0.7,0.16666666666666666,0.0,0.0,9.0,11.0,34.6,0.9,0.45454545454545453,-0.9,0.0,55.0,-643.0,17.0,14.0,504.0,0.07142857142857142,0.0,0.0,0.0,0.18181818181818182,0.079999999999999,0.0,-0.35310000000000485,-0.05310000000000059,0.23460000000000036,-0.45309999999999917,-0.5531000000000006,0.2256877950001663,0.36110940170535594,-1.0,5.0,0.0,0.1111111111111111,0.2222222222222222,4.0,0.0,0.055555555555555525,0.23546511627906977
352,202207050709,17,17,10,78,9,10,18,107,1,2,0,7,1,1,0,4,0,2,0,13,0,1,0,0,0,0,0,0,0,0,0,4,0,0,0,0,0.0,0.0,12.0,9.0,34.0,0.3,0.8888888888888888,0.0,0.0,12.0,4.0,34.5,0.7,0.75,0.0,0.0,10.0,7.0,34.4,0.5,0.7272727272727273,-1.0,-14.0,0.0,0.0,0.2391304347826087,4,7,129.7,15.0,1098,1167,1294,0.0,0.0,12.0,8.0,33.7,0.6,0.9411764705882353,0.0,0.0,8.0,7.0,34.2,0.4,0.9411764705882353,0.0,0.0,55.0,-511.0,17.0,18.0,462.0,-0.1111111111111111,0.0,0.0,0.0,0.0,0.03999999999999915,0.0,-1.153100000000002,-0.653100000000002,-0.7064999999999984,-1.406499999999994,-0.9530999999999992,0.09295179978888092,0.2870540018881454,-1.0,3.0,0.0,0.0,0.25,3.0,0.0,0.07071681131468982,-0.05976134585289514
353,202207050709,0,6,0,19,0,0,0,4,0,0,0,0,0,1,0,2,0,0,0,0,0,0,0,0,0,0,0,0,0,0,0,0,0,0,0,0,0.0,0.0,10.0,11.0,34.8,1.2,0.5,0.0,0.0,4.0,11.0,35.2,0.6,0.3125,0.0,0.0,2.0,3.0,35.1,0.1,0.125,-4.0,-12.0,0.0,0.0,0.4117647058823529,7,13,42.4,8.0,1629,1199,1428,0.0,0.0,4.0,4.0,34.5,0.1,0.3333333333333333,0.0,0.0,6.0,2.0,34.1,0.2,0.25,-2.5,0.4,53.0,-763.0,17.0,16.0,424.0,0.0,0.0,0.0,-0.16666666666666666,0.0,0.20999999999999944,0.0,-0.35310000000000485,0.04690000000000083,-0.26539999999999964,-0.653100000000002,-1.0531000000000006,0.12190615698606493,0.40298883359219806,-3.0,5.0,0.4,0.0,0.25,4.0,0.25,0.04571428571428571,
354,202207050709,26,21,13,160,2,0,1,7,0,0,0,1,9,6,4,30,1,0,0,0,0,0,0,0,2,0,0,2,0,0,0,0,0,0,0,0,0.0,0.0,14.0,9.0,33.9,0.8,0.21428571428571427,0.0,0.0,8.0,11.0,34.2,0.8,0.46153846153846156,0.0,0.0,13.0,9.0,34.3,0.7,0.35294117647058826,0.0,2.0,-200.0,0.04878048780487805,0.12195121951219512,2,3,94.8,13.0,1716,1507,1167,0.0,0.0,6.0,7.0,36.2,0.9,0.3,0.0,0.0,2.0,18.0,35.5,1.6,0.2777777777777778,1.4,0.0,55.0,-42.0,17.0,14.0,476.0,0.0,0.0,0.0,0.2,0.0,-0.5200000000000002,0.0,-1.2064999999999984,-0.9530999999999992,-0.8531000000000049,1.1253000000000029,0.346899999999998,0.08302761100402216,0.879545337091842,0.0,3.0,0.0,0.0,1.0,3.0,0.0,0.05419580419580422,
355,202207050709,26,21,13,160,8,5,3,48,2,1,0,2,9,6,4,30,1,1,0,7,1,0,0,0,2,0,0,2,0,0,0,0,0,0,0,0,0.0,0.0,2.0,17.0,35.3,1.3,0.05555555555555555,0.0,0.0,2.0,6.0,34.1,0.2,0.09090909090909091,0.0,0.0,2.0,1.0,34.5,0.0,0.05555555555555555,-8.0,-2.0,0.0,0.08333333333333333,0.1388888888888889,1,2,15.8,4.0,1716,1618,1167,0.0,0.0,1.0,1.0,34.3,0.0,0.09090909090909091,0.0,0.0,1.0,2.0,34.6,0.3,0.0625,-3.5,0.6,55.0,-504.0,17.0,18.0,438.0,0.0,0.0,0.0,0.0,0.0,0.11999999999999958,0.0,0.14689999999999515,-1.0531000000000006,-0.653100000000002,-0.8531000000000049,-0.5531000000000006,0.016383031902331917,0.40792156108742184,-1.0,5.0,0.6,0.2,0.3333333333333333,5.0,0.6,0.05419580419580422,-0.035714285714285726
356,202207050709,6,4,9,63,0,1,1,4,0,1,1,0,3,2,1,26,0,1,1,1,0,1,1,0,2,1,1,7,0,1,1,0,0,1,1,0,0.0,0.0,120.0,110.0,39.0,3.3,0.9166666666666666,0.0,0.0,140.0,90.0,32.4,0.8,0.875,0.0,0.0,160.0,140.0,34.9,1.0,0.375,15.0,24.0,-200.0,0.022222222222222223,0.24444444444444444,7,14,50.8,10.0,1172,792,1556,0.0,0.0,100.0,140.0,34.5,0.8,0.3125,0.0,0.0,80.0,30.0,33.7,0.4,0.2222222222222222,-11.0,0.0,57.0,-707.0,17.0,12.0,538.0,0.08333333333333333,,0.0,0.0625,0.0,0.8499999999999993,0.0,1.3357000000000028,-1.1433999999999997,-0.20649999999999835,-0.653100000000002,-1.4530999999999992,0.29464091977343926,2.22081066279861,5.0,2.0,0.0,0.0,0.2,2.0,0.0,0.037523452157598475,
357,202207050709,3,4,4,39,1,0,1,1,1,0,1,0,0,2,1,16,0,0,0,0,0,0,0,0,0,0,0,1,0,0,0,0,0,0,0,0,0.0,0.0,11.0,16.0,34.7,1.9,0.75,0.0,0.0,12.0,12.0,33.7,0.8,0.8235294117647058,0.0,0.0,3.0,1.0,34.0,0.0,0.4666666666666667,-7.5,-6.0,0.0,0.125,0.375,8,17,79.6,12.0,1036,232,1108,0.0,0.0,10.0,4.0,33.9,0.2,0.6666666666666666,0.0,0.0,2.0,9.0,34.6,1.4,0.3,-2.1999999999999997,0.2,55.0,-62.0,17.0,16.0,476.0,0.0625,0.0,0.06666666666666667,-0.05555555555555555,0.2,7.105427357601002e-16,0.0,-0.45309999999999917,-1.4530999999999992,-2.0947999999999993,-1.2531000000000034,-0.47469999999999857,0.19218647230855843,0.39698866482558476,2.0,4.0,0.25,0.0,0.21428571428571427,3.0,0.0,-0.00260869565217392,
358,202207050709,4,11,7,58,0,0,0,1,0,0,0,0,0,0,0,7,0,0,0,0,0,0,0,0,0,0,0,0,0,0,0,0,0,0,0,0,0.0,0.0,60.0,7.0,34.9,1.1,0.36363636363636365,0.0,0.0,80.0,1.0,34.4,0.0,0.07692307692307693,0.0,0.0,120.0,11.0,38.4,1.9,0.625,2.0,8.0,0.0,0.0,0.125,2,4,69.6,11.0,1463,1031,1167,0.0,0.0,100.0,8.0,38.0,0.7,0.25,0.0,0.0,90.0,5.0,37.1,0.6,0.5333333333333333,0.3,0.2,57.0,99.0,17.0,11.0,474.0,0.18181818181818182,0.0,0.0625,0.0625,-0.06666666666666667,-0.8000000000000007,0.0,-0.25310000000000343,-0.7531000000000034,0.12049999999999983,0.08890000000000242,-0.8110999999999962,0.19597811678646804,1.623083485221879,0.0,2.0,0.5,0.0,0.0,2.0,0.5,-0.07500000000000001,
359,202207050709,17,17,10,78,3,3,2,26,1,0,0,1,1,1,0,4,1,0,1,4,1,0,0,1,0,0,0,0,0,0,0,1,0,0,0,0,0.0,0.0,13.0,14.0,34.6,1.0,0.9375,0.0,0.0,9.0,9.0,34.8,0.9,0.9090909090909091,0.0,0.0,10.0,13.0,34.6,1.2,0.875,-0.5,0.0,0.0,0.18518518518518517,0.3333333333333333,3,5,38.2,7.0,1098,1542,1294,0.0,0.0,7.0,8.0,34.7,1.2,0.18181818181818182,0.0,0.0,7.0,14.0,33.4,0.9,0.9411764705882353,-0.1,0.0,57.0,-329.0,17.0,16.0,480.0,0.0,0.0,0.0,0.0,0.058823529411764705,0.25,0.0,-0.5531000000000006,-1.2948000000000022,-0.5531000000000006,-0.4064999999999941,-1.7531000000000034,0.29451006878733027,0.5153639490690056,-1.0,4.0,0.0,0.18181818181818182,0.36363636363636365,3.0,0.0,0.07071681131468982,-0.053475935828877
360,202207050709,0,0,1,5,0,0,0,2,0,0,0,1,0,0,0,3,0,0,0,1,0,0,0,0,0,0,0,0,0,0,0,0,0,0,0,0,0.0,0.0,10.0,11.0,43.8,3.1,0.8181818181818182,0.0,0.0,13.0,14.0,34.2,1.0,0.625,0.0,0.0,16.0,7.0,33.9,0.4,0.8888888888888888,-2.0,-7.0,-200.0,0.0,0.0,8,16,403.4,17.0,1059,1324,1482,0.0,0.0,18.0,6.0,34.7,0.5,0.8333333333333334,0.0,0.0,10.0,7.0,34.7,0.6,0.7,-1.6,0.0,57.0,-237.0,17.0,11.0,487.0,0.18181818181818182,-0.0625,0.0,-0.16666666666666666,0.1,1.769999999999999,0.0,5.6462,-0.9530999999999992,-2.1948000000000008,-1.3947999999999965,-0.45309999999999917,0.09627534442784155,3.782380202993875,1.0,4.0,0.0,0.0,0.0,2.0,0.0,-0.16666666666666666,
361,202207050709,0,0,2,40,0,0,0,2,0,0,0,0,0,0,2,17,0,0,0,1,0,0,0,0,0,0,0,2,0,0,0,0,0,0,0,0,0.0,0.0,12.0,13.0,36.6,1.5,0.0625,0.0,0.0,10.0,7.0,35.6,0.7,0.1875,0.0,0.0,16.0,16.0,34.6,1.5,0.5882352941176471,1.5,2.0,0.0,0.08695652173913043,0.30434782608695654,8,15,139.5,16.0,1611,1324,1263,0.0,0.0,11.0,8.0,34.9,0.8,0.5,0.0,0.0,11.0,11.0,36.8,1.4,0.15384615384615385,-0.3,0.0,55.0,-91.0,17.0,16.0,448.0,0.0,0.0,0.058823529411764705,0.0625,0.0,0.030000000000001137,0.0,1.4468999999999994,0.4468999999999994,-0.5531000000000006,-0.25310000000000343,1.5086999999999975,0.20663518133530825,0.8809086218218091,0.0,4.0,0.0,,,4.0,0.0,0.08874458874458874,
362,202207050709,26,21,13,160,8,5,3,46,2,1,0,5,9,6,4,30,3,0,1,10,1,0,0,0,2,0,0,2,0,0,0,1,0,0,0,0,0.0,0.0,60.0,1.0,34.3,0.0,0.125,0.0,0.0,10.0,1.0,36.4,0.0,0.0625,0.0,0.0,20.0,2.0,36.6,0.2,0.05555555555555555,0.5,0.0,0.0,0.10869565217391304,0.32608695652173914,6,12,22.3,6.0,1716,1482,1167,0.0,0.0,20.0,4.0,35.3,0.4,0.125,0.0,0.0,30.0,2.0,34.7,0.0,0.08333333333333333,0.5,0.8,55.0,127.0,17.0,16.0,488.0,0.0,0.0,0.0,0.0,0.0,0.029999999999999007,0.0,-0.8531000000000049,0.5837999999999965,0.5052000000000021,0.14689999999999515,-0.45309999999999917,0.029788348041010024,0.9090654541890814,-1.0,5.0,0.8,0.1,0.2,3.0,0.6666666666666666,0.05419580419580422,-0.0913978494623656
363,202207060312,13,9,10,91,8,8,10,84,0,0,0,0,1,0,1,7,0,1,1,15,0,0,0,0,1,0,0,0,0,1,0,5,0,0,0,0,0.0,0.0,20.0,2.0,34.5,0.0,0.625,0.0,0.0,120.0,7.0,35.3,0.6,0.2777777777777778,0.0,0.0,70.0,7.0,34.2,0.7,0.7333333333333333,2.5,-2.0,0.0,0.08571428571428572,0.2857142857142857,5,9,11.2,5.0,1127,1405,1328,0.0,0.0,60.0,11.0,34.0,0.7,0.8888888888888888,0.0,0.0,20.0,3.0,34.2,0.1,0.5625,0.6,0.4,57.0,28.0,18.0,16.0,468.0,0.0,-0.05555555555555555,-0.13333333333333333,0.05555555555555555,-0.0625,0.18999999999999914,0.0,-0.653100000000002,0.22529999999999717,-0.9530999999999992,-1.153100000000002,-0.9530999999999992,0.20276179541277578,0.458693797647187,0.0,4.0,0.5,0.0,0.21428571428571427,4.0,0.5,0.030746489283074607,-0.04768439108061748
364,202207060312,6,2,7,67,8,8,10,84,0,0,0,2,1,1,2,13,0,1,1,15,0,0,0,0,0,0,0,2,0,1,0,5,0,0,0,0,0.0,0.0,70.0,3.0,34.6,0.2,0.4375,0.0,0.0,10.0,1.0,34.5,0.0,0.3125,0.0,0.0,10.0,3.0,35.8,0.1,0.4375,0.0,6.0,0.0,0.043478260869565216,0.043478260869565216,2,3,4.4,2.0,1317,1405,1186,0.0,0.0,10.0,2.0,35.4,0.1,0.1875,0.0,0.0,10.0,3.0,34.7,0.4,0.2222222222222222,0.1,1.0,53.0,21.0,18.0,16.0,438.0,0.0,0.0,-0.0625,0.0,0.0,-0.11000000000000014,0.0,-0.5531000000000006,-0.653100000000002,-0.016200000000004877,0.24689999999999657,-0.45309999999999917,0.10467468711898208,0.5099019513592769,0.0,5.0,1.0,0.0,0.2,4.0,1.0,-0.01626016260162602,-0.04768439108061748
365,202207060312,0,2,3,13,0,0,1,5,0,0,0,0,0,0,2,1,0,0,0,1,0,0,0,0,0,0,0,0,0,0,0,0,0,0,0,0,0.0,0.0,20.0,3.0,34.3,0.4,0.9375,0.0,0.0,40.0,4.0,34.1,0.3,0.75,0.0,0.0,20.0,8.0,34.2,0.4,0.7222222222222222,2.5,6.0,0.0,0.0,0.07142857142857142,3,6,6.5,4.0,1601,1620,239,0.0,0.0,10.0,5.0,35.0,0.5,0.375,0.0,0.0,20.0,3.0,34.7,0.4,0.5,0.1,0.4,56.0,20.0,18.0,16.0,472.0,-0.125,-0.0625,0.0,0.0,0.0,-0.17000000000000098,0.0,-0.8531000000000049,-1.0531000000000006,-0.9064999999999941,-0.153100000000002,-1.2224999999999966,0.19786670909453472,0.3382306905057552,0.0,3.0,0.3333333333333333,0.0,0.5,3.0,0.3333333333333333,0.055555555555555525,
366,202207060312,2,2,0,8,2,2,2,37,0,0,0,0,0,0,0,0,0,0,0,6,0,0,0,0,0,0,0,0,0,0,0,0,0,0,0,0,0.0,0.0,5.0,5.0,37.5,0.4,0.375,0.0,0.0,5.0,8.0,39.0,1.0,0.1875,0.0,0.0,6.0,6.0,38.9,1.1,0.2857142857142857,0.5,-8.0,50.0,,,1,1,3.8,1.0,1467,1393,336,0.0,0.0,3.0,7.0,38.4,0.8,0.07692307692307693,0.0,0.0,10.0,8.0,37.5,0.9,0.4375,0.5,0.0,56.0,-336.0,18.0,16.0,474.0,0.0,0.0625,0.07142857142857142,0.0,0.0,0.060000000000000143,0.0,-0.32330000000000325,0.7205000000000013,-0.49260000000000304,-0.8094000000000037,-0.6537999999999968,0.12913651413405633,0.6529931086925799,-2.0,0.0,,0.0,0.0,0.0,,,0.23546511627906977
367,202207060312,1,1,1,13,0,2,2,5,0,0,0,0,1,0,1,3,0,0,0,0,0,0,0,0,0,0,0,0,0,0,0,0,0,0,0,0,0.0,0.0,150.0,16.0,40.7,2.9,0.0625,0.0,0.0,,,,,,0.0,0.0,6.0,16.0,34.4,1.4,0.058823529411764705,0.0,4.0,0.0,0.0,0.0,7,15,20.1,7.0,1583,1425,118,0.0,0.0,11.0,6.0,32.9,0.6,0.3333333333333333,0.0,0.0,8.0,10.0,36.0,1.7,0.21428571428571427,-2.8,0.0,56.0,-736.0,18.0,16.0,470.0,0.0,,,,0.0,1.560000000000001,0.0,2.7889000000000053,,0.8566000000000003,-0.6433999999999997,0.846899999999998,0.11459154989499723,2.9266021253323813,-2.0,2.0,0.0,0.0,0.0,2.0,0.0,-0.0875,
368,202207060312,16,27,18,172,0,1,0,3,0,1,0,3,0,3,0,18,0,0,0,1,0,0,0,1,0,0,0,2,0,0,0,1,0,0,0,1,0.0,0.0,10.0,13.0,36.2,1.0,0.15384615384615385,0.0,0.0,11.0,17.0,38.0,2.3,0.1111111111111111,0.0,0.0,11.0,6.0,34.0,0.3,0.1111111111111111,-3.5,-2.0,0.0,0.0,0.07692307692307693,6,11,50.9,11.0,1503,772,1263,0.0,0.0,11.0,3.0,35.8,0.3,0.125,0.0,0.0,5.0,15.0,34.3,1.0,0.8888888888888888,-1.0,0.2,54.0,-133.0,18.0,13.0,480.0,0.07692307692307693,0.0,0.05555555555555555,0.0,-0.16666666666666666,0.6000000000000014,0.0,1.0469000000000008,2.846899999999998,-1.153100000000002,0.6468999999999951,-0.8531000000000049,0.3058470906144353,1.441665703275209,-2.0,5.0,0.2,0.0,0.09090909090909091,5.0,0.2,-0.009277322582043612,
369,202207060312,0,2,2,15,1,0,0,4,0,0,0,0,0,0,0,9,0,0,0,0,0,0,0,0,0,0,0,2,0,0,0,0,0,0,0,0,0.0,0.0,7.0,15.0,37.5,1.7,0.0625,0.0,0.0,9.0,10.0,35.5,0.4,0.0625,0.0,0.0,7.0,5.0,34.9,0.3,0.16666666666666666,-5.0,2.0,0.0,0.0,0.0,3,5,12.3,6.0,1310,1169,1618,0.0,0.0,6.0,4.0,35.1,0.4,0.06666666666666667,0.0,0.0,2.0,10.0,35.3,0.7,0.07692307692307693,-1.6,0.0,51.0,-630.0,18.0,16.0,480.0,0.0,0.0,0.0,0.0,0.0,0.4800000000000004,0.0,1.4052000000000007,0.13459999999999894,-0.25310000000000343,-0.05310000000000059,0.14689999999999515,0.04015533202870206,0.9414881836751858,-5.0,5.0,0.0,0.0,0.0,3.0,0.0,-0.08552631578947367,
370,202207060312,14,15,11,167,5,9,6,103,0,2,0,12,1,2,0,10,1,2,2,15,0,2,0,1,0,2,0,4,0,2,1,3,0,2,0,0,0.0,0.0,8.0,8.0,33.9,0.7,0.5,0.0,0.0,9.0,3.0,35.1,0.3,0.5625,0.0,0.0,2.0,7.0,34.6,0.9,0.38461538461538464,-0.5,0.0,0.0,0.0,0.0,7,14,20.1,8.0,1691,1013,1167,0.0,0.0,1.0,5.0,37.0,0.6,0.2,0.0,0.0,2.0,7.0,35.6,0.4,0.29411764705882354,0.0,0.2,57.0,0.0,18.0,18.0,450.0,-0.1111111111111111,-0.0625,0.0,-0.1,0.058823529411764705,-0.5300000000000005,0.0,-1.2531000000000034,-0.05310000000000059,-0.5531000000000006,1.634599999999999,0.23460000000000036,0.13203279724496597,1.0442221985765292,0.0,5.0,0.2,0.08333333333333333,0.5,3.0,0.3333333333333333,0.035334713595583156,0.13151602104256338
371,202207060312,45,34,33,257,0,0,0,0,0,0,0,0,4,4,1,33,0,0,0,0,0,0,0,0,1,2,0,5,0,0,0,0,0,0,0,0,0.0,0.0,11.0,10.0,37.7,2.8,0.9090909090909091,0.0,0.0,15.0,14.0,35.7,2.1,0.75,0.0,0.0,15.0,14.0,38.5,2.6,0.75,2.0,28.0,200.0,0.0,0.0,1,2,319.0,17.0,1428,847,1263,0.0,0.0,16.0,14.0,35.1,1.3,0.8125,0.0,0.0,13.0,14.0,42.5,3.1,0.9333333333333333,0.8,0.0,53.0,-327.0,18.0,11.0,454.0,0.09090909090909091,0.125,0.0625,0.125,0.0,-0.8999999999999992,0.0,1.8023000000000025,0.5469000000000008,0.34620000000000317,0.025300000000001432,2.8740999999999985,0.07750425800678784,2.6168683574073794,2.0,1.0,0.0,0.0,0.0,1.0,0.0,0.002599413749239554,
372,202207060312,2,2,2,9,14,6,7,78,0,0,0,0,1,2,2,5,1,1,0,7,0,0,0,0,0,0,0,0,0,0,0,3,0,0,0,0,0.0,0.0,20.0,4.0,34.8,0.2,0.25,0.0,0.0,20.0,8.0,35.7,0.8,0.25,0.0,0.0,90.0,2.0,34.4,0.1,0.125,-1.0,6.0,0.0,0.0,0.3888888888888889,7,13,4.7,3.0,1270,1294,969,0.0,0.0,70.0,1.0,36.3,0.0,0.1875,0.0,0.0,40.0,7.0,37.7,0.4,0.5333333333333333,-0.1,0.4,54.0,21.0,18.0,16.0,466.0,-0.0625,-0.0625,0.0,0.0,-0.13333333333333333,-0.6400000000000006,0.0,-0.35310000000000485,0.5469000000000008,-0.7531000000000034,0.4837999999999951,-0.21109999999999474,0.13998015732397376,1.1685888926393249,0.0,4.0,0.5,,,3.0,0.3333333333333333,,0.0761904761904762
373,202207060312,17,17,10,78,25,18,14,132,2,4,3,12,1,1,0,4,2,0,2,16,0,0,0,2,1,0,0,2,1,0,0,6,0,0,0,0,0.0,0.0,14.0,11.0,33.4,0.7,0.7777777777777778,0.0,0.0,13.0,8.0,35.3,1.0,0.2777777777777778,0.0,0.0,9.0,9.0,38.5,1.5,0.4375,-1.0,0.0,0.0,1.0,1.0,5,10,130.0,14.0,1098,1428,1294,0.0,0.0,13.0,10.0,33.9,0.5,0.875,0.0,0.0,10.0,12.0,35.2,1.0,0.2,0.4,0.0,53.0,0.0,18.0,18.0,470.0,0.0,0.0,0.0,0.0625,0.0,-0.220000000000001,0.0,-1.7531000000000034,0.008699999999997488,0.34620000000000317,-1.2531000000000034,0.04690000000000083,0.2683833631759421,1.7783138080777536,0.0,3.0,0.0,0.0,0.0,3.0,0.0,0.07071681131468982,0.03664799253034551
374,202207060312,0,0,1,9,0,2,0,6,0,0,0,0,0,0,0,0,0,0,0,0,0,0,0,0,0,0,0,0,0,0,0,0,0,0,0,0,0.0,0.0,7.0,6.0,35.9,0.8,0.8125,0.0,0.0,6.0,10.0,35.5,0.5,0.9444444444444444,0.0,0.0,9.0,8.0,34.2,0.5,0.4444444444444444,1.0,0.0,-200.0,0.10638297872340426,0.3191489361702128,4,8,29.0,9.0,1064,882,1556,0.0,0.0,9.0,12.0,33.7,0.7,0.6666666666666666,0.0,0.0,7.0,11.0,35.3,0.7,0.9333333333333333,1.2,0.0,54.0,-162.0,18.0,16.0,460.0,0.0,0.05555555555555555,0.05555555555555555,-0.05555555555555555,-0.06666666666666667,0.3,0.0,0.7935000000000016,-0.5947999999999993,-0.9530999999999992,-1.4530999999999992,-0.0654000000000039,0.18713977742932233,0.8304215796810659,-2.0,4.0,0.0,0.14285714285714285,0.42857142857142855,2.0,0.0,,-0.08333333333333334
375,202207060312,11,6,16,89,1,0,0,15,0,0,0,1,1,0,1,11,0,0,0,2,0,0,0,0,0,0,0,2,0,0,0,0,0,0,0,0,0.0,0.0,15.0,4.0,31.9,0.8,0.9411764705882353,0.0,0.0,11.0,12.0,33.3,1.0,0.8333333333333334,0.0,0.0,10.0,10.0,34.5,1.5,0.8125,3.0,4.0,200.0,0.0,0.0,8,16,36.7,10.0,1152,1039,1428,0.0,0.0,4.0,8.0,33.9,0.6,0.6875,0.0,0.0,9.0,5.0,35.1,0.3,0.6923076923076923,-0.2,0.0,55.0,-631.0,18.0,17.0,472.0,,,-0.0625,,-0.23076923076923078,-0.7000000000000007,0.0,-1.6433999999999997,-0.24340000000000117,-0.653100000000002,0.35660000000000025,-0.05310000000000059,0.0951123802495318,1.0983624174196795,-1.0,2.0,0.0,0.0,0.0,2.0,0.0,-0.036725569512454787,
376,202207060312,13,9,10,91,0,0,0,0,0,0,0,0,1,0,1,7,0,0,0,0,0,0,0,0,1,0,0,0,0,0,0,0,0,0,0,0,0.0,0.0,140.0,13.0,37.6,1.8,0.8125,0.0,0.0,120.0,15.0,41.4,2.5,0.75,0.0,0.0,150.0,14.0,34.0,0.8,0.3888888888888889,0.5,-12.0,0.0,0.047619047619047616,0.11904761904761904,6,12,150.9,15.0,1127,402,1328,0.0,0.0,150.0,9.0,34.1,0.4,0.7777777777777778,0.0,0.0,170.0,13.0,34.4,1.0,0.2222222222222222,-0.6,0.0,55.0,-85.0,18.0,16.0,498.0,0.0,-0.0625,0.0,0.05555555555555555,0.0,1.3700000000000003,0.0,-0.31109999999999616,1.7740999999999971,-1.153100000000002,-1.1912999999999982,-0.6747000000000014,0.23919553961735893,2.878888674471453,-1.0,1.0,0.0,0.3333333333333333,0.3333333333333333,1.0,0.0,0.030746489283074607,
377,202207060312,4,11,7,58,8,3,4,44,1,0,0,0,0,0,0,7,1,1,0,6,0,0,0,0,0,0,0,1,0,0,0,1,0,0,0,0,0.0,0.0,12.0,10.0,36.1,0.9,0.4444444444444444,0.0,0.0,17.0,5.0,34.6,0.4,0.1111111111111111,0.0,0.0,13.0,15.0,34.8,0.9,0.05555555555555555,2.5,-2.0,0.0,0.05,0.05,2,4,113.3,13.0,1463,1362,1167,0.0,0.0,9.0,14.0,34.9,1.3,1.0,0.0,0.0,7.0,5.0,35.3,0.4,0.21428571428571427,-0.1,0.0,55.0,-78.0,18.0,18.0,456.0,0.05555555555555555,0.0,0.0,-0.0625,0.0,0.13000000000000114,0.0,0.9468999999999994,-0.5531000000000006,-0.35310000000000485,-0.25310000000000343,0.14689999999999515,0.3442285915713975,0.5314132102234574,3.0,5.0,0.0,0.0,0.0,5.0,0.0,-0.07500000000000001,-0.18016321406151914
378,202207060312,0,1,0,20,14,6,7,78,0,0,0,0,0,0,0,6,1,1,0,7,0,0,0,0,0,0,0,0,0,0,0,3,0,0,0,0,0.0,0.0,80.0,4.0,34.8,0.5,0.875,0.0,0.0,90.0,10.0,34.3,1.4,0.8888888888888888,0.0,0.0,50.0,6.0,35.3,0.8,0.9375,1.0,10.0,0.0,0.0,0.0,4,7,63.8,12.0,1440,1294,1167,0.0,0.0,60.0,4.0,34.5,0.3,0.9090909090909091,0.0,0.0,130.0,13.0,37.9,2.5,0.6923076923076923,1.2,0.0,52.0,28.0,18.0,16.0,470.0,-0.0625,-0.05555555555555555,-0.0625,0.0,-0.07692307692307693,-0.6400000000000006,0.0,-0.35310000000000485,-0.8531000000000049,0.14689999999999515,-0.653100000000002,-0.17260000000000275,0.08671204218026178,1.3139254164525476,-4.0,4.0,0.0,0.0,0.0,4.0,0.0,0.09523809523809523,0.0761904761904762
379,202207060312,6,4,9,63,1,0,0,4,0,0,0,0,3,2,1,26,0,0,0,0,0,0,0,0,0,0,0,6,0,0,0,0,0,0,0,0,0.0,0.0,6.0,8.0,40.0,3.4,0.7777777777777778,0.0,0.0,16.0,14.0,37.7,3.0,0.9375,0.0,0.0,16.0,11.0,38.8,1.7,0.375,1.5,6.0,-200.0,0.0,0.0,8,17,282.4,16.0,1172,1169,1556,0.0,0.0,16.0,17.0,34.8,2.3,0.7777777777777778,0.0,0.0,6.0,7.0,33.1,0.9,0.5,0.1,0.0,56.0,-492.0,18.0,9.0,468.0,0.2222222222222222,0.0625,0.0625,0.05555555555555555,,1.6700000000000004,0.0,1.7205000000000013,-0.3725999999999985,0.8888999999999996,-0.35310000000000485,-0.4433999999999969,0.20525503557679073,2.5576551761330144,0.0,1.0,0.0,0.0,0.0,1.0,0.0,0.037523452157598475,
380,202207060312,45,34,33,257,1,5,1,20,0,1,1,4,4,4,1,33,0,0,0,3,0,0,0,0,1,2,0,5,0,0,0,0,0,0,0,0,0.0,0.0,18.0,18.0,34.0,2.3,0.9444444444444444,0.0,0.0,7.0,9.0,42.5,2.1,0.7,0.0,0.0,17.0,6.0,34.6,0.3,0.6111111111111112,-6.0,-11.0,0.0,0.14814814814814814,0.2222222222222222,8,18,341.2,18.0,1428,1292,1263,0.0,0.0,13.0,15.0,36.4,2.6,0.8888888888888888,0.0,0.0,14.0,13.0,34.2,1.1,1.0,-0.4,0.0,55.0,0.0,18.0,18.0,440.0,0.0,0.0,-0.16666666666666666,0.0,-0.058823529411764705,0.5699999999999996,0.0,-1.153100000000002,4.346200000000003,-0.5531000000000006,1.1366000000000014,-0.9064999999999941,0.14850697285869885,3.194745686279269,0.0,2.0,0.0,0.0,0.1111111111111111,2.0,0.0,0.002599413749239554,0.14074074074074078
381,202207060411,0,0,1,6,0,0,0,0,0,0,0,0,0,0,0,2,0,0,0,0,0,0,0,0,0,0,0,0,0,0,0,0,0,0,0,0,0.0,0.0,10.0,1.0,33.9,0.0,0.11764705882352941,0.0,0.0,10.0,1.0,33.7,0.0,0.11764705882352941,0.0,0.0,20.0,1.0,34.4,0.0,0.05555555555555555,0.0,0.0,0.0,0.021739130434782608,0.2391304347826087,3,6,1.9,1.0,204,421,4,0.0,0.0,20.0,3.0,38.4,0.5,0.0625,0.0,0.0,10.0,3.0,34.9,0.1,0.1875,0.6,1.0,56.0,77.0,16.0,17.0,528.0,0.0,0.0,0.0,0.0,0.0625,-0.6699999999999996,0.0,-1.2531000000000034,-1.4530999999999992,-0.7064999999999984,0.12049999999999983,-0.1747000000000014,0.04759602263228608,1.7211623979160122,1.0,2.0,1.0,0.125,0.4375,2.0,1.0,,
382,202207060411,2,2,2,8,0,0,0,3,0,0,0,0,0,0,0,2,0,0,0,0,0,0,0,0,0,0,0,0,0,0,0,0,0,0,0,0,0.0,0.0,30.0,6.0,34.0,0.3,0.7142857142857143,0.0,0.0,20.0,1.0,33.6,0.0,0.7222222222222222,0.0,0.0,60.0,1.0,34.1,0.0,0.6923076923076923,-2.5,12.0,0.0,0.1111111111111111,0.3333333333333333,3,5,5.4,2.0,1089,68,1428,0.0,0.0,40.0,3.0,33.9,0.4,0.6875,0.0,0.0,80.0,1.0,33.9,0.0,0.7777777777777778,-0.8,0.8,56.0,50.0,16.0,14.0,500.0,0.07142857142857142,-0.1111111111111111,-0.07692307692307693,0.0,0.0,-0.009999999999999431,0.0,-1.153100000000002,-1.5531000000000006,-1.0531000000000006,-1.2531000000000034,-1.9162000000000035,0.032224212244705015,0.16733200530681494,2.0,5.0,0.8,0.07692307692307693,0.46153846153846156,4.0,0.75,-0.09523809523809523,
383,202207060411,11,6,16,89,6,4,4,28,0,1,0,3,1,0,1,11,0,1,0,6,0,0,0,1,0,0,1,0,0,0,0,0,0,0,0,0,0.0,0.0,10.0,16.0,35.7,1.7,0.4375,0.0,0.0,15.0,11.0,36.4,0.9,0.3125,0.0,0.0,13.0,18.0,34.7,1.6,0.8333333333333334,1.0,-8.0,0.0,0.09090909090909091,0.09090909090909091,5,10,6.7,3.0,1152,460,1428,0.0,0.0,9.0,8.0,33.8,0.7,0.625,0.0,0.0,2.0,1.0,34.7,0.0,0.5,-3.3,0.2,55.0,-370.0,16.0,16.0,488.0,-0.0625,0.0,0.0,0.0,0.05555555555555555,0.46000000000000013,0.0,0.3346000000000018,1.2468999999999966,-0.45309999999999917,-1.3531000000000049,-1.3947999999999965,0.17726706155152205,0.9002221947941523,1.0,5.0,0.2,0.17142857142857143,0.2857142857142857,3.0,0.0,-0.036725569512454787,0.12121212121212122
384,202207060411,1,0,0,1,6,1,5,24,1,0,0,0,0,0,0,0,1,0,1,5,0,0,0,0,0,0,0,0,0,0,1,0,0,0,0,0,0.0,0.0,50.0,5.0,35.7,0.1,0.26666666666666666,0.0,0.0,50.0,8.0,35.7,1.1,0.2857142857142857,0.0,0.0,30.0,7.0,34.0,0.3,0.4117647058823529,1.0,-12.0,0.0,0.10416666666666667,0.3125,2,4,8.8,4.0,432,324,361,0.0,0.0,10.0,2.0,34.5,0.1,0.2727272727272727,0.0,0.0,20.0,3.0,34.7,0.1,0.3,-1.0,0.4,57.0,22.0,16.0,15.0,482.0,-0.06666666666666667,0.21428571428571427,0.0,0.0,0.0,0.3200000000000003,0.0,0.5469000000000008,0.5935000000000059,-1.106499999999997,-0.6064999999999969,-0.8620999999999981,0.05343860265699021,0.6764613810115117,0.0,1.0,0.0,0.0,0.0,1.0,0.0,,-0.09523809523809523
385,202207060411,6,4,9,63,1,0,0,0,1,0,0,0,3,2,1,26,1,0,0,0,1,0,0,0,0,0,0,2,0,0,0,0,0,0,0,0,0.0,0.0,90.0,11.0,36.2,0.5,0.2,0.0,0.0,70.0,10.0,34.6,0.6,0.4375,0.0,0.0,50.0,5.0,34.9,0.5,0.4,-3.0,12.0,0.0,0.1111111111111111,0.1111111111111111,4,7,38.5,9.0,1172,1107,1556,0.0,0.0,120.0,4.0,34.9,0.6,0.2222222222222222,0.0,0.0,60.0,16.0,35.6,1.5,0.25,0.4,0.0,57.0,22.0,16.0,15.0,482.0,0.0,0.0,0.0,0.1111111111111111,0.0,0.09000000000000057,0.0,1.0469000000000008,-0.5531000000000006,-0.25310000000000343,-0.25310000000000343,0.4468999999999994,0.09740300651936955,0.5817215828899607,0.0,5.0,0.0,0.16,0.4,5.0,0.0,0.037523452157598475,
386,202207060411,17,17,10,78,0,0,1,29,0,0,0,0,1,1,0,4,0,0,0,3,0,0,0,0,0,0,0,0,0,0,0,0,0,0,0,0,0.0,0.0,140.0,16.0,40.0,5.0,0.75,0.0,0.0,16.0,15.0,34.6,1.7,1.0,0.0,0.0,13.0,14.0,37.9,2.8,0.4,-1.0,4.0,-200.0,0.0,0.14285714285714285,8,16,16.6,6.0,1098,1032,1294,0.0,0.0,10.0,10.0,35.5,1.0,0.75,0.0,0.0,11.0,9.0,33.4,0.6,1.0,-1.9,0.0,54.0,-713.0,16.0,16.0,462.0,0.125,0.0,0.26666666666666666,0.0,-0.08333333333333333,1.2300000000000004,0.0,1.8661999999999992,-0.8592000000000013,1.983399999999996,0.39350000000000307,-1.7531000000000034,0.220454076850486,2.3743630724891256,-2.0,1.0,0.0,,,1.0,0.0,0.07071681131468982,0.3
387,202207060411,26,21,13,160,2,7,3,70,1,3,1,4,9,6,4,30,1,4,1,20,1,2,1,3,4,1,0,4,1,1,0,3,1,1,0,1,0.0,0.0,10.0,13.0,36.8,0.7,0.06666666666666667,0.0,0.0,10.0,1.0,34.1,0.0,0.14285714285714285,0.0,0.0,40.0,2.0,34.7,0.4,0.09090909090909091,-5.5,8.0,0.0,0.041666666666666664,0.08333333333333333,6,11,18.2,7.0,1716,1235,1167,0.0,0.0,140.0,13.0,35.4,0.5,0.058823529411764705,0.0,0.0,90.0,12.0,37.6,2.6,0.07692307692307693,1.0,0.4,57.0,22.0,16.0,15.0,506.0,0.0,0.0,0.0,0.0,0.0,-0.2900000000000006,0.0,1.6468999999999951,-1.0531000000000006,-0.45309999999999917,0.24689999999999657,2.4935000000000045,0.02981249895801467,1.3013838787997942,0.0,4.0,0.5,0.0,0.0,4.0,0.5,0.05419580419580422,0.09690177982860912
388,202207060411,2,4,2,40,1,0,0,12,0,0,0,2,0,0,0,11,1,0,0,7,0,0,0,2,0,0,0,4,0,0,0,4,0,0,0,1,0.0,0.0,17.0,15.0,33.4,0.8,0.6111111111111112,0.0,0.0,16.0,13.0,34.9,0.8,0.9444444444444444,0.0,0.0,17.0,9.0,33.5,0.7,0.7222222222222222,-3.0,-12.0,0.0,0.08695652173913043,0.34782608695652173,6,12,31.1,8.0,1618,1028,1263,0.0,0.0,14.0,7.0,33.1,0.5,0.375,0.0,0.0,14.0,12.0,34.1,1.2,0.9375,-1.2,0.0,57.0,-504.0,16.0,18.0,458.0,0.16666666666666666,-0.05555555555555555,0.0,0.0,0.0625,0.03999999999999915,0.0,-1.7531000000000034,-0.4654000000000025,-1.653100000000002,-2.0531000000000006,-1.0531000000000006,0.2137986822765984,0.638748776906852,-1.0,5.0,0.0,0.14634146341463414,0.36585365853658536,4.0,0.0,-0.06666666666666665,
389,202207060411,1,4,6,20,1,0,0,2,0,0,0,2,0,0,1,6,0,0,0,2,0,0,0,2,0,0,0,3,0,0,0,2,0,0,0,2,0.0,0.0,160.0,14.0,35.0,1.5,0.5625,0.0,0.0,100.0,9.0,34.1,1.4,0.6875,0.0,0.0,140.0,8.0,34.7,0.6,0.35714285714285715,-3.0,2.0,0.0,0.12903225806451613,0.3225806451612903,7,13,81.7,10.0,314,454,324,0.0,0.0,130.0,3.0,34.2,0.3,0.3333333333333333,0.0,0.0,130.0,11.0,35.6,0.7,0.4,-1.2,0.2,55.0,-17.0,16.0,16.0,452.0,0.0,0.0,0.07142857142857142,0.0,0.13333333333333333,-0.13000000000000042,0.0,-0.153100000000002,-1.0531000000000006,-0.45309999999999917,-1.8947999999999965,0.23460000000000036,0.13576367104795464,0.5491812087098388,3.0,5.0,0.2,0.07692307692307693,0.07692307692307693,3.0,0.0,-0.2548387096774194,
390,202207060411,26,21,13,160,7,6,6,87,1,0,1,0,9,6,4,30,0,2,1,18,0,0,1,0,4,1,0,4,0,2,0,4,0,0,0,0,0.0,0.0,60.0,8.0,37.5,1.6,0.9,0.0,0.0,100.0,15.0,35.1,1.8,0.8125,0.0,0.0,160.0,15.0,35.3,1.5,0.4375,3.5,1.0,280.0,0.0,0.0,4,8,109.6,13.0,1716,1558,1167,0.0,0.0,180.0,18.0,35.6,1.3,0.7222222222222222,0.0,0.0,130.0,10.0,35.0,1.8,0.375,0.7,0.0,57.0,-507.0,16.0,10.0,507.0,,,-0.125,0.16666666666666666,0.0,0.45,0.0,,1.3128000000000029,-0.0654000000000039,-0.4947999999999979,-0.153100000000002,0.2073171513275443,0.9230384607371461,4.0,3.0,0.0,0.16666666666666666,0.16666666666666666,1.0,0.0,0.05419580419580422,0.05152394775036287
391,202207060411,13,9,10,91,9,10,18,107,2,1,1,5,1,0,1,7,0,2,0,13,0,0,0,0,0,0,0,0,0,0,0,1,0,0,0,0,0.0,0.0,14.0,11.0,35.2,1.8,0.25,0.0,0.0,12.0,13.0,37.9,2.7,0.07692307692307693,0.0,0.0,9.0,15.0,36.0,1.1,0.16666666666666666,2.0,-4.0,0.0,0.022222222222222223,0.13333333333333333,5,9,129.3,14.0,1127,1167,1328,0.0,0.0,10.0,11.0,38.1,1.4,0.0625,0.0,0.0,9.0,7.0,36.1,1.1,0.07142857142857142,-1.0,0.0,57.0,0.0,16.0,16.0,492.0,0.0,0.0,0.1111111111111111,0.0,0.0,-0.2,0.0,0.04690000000000083,2.8252999999999986,0.8935000000000031,-0.17949999999999733,0.9935000000000045,0.0727287855264102,1.1394735626595285,0.0,1.0,0.0,0.0,0.0,1.0,0.0,0.030746489283074607,-0.05976134585289514
392,202207060411,26,21,13,160,0,1,2,5,0,0,0,1,9,6,4,30,0,0,0,1,0,0,0,0,4,1,0,4,0,0,0,0,0,0,0,0,0.0,0.0,90.0,9.0,33.9,0.4,0.75,0.0,0.0,70.0,9.0,34.5,0.6,0.15384615384615385,0.0,0.0,120.0,9.0,34.9,1.0,0.2222222222222222,0.0,12.0,0.0,0.0,0.0,1,2,86.0,11.0,1716,1522,1167,0.0,0.0,60.0,1.0,34.4,0.0,0.15384615384615385,0.0,0.0,80.0,14.0,34.9,1.0,0.29411764705882354,0.2,0.2,57.0,225.0,16.0,16.0,494.0,-0.0625,0.0,0.05555555555555555,0.07692307692307693,-0.058823529411764705,-0.18999999999999986,0.0,-1.2531000000000034,-1.316200000000002,-0.25310000000000343,-1.4162000000000035,-0.20649999999999835,0.22370057024416162,0.3709447398198282,0.0,4.0,0.25,0.0,0.0,2.0,0.0,0.05419580419580422,
393,202207060411,0,0,0,5,0,0,0,1,0,0,0,1,0,0,0,5,0,0,0,1,0,0,0,1,0,0,0,0,0,0,0,0,0,0,0,0,0.0,0.0,15.0,13.0,35.7,2.1,0.125,0.0,0.0,16.0,15.0,34.4,1.0,0.375,0.0,0.0,13.0,12.0,35.5,1.0,0.14285714285714285,-0.5,-16.0,0.0,0.0,0.0,1,1,262.0,15.0,1203,1686,1393,0.0,0.0,13.0,14.0,34.7,0.9,0.2857142857142857,0.0,0.0,14.0,9.0,34.5,0.9,0.2777777777777778,-0.9,0.0,55.0,0.0,16.0,16.0,460.0,0.0,0.0625,0.0,0.0,,0.21000000000000013,0.0,0.5469000000000008,-0.7531000000000034,0.346899999999998,-0.45309999999999917,-0.2738000000000014,0.09422911293418727,0.5351635264103869,0.0,4.0,0.0,0.0,0.0,4.0,0.0,,
394,202207060411,0,1,2,2,0,0,0,7,0,0,0,0,0,0,1,1,0,0,0,0,0,0,0,0,0,0,0,0,0,0,0,0,0,0,0,0,0.0,0.0,8.0,8.0,42.3,3.0,0.875,0.0,0.0,14.0,15.0,39.7,3.5,0.5333333333333333,0.0,0.0,12.0,16.0,34.8,4.7,1.0,4.0,-8.0,-200.0,0.0,0.07142857142857142,2,3,13.2,5.0,1534,1648,1235,0.0,0.0,13.0,11.0,35.5,0.7,0.375,0.0,0.0,8.0,8.0,35.1,0.9,0.3125,-0.4,0.0,56.0,-601.0,16.0,8.0,484.0,0.0,0.0,,-0.0625,,1.8599999999999994,0.0,4.020499999999998,1.7889000000000053,1.2565999999999988,0.346899999999998,1.3128000000000029,0.27258535870031203,2.9975990392312313,0.0,1.0,0.0,0.0,0.0,1.0,0.0,,
395,202207060411,7,20,20,127,2,1,1,16,0,1,0,2,1,6,2,32,0,0,0,1,0,0,0,0,0,1,0,3,0,0,0,0,0,0,0,0,0.0,0.0,12.0,15.0,36.5,3.6,0.5625,0.0,0.0,13.0,1.0,34.4,0.0,0.07142857142857142,0.0,0.0,14.0,16.0,36.0,2.8,1.0,0.5,-16.0,0.0,0.0,0.2,8,15,105.2,12.0,1393,1721,1263,0.0,0.0,16.0,16.0,34.3,0.7,0.8235294117647058,0.0,0.0,13.0,12.0,36.7,2.6,0.8571428571428571,0.9,0.2,57.0,0.0,16.0,16.0,478.0,0.0,0.0,0.0,0.058823529411764705,0.0,-0.030000000000000426,0.0,1.346899999999998,-0.7531000000000034,0.846899999999998,-0.8531000000000049,1.593500000000006,0.32774597305152897,1.0303397497913023,0.0,4.0,0.25,0.0,0.2,4.0,0.25,0.04022988505747127,0.18461538461538463
396,202207060411,0,0,0,0,2,1,3,46,0,0,0,0,0,0,0,0,0,0,0,2,0,0,0,0,0,0,0,0,0,0,0,0,0,0,0,0,0.0,0.0,5.0,7.0,41.5,2.4,0.375,0.0,0.0,16.0,16.0,35.4,4.1,1.0,0.0,0.0,15.0,15.0,36.6,2.2,0.9333333333333333,4.0,2.0,-500.0,,,7,14,547.3,16.0,1586,1306,1167,0.0,0.0,14.0,14.0,37.1,2.5,0.9333333333333333,0.0,0.0,10.0,11.0,35.2,1.5,0.9090909090909091,0.6,0.0,55.0,-367.0,16.0,8.0,502.0,0.25,0.0,0.06666666666666667,0.06666666666666667,0.0,1.0899999999999992,0.0,2.922400000000003,0.24689999999999657,1.4468999999999994,-0.3177000000000021,-0.6976999999999975,0.2295804053799785,2.284381754435978,1.0,2.0,0.0,,,2.0,0.0,,0.051282051282051266
397,202207060509,0,1,2,2,0,0,0,0,0,0,0,0,0,0,1,1,0,0,0,0,0,0,0,0,0,0,0,0,0,0,0,0,0,0,0,0,0.0,0.0,10.0,1.0,34.7,0.0,0.375,0.0,0.0,10.0,1.0,34.4,0.0,0.125,0.0,0.0,10.0,2.0,35.0,0.5,0.3076923076923077,0.5,2.0,0.0,0.10204081632653061,0.30612244897959184,7,7,1.9,1.0,1534,879,1235,0.0,0.0,10.0,3.0,35.2,0.4,0.25,,,,,,,,0.7,1.0,56.0,34.0,10.0,16.0,498.0,-0.0625,0.0,-0.07692307692307693,0.0,,-0.21000000000000013,0.0,-0.45309999999999917,-0.7531000000000034,-0.153100000000002,-0.8947999999999965,,0.09185083256991732,0.3031088913245546,1.0,4.0,1.0,0.09523809523809523,0.19047619047619047,3.0,1.0,,
398,202207060509,0,0,0,0,0,1,2,5,0,0,0,0,0,0,0,0,0,0,0,1,0,0,0,0,0,0,0,0,0,0,0,0,0,0,0,0,0.0,0.0,20.0,4.0,35.3,0.6,0.1111111111111111,0.0,0.0,10.0,1.0,33.5,0.0,0.1,,,,,,,,-3.0,-2.0,-200.0,0.047619047619047616,0.047619047619047616,2,2,13.4,5.0,1540,1522,1036,,,,,,,,,,,,,,,-3.0,0.5,54.0,28.0,10.0,9.0,492.0,0.0,0.0,,,,1.7999999999999972,0.0,0.19350000000000023,-1.653100000000002,,,,0.00555555555555555,0.8999999999999986,0.0,1.0,1.0,0.25,0.5,1.0,1.0,,
399,202207060509,0,0,0,13,8,5,3,48,0,0,0,0,0,0,0,1,1,1,0,7,0,0,0,0,0,0,0,0,1,1,0,1,0,0,0,0,0.0,0.0,30.0,1.0,33.9,0.0,0.25,0.0,0.0,10.0,1.0,35.6,0.0,0.0625,0.0,0.0,10.0,6.0,35.8,0.5,0.13333333333333333,2.5,-4.0,0.0,0.08333333333333333,0.3333333333333333,8,9,4.8,2.0,1507,1618,593,0.0,0.0,70.0,2.0,37.4,0.7,0.07142857142857142,0.0,0.0,50.0,3.0,36.1,0.7,0.16666666666666666,0.5000000000000001,0.8,56.0,13.0,10.0,8.0,498.0,0.0,0.0,0.0,0.0,0.0,-0.6200000000000003,0.0,-1.2531000000000034,0.4468999999999994,0.6935000000000002,1.4774999999999991,-0.5968000000000018,0.06857432202890056,1.1217842929904127,1.0,2.0,1.0,0.0,0.0,2.0,1.0,,-0.035714285714285726
400,202207060509,0,0,0,0,0,0,0,0,0,0,0,0,0,0,0,0,0,0,0,0,0,0,0,0,0,0,0,0,0,0,0,0,0,0,0,0,0.0,0.0,30.0,5.0,34.4,0.4,0.3333333333333333,0.0,0.0,30.0,3.0,34.0,0.2,0.8,0.0,0.0,10.0,1.0,33.7,0.0,0.625,-2.0,12.0,-200.0,0.0425531914893617,0.2553191489361702,3,3,4.9,3.0,381,163,380,,,,,,,,,,,,,,,-2.0,0.6666666666666666,55.0,42.0,10.0,18.0,496.0,-0.05555555555555555,-0.1,0.0,,,0.34999999999999787,0.0,-0.7064999999999984,-1.106499999999997,-1.4530999999999992,,,0.19249017932300463,0.28674417556808585,0.0,1.0,1.0,0.0,0.2,1.0,1.0,,
401,202207060509,3,0,1,6,0,0,0,5,0,0,0,0,0,0,0,3,0,0,0,3,0,0,0,0,0,0,0,2,0,0,0,0,0,0,0,0,0.0,0.0,90.0,5.0,36.3,0.9,0.09090909090909091,0.0,0.0,40.0,1.0,35.2,0.0,0.18181818181818182,0.0,0.0,20.0,7.0,38.6,1.8,0.4166666666666667,1.0,0.0,-200.0,0.0,0.0,4,4,108.4,9.0,1426,1228,306,,,,,,,,,,,,,,,1.0,0.3333333333333333,54.0,133.0,10.0,11.0,488.0,0.0,0.0,0.08333333333333333,,,-1.1500000000000021,0.0,1.1935000000000002,-0.6161999999999992,0.7766999999999982,,,0.13724927516869892,1.416568624058385,0.0,1.0,1.0,0.0,0.2222222222222222,0.0,,,
402,202207060509,16,27,18,172,2,7,3,70,0,0,0,3,0,3,0,18,1,4,1,20,0,0,0,1,0,0,0,4,0,0,0,5,0,0,0,0,0.0,0.0,20.0,11.0,36.2,1.3,0.07692307692307693,0.0,0.0,30.0,2.0,37.5,0.2,0.07692307692307693,0.0,0.0,20.0,1.0,35.2,0.0,0.2222222222222222,-5.0,10.0,0.0,0.125,0.3125,7,8,12.1,4.0,1503,1235,1263,,,,,,,,,,,,,,,-5.0,0.6666666666666666,56.0,104.0,10.0,13.0,478.0,0.0,0.0,0.0,,,0.5,0.0,1.0469000000000008,1.683799999999998,0.04690000000000083,,,0.06849467396109006,0.9416297927883678,2.0,3.0,0.6666666666666666,0.14285714285714285,0.14285714285714285,2.0,0.5,-0.009277322582043612,0.09690177982860912
403,202207060509,0,1,2,2,0,0,0,0,0,0,0,0,0,0,1,1,0,0,0,0,0,0,0,0,0,0,0,0,0,0,0,0,0,0,0,0,0.0,0.0,10.0,1.0,35.7,0.0,0.1875,0.0,0.0,20.0,2.0,35.4,0.4,0.1875,0.0,0.0,60.0,2.0,34.5,0.5,0.5,0.5,-2.0,0.0,,,8,10,47.8,7.0,1534,1493,1235,0.0,0.0,80.0,2.0,36.1,0.5,0.2222222222222222,0.0,0.0,100.0,4.0,35.0,0.3,0.47058823529411764,0.6,0.8,55.0,28.0,10.0,16.0,482.0,0.0,0.0,0.0,0.0,-0.058823529411764705,0.07000000000000028,0.0,0.5469000000000008,0.24689999999999657,-0.653100000000002,0.9935000000000045,-0.816200000000002,0.14109753867952166,0.5535341001239226,3.0,4.0,0.75,0.3333333333333333,0.3333333333333333,3.0,1.0,,
404,202207060509,0,0,0,0,2,2,2,37,0,0,0,0,0,0,0,0,0,0,0,6,0,0,0,0,0,0,0,0,0,0,0,4,0,0,0,0,0.0,0.0,100.0,9.0,35.8,1.0,0.15384615384615385,0.0,0.0,30.0,1.0,35.1,0.0,0.08333333333333333,0.0,0.0,50.0,3.0,34.6,0.2,0.5,-3.0,2.0,0.0,0.04,0.08,6,6,74.8,8.0,1676,1393,1428,,,,,,,,,,,,,,,-3.0,0.6666666666666666,54.0,104.0,10.0,13.0,466.0,0.0,0.0,0.0,,,0.5999999999999979,0.0,0.6468999999999951,-0.05310000000000059,-1.2162000000000006,,,0.18208839555888628,0.49216076867444486,0.0,3.0,0.6666666666666666,0.0,0.2727272727272727,2.0,0.5,,0.23546511627906977
405,202207060509,0,0,0,0,0,0,0,0,0,0,0,0,0,0,0,0,0,0,0,0,0,0,0,0,0,0,0,0,0,0,0,0,0,0,0,0,0.0,0.0,20.0,1.0,37.8,0.0,0.08333333333333333,0.0,0.0,10.0,1.0,37.8,0.0,0.09090909090909091,,,,,,,,0.0,2.0,0.0,0.15,0.4,1,1,14.7,6.0,943,385,115,,,,,,,,,,,,,,,0.0,1.0,56.0,13.0,10.0,12.0,462.0,0.0,0.0,,,,0.0,0.0,-0.11110000000000042,-0.33380000000000365,,,,0.0037878787878787915,0.0,1.0,0.0,,0.15384615384615385,0.38461538461538464,0.0,,,
406,202207060509,0,0,0,2,6,3,7,26,0,0,0,1,0,0,0,0,0,0,2,5,0,0,0,0,0,0,0,0,0,0,0,1,0,0,0,0,0.0,0.0,12.0,6.0,39.1,1.0,0.7142857142857143,0.0,0.0,14.0,16.0,36.2,1.4,0.4444444444444444,0.0,0.0,13.0,16.0,35.6,1.5,0.5,5.0,9.0,0.0,0.0,0.0,5,5,320.5,10.0,1151,1014,1618,0.0,0.0,13.0,7.0,37.4,0.5,0.1875,0.0,0.0,3.0,6.0,36.0,0.6,0.0625,-0.9,0.0,54.0,-569.0,10.0,14.0,439.0,-0.07142857142857142,0.05555555555555555,0.0,0.0,0.0,0.5000000000000007,0.0,1.2789000000000001,1.0469000000000008,0.4468999999999994,1.3051999999999992,0.846899999999998,0.23158034547904643,1.270590413941487,3.0,4.0,0.0,0.0,0.1875,3.0,0.0,,-0.21428571428571427
407,202207060610,6,4,9,63,0,1,1,4,0,1,1,0,3,2,1,26,0,1,1,1,0,1,1,0,2,1,1,7,0,1,1,0,0,1,1,0,0.0,0.0,120.0,110.0,39.0,3.3,0.9166666666666666,0.0,0.0,140.0,90.0,32.4,0.8,0.875,0.0,0.0,160.0,140.0,34.9,1.0,0.375,15.0,24.0,-200.0,0.0,0.058823529411764705,3,6,7.9,4.0,1172,792,1556,0.0,0.0,100.0,140.0,34.5,0.8,0.3125,0.0,0.0,80.0,30.0,33.7,0.4,0.2222222222222222,-11.0,0.0,56.0,-623.0,16.0,12.0,538.0,0.08333333333333333,,0.0,0.0625,0.0,0.8499999999999993,0.0,1.3357000000000028,-1.1433999999999997,-0.20649999999999835,-0.653100000000002,-1.4530999999999992,0.29464091977343926,2.22081066279861,4.0,2.0,0.0,0.0,0.17647058823529413,2.0,0.0,0.037523452157598475,
408,202207060610,5,9,11,82,2,7,3,70,0,1,0,1,0,1,1,10,1,4,1,20,0,0,0,0,0,1,1,4,0,0,0,1,0,0,0,0,0.0,0.0,80.0,4.0,32.9,0.5,1.0,0.0,0.0,30.0,10.0,33.8,0.5,0.8333333333333334,0.0,0.0,70.0,4.0,33.7,0.1,0.4444444444444444,0.0,18.0,0.0,0.045454545454545456,0.09090909090909091,2,3,5.8,3.0,1736,1235,1482,0.0,0.0,40.0,14.0,34.5,1.0,0.25,0.0,0.0,50.0,5.0,34.9,0.6,0.3125,0.6,0.0,55.0,22.0,16.0,16.0,518.0,-0.0625,-0.1111111111111111,0.0,0.0,-0.1875,-0.4700000000000003,0.0,-2.2531000000000034,-1.3531000000000049,-1.4530999999999992,-0.653100000000002,-0.25310000000000343,0.2962080308345204,0.6916646586316232,-2.0,5.0,0.0,0.0,0.1875,5.0,0.0,-0.06123106670963582,0.09690177982860912
409,202207060610,45,34,33,257,0,0,0,2,0,0,0,2,4,4,1,33,0,0,0,0,0,0,0,0,1,1,1,3,0,0,0,0,0,0,0,0,0.0,0.0,5.0,6.0,33.7,0.2,1.0,0.0,0.0,8.0,14.0,34.9,1.0,0.2777777777777778,0.0,0.0,8.0,3.0,34.0,0.2,0.875,-1.5,-10.0,0.0,0.14285714285714285,0.21428571428571427,4,8,8.7,5.0,1428,106,1263,0.0,0.0,5.0,8.0,34.2,0.5,0.9375,0.0,0.0,7.0,3.0,34.1,0.2,0.42857142857142855,-1.2,0.4,53.0,-419.0,16.0,14.0,436.0,-0.07142857142857142,-0.05555555555555555,-0.0625,-0.125,-0.07142857142857142,-0.010000000000000142,0.0,-1.4530999999999992,-0.25310000000000343,-1.153100000000002,-0.9530999999999992,-1.0064999999999955,0.2928840268126713,0.396988664825583,-1.0,4.0,0.25,0.07142857142857142,0.5,4.0,0.25,0.002599413749239554,
410,202207060610,6,4,9,63,9,10,18,107,0,0,2,2,3,2,1,26,0,2,0,13,0,0,0,0,2,1,1,7,0,0,0,4,0,0,0,0,0.0,0.0,30.0,4.0,35.2,1.4,0.16666666666666666,0.0,0.0,40.0,4.0,33.9,0.1,0.625,0.0,0.0,20.0,2.0,35.3,0.2,0.6666666666666666,-1.0,-4.0,0.0,0.14285714285714285,0.38095238095238093,3,5,4.7,1.0,1172,1167,1556,0.0,0.0,90.0,1.0,35.1,0.0,0.42857142857142855,0.0,0.0,40.0,14.0,35.3,1.5,0.5625,1.7,0.4,53.0,50.0,16.0,18.0,412.0,0.0,0.0,0.0,-0.14285714285714285,0.0,-0.13999999999999915,0.0,0.04690000000000083,-1.2531000000000034,0.14689999999999515,-0.7162000000000006,0.14689999999999515,0.1805603522823505,0.5351635264103862,0.0,5.0,0.4,0.14285714285714285,0.35714285714285715,4.0,0.25,0.037523452157598475,-0.05976134585289514
411,202207060610,7,20,20,127,0,1,0,2,0,1,0,2,1,6,2,32,0,0,0,1,0,0,0,1,0,1,1,3,0,0,0,0,0,0,0,0,0.0,0.0,3.0,4.0,34.9,0.3,0.5833333333333334,0.0,0.0,7.0,5.0,34.1,0.3,0.6875,0.0,0.0,1.0,14.0,38.0,1.7,0.9333333333333333,5.0,-6.0,-200.0,0.125,0.3125,7,14,10.8,7.0,1393,526,1263,0.0,0.0,1.0,5.0,35.1,0.5,0.5,0.0,0.0,2.0,3.0,35.3,0.2,0.38461538461538464,-0.2,0.2,54.0,-28.0,16.0,12.0,472.0,-0.08333333333333333,0.0625,-0.06666666666666667,0.07142857142857142,0.0,-0.17999999999999972,0.0,-0.3913000000000011,-1.0531000000000006,-0.15379999999999683,-0.006499999999995509,0.008699999999997488,0.18647210027631364,1.3242356285797476,-2.0,1.0,0.0,0.1111111111111111,0.1111111111111111,1.0,0.0,0.04022988505747127,
412,202207060610,1,2,2,27,12,10,14,149,0,0,1,2,0,1,0,9,0,0,2,15,0,0,0,1,0,0,0,3,0,0,0,7,0,0,0,1,0.0,0.0,14.0,10.0,33.7,0.5,0.8823529411764706,0.0,0.0,14.0,11.0,34.3,1.1,0.5,0.0,0.0,9.0,5.0,36.0,0.7,0.375,-2.5,8.0,0.0,0.0,0.0,8,16,5.7,2.0,1642,1263,1124,0.0,0.0,8.0,6.0,34.3,0.4,0.9166666666666666,0.0,0.0,7.0,9.0,34.2,0.7,0.8,-0.7,0.0,54.0,-664.0,16.0,17.0,482.0,-0.058823529411764705,0.0625,-0.125,-0.25,-0.06666666666666667,-0.1,0.0,-1.4530999999999992,-0.8531000000000049,-0.09479999999999933,-0.8531000000000049,-0.9530999999999992,0.2171115121060276,0.7823042886243172,-2.0,5.0,0.0,0.0,0.09523809523809523,4.0,0.0,-0.15625,0.10027720027720027
413,202207060610,13,11,6,67,0,0,0,2,0,0,0,1,2,2,0,9,0,0,0,0,0,0,0,0,0,0,0,1,0,0,0,0,0,0,0,0,0.0,0.0,14.0,16.0,35.5,1.6,0.6470588235294118,0.0,0.0,9.0,6.0,34.9,0.8,0.9285714285714286,0.0,0.0,11.0,12.0,34.7,0.8,0.625,-2.0,-6.0,0.0,0.0,0.1875,7,13,77.1,14.0,1657,14,1317,0.0,0.0,9.0,1.0,34.5,0.0,0.6666666666666666,0.0,0.0,11.0,10.0,34.2,0.8,0.6923076923076923,-1.7,0.2,52.0,-434.0,16.0,17.0,476.0,0.058823529411764705,0.07142857142857142,-0.0625,0.0,0.0,0.29999999999999927,0.0,0.13459999999999894,-0.20649999999999835,-0.45309999999999917,-0.7912999999999997,-0.9530999999999992,0.11057342076804239,0.4363484845854277,-4.0,3.0,0.0,0.14285714285714285,0.14285714285714285,2.0,0.0,-0.07118311242022585,
414,202207060610,0,0,0,22,0,0,0,3,0,0,0,2,0,0,0,2,0,0,0,0,0,0,0,0,0,0,0,0,0,0,0,0,0,0,0,0,0.0,0.0,9.0,9.0,35.0,1.1,0.25,0.0,0.0,8.0,7.0,33.4,0.7,1.0,0.0,0.0,13.0,9.0,33.7,0.6,0.875,0.0,-2.0,-200.0,0.021739130434782608,0.13043478260869565,6,12,18.0,8.0,1672,1172,1167,0.0,0.0,8.0,10.0,33.7,0.8,0.9090909090909091,0.0,0.0,8.0,8.0,33.9,0.7,0.9230769230769231,0.1,0.0,52.0,-133.0,16.0,12.0,446.0,0.0,0.0,0.0,-0.09090909090909091,-0.15384615384615385,0.18999999999999986,0.0,-0.29129999999999967,-1.7531000000000034,-1.4530999999999992,-1.4530999999999992,-1.2531000000000034,0.2737907363371242,0.5535341001239217,-4.0,4.0,0.0,0.15384615384615385,0.15384615384615385,4.0,0.0,,
415,202207060610,13,11,6,67,2,7,3,70,0,0,0,0,2,2,0,9,1,4,1,20,0,0,0,0,0,0,0,1,0,0,0,1,0,0,0,0,0.0,0.0,40.0,10.0,37.0,1.6,0.18181818181818182,0.0,0.0,170.0,17.0,36.9,2.4,0.29411764705882354,0.0,0.0,70.0,8.0,34.5,1.3,0.8,-1.0,4.0,0.0,0.0,0.0625,1,2,21.4,9.0,1657,1235,1317,0.0,0.0,70.0,5.0,34.9,0.7,0.46153846153846156,0.0,0.0,60.0,1.0,35.4,0.0,0.05555555555555555,-3.0,0.2,54.0,147.0,16.0,11.0,472.0,0.09090909090909091,0.0,0.0,0.0,0.0,0.5200000000000002,0.0,1.846899999999998,1.7468999999999966,-0.6064999999999969,-0.25310000000000343,0.24689999999999657,0.2579441827508001,1.0287856919689349,0.0,4.0,0.25,0.1,0.1,4.0,0.25,-0.07118311242022585,0.09690177982860912
416,202207060610,1,0,0,4,2,2,2,37,0,0,0,0,0,0,0,1,0,0,0,6,0,0,0,0,0,0,0,0,0,0,0,0,0,0,0,0,0.0,0.0,160.0,14.0,35.9,1.2,0.5,0.0,0.0,8.0,8.0,38.0,2.5,0.125,0.0,0.0,18.0,13.0,32.9,1.0,0.9444444444444444,-0.5,18.0,0.0,0.0,0.0,4,7,41.7,13.0,1243,1393,1428,0.0,0.0,17.0,13.0,35.3,0.8,0.6666666666666666,0.0,0.0,10.0,10.0,36.3,1.9,0.1,-0.3,0.0,51.0,-699.0,16.0,16.0,500.0,0.0625,0.0,,0.0,0.0,0.19000000000000056,0.0,0.7468999999999966,2.0833999999999975,-0.6433999999999997,-0.0654000000000039,1.2252999999999972,0.3226644474977253,1.6545694303957152,0.0,2.0,0.0,0.0,0.18181818181818182,1.0,0.0,,0.23546511627906977
417,202207060610,0,0,1,5,5,9,6,103,0,0,1,2,0,0,1,1,1,2,2,15,0,0,1,1,0,0,0,0,0,0,0,3,0,0,0,0,0.0,0.0,100.0,9.0,34.0,1.4,1.0,0.0,0.0,160.0,10.0,34.2,1.6,0.8333333333333334,0.0,0.0,130.0,10.0,34.4,1.0,0.8461538461538461,0.5,2.0,-200.0,0.0,0.06666666666666667,1,1,145.1,15.0,1175,1013,882,0.0,0.0,150.0,8.0,35.1,0.7,0.7058823529411765,0.0,0.0,150.0,10.0,34.5,0.5,0.75,0.0,0.0,53.0,36.0,16.0,11.0,440.0,-0.18181818181818182,0.0,0.0,-0.058823529411764705,-0.0625,-0.18999999999999986,0.0,-1.106499999999997,-0.9530999999999992,-0.7064999999999984,-0.006499999999995509,-0.653100000000002,0.10093011250545492,0.37202150475476564,-1.0,2.0,0.0,0.0,0.09090909090909091,2.0,0.0,,0.13151602104256338
418,202207060610,6,4,9,63,0,2,0,2,0,0,0,0,3,2,1,26,0,2,0,1,0,0,0,0,2,1,1,7,0,0,0,0,0,0,0,0,0.0,0.0,12.0,12.0,34.2,1.1,1.0,0.0,0.0,15.0,14.0,39.9,2.4,0.06666666666666667,0.0,0.0,10.0,14.0,38.0,2.4,0.625,1.0,2.0,0.0,,,5,10,32.9,12.0,1172,108,1556,0.0,0.0,13.0,13.0,37.2,1.7,0.9333333333333333,0.0,0.0,14.0,12.0,35.1,1.4,0.7857142857142857,-0.1,0.0,51.0,0.0,16.0,16.0,518.0,-0.0625,0.0,-0.0625,0.0,0.0,0.08999999999999986,0.0,-0.9530999999999992,0.2740999999999971,-0.27949999999999875,-0.7110999999999947,-2.564299999999996,0.3337463427742583,2.040980156689426,0.0,1.0,0.0,0.0,0.2,1.0,0.0,0.037523452157598475,
419,202207060610,17,17,10,78,3,3,2,26,1,0,0,1,1,1,0,4,1,0,1,4,1,0,0,1,0,0,0,0,0,0,0,1,0,0,0,0,0.0,0.0,13.0,14.0,34.6,1.0,0.9375,0.0,0.0,9.0,9.0,34.8,0.9,0.9090909090909091,0.0,0.0,10.0,13.0,34.6,1.2,0.875,-0.5,0.0,0.0,0.12,0.32,5,9,28.5,10.0,1098,1542,1294,0.0,0.0,7.0,8.0,34.7,1.2,0.18181818181818182,0.0,0.0,7.0,14.0,33.4,0.9,0.9411764705882353,-0.1,0.0,54.0,-245.0,16.0,16.0,480.0,0.0,0.0,0.0,0.0,0.058823529411764705,0.25,0.0,-0.5531000000000006,-1.2948000000000022,-0.5531000000000006,-0.4064999999999941,-1.7531000000000034,0.29451006878733027,0.5153639490690056,-4.0,4.0,0.0,0.16666666666666666,0.3333333333333333,3.0,0.0,0.07071681131468982,-0.053475935828877
420,202207060610,0,1,1,20,2,0,1,7,0,0,0,0,0,0,1,7,1,0,0,0,0,0,0,0,0,0,0,1,0,0,0,0,0,0,0,0,0.0,0.0,20.0,15.0,38.9,2.0,0.5625,0.0,0.0,50.0,3.0,36.6,0.2,0.0625,0.0,0.0,10.0,9.0,37.4,1.5,0.1111111111111111,-3.0,-6.0,50.0,0.0,0.34615384615384615,6,11,8.7,6.0,1674,1507,1428,0.0,0.0,30.0,4.0,36.0,0.2,0.0625,0.0,0.0,20.0,2.0,34.7,0.1,0.08333333333333333,-2.5,0.4,54.0,29.0,16.0,16.0,450.0,0.1875,0.0,0.0,0.0,0.0,0.8999999999999992,0.0,1.0766999999999953,1.4468999999999994,2.2468999999999966,0.846899999999998,-0.45309999999999917,0.1938781436054648,1.4019985734657492,0.0,4.0,0.5,0.0,0.0,4.0,0.5,0.17575757575757575,
421,202207060610,0,0,0,0,2,0,1,3,0,0,0,0,0,0,0,0,1,0,1,3,0,0,0,0,0,0,0,0,0,0,0,0,0,0,0,0,0.0,0.0,9.0,1.0,38.2,0.0,0.09090909090909091,0.0,0.0,13.0,16.0,41.2,4.2,0.0625,0.0,0.0,15.0,16.0,34.1,1.5,1.0,7.5,-7.0,-200.0,0.0,0.0,2,4,30.3,11.0,1621,1423,1186,0.0,0.0,16.0,11.0,35.8,1.0,0.0625,0.0,0.0,10.0,10.0,33.7,0.8,1.0,1.3,0.2,54.0,-673.0,16.0,11.0,521.0,0.0,0.0,0.0,0.0,0.0,1.4400000000000006,0.0,-0.07949999999999591,3.2889000000000053,-1.0531000000000006,0.6468999999999951,-1.6653999999999982,0.45475847281281234,2.7935640318417625,-3.0,3.0,0.0,0.0,0.0,2.0,0.0,,
422,202207060610,1,2,1,8,2,0,1,3,0,0,0,1,1,2,0,3,1,0,1,3,0,0,0,1,0,0,0,0,0,0,0,0,0,0,0,0,0.0,0.0,11.0,6.0,34.0,0.6,0.36363636363636365,0.0,0.0,8.0,8.0,36.2,1.7,0.5,0.0,0.0,13.0,13.0,38.3,2.2,0.23076923076923078,3.5,0.0,0.0,0.038461538461538464,0.07692307692307693,8,15,204.8,16.0,1221,1423,1263,0.0,0.0,16.0,16.0,35.1,1.9,0.9375,0.0,0.0,15.0,13.0,38.1,1.3,0.6,2.2,0.0,50.0,-49.0,16.0,11.0,486.0,0.0,0.0,0.07692307692307693,0.0,-0.06666666666666667,-0.7100000000000002,0.0,-1.153100000000002,1.093500000000006,0.4788999999999959,-0.05310000000000059,-0.05379999999999541,0.24041908462341632,1.6716458955173483,-3.0,2.0,0.0,0.09090909090909091,0.18181818181818182,2.0,0.0,,
