,race_id,f_course1,f_course2,f_course3,f_courseout,mf_course1,mf_course2,mf_course3,mf_courseout,f_mf_course1,f_mf_course2,f_mf_course3,f_mf_courseout,f_len1,f_len2,f_len3,f_lenout,mf_len1,mf_len2,mf_len3,mf_classout,f_mf_len1,f_mf_len2,f_mf_len3,f_mf_classout,f_class1,f_class2,f_class3,f_classout,mf_class1,mf_class2,mf_class3,mf_classout,f_mf_class1,f_mf_class2,f_mf_class3,f_mf_classout,time_df_course1,time_df_class1,ninki_1,result_1,agari_1,margin_1,corner_ratio_1,time_df_course2,time_df_class2,ninki_2,result_2,agari_2,margin_2,corner_ratio_2,time_df_course3,time_df_class3,ninki_3,result_3,agari_3,margin_3,corner_ratio_3,rank_trend,weight_change,dist_change,jockey_win_rate,jockey_place_rate,waku,umaban,current_odds,current_popularity,father_cat,mother_father_cat,paternal_gf_cat,time_df_course4,time_df_class4,ninki_4,result_4,agari_4,margin_4,corner_ratio_4,time_df_course5,time_df_class5,ninki_5,result_5,agari_5,margin_5,corner_ratio_5,rank_trend_5,win_rate_recent5,kinryo,days_since_last_race,n_horses_today,n_horses_1,horse_weight_abs_1,corner_chase_1,corner_chase_2,corner_chase_3,corner_chase_4,corner_chase_5,agari_trend_5,time_diff_trend_5,agari_df_course_1,agari_df_course_2,agari_df_course_3,agari_df_course_4,agari_df_course_5,corner_ratio_std5,agari_std5,kinryo_diff_1,same_course_cnt5,same_course_pr5
0,202307010111,31,34,23,265,18,20,26,184,1,2,2,14,4,3,7,51,4,4,5,52,0,0,2,5,0,0,2,5,1,2,0,5,0,0,0,1,0.0,0.0,6.0,16.0,42.3,5.9,0.5,0.0,0.0,11.0,6.0,33.5,0.3,0.8125,0.0,0.0,3.0,4.0,34.9,0.7,0.3333333333333333,-6.0,4.0,-200.0,0.10810810810810811,0.44594594594594594,4,7,7.4,5.0,1503,1167,1263,0.0,0.0,7.0,10.0,33.7,0.8,0.6666666666666666,0.0,0.0,6.0,8.0,35.4,0.5,0.35714285714285715,-1.2,0.0,58.0,-416.0,16.0,16.0,484.0,0.375,0.0,0.0,0.0,-0.14285714285714285,1.3599999999999994,0.0,6.562599999999996,-1.5747,-0.1747000000000014,-1.3746999999999971,-0.05920000000000414,0.18322894368791373,3.249369169546605,1.0,3.0,0.0
1,202307010111,18,15,14,130,5,2,4,51,1,0,0,2,5,6,3,23,1,0,1,11,1,0,0,2,2,1,0,5,0,0,0,5,0,0,0,2,0.0,0.0,110.0,7.0,33.6,0.4,0.6470588235294118,0.0,0.0,60.0,5.0,34.0,0.5,0.6666666666666666,0.0,0.0,160.0,7.0,32.6,0.2,0.9444444444444444,0.0,4.0,0.0,0.21428571428571427,0.5142857142857142,3,5,5.9,4.0,1167,1708,460,0.0,0.0,50.0,5.0,35.2,0.7,0.7333333333333333,0.0,0.0,40.0,1.0,34.0,0.0,0.5555555555555556,-1.2,0.2,58.0,46.0,16.0,17.0,500.0,-0.11764705882352941,-0.13333333333333333,-0.05555555555555555,-0.13333333333333333,-0.16666666666666666,-0.2,0.0,-1.4746999999999986,-1.0747,-2.4746999999999986,-0.4498999999999995,-1.6499000000000024,0.13053686664274963,0.8352245207128444,1.0,5.0,0.2
2,202307010111,22,14,22,201,42,32,27,236,3,4,3,31,3,2,2,39,13,10,6,66,0,1,0,7,0,0,0,2,1,2,0,12,0,0,0,1,0.0,0.0,2.0,5.0,33.2,0.4,0.3888888888888889,0.0,0.0,1.0,1.0,33.8,0.0,0.1875,0.0,0.0,4.0,11.0,35.2,0.8,0.1111111111111111,3.0,-4.0,0.0,0.0,0.5,1,2,5.2,2.0,1506,1428,199,0.0,0.0,1.0,2.0,33.2,0.2,0.2,0.0,0.0,2.0,5.0,33.0,0.3,0.6923076923076923,0.1,0.4,54.0,-584.0,16.0,18.0,482.0,0.0,0.0,0.0,0.0,-0.07692307692307693,0.1,0.0,-1.8746999999999971,-1.6592000000000056,0.09350000000000591,-1.8746999999999971,-2.4592000000000027,0.20922139890894112,0.8059776671843957,-1.0,2.0,0.5
3,202307010111,7,2,4,47,8,3,8,43,2,2,0,0,3,2,0,12,2,3,2,11,2,2,0,0,0,2,0,1,0,2,0,0,0,2,0,0,0.0,0.0,2.0,5.0,38.6,1.4,0.5,0.0,0.0,13.0,16.0,36.2,1.9,0.7647058823529411,0.0,0.0,10.0,8.0,38.0,2.5,0.625,1.5,-2.0,0.0,0.17582417582417584,0.3516483516483517,2,3,5.9,3.0,1306,1014,1445,0.0,0.0,12.0,13.0,33.9,1.1,1.0,0.0,0.0,3.0,4.0,34.7,0.3,0.3125,-0.5,0.0,57.5,-438.0,16.0,12.0,472.0,0.08333333333333333,-0.11764705882352941,-0.0625,0.0,0.125,1.0100000000000002,0.0,1.3449000000000026,0.4626000000000019,1.8342000000000027,-1.1747000000000014,-0.37469999999999715,0.23333745259174943,1.817030544597421,0.5,2.0,0.0
4,202307010111,41,32,27,271,2,2,4,18,0,0,1,1,17,5,16,84,0,0,1,6,0,0,1,1,2,0,2,7,0,0,1,0,0,0,1,0,0.0,0.0,18.0,16.0,34.0,1.1,0.9444444444444444,0.0,0.0,15.0,11.0,36.1,1.1,0.1875,0.0,0.0,7.0,15.0,33.8,1.8,0.9333333333333333,-0.5,10.0,200.0,0.038461538461538464,0.15384615384615385,7,14,105.2,15.0,1716,815,1167,0.0,0.0,16.0,12.0,34.1,0.7,0.625,0.0,0.0,15.0,5.0,34.5,0.3,0.5625,-2.1,0.0,57.0,-296.0,16.0,18.0,468.0,0.05555555555555555,0.0625,-0.13333333333333333,0.0,0.0625,0.1,0.0,-1.106499999999997,1.0253000000000014,-1.3064999999999998,-0.9746999999999986,-0.5747,0.27898432408725,0.8318653737234177,0.0,3.0,0.0
5,202307010111,7,2,7,99,4,2,0,9,0,0,0,0,3,0,2,29,1,0,0,2,0,0,0,0,0,0,0,1,0,0,0,0,0,0,0,0,0.0,0.0,20.0,4.0,35.7,0.6,0.4375,0.0,0.0,40.0,7.0,36.1,1.4,0.38461538461538464,0.0,0.0,60.0,8.0,35.0,1.1,0.6666666666666666,2.0,0.0,-400.0,0.0,0.0,7,13,10.4,6.0,1090,1736,1169,0.0,0.0,80.0,6.0,34.3,0.4,0.6111111111111112,0.0,0.0,60.0,1.0,34.7,0.0,0.375,-0.7,0.2,56.0,53.0,16.0,16.0,464.0,-0.0625,0.0,-0.05555555555555555,-0.16666666666666666,0.25,0.38000000000000045,0.0,-0.21659999999999968,-0.31799999999999784,-0.4468000000000032,-1.6166000000000054,-1.2165999999999997,0.1206998306532829,0.6560487786742702,2.0,0.0,
6,202307010111,41,32,27,271,2,1,2,38,0,0,0,1,17,5,16,84,1,1,1,10,0,0,0,0,2,0,2,7,0,0,0,0,0,0,0,0,0.0,0.0,40.0,8.0,33.8,0.3,0.8333333333333334,0.0,0.0,50.0,7.0,33.6,0.7,0.8,0.0,0.0,50.0,5.0,33.9,0.2,0.8333333333333334,-1.5,8.0,0.0,0.0975609756097561,0.2682926829268293,3,6,23.3,9.0,1716,1032,1167,0.0,0.0,50.0,3.0,33.4,0.2,0.8333333333333334,0.0,0.0,110.0,1.0,33.7,0.0,0.9375,-1.8,0.4,58.0,40.0,16.0,18.0,488.0,-0.16666666666666666,0.2,0.0,-0.08333333333333333,-0.0625,0.03999999999999915,0.0,-1.2747000000000028,-1.4746999999999986,-2.9502999999999986,-1.7064999999999984,-1.3746999999999971,0.04681523968396045,0.17204650534085217,1.0,3.0,0.3333333333333333
7,202307010111,31,34,23,265,4,6,2,38,3,0,0,5,4,3,7,51,2,0,1,14,2,0,0,4,0,0,2,5,0,0,0,3,0,0,0,2,0.0,0.0,130.0,9.0,36.3,1.0,0.1875,0.0,0.0,150.0,15.0,35.8,1.3,0.1875,0.0,0.0,100.0,8.0,34.9,0.5,0.3125,-0.5,4.0,0.0,0.04918032786885246,0.14754098360655737,6,12,36.7,10.0,1503,334,1263,0.0,0.0,,,,,,0.0,0.0,120.0,2.0,33.1,0.1,0.07142857142857142,-2.8,0.25,58.0,-199.0,16.0,16.0,516.0,-0.0625,0.0,0.125,,0.0,1.0499999999999985,0.0,1.2252999999999972,0.7252999999999972,-0.1747000000000014,,-2.1633999999999958,0.08526084488742983,1.219374839825718,1.0,5.0,0.2
8,202307010111,4,4,3,72,3,3,1,25,0,0,0,0,1,1,1,19,1,2,0,7,0,0,0,0,0,0,0,0,0,0,0,0,0,0,0,0,0.0,0.0,17.0,16.0,35.5,1.2,0.4117647058823529,0.0,0.0,9.0,11.0,33.3,1.0,0.9230769230769231,0.0,0.0,14.0,10.0,33.4,0.5,0.8333333333333334,-3.0,0.0,200.0,0.15789473684210525,0.4473684210526316,8,16,102.9,14.0,1431,199,1428,0.0,0.0,16.0,18.0,34.6,1.2,0.6111111111111112,0.0,0.0,11.0,5.0,33.5,0.3,0.6363636363636364,-1.5,0.0,57.5,-352.0,16.0,17.0,472.0,0.0,0.07692307692307693,-0.05555555555555555,0.2222222222222222,0.09090909090909091,0.2699999999999996,0.0,0.39350000000000307,-1.7747000000000028,-1.7064999999999984,-0.5064999999999955,-1.5747,0.1795263229805737,0.8593020423576343,-0.5,2.0,0.0
9,202307010111,70,50,54,378,4,13,6,97,1,0,1,7,14,10,16,91,1,3,2,22,0,0,1,0,0,0,2,10,0,0,1,1,0,0,1,0,0.0,0.0,13.0,10.0,34.8,0.7,0.5625,0.0,0.0,12.0,10.0,34.7,0.4,0.9444444444444444,0.0,0.0,10.0,3.0,,,,-3.5,6.0,0.0,0.0425531914893617,0.19148936170212766,6,11,79.6,13.0,1428,1235,1263,0.0,0.0,10.0,10.0,35.3,0.4,0.16666666666666666,0.0,0.0,9.0,8.0,35.6,0.6,0.0625,-0.4,0.2,57.5,0.0,16.0,16.0,484.0,0.0625,0.0,,0.0,0.0,-0.3000000000000007,0.0,-0.27470000000000283,-0.4064999999999941,,0.19350000000000023,0.5253000000000014,0.3487639383913168,0.36742346141747667,0.0,2.0,0.0
10,202307010111,3,10,1,44,18,20,26,184,0,4,0,5,0,1,0,11,4,4,5,52,0,0,0,2,0,0,0,0,1,2,0,5,0,0,0,0,0.0,0.0,11.0,10.0,35.7,1.1,0.1875,0.0,0.0,9.0,13.0,41.1,4.7,0.07692307692307693,0.0,0.0,10.0,10.0,35.2,1.1,0.14285714285714285,0.0,0.0,-400.0,0.05263157894736842,0.23684210526315788,8,15,117.8,16.0,1629,1167,1428,0.0,0.0,16.0,11.0,34.8,0.9,0.5625,0.0,0.0,9.0,11.0,34.5,0.6,0.5625,0.0,0.0,53.0,-317.0,16.0,16.0,452.0,0.125,0.23076923076923078,0.21428571428571427,0.25,0.125,0.870000000000001,0.0,-0.46579999999999444,5.183399999999999,-0.2591999999999999,-0.27470000000000283,-0.5747,0.21199883897921518,2.4532427519509765,0.0,2.0,0.0
11,202307010111,31,34,23,265,10,2,9,37,1,0,0,1,4,3,7,51,0,1,2,9,0,0,0,1,0,0,2,5,0,0,0,1,0,0,0,0,0.0,0.0,30.0,7.0,36.5,0.7,0.4375,0.0,0.0,60.0,5.0,33.9,0.4,0.13333333333333333,0.0,0.0,80.0,14.0,37.1,2.2,0.13333333333333333,3.5,-2.0,-200.0,0.022727272727272728,0.18181818181818182,4,8,51.2,11.0,1503,324,1263,0.0,0.0,30.0,13.0,36.3,1.2,0.29411764705882354,0.0,0.0,80.0,10.0,35.7,1.5,0.4444444444444444,1.4,0.0,57.0,18.0,16.0,16.0,484.0,0.0625,0.0,0.06666666666666667,0.058823529411764705,-0.05555555555555555,-0.08000000000000043,0.0,0.16830000000000211,-1.5592000000000041,1.450099999999999,0.38339999999999463,-0.8613999999999962,0.13762601943992478,1.0954451150103328,0.0,1.0,0.0
12,202307010111,17,26,23,177,18,20,26,184,1,1,0,6,5,5,8,48,4,4,5,52,1,0,0,2,1,0,0,3,1,2,0,5,1,0,0,0,0.0,0.0,100.0,10.0,33.8,0.7,0.6470588235294118,0.0,0.0,20.0,7.0,33.5,0.5,1.0,0.0,0.0,90.0,17.0,37.2,4.0,0.9444444444444444,3.5,-2.0,0.0,0.16,0.6,5,10,4.4,1.0,1393,1167,1263,0.0,0.0,30.0,2.0,33.5,0.0,0.9444444444444444,0.0,0.0,10.0,2.0,34.1,0.0,0.45454545454545453,-2.1,0.4,57.0,46.0,16.0,17.0,484.0,0.058823529411764705,-0.05555555555555555,0.0,-0.05555555555555555,0.18181818181818182,-0.06000000000000085,0.0,-1.2747000000000028,-1.606499999999997,1.7531999999999996,-1.5747,-0.9746999999999986,0.21186796148651962,1.4076931483814232,1.0,3.0,0.6666666666666666
13,202307010111,18,15,14,130,18,13,20,194,0,1,3,16,5,6,3,23,3,4,3,39,0,1,1,1,2,1,0,5,0,2,0,4,0,1,0,0,0.0,0.0,12.0,14.0,36.7,1.7,0.125,0.0,0.0,9.0,14.0,35.6,1.7,0.2,0.0,0.0,9.0,13.0,36.9,1.9,0.26666666666666666,-0.5,6.0,0.0,0.0967741935483871,0.2903225806451613,5,9,55.1,12.0,1167,1263,460,0.0,0.0,13.0,15.0,36.0,1.9,0.3125,0.0,0.0,11.0,2.0,35.0,0.1,0.1875,-2.3,0.2,58.0,0.0,16.0,16.0,504.0,0.0,0.0,-0.06666666666666667,0.0625,-0.0625,0.3000000000000007,0.0,1.6253000000000029,0.5253000000000014,1.6366000000000014,-1.2550999999999988,-0.07469999999999999,0.065117415318621,0.7002856560004639,0.0,4.0,0.25
14,202307010111,17,16,19,234,7,3,3,77,1,0,0,9,3,3,3,42,3,0,1,19,1,0,0,4,1,0,0,4,1,0,0,1,1,0,0,0,0.0,0.0,9.0,4.0,36.8,0.9,0.25,0.0,0.0,10.0,15.0,38.5,3.4,0.8666666666666667,0.0,0.0,13.0,14.0,40.0,2.8,0.125,5.0,-17.0,0.0,0.08641975308641975,0.20987654320987653,2,4,14.1,7.0,1691,1393,1167,0.0,0.0,12.0,12.0,38.0,1.9,0.25,0.0,0.0,7.0,15.0,36.6,1.8,0.125,1.9,0.0,57.5,-563.0,16.0,12.0,503.0,-0.08333333333333333,0.13333333333333333,0.0,-0.125,0.0625,0.08999999999999915,0.0,1.7252999999999972,-0.5386999999999986,2.3357000000000028,1.1497000000000028,1.5253000000000014,0.2773585725694769,1.2367699866992248,0.5,2.0,0.0
15,202307010111,2,1,1,22,1,1,1,15,1,0,0,0,0,0,0,13,0,0,0,1,0,0,0,0,0,0,0,1,0,0,0,0,0,0,0,0,0.0,0.0,6.0,7.0,13.2,1.4,0.14285714285714285,0.0,0.0,8.0,7.0,13.1,2.9,0.6428571428571429,0.0,0.0,1.0,10.0,13.6,5.5,0.42857142857142855,1.5,2.0,-1290.0,0.05172413793103448,0.25862068965517243,1,1,20.3,8.0,1383,1438,246,0.0,0.0,1.0,1.0,13.3,0.0,0.08333333333333333,0.0,0.0,3.0,3.0,13.5,0.8,0.42857142857142855,-1.4,0.4,58.0,-485.0,16.0,14.0,526.0,0.21428571428571427,-0.14285714285714285,0.07142857142857142,0.0,-0.14285714285714285,-0.08000000000000025,0.0,,,,,,0.20592141248037765,0.18547236990991414,-2.0,0.0,
16,202307010112,3,3,3,30,42,32,27,236,2,0,1,6,1,2,2,12,13,10,6,66,1,0,0,3,0,0,0,0,2,0,0,1,0,0,0,0,0.0,0.0,7.0,12.0,34.6,1.0,0.375,0.0,0.0,14.0,7.0,33.3,0.3,0.5,0.0,0.0,14.0,10.0,33.4,0.9,0.9444444444444444,-1.0,-10.0,400.0,0.16666666666666666,0.34444444444444444,4,4,2.9,1.0,1467,1428,336,0.0,0.0,14.0,10.0,34.3,1.1,0.7647058823529411,0.0,0.0,5.0,10.0,34.1,1.3,0.3,-0.1,0.0,57.0,-534.0,12.0,16.0,430.0,0.0625,0.0,0.05555555555555555,0.058823529411764705,0.0,0.0,0.0,-0.5531000000000006,-1.8531000000000049,-1.7531000000000034,-0.8531000000000049,-0.9746999999999986,0.2423678087676135,0.5083306010855544,0.0,1.0,0.0
17,202307010112,0,1,1,10,42,32,27,236,0,1,0,1,0,0,0,4,13,10,6,66,0,0,0,1,0,0,0,0,2,0,0,1,0,0,0,0,0.0,0.0,10.0,1.0,34.8,0.0,0.4375,0.0,0.0,50.0,4.0,33.7,0.2,0.1875,0.0,0.0,90.0,7.0,33.3,0.5,0.5555555555555556,3.0,0.0,0.0,0.1125,0.3,5,6,18.5,7.0,1020,1428,1576,0.0,0.0,40.0,1.0,36.2,0.0,0.1875,0.0,0.0,40.0,12.0,36.4,1.3,0.2222222222222222,1.9,0.4,57.0,74.0,12.0,16.0,468.0,0.0,0.0,0.05555555555555555,0.0,-0.05555555555555555,-0.5700000000000003,0.0,-0.8499000000000052,-1.3746999999999971,-1.7747000000000028,1.1253000000000029,1.2935000000000016,0.15096142504577734,1.2607934009979593,2.0,4.0,0.5
18,202307010112,9,12,11,109,2,0,0,1,2,0,0,0,4,2,3,27,1,0,0,1,1,0,0,0,0,0,0,1,0,0,0,0,0,0,0,0,0.0,0.0,8.0,3.0,34.3,0.3,0.9166666666666666,0.0,0.0,7.0,1.0,34.6,0.0,0.7857142857142857,0.0,0.0,5.0,7.0,35.3,1.1,0.8888888888888888,2.0,-8.0,0.0,0.125,0.28125,7,9,24.9,8.0,1736,716,1482,0.0,0.0,4.0,5.0,34.4,0.5,0.375,0.0,0.0,4.0,8.0,40.0,2.5,0.45454545454545453,1.4,0.4,57.0,0.0,12.0,12.0,502.0,-0.5,-0.14285714285714285,0.0,0.25,0.45454545454545453,-1.1200000000000003,0.0,-0.7747000000000028,-0.47469999999999857,-0.15920000000000556,-1.0468000000000046,3.8342000000000027,0.22564985529557396,2.168317319951119,0.0,2.0,1.0
19,202307010112,70,50,54,378,2,3,0,7,2,3,0,4,14,10,16,91,2,1,0,1,2,1,0,1,0,2,2,7,0,0,0,0,0,0,0,0,0.0,0.0,10.0,1.0,34.2,0.0,0.1875,0.0,0.0,20.0,5.0,36.3,0.6,0.25,0.0,0.0,90.0,8.0,36.5,1.5,0.6666666666666666,3.5,-4.0,0.0,0.0,1.0,6,8,5.8,4.0,1428,556,1263,0.0,0.0,30.0,7.0,35.7,1.0,0.7,0.0,0.0,10.0,1.0,34.1,0.0,0.6,0.2,0.4,57.0,25.0,12.0,16.0,504.0,0.0,-0.125,0.16666666666666666,-0.2,-0.2,0.07999999999999971,0.0,-0.8746999999999971,0.38339999999999463,0.46999999999999886,-0.9831999999999965,-1.816600000000001,0.21730035537118764,1.0229369482035524,1.0,1.0,1.0
20,202307010112,70,50,54,378,0,0,0,1,0,0,0,0,14,10,16,91,0,0,0,0,0,0,0,0,0,2,2,7,0,0,0,0,0,0,0,0,0.0,0.0,16.0,14.0,34.3,0.7,0.6111111111111112,0.0,0.0,12.0,11.0,34.3,1.2,0.625,0.0,0.0,8.0,1.0,33.9,0.0,0.375,-6.5,10.0,200.0,0.21739130434782608,0.5217391304347826,1,1,5.8,3.0,1428,237,1263,0.0,0.0,11.0,3.0,34.0,0.0,0.5294117647058824,0.0,0.0,5.0,12.0,36.0,1.4,0.5,-1.2,0.4,58.0,-675.0,12.0,18.0,482.0,0.0,-0.0625,-0.0625,0.0,-0.07142857142857142,-0.31000000000000083,0.0,-0.8064999999999998,-0.9913000000000025,-1.2064999999999984,-1.106499999999997,0.8935000000000031,0.09001266043161288,0.7668115805072331,3.0,0.0,
21,202307010112,4,4,3,72,2,0,1,11,1,0,0,4,1,1,1,19,1,0,0,3,1,0,0,3,0,0,0,3,0,0,0,1,0,0,0,1,0.0,0.0,100.0,12.0,34.8,1.1,0.9333333333333333,0.0,0.0,80.0,3.0,33.6,0.5,0.8461538461538461,0.0,0.0,140.0,11.0,33.6,0.9,0.9444444444444444,-0.5,2.0,0.0,0.043478260869565216,0.1956521739130435,8,11,56.2,9.0,1431,1507,1428,0.0,0.0,70.0,7.0,33.6,0.4,0.5454545454545454,0.0,0.0,160.0,6.0,33.2,0.9,0.6666666666666666,-0.8,0.2,58.0,25.0,12.0,15.0,492.0,-0.13333333333333333,-0.23076923076923078,0.05555555555555555,-0.2727272727272727,0.0,0.31999999999999884,0.0,-0.27470000000000283,-1.4746999999999986,-1.4746999999999986,-1.4746999999999986,-1.8746999999999971,0.15654103045245849,0.5425863986500195,1.0,5.0,0.2
22,202307010112,41,32,27,271,5,3,7,67,1,0,3,5,17,5,16,84,0,2,3,19,0,0,3,2,1,1,1,1,0,1,0,3,0,0,0,0,0.0,0.0,20.0,5.0,33.0,1.2,0.8181818181818182,0.0,0.0,70.0,4.0,33.8,0.7,0.9230769230769231,0.0,0.0,60.0,3.0,33.1,0.2,0.7777777777777778,-1.0,-2.0,0.0,0.09375,0.28125,5,5,11.7,6.0,1716,1306,1167,0.0,0.0,10.0,1.0,34.3,0.0,0.16666666666666666,0.0,0.0,50.0,7.0,35.9,0.3,0.7333333333333333,0.1,0.4,58.0,53.0,12.0,11.0,444.0,0.0,-0.15384615384615385,0.0,0.0,0.06666666666666667,-0.6299999999999997,0.0,-2.0747,-1.2747000000000028,-1.9746999999999986,-0.7747000000000028,-0.4316999999999993,0.2660917800233175,1.0533755265810945,1.0,4.0,0.5
23,202307010112,0,0,0,2,0,0,0,2,0,0,0,2,0,0,0,0,0,0,0,0,0,0,0,0,0,0,0,0,0,0,0,0,0,0,0,0,0.0,0.0,10.0,12.0,50.7,12.7,1.0,0.0,0.0,10.0,10.0,35.4,1.6,0.8,0.0,0.0,12.0,11.0,34.1,1.1,1.0,-0.5,-11.0,300.0,0.0,0.0,8,12,202.6,12.0,1232,1281,1263,0.0,0.0,13.0,15.0,34.5,1.5,0.8333333333333334,0.0,0.0,9.0,6.0,34.5,0.5,0.7857142857142857,-0.7,0.0,56.0,-388.0,12.0,12.0,453.0,0.0,-0.1,-0.07692307692307693,0.05555555555555555,0.0,3.3300000000000005,0.0,13.108600000000003,-0.05920000000000414,-1.1633999999999958,-0.7912999999999997,-0.5747,0.09611972881554387,6.444098074983032,0.0,2.0,0.0
24,202307010112,25,27,16,168,18,13,20,194,1,0,0,1,11,10,5,51,3,4,3,39,0,0,0,0,1,3,0,6,0,0,0,1,0,0,0,0,0.0,0.0,6.0,8.0,40.4,4.4,0.25,0.0,0.0,9.0,14.0,35.0,1.6,0.8666666666666667,0.0,0.0,8.0,13.0,44.0,7.2,0.15384615384615385,2.5,8.0,-400.0,0.27941176470588236,0.5294117647058824,6,7,4.5,2.0,1098,1263,1294,0.0,0.0,1.0,8.0,35.3,1.5,0.2,0.0,0.0,2.0,2.0,35.1,0.1,0.2,-1.8,0.2,57.0,-422.0,12.0,8.0,464.0,0.5,-0.13333333333333333,0.15384615384615385,0.0,0.0,1.0299999999999998,0.0,4.234200000000001,-0.10649999999999693,5.720500000000001,0.22529999999999717,0.025300000000001432,0.26801385541229983,3.645600087777045,-1.0,2.0,0.5
25,202307010112,6,0,1,11,9,10,8,83,1,0,0,0,4,0,0,2,4,3,2,24,1,0,0,0,1,0,0,0,0,0,0,3,0,0,0,0,0.0,0.0,3.0,7.0,13.7,5.8,0.7,0.0,0.0,4.0,8.0,13.3,4.2,0.75,0.0,0.0,12.0,16.0,35.0,1.0,0.2777777777777778,4.5,-2.0,-1400.0,0.15384615384615385,0.5769230769230769,3,3,7.8,5.0,1426,1618,306,0.0,0.0,4.0,1.0,34.5,0.0,0.14285714285714285,0.0,0.0,6.0,6.0,34.8,0.6,0.2,-0.9,0.2,57.0,-619.0,12.0,10.0,444.0,0.0,0.08333333333333333,0.0,0.0,0.0,-6.34,0.0,,,-0.10649999999999693,-1.8748999999999967,-0.27470000000000283,0.25790031492106,10.420479835401053,-3.0,2.0,0.5
26,202307010112,7,2,7,99,18,20,26,184,0,0,1,3,3,0,2,29,4,4,5,52,0,0,1,3,0,0,1,6,0,0,1,6,0,0,1,3,0.0,0.0,70.0,12.0,37.6,2.0,0.5833333333333334,0.0,0.0,110.0,14.0,37.9,2.8,0.14285714285714285,0.0,0.0,70.0,10.0,36.7,1.3,0.18181818181818182,-1.0,-12.0,-100.0,0.0,0.0,7,10,73.5,10.0,1090,1167,1169,0.0,0.0,60.0,5.0,35.7,0.6,0.1,0.0,0.0,100.0,11.0,35.5,1.1,0.08333333333333333,-1.1,0.0,55.0,-557.0,12.0,12.0,474.0,0.3333333333333333,0.0,0.0,0.0,0.0,0.6399999999999999,0.0,2.071400000000004,2.8252999999999986,1.6253000000000029,0.6253000000000029,0.4253,0.1857324787504529,0.9682974749528157,-1.0,4.0,0.0
27,202307010112,0,0,0,0,4,13,6,97,0,0,0,0,0,0,0,0,1,3,2,22,0,0,0,0,0,0,0,0,0,0,1,1,0,0,0,0,0.0,0.0,10.0,6.0,14.2,6.5,0.4,0.0,0.0,16.0,14.0,37.6,2.8,1.0,0.0,0.0,8.0,7.0,14.2,12.4,0.7777777777777778,0.5,10.0,-1310.0,0.0,0.0,2,2,175.2,11.0,1181,1235,1376,0.0,0.0,10.0,10.0,34.8,0.9,0.3,0.0,0.0,7.0,12.0,43.6,3.1,0.16666666666666666,0.8,0.0,53.0,-275.0,12.0,10.0,466.0,0.2,0.0,-0.1111111111111111,0.0,0.5833333333333334,-5.6,0.0,,-0.31109999999999616,,-0.35310000000000485,5.446200000000005,0.311158726514973,12.318831113380847,-5.0,0.0,
28,202307010205,0,0,0,0,1,1,4,17,0,0,0,0,0,0,0,0,0,1,3,7,0,0,0,0,0,0,0,0,0,0,2,2,0,0,0,0,0.0,0.0,20.0,2.0,33.7,0.0,0.1111111111111111,,,,,,,,,,,,,,,,,-200.0,0.17391304347826086,0.34782608695652173,5,8,1.9,1.0,350,1110,429,,,,,,,,,,,,,,,,1.0,56.0,48.0,15.0,9.0,496.0,0.0,,,,,,,-2.631699999999995,,,,,,,1.0,0.0,
29,202307010205,0,2,0,11,0,0,1,13,0,0,0,1,0,2,0,5,0,0,1,2,0,0,0,0,0,0,0,0,0,0,0,0,0,0,0,0,0.0,0.0,10.0,5.0,35.9,0.7,0.3333333333333333,,,,,,,,,,,,,,,,,200.0,0.09090909090909091,0.2727272727272727,7,13,66.6,9.0,1432,1665,1428,,,,,,,,,,,,,,,,0.0,56.0,20.0,15.0,18.0,456.0,0.0,,,,,,,0.7935000000000016,,,,,,,1.0,0.0,
30,202307010205,31,34,23,265,6,9,8,74,0,0,0,4,4,3,7,51,1,1,1,21,0,0,0,3,1,1,2,10,0,0,0,11,0,0,0,2,0.0,0.0,10.0,4.0,35.5,0.7,0.3125,0.0,0.0,20.0,3.0,34.8,0.3,0.4166666666666667,0.0,0.0,10.0,2.0,35.8,0.1,0.3076923076923077,-1.0,0.0,0.0,0.12,0.4533333333333333,6,10,8.2,4.0,1503,1366,1263,,,,,,,,,,,,,,,-1.0,0.6666666666666666,56.0,21.0,15.0,16.0,468.0,0.1875,0.0,0.0,,,-0.14999999999999858,0.0,0.4253,-0.6592000000000056,-0.12250000000000227,,,0.050276147717318136,0.4189935029992181,1.0,1.0,0.0
31,202307010205,22,14,22,201,18,13,20,194,4,1,0,26,3,2,2,39,3,4,3,39,0,0,0,3,1,1,1,17,0,1,0,7,0,0,0,1,0.0,0.0,40.0,2.0,34.4,0.2,0.75,0.0,0.0,50.0,3.0,35.0,0.5,0.2727272727272727,,,,,,,,1.0,-2.0,-200.0,0.14814814814814814,0.5555555555555556,4,7,8.0,3.0,1506,1263,199,,,,,,,,,,,,,,,1.0,1.0,56.0,41.0,15.0,12.0,446.0,0.0,0.09090909090909091,,,,-0.6000000000000014,0.0,-1.0592000000000041,-0.9166000000000025,,,,0.23863636363636365,0.3000000000000007,1.0,0.0,
32,202307010205,41,32,27,271,12,11,10,126,1,1,0,15,17,5,16,84,2,4,1,29,1,0,0,5,5,1,2,19,1,0,0,5,1,0,0,0,0.0,0.0,60.0,12.0,35.5,0.6,0.42857142857142855,0.0,0.0,20.0,4.0,35.8,0.4,0.5714285714285714,0.0,0.0,50.0,4.0,35.3,0.3,0.3333333333333333,-4.0,6.0,-200.0,0.06,0.34,2,2,5.1,2.0,1716,1556,1167,0.0,0.0,10.0,9.0,35.1,0.4,0.35294117647058826,0.0,0.0,30.0,2.0,35.1,0.5,0.3,-1.5,0.2,56.0,-596.0,15.0,14.0,490.0,0.14285714285714285,-0.14285714285714285,0.0,-0.058823529411764705,0.0,0.1499999999999993,0.0,0.04079999999999728,0.06259999999999621,-0.15920000000000556,-0.006499999999995509,0.025300000000001432,0.09677332394089323,0.26532998322843065,-2.0,1.0,1.0
33,202307010205,6,5,4,34,9,16,19,144,0,0,0,2,0,2,1,10,3,2,4,28,0,0,0,0,0,2,1,7,1,0,1,10,0,0,0,0,0.0,0.0,20.0,4.0,34.5,0.4,0.375,0.0,0.0,30.0,4.0,33.8,0.0,0.3888888888888889,,,,,,,,0.0,-2.0,-200.0,0.041666666666666664,0.1875,8,14,14.4,6.0,1289,1183,1428,,,,,,,,,,,,,,,0.0,0.0,54.0,63.0,15.0,8.0,498.0,0.125,0.1111111111111111,,,,0.7000000000000028,0.0,-0.9592000000000027,-1.8499000000000052,,,,0.0069444444444444475,0.3500000000000014,0.0,1.0,0.0
34,202307010205,18,19,13,126,11,13,14,131,0,2,0,4,7,10,2,41,3,3,4,29,0,0,0,1,0,3,0,15,1,0,1,9,0,0,0,1,0.0,0.0,50.0,6.0,35.7,0.4,0.3888888888888889,,,,,,,,,,,,,,,,,200.0,0.0,0.6666666666666666,3,4,16.1,7.0,1657,1405,1317,,,,,,,,,,,,,,,,0.0,54.0,13.0,15.0,18.0,470.0,0.0,,,,,,,0.5935000000000059,,,,,,,0.0,0.0,
35,202307010205,4,3,3,34,0,0,0,1,0,0,0,0,1,3,3,9,0,0,0,1,0,0,0,0,0,2,2,5,0,0,0,0,0,0,0,0,0.0,0.0,3.0,3.0,39.2,0.5,0.4166666666666667,0.0,0.0,14.0,9.0,37.9,2.8,0.875,0.0,0.0,6.0,9.0,41.3,2.6,0.8333333333333334,3.0,4.0,100.0,0.058823529411764705,0.058823529411764705,1,1,204.7,12.0,1064,186,1556,0.0,0.0,7.0,6.0,38.5,1.7,0.6875,0.0,0.0,16.0,4.0,37.4,1.2,0.8125,-0.1,0.2,56.0,-551.0,15.0,12.0,478.0,0.0,-0.1875,-0.16666666666666666,-0.125,0.0625,0.3000000000000007,0.0,,-1.492600000000003,2.2612999999999985,0.22050000000000125,-0.7537999999999982,0.1663538731473094,1.3602940858505557,0.0,0.0,
36,202307010205,41,32,27,271,9,10,8,83,2,2,1,8,17,5,16,84,4,3,2,24,1,1,1,2,5,1,2,19,1,0,1,11,1,0,1,2,0.0,0.0,7.0,10.0,41.4,1.8,1.0,0.0,0.0,14.0,9.0,36.6,0.9,0.2777777777777778,0.0,0.0,11.0,14.0,38.1,2.5,0.4375,2.0,25.0,300.0,0.2753623188405797,0.5217391304347826,4,6,12.1,5.0,1716,1618,1167,0.0,0.0,10.0,6.0,35.9,0.6,0.5,0.0,0.0,4.0,6.0,39.4,3.6,1.0,-1.1,0.0,56.0,-519.0,15.0,12.0,469.0,-0.25,0.1111111111111111,0.0625,-0.1111111111111111,-0.3333333333333333,0.4700000000000003,0.0,3.9658999999999978,0.6833999999999989,3.0253000000000014,0.44079999999999586,-0.22590000000000288,0.3003213299693645,1.9752468200202216,0.0,1.0,0.0
37,202307010205,2,7,6,25,42,32,27,236,1,0,2,0,0,0,2,7,13,10,6,66,0,0,1,0,0,0,2,5,4,2,2,15,0,0,1,0,0.0,0.0,14.0,11.0,39.8,4.1,0.9333333333333333,0.0,0.0,10.0,10.0,40.5,3.5,0.7272727272727273,0.0,0.0,5.0,7.0,39.2,2.5,1.0,-2.0,6.0,-200.0,0.04838709677419355,0.14516129032258066,7,12,68.3,10.0,314,1428,324,0.0,0.0,5.0,5.0,37.0,0.6,0.8,0.0,0.0,9.0,10.0,39.2,2.6,1.0,-0.7,0.0,54.0,-567.0,15.0,15.0,474.0,-0.13333333333333333,0.2727272727272727,0.0,0.1,0.0,0.46999999999999886,0.0,0.1740999999999957,0.8740999999999985,-0.4258999999999986,-2.5467000000000013,-0.4258999999999986,0.11012306330893458,1.1723480711802274,1.0,0.0,
38,202307010205,3,4,4,61,0,0,0,1,0,0,0,1,2,2,1,12,0,0,0,1,0,0,0,1,1,0,0,5,0,0,0,1,0,0,0,1,0.0,0.0,70.0,4.0,34.8,0.5,0.75,0.0,0.0,130.0,4.0,34.3,0.5,0.8461538461538461,,,,,,,,0.0,-8.0,0.0,0.08536585365853659,0.2073170731707317,6,11,38.7,8.0,1036,301,1108,,,,,,,,,,,,,,,0.0,0.0,56.0,28.0,15.0,16.0,462.0,-0.25,-0.15384615384615385,,,,0.5,0.0,-0.27470000000000283,-0.7747000000000028,,,,0.04807692307692307,0.25,1.0,2.0,0.0
39,202307010205,3,10,1,44,0,0,0,0,0,0,0,0,0,1,0,11,0,0,0,0,0,0,0,0,0,1,0,9,0,0,0,0,0,0,0,0,0.0,0.0,10.0,9.0,41.7,2.4,0.25,0.0,0.0,7.0,15.0,39.5,2.4,0.375,0.0,0.0,14.0,12.0,34.8,2.6,0.9333333333333333,1.5,-8.0,100.0,0.0,0.15384615384615385,5,9,432.8,14.0,1629,1453,1428,0.0,0.0,16.0,11.0,38.2,2.2,0.6666666666666666,0.0,0.0,10.0,11.0,35.4,2.2,0.9411764705882353,0.0,0.0,56.0,-564.0,15.0,12.0,412.0,0.25,0.25,0.0,0.0,0.0,1.3900000000000006,0.0,,1.6788999999999987,-0.27470000000000283,2.2834000000000003,0.3252999999999986,0.28268675800722187,2.56702162047771,0.0,2.0,0.0
40,202307010205,0,0,0,0,7,10,10,152,0,0,0,0,0,0,0,0,2,4,2,44,0,0,0,0,0,0,0,0,0,0,0,13,0,0,0,0,0.0,0.0,2.0,7.0,41.1,0.5,0.1111111111111111,0.0,0.0,18.0,12.0,36.2,1.6,0.16666666666666666,0.0,0.0,16.0,12.0,37.7,1.2,0.0625,2.5,9.0,200.0,,,3,5,395.6,13.0,1220,1013,1317,0.0,0.0,18.0,5.0,35.0,1.1,0.4444444444444444,0.0,0.0,11.0,12.0,38.9,3.7,0.9166666666666666,0.3,0.0,54.0,-557.0,15.0,9.0,403.0,0.0,0.0,0.0,-0.1111111111111111,-0.08333333333333333,0.5600000000000008,0.0,3.435700000000004,1.1253000000000029,2.2408,-0.2633999999999972,2.525100000000002,0.31714145693003254,2.1216974336601337,3.0,3.0,0.0
41,202307010205,0,0,0,3,11,13,14,131,0,0,0,1,0,0,0,1,3,3,4,29,0,0,0,0,0,0,0,0,1,0,1,9,0,0,0,0,0.0,0.0,12.0,14.0,38.4,3.4,0.75,0.0,0.0,15.0,14.0,35.4,2.6,0.6666666666666666,0.0,0.0,16.0,16.0,36.5,3.4,0.9375,1.0,-22.0,200.0,0.0,0.0,2,3,499.9,15.0,1658,1405,1167,0.0,0.0,10.0,12.0,36.7,2.6,0.75,0.0,0.0,7.0,7.0,34.6,1.9,0.7,-1.6,0.0,54.0,-70.0,15.0,16.0,432.0,-0.0625,0.0,0.0625,-0.08333333333333333,0.0,0.629999999999999,0.0,0.24620000000000175,0.3252999999999986,1.346899999999998,0.32510000000000616,-0.5531000000000006,0.09382311963358382,1.289030643545761,4.0,2.0,0.0
42,202307010205,9,12,10,109,9,5,3,71,0,0,0,0,3,2,3,29,3,2,1,22,0,0,0,0,0,0,1,7,1,0,0,9,0,0,0,0,0.0,0.0,120.0,18.0,36.8,3.9,0.5,,,,,,,,,,,,,,,,,0.0,0.1875,0.375,8,15,157.1,11.0,1304,1482,1503,,,,,,,,,,,,,,,,0.0,51.0,10.0,15.0,18.0,446.0,0.1111111111111111,,,,,,,1.7252999999999972,,,,,,,-3.0,1.0,0.0
43,202307010311,70,50,54,378,0,0,0,1,0,0,0,0,14,10,16,91,0,0,0,0,0,0,0,0,0,0,2,10,0,0,0,0,0,0,0,0,0.0,0.0,7.0,,,,0.6875,0.0,0.0,3.0,3.0,37.6,0.1,0.5555555555555556,0.0,0.0,14.0,5.0,34.3,0.5,0.375,2.0,4.0,-200.0,0.058823529411764705,0.3333333333333333,2,2,3.0,2.0,1428,699,1263,0.0,0.0,6.0,9.0,35.7,0.6,0.07142857142857142,0.0,0.0,12.0,17.0,39.1,4.0,0.05555555555555555,4.6,0.25,54.0,-468.0,7.0,16.0,426.0,0.0625,-0.3333333333333333,0.0,0.0,0.0,-0.5900000000000005,0.0,,0.2546999999999997,-0.7747000000000028,0.24080000000000013,3.6531999999999982,0.253408361010609,1.8253424336271822,-1.0,1.0,0.0
44,202307010311,0,0,0,0,0,0,0,0,0,0,0,0,0,0,0,0,0,0,0,0,0,0,0,0,0,0,0,0,0,0,0,0,0,0,0,0,0.0,0.0,10.0,2.0,34.3,0.0,0.3333333333333333,0.0,0.0,20.0,4.0,33.9,0.2,0.5,0.0,0.0,20.0,1.0,35.0,0.0,0.07692307692307693,-0.5,6.0,200.0,0.0,0.0,7,7,5.4,3.0,785,284,617,0.0,0.0,10.0,2.0,35.5,0.0,0.6363636363636364,,,,,,,,-0.3,0.75,56.0,15.0,7.0,9.0,490.0,0.0,-0.05555555555555555,0.0,-0.09090909090909091,,-0.470000000000001,0.0,-0.8064999999999998,-1.2064999999999984,-0.153100000000002,0.346899999999998,,0.20855368398126314,0.6179603547154147,1.0,0.0,
45,202307010311,0,2,1,4,0,1,3,7,0,0,0,0,0,0,0,0,0,1,0,1,0,0,0,0,0,0,0,0,0,0,0,0,0,0,0,0,0.0,0.0,10.0,1.0,34.3,0.0,0.25,0.0,0.0,10.0,2.0,35.3,0.2,0.18181818181818182,0.0,0.0,20.0,2.0,34.7,0.6,0.25,0.5,-2.0,-200.0,0.2112676056338028,0.5211267605633803,4,4,6.8,4.0,1676,825,1428,0.0,0.0,10.0,2.0,35.1,0.2,0.75,,,,,,,,0.3,1.0,56.0,64.0,7.0,8.0,496.0,0.0,0.0,0.125,0.125,,-0.18000000000000185,0.0,-1.1592000000000056,-1.3832000000000022,-1.9831999999999965,-0.3592000000000013,,0.228052639095335,0.38405728739343054,1.0,0.0,
46,202307010311,1,2,3,24,0,1,0,1,0,1,0,0,1,1,2,10,0,1,0,0,0,1,0,0,0,0,0,0,0,0,0,0,0,0,0,0,0.0,0.0,120.0,13.0,36.5,1.2,0.5294117647058824,0.0,0.0,40.0,5.0,34.9,0.6,0.14285714285714285,0.0,0.0,40.0,3.0,34.0,0.3,0.14285714285714285,-5.0,-2.0,0.0,0.047619047619047616,0.14285714285714285,3,3,9.7,5.0,1507,1303,593,0.0,0.0,10.0,1.0,35.5,0.0,0.3333333333333333,0.0,0.0,40.0,2.0,34.8,0.2,0.2222222222222222,-2.6,0.6,56.0,21.0,7.0,17.0,492.0,0.0,0.0,0.0,0.0,-0.1111111111111111,0.2800000000000004,0.0,1.4253,-0.5592000000000041,-1.4592000000000027,0.4253,-0.27470000000000283,0.14548770209750708,0.8309031231136398,1.0,3.0,0.6666666666666666
47,202307010311,2,8,8,110,1,2,0,38,0,0,0,1,0,0,0,21,1,0,0,8,0,0,0,0,0,0,0,0,0,0,0,1,0,0,0,0,0.0,0.0,6.0,8.0,37.8,4.0,0.25,0.0,0.0,5.0,6.0,34.9,0.9,0.6666666666666666,0.0,0.0,6.0,5.0,34.8,0.5,0.8571428571428571,-1.5,-8.0,-700.0,0.1111111111111111,0.30864197530864196,1,1,16.0,6.0,1561,1186,1263,0.0,0.0,7.0,5.0,34.1,0.2,0.7777777777777778,0.0,0.0,7.0,7.0,35.3,0.6,0.8461538461538461,-0.3,0.0,56.0,-104.0,7.0,8.0,482.0,0.125,-0.08333333333333333,0.0,0.1111111111111111,0.0,0.5799999999999997,0.0,2.708299999999994,-0.1747000000000014,-0.27470000000000283,-1.0064999999999955,-0.6166000000000054,0.22522164352063656,1.2702755606560323,0.0,2.0,0.0
48,202307010311,25,27,16,168,8,6,6,43,0,0,0,0,11,10,5,51,0,3,1,8,0,0,0,0,0,0,0,5,0,1,0,1,0,0,0,0,0.0,0.0,60.0,5.0,37.1,1.2,0.2222222222222222,0.0,0.0,120.0,7.0,36.8,0.5,0.9230769230769231,0.0,0.0,20.0,1.0,36.0,0.0,0.6363636363636364,-2.0,6.0,-200.0,0.09090909090909091,0.18181818181818182,6,6,56.4,7.0,1098,460,1294,0.0,0.0,20.0,5.0,35.1,0.9,0.375,,,,,,,,-0.6,0.25,56.0,148.0,7.0,9.0,494.0,0.2222222222222222,-0.07692307692307693,-0.09090909090909091,0.125,,0.6799999999999997,0.0,1.6407999999999987,0.9837999999999951,0.18379999999999797,-0.05310000000000059,,0.26657025865619893,0.7762087348130005,2.0,0.0,
49,202307010311,18,19,13,126,42,32,27,236,6,5,3,21,7,10,2,41,13,10,6,66,3,4,0,8,1,3,0,4,1,2,0,12,0,2,0,2,0.0,0.0,20.0,1.0,34.3,0.0,0.05555555555555555,,,,,,,,,,,,,,,,,0.0,0.0,0.5,5,5,2.4,1.0,1657,1428,1317,,,,,,,,,,,,,,,,1.0,56.0,43.0,7.0,18.0,490.0,0.0,,,,,,,-0.7747000000000028,,,,,,,1.0,1.0,1.0
50,202307010405,7,18,16,114,0,1,1,9,0,0,0,0,2,9,5,30,0,0,0,2,0,0,0,0,2,3,2,10,0,0,0,1,0,0,0,0,0.0,0.0,10.0,4.0,34.5,0.1,0.23076923076923078,0.0,0.0,20.0,7.0,34.6,0.4,0.5,0.0,0.0,30.0,2.0,34.2,0.1,0.25,-1.0,-6.0,-200.0,0.20833333333333334,0.5277777777777778,6,12,6.0,3.0,1463,857,1167,,,,,,,,,,,,,,,-1.0,0.3333333333333333,54.0,51.0,16.0,13.0,474.0,0.0,-0.08333333333333333,0.125,,,0.14999999999999858,0.0,-0.9592000000000027,-1.7748999999999953,-1.4498999999999995,,,0.12263542608787814,0.16996731711975865,0.0,2.0,0.5
51,202307010405,17,26,23,177,10,10,9,121,0,0,0,2,5,5,8,48,3,1,0,28,0,0,0,0,2,2,4,11,0,0,0,9,0,0,0,0,0.0,0.0,3.0,15.0,33.9,1.5,0.625,0.0,0.0,1.0,1.0,33.3,0.0,0.6666666666666666,0.0,0.0,1.0,2.0,34.4,0.1,0.7857142857142857,-6.5,0.0,0.0,0.28169014084507044,0.5211267605633803,3,6,2.6,1.0,1393,1558,1263,0.0,0.0,3.0,2.0,33.7,0.0,0.15384615384615385,0.0,0.0,12.0,9.0,34.8,1.1,0.11764705882352941,-1.0999999999999999,0.6,54.0,-432.0,16.0,16.0,466.0,0.125,0.0,0.0,0.0,0.058823529411764705,-0.22000000000000028,0.0,-1.1747000000000014,-1.7747000000000028,-0.8633999999999986,-1.5633999999999943,-0.6592000000000056,0.27802297893324285,0.5268775948927791,-2.0,4.0,0.75
52,202307010405,25,27,16,168,7,10,10,152,1,0,3,7,11,10,5,51,2,4,2,44,1,0,0,3,3,1,1,14,0,0,0,13,0,0,0,1,0.0,0.0,4.0,11.0,44.9,4.8,0.45454545454545453,0.0,0.0,1.0,16.0,35.6,0.8,0.4375,0.0,0.0,1.0,2.0,33.8,0.0,0.9333333333333333,-4.5,9.0,300.0,0.10294117647058823,0.29411764705882354,4,7,8.8,5.0,1098,1013,1294,0.0,0.0,5.0,2.0,35.4,0.2,0.125,0.0,0.0,5.0,6.0,35.0,0.6,0.3333333333333333,-2.4,0.4,54.0,-565.0,16.0,11.0,481.0,0.36363636363636365,0.125,0.0,0.0,-0.05555555555555555,2.0,0.0,7.308599999999998,0.23460000000000036,-1.3531000000000049,0.24689999999999657,-0.10649999999999693,0.26563013080444126,4.028697059844535,1.0,0.0,
53,202307010405,8,6,13,87,5,0,2,6,0,0,0,0,0,0,1,23,3,0,1,1,0,0,0,0,0,0,0,12,1,0,0,0,0,0,0,0,0.0,0.0,20.0,7.0,35.4,1.3,0.21428571428571427,,,,,,,,,,,,,,,,,-200.0,0.0,0.05263157894736842,6,11,64.0,12.0,1317,1505,1186,,,,,,,,,,,,,,,,0.0,52.0,36.0,16.0,14.0,474.0,-0.07142857142857142,,,,,,,-0.05920000000000414,,,,,,,0.0,0.0,
54,202307010405,4,3,3,34,2,3,0,7,0,0,0,0,1,3,3,9,0,0,0,2,0,0,0,0,0,2,2,5,0,0,0,0,0,0,0,0,0.0,0.0,10.0,3.0,34.7,0.4,0.5625,0.0,0.0,50.0,3.0,33.8,0.2,0.11764705882352941,,,,,,,,0.0,4.0,200.0,0.08433734939759036,0.20481927710843373,1,1,5.2,2.0,1064,464,1556,,,,,,,,,,,,,,,0.0,1.0,54.0,44.0,16.0,16.0,472.0,0.0,0.0,,,,0.9000000000000057,0.0,-0.4064999999999941,-1.2747000000000028,,,,0.2224264705882353,0.45000000000000284,0.0,1.0,1.0
55,202307010405,0,0,1,5,0,0,1,3,0,0,1,0,0,0,0,1,0,0,0,0,0,0,0,0,0,0,0,0,0,0,0,0,0,0,0,0,0.0,0.0,5.0,6.0,38.2,0.9,0.1875,0.0,0.0,4.0,4.0,39.0,1.2,0.375,0.0,0.0,1.0,6.0,38.4,0.9,0.25,0.0,0.0,-100.0,0.0,0.3333333333333333,2,3,11.3,6.0,1699,829,1313,0.0,0.0,2.0,2.0,36.1,0.3,0.3125,0.0,0.0,2.0,2.0,37.2,0.2,0.375,-1.0,0.4,54.0,-223.0,16.0,16.0,440.0,0.125,0.0,0.0,0.0,0.0,0.4899999999999999,0.0,-1.1925999999999988,-0.3926000000000016,0.12049999999999983,-1.317700000000002,-1.079499999999996,0.07288689868556625,1.020588065773845,3.0,0.0,
56,202307010405,0,2,1,4,0,0,1,13,0,0,0,0,0,0,0,0,0,0,0,0,0,0,0,0,0,0,0,0,0,0,0,0,0,0,0,0,0.0,0.0,8.0,5.0,35.8,0.7,0.8125,0.0,0.0,10.0,8.0,34.4,0.7,0.5,0.0,0.0,2.0,7.0,34.2,1.5,0.6875,1.0,6.0,400.0,0.015625,0.15625,1,2,31.6,9.0,1676,749,1428,0.0,0.0,9.0,8.0,36.4,1.3,0.2777777777777778,0.0,0.0,4.0,4.0,35.9,1.0,0.1111111111111111,-0.2,0.0,54.0,-237.0,16.0,16.0,448.0,0.125,0.0,0.0,0.0,0.0,-0.22000000000000028,0.0,0.6468999999999951,-0.7531000000000034,-0.9530999999999992,1.1366000000000014,-0.19480000000000075,0.2572783116192067,0.8754427451295703,0.0,1.0,0.0
57,202307010405,0,0,1,13,0,0,0,0,0,0,0,0,0,0,0,4,0,0,0,0,0,0,0,0,0,0,0,2,0,0,0,0,0,0,0,0,0.0,0.0,60.0,2.0,34.2,0.3,0.4666666666666667,0.0,0.0,50.0,4.0,34.8,0.5,0.6666666666666666,,,,,,,,2.0,0.0,0.0,0.10975609756097561,0.3048780487804878,8,15,8.7,4.0,1399,1254,1428,,,,,,,,,,,,,,,2.0,0.5,54.0,22.0,16.0,15.0,478.0,0.0,-0.06666666666666667,,,,-0.5999999999999943,0.0,-0.8746999999999971,-0.3064999999999998,,,,0.09999999999999998,0.29999999999999716,0.0,1.0,1.0
58,202307010405,0,1,0,7,9,10,8,83,0,0,0,1,0,0,0,2,4,3,2,24,0,0,0,0,0,0,0,2,1,0,1,11,0,0,0,0,0.0,0.0,8.0,11.0,38.3,3.3,0.4166666666666667,0.0,0.0,12.0,9.0,36.8,0.9,0.3125,0.0,0.0,2.0,16.0,37.4,1.9,0.3125,2.5,0.0,600.0,0.08,0.2,8,16,20.6,7.0,1246,1618,533,0.0,0.0,4.0,8.0,35.5,0.5,0.2222222222222222,0.0,0.0,7.0,5.0,36.5,0.9,0.05555555555555555,-1.3,0.0,54.0,-229.0,16.0,12.0,430.0,0.0,-0.0625,0.0,0.0,0.0,0.48999999999999916,0.0,1.8588999999999984,1.434599999999996,2.2468999999999966,0.20870000000000033,1.2366000000000028,0.12100084174791391,0.9316651759081683,0.0,1.0,0.0
59,202307010405,17,16,19,234,1,1,4,17,0,0,0,0,3,3,3,42,0,1,3,7,0,0,0,0,0,1,0,10,0,0,2,2,0,0,0,0,0.0,0.0,8.0,12.0,35.6,1.3,0.625,0.0,0.0,10.0,10.0,35.4,1.2,0.75,0.0,0.0,11.0,4.0,34.0,0.3,0.6,-4.0,0.0,400.0,0.14285714285714285,0.5357142857142857,7,14,36.9,10.0,1691,1110,1167,0.0,0.0,5.0,6.0,38.5,2.1,0.5,0.0,0.0,3.0,5.0,41.3,2.3,0.5714285714285714,-1.8,0.0,54.0,-19.0,16.0,16.0,458.0,0.0,0.0,0.0,0.14285714285714285,0.0,-1.4499999999999993,0.0,-0.4947999999999979,0.3252999999999986,-1.0747,0.5889000000000024,1.6740999999999957,0.0818659930393966,2.6173268806169387,1.0,2.0,0.0
60,202307010405,4,3,3,34,1,2,0,25,0,0,0,2,1,3,3,9,0,0,0,8,0,0,0,1,0,2,2,5,0,0,0,1,0,0,0,1,0.0,0.0,70.0,5.0,36.9,0.7,0.5,0.0,0.0,130.0,13.0,40.8,4.6,0.2,0.0,0.0,130.0,15.0,40.6,2.8,0.13333333333333333,5.0,4.0,750.0,0.0,0.0,7,13,93.7,13.0,1064,1551,1556,0.0,0.0,110.0,14.0,42.6,4.3,0.35714285714285715,0.0,0.0,90.0,8.0,41.6,2.5,0.0625,0.7,0.0,50.0,-531.0,16.0,10.0,422.0,0.0,0.7333333333333333,0.4,0.6428571428571429,0.125,-1.120000000000001,0.0,,4.6342,3.2546999999999997,3.2074,2.390599999999999,0.15826887338064657,1.9328735085359319,-4.0,0.0,
61,202307010405,0,3,1,6,4,7,3,52,0,0,0,0,0,1,1,4,4,3,0,12,0,0,0,0,0,0,1,3,2,1,0,5,0,0,0,0,0.0,0.0,8.0,11.0,43.1,3.9,0.5833333333333334,0.0,0.0,10.0,7.0,36.0,0.7,0.8571428571428571,0.0,0.0,13.0,3.0,34.8,1.1,0.7857142857142857,-4.0,0.0,200.0,0.0,0.14814814814814814,4,8,308.9,14.0,1434,1376,969,0.0,0.0,15.0,8.0,35.1,1.1,0.3888888888888889,0.0,0.0,16.0,12.0,35.3,1.2,0.7777777777777778,0.3,0.2,54.0,-549.0,16.0,12.0,428.0,0.25,-0.07142857142857142,-0.07142857142857142,0.05555555555555555,-0.05555555555555555,1.6500000000000008,0.0,5.435700000000004,0.07750000000000057,-1.1225000000000023,0.025300000000001432,0.008699999999997488,0.1709944532685983,3.14490063436033,0.0,1.0,0.0
62,202307010405,6,7,8,80,1,1,4,17,0,0,1,0,1,1,1,10,0,1,3,7,0,0,0,0,1,1,0,5,0,0,2,2,0,0,0,0,0.0,0.0,12.0,11.0,35.6,1.8,0.8333333333333334,0.0,0.0,12.0,5.0,35.3,0.5,0.42857142857142855,0.0,0.0,13.0,11.0,36.9,1.9,0.75,0.0,0.0,0.0,0.041666666666666664,0.041666666666666664,5,9,54.0,11.0,1222,1110,1328,0.0,0.0,11.0,13.0,35.2,1.2,0.875,0.0,0.0,12.0,3.0,35.5,0.4,0.4444444444444444,-0.8,0.2,53.0,-132.0,16.0,18.0,448.0,-0.1111111111111111,0.0,0.0,0.0625,0.0,0.029999999999999714,0.0,0.5253000000000014,0.22529999999999717,-0.44530000000000314,0.12530000000000285,0.39350000000000307,0.19193554704693605,0.616441400296897,2.0,3.0,0.0
63,202307010405,31,34,23,265,8,6,6,43,0,0,1,4,4,3,7,51,0,3,1,8,0,0,0,1,1,1,2,10,0,0,1,4,0,0,0,0,0.0,0.0,12.0,13.0,37.0,1.5,1.0,0.0,0.0,8.0,7.0,35.0,1.1,0.6923076923076923,0.0,0.0,12.0,11.0,35.0,1.6,0.9230769230769231,-1.0,6.0,200.0,0.04081632653061224,0.1836734693877551,2,4,24.6,8.0,1503,460,1263,0.0,0.0,11.0,5.0,34.3,0.7,0.42857142857142855,0.0,0.0,5.0,8.0,34.2,0.8,0.8333333333333334,-1.2,0.0,54.0,-328.0,16.0,15.0,454.0,0.0,0.0,-0.15384615384615385,0.0,-0.05555555555555555,0.6299999999999997,0.0,-1.2794999999999987,-0.153100000000002,-0.4592000000000027,-0.8064999999999998,-0.9530999999999992,0.20139725794039615,1.007968253468332,-1.0,0.0,
64,202307010405,0,0,1,7,7,8,8,52,0,0,0,0,0,0,0,0,3,3,2,13,0,0,0,0,0,0,0,0,0,1,1,6,0,0,0,0,0.0,0.0,17.0,17.0,35.9,1.7,0.3888888888888889,0.0,0.0,15.0,15.0,36.0,1.8,0.5625,0.0,0.0,15.0,15.0,37.1,2.1,0.2777777777777778,-1.0,6.0,400.0,0.0,0.0,3,5,325.5,15.0,1175,1503,882,,,,,,,,,,,,,,,-1.0,0.0,54.0,-131.0,16.0,18.0,436.0,0.1111111111111111,0.1875,-0.05555555555555555,,,-0.6000000000000014,0.0,0.5345999999999975,0.9253,1.6407999999999987,,,0.11716713643373855,0.5436502143433374,0.0,1.0,0.0
65,202307010405,2,4,1,26,9,16,19,144,0,0,0,3,1,1,0,4,3,2,4,28,0,0,0,0,0,1,0,4,1,0,1,10,0,0,0,0,0.0,0.0,18.0,14.0,36.1,1.9,0.5,0.0,0.0,16.0,16.0,36.2,2.2,0.875,0.0,0.0,15.0,13.0,35.6,2.9,0.8666666666666667,-0.5,-2.0,0.0,0.0,0.025,5,10,419.8,16.0,1455,1183,1428,0.0,0.0,18.0,14.0,35.0,2.4,0.8888888888888888,,,,,,,,-0.3,0.0,54.0,-132.0,16.0,18.0,460.0,0.05555555555555555,0.0625,0.06666666666666667,-0.05555555555555555,,0.39000000000000057,0.0,1.0253000000000014,1.1253000000000029,0.5253000000000014,-0.07469999999999999,,0.16337460504642107,0.4763139720814421,1.0,4.0,0.0
66,202307010406,41,32,27,271,42,32,27,236,6,4,4,35,17,5,16,84,13,10,6,66,3,1,3,16,3,1,2,19,0,2,2,11,0,0,1,2,,,,,,,,,,,,,,,,,,,,,,,,,0.2714285714285714,0.5142857142857142,7,14,2.4,1.0,1716,1428,1167,,,,,,,,,,,,,,,,,54.0,,16.0,,,,,,,,,,,,,,,,,,0.0,
67,202307010406,8,10,9,71,8,9,6,50,0,0,0,0,2,6,3,24,2,1,0,13,0,0,0,0,1,0,1,2,0,0,0,2,0,0,0,0,,,,,,,,,,,,,,,,,,,,,,,,,0.0,0.0,1,2,25.6,9.0,1677,848,1167,,,,,,,,,,,,,,,,,54.0,,16.0,,,,,,,,,,,,,,,,,,0.0,
68,202307010406,8,6,5,44,0,0,0,3,0,0,0,0,2,1,1,10,0,0,0,0,0,0,0,0,1,1,0,2,0,0,0,0,0,0,0,0,0.0,0.0,3.0,4.0,37.0,1.5,0.7272727272727273,0.0,0.0,9.0,6.0,35.7,1.2,0.14285714285714285,0.0,0.0,10.0,11.0,35.7,1.0,0.875,3.5,4.0,600.0,0.034482758620689655,0.1724137931034483,8,15,25.5,8.0,1154,89,1561,0.0,0.0,8.0,3.0,34.2,0.3,0.125,,,,,,,,0.2,0.25,54.0,-297.0,16.0,11.0,496.0,0.0,0.07142857142857142,0.0625,-0.0625,,0.8399999999999992,0.0,1.1022999999999996,-0.2224999999999966,0.6253000000000029,-0.8746999999999971,,0.33772672026063677,0.9912113800799495,0.0,2.0,0.5
69,202307010406,41,32,27,271,11,8,11,134,1,2,0,9,17,5,16,84,6,3,2,44,0,1,0,4,3,1,2,19,1,0,0,3,0,0,0,1,,,,,,,,,,,,,,,,,,,,,,,,,0.0,0.4,4,8,3.9,2.0,1716,1345,1167,,,,,,,,,,,,,,,,,54.0,,16.0,,,,,,,,,,,,,,,,,,0.0,
70,202307010406,7,18,16,114,0,0,0,6,0,0,0,0,2,9,5,30,0,0,0,1,0,0,0,0,0,4,0,5,0,0,0,0,0,0,0,0,0.0,0.0,6.0,8.0,36.7,1.7,0.2222222222222222,0.0,0.0,7.0,,,,0.2,0.0,0.0,7.0,5.0,34.3,0.7,0.125,-3.0,-2.0,0.0,0.1044776119402985,0.29850746268656714,3,5,24.8,7.0,1463,962,1167,,,,,,,,,,,,,,,-3.0,0.0,54.0,-482.0,16.0,9.0,516.0,0.0,0.7,0.125,,,2.4000000000000057,0.0,1.6253000000000029,,-0.7747000000000028,,,0.04159458786151148,1.2000000000000028,1.0,2.0,0.0
71,202307010406,8,5,10,88,0,1,0,31,0,0,0,0,1,2,2,20,0,0,0,4,0,0,0,0,0,0,0,2,0,0,0,0,0,0,0,0,,,,,,,,,,,,,,,,,,,,,,,,,0.0,0.0,8,16,96.1,14.0,1172,1124,1556,,,,,,,,,,,,,,,,,50.0,,16.0,,,,,,,,,,,,,,,,,,0.0,
72,202307010406,70,50,54,378,1,1,4,17,0,0,0,0,14,10,16,91,0,1,3,7,0,0,0,0,0,0,1,4,0,1,0,0,0,0,0,0,0.0,0.0,70.0,13.0,37.3,1.5,0.875,0.0,0.0,3.0,4.0,37.5,0.8,0.6,0.0,0.0,7.0,6.0,37.0,0.2,0.9285714285714286,-3.5,-4.0,200.0,0.1044776119402985,0.23880597014925373,6,11,14.6,5.0,1428,1110,1263,0.0,0.0,9.0,6.0,33.8,0.4,0.7333333333333333,0.0,0.0,5.0,8.0,34.4,0.7,0.3076923076923077,-0.8,0.0,54.0,-692.0,16.0,16.0,436.0,0.0625,0.0,-0.35714285714285715,-0.13333333333333333,0.0,0.95,0.0,-0.9795000000000016,-0.7794999999999987,-1.1537999999999968,-1.3064999999999998,-0.6747000000000014,0.2223836493875552,1.570986950932439,-2.0,1.0,0.0
73,202307010406,1,1,1,15,0,1,1,5,0,0,0,0,0,0,0,4,0,0,0,0,0,0,0,0,0,0,0,1,0,0,0,0,0,0,0,0,,,,,,,,,,,,,,,,,,,,,,,,,0.022222222222222223,0.17777777777777778,4,7,7.4,3.0,1243,314,1428,,,,,,,,,,,,,,,,,54.0,,16.0,,,,,,,,,,,,,,,,,,0.0,
74,202307010406,1,1,1,15,0,0,1,2,0,0,0,0,0,0,0,4,0,0,0,0,0,0,0,0,0,0,0,1,0,0,0,0,0,0,0,0,,,,,,,,,,,,,,,,,,,,,,,,,0.015873015873015872,0.15873015873015872,7,13,20.8,6.0,1243,596,1428,,,,,,,,,,,,,,,,,56.0,,16.0,,,,,,,,,,,,,,,,,,0.0,
75,202307010406,22,20,29,184,0,0,1,8,0,0,0,0,8,4,7,54,0,0,0,1,0,0,0,0,0,0,0,8,0,0,0,0,0,0,0,0,0.0,0.0,10.0,13.0,40.3,3.1,0.3333333333333333,0.0,0.0,8.0,16.0,41.8,3.4,0.0625,0.0,0.0,9.0,11.0,40.7,2.0,0.21428571428571427,-1.0,0.0,-100.0,0.07692307692307693,0.34615384615384615,1,1,8.5,4.0,1152,79,1428,0.0,0.0,5.0,11.0,38.9,1.3,0.2,0.0,0.0,1.0,1.0,37.4,0.0,0.45454545454545453,-2.9,0.2,54.0,-467.0,16.0,15.0,426.0,0.4,0.0625,0.07142857142857142,0.2,-0.2727272727272727,0.8699999999999996,0.0,0.9073999999999955,2.4073999999999955,2.546200000000006,-0.49260000000000304,-1.1775999999999982,0.13241755027109217,1.52499180325666,2.0,0.0,
76,202307010406,17,26,23,177,0,3,1,11,0,1,0,1,5,5,8,48,0,0,0,3,0,0,0,1,1,0,0,5,0,0,0,0,0,0,0,0,0.0,0.0,20.0,4.0,36.8,0.6,0.4166666666666667,0.0,0.0,170.0,10.0,34.8,1.0,0.6666666666666666,0.0,0.0,130.0,10.0,40.8,1.9,0.5,3.0,19.0,600.0,0.0,0.0,5,10,87.7,13.0,1393,882,1263,0.0,0.0,130.0,11.0,35.1,1.3,0.0625,,,,,,,,2.1,0.0,56.0,-553.0,16.0,12.0,477.0,0.0,0.0,0.0,0.0625,,-0.09000000000000127,0.0,0.35889999999999844,-0.35310000000000485,1.1740999999999957,0.025300000000001432,,0.2206637517116131,2.3909987452945254,-1.0,1.0,0.0
77,202307010406,9,12,11,109,18,20,26,184,0,0,0,1,4,2,3,27,4,4,5,52,0,0,0,1,0,0,0,4,1,0,1,8,0,0,0,0,0.0,0.0,8.0,5.0,39.2,1.5,0.45454545454545453,0.0,0.0,16.0,16.0,40.9,4.0,0.9375,0.0,0.0,16.0,15.0,42.5,5.9,0.5625,5.0,25.0,300.0,0.08823529411764706,0.29411764705882354,3,6,67.5,11.0,1736,1167,1482,0.0,0.0,11.0,9.0,38.3,2.5,0.8666666666666667,0.0,0.0,7.0,10.0,36.6,2.1,0.9375,0.3,0.0,54.0,-559.0,16.0,11.0,451.0,-0.09090909090909091,-0.0625,0.0,-0.06666666666666667,0.0,0.7800000000000005,0.0,1.765900000000002,1.507399999999997,2.9532999999999987,0.4788999999999959,-0.8177000000000021,0.20315416280729284,2.044504830026087,0.0,0.0,
78,202307010406,17,26,23,177,19,11,14,115,1,0,0,5,5,5,8,48,6,0,3,24,1,0,0,2,1,0,0,5,0,0,0,3,0,0,0,0,0.0,0.0,100.0,10.0,47.0,8.1,1.0,0.0,0.0,80.0,11.0,43.6,6.9,0.36363636363636365,0.0,0.0,130.0,12.0,39.6,2.7,0.5625,1.0,3.0,200.0,0.04,0.18,2,3,27.2,10.0,1393,1294,1263,0.0,0.0,100.0,12.0,44.2,5.5,1.0,0.0,0.0,100.0,13.0,35.0,2.1,0.875,0.7,0.0,56.0,-346.0,16.0,10.0,513.0,0.0,0.5454545454545454,0.1875,-0.25,-0.0625,2.34,0.0,8.720500000000001,4.0533,1.4462000000000046,4.574100000000001,-0.07469999999999999,0.2547685710471141,4.173439828247198,0.0,1.0,0.0
79,202307010406,1,0,1,36,42,32,27,236,1,0,1,7,1,0,0,12,13,10,6,66,1,0,0,2,0,0,0,3,0,2,2,11,0,0,0,1,0.0,0.0,5.0,6.0,42.0,2.0,0.3333333333333333,0.0,0.0,16.0,16.0,41.7,5.5,0.8125,0.0,0.0,17.0,17.0,37.6,5.1,0.9444444444444444,5.5,-14.0,200.0,0.0,0.2,6,12,153.4,16.0,1672,1428,1167,0.0,0.0,16.0,10.0,35.0,1.6,0.8888888888888888,0.0,0.0,16.0,14.0,35.9,3.4,0.875,1.0,0.0,51.0,-565.0,16.0,12.0,460.0,-0.08333333333333333,0.1875,-0.16666666666666666,0.0,0.0625,1.8900000000000006,0.0,3.7205000000000013,2.3074000000000012,2.1407999999999987,-0.4592000000000027,0.8252999999999986,0.22274244663032727,2.9083328557783763,-3.0,1.0,0.0
80,202307010406,1,1,1,20,0,1,0,3,0,0,0,0,0,0,0,9,0,0,0,0,0,0,0,0,0,0,0,0,0,0,0,0,0,0,0,0,0.0,0.0,5.0,8.0,42.3,2.5,1.0,0.0,0.0,16.0,11.0,40.0,3.1,0.9375,0.0,0.0,12.0,15.0,38.1,2.8,1.0,3.5,1.0,0.0,0.043478260869565216,0.043478260869565216,5,9,133.6,15.0,1148,1472,1393,0.0,0.0,10.0,8.0,38.9,2.0,0.5333333333333333,0.0,0.0,15.0,15.0,37.1,4.2,0.4375,1.1,0.0,53.0,-174.0,16.0,10.0,481.0,0.0,-0.0625,0.0,0.0,0.375,1.1499999999999992,0.0,4.383299999999998,1.8462000000000032,0.18890000000000384,1.2357000000000014,2.0253000000000014,0.2448440546778931,1.7848249213858471,0.0,1.0,0.0
81,202307010406,9,12,10,109,0,1,0,6,0,0,0,0,3,2,3,29,0,1,0,2,0,0,0,0,1,1,1,3,0,0,0,0,0,0,0,0,0.0,0.0,8.0,10.0,44.0,7.1,0.8,0.0,0.0,12.0,16.0,36.6,4.3,1.0,,,,,,,,6.0,28.0,100.0,0.09523809523809523,0.2619047619047619,2,4,81.1,12.0,1304,771,1503,,,,,,,,,,,,,,,6.0,0.0,54.0,-212.0,16.0,10.0,470.0,0.2,0.0,,,,7.399999999999999,0.0,,1.5253000000000014,,,,0.09999999999999998,3.6999999999999993,0.0,1.0,0.0
82,202307010512,4,1,5,14,0,0,0,5,0,0,0,1,1,0,2,2,0,0,0,3,0,0,0,1,1,0,1,0,0,0,0,0,0,0,0,0,0.0,0.0,10.0,5.0,33.8,0.6,0.5625,0.0,0.0,10.0,2.0,35.3,0.3,0.6428571428571429,0.0,0.0,80.0,9.0,34.4,0.8,0.3333333333333333,2.0,-4.0,0.0,0.2777777777777778,0.5277777777777778,6,11,3.2,2.0,1393,565,1263,0.0,0.0,10.0,2.0,34.9,0.1,0.38461538461538464,0.0,0.0,20.0,1.0,35.3,0.0,0.2,-0.8,0.6,57.0,112.0,16.0,16.0,440.0,-0.125,-0.5,0.2222222222222222,-0.07692307692307693,0.0,-0.2600000000000001,0.0,-1.2747000000000028,-1.5503,-0.6747000000000014,-0.7499000000000038,0.22529999999999717,0.1593901537798975,0.5748043145279965,2.0,4.0,0.5
83,202307010512,0,0,0,0,0,0,0,4,0,0,0,0,0,0,0,0,0,0,0,2,0,0,0,0,0,0,0,0,0,0,0,1,0,0,0,0,0.0,0.0,50.0,13.0,41.6,4.5,0.42857142857142855,0.0,0.0,50.0,9.0,33.2,0.7,0.7777777777777778,0.0,0.0,20.0,9.0,34.2,0.5,0.45454545454545453,-2.0,-16.0,-100.0,0.03125,0.09375,3,6,30.8,11.0,631,1708,264,0.0,0.0,10.0,5.0,36.3,1.0,0.4166666666666667,0.0,0.0,70.0,5.0,34.6,0.5,0.1875,-2.0,0.0,55.0,133.0,16.0,14.0,444.0,0.21428571428571427,0.0,0.0,0.0,0.0,1.0900000000000005,0.0,3.0224000000000046,-1.8746999999999971,-0.9064999999999941,0.7378999999999962,-0.47469999999999857,0.1886213714449991,2.982884510000345,4.0,2.0,0.0
84,202307010512,0,1,1,3,0,0,0,6,0,0,0,0,0,0,0,1,0,0,0,1,0,0,0,0,0,0,0,0,0,0,0,0,0,0,0,0,0.0,0.0,2.0,6.0,33.5,0.6,0.3125,0.0,0.0,8.0,2.0,33.2,0.2,0.2222222222222222,0.0,0.0,3.0,2.0,33.4,0.3,0.3125,-2.0,2.0,0.0,0.11842105263157894,0.4605263157894737,8,15,2.5,1.0,1677,1618,1167,0.0,0.0,1.0,11.0,34.8,1.1,0.25,0.0,0.0,2.0,1.0,35.1,0.0,0.2857142857142857,-0.1,0.6,57.0,-603.0,16.0,16.0,492.0,-0.0625,0.0,-0.0625,0.1875,0.0,-0.4799999999999997,0.0,-1.5747,-1.8746999999999971,-1.6747000000000014,-0.46340000000000003,0.025300000000001432,0.035567378632343966,0.7874007874011806,-0.5,5.0,0.6
85,202307010512,4,3,2,22,0,0,0,4,0,0,0,0,0,2,1,4,0,0,0,0,0,0,0,0,0,0,0,0,0,0,0,0,0,0,0,0,0.0,0.0,12.0,10.0,36.0,1.5,0.15384615384615385,0.0,0.0,17.0,14.0,34.5,1.4,0.16666666666666666,0.0,0.0,7.0,10.0,34.3,1.1,0.07692307692307693,0.0,6.0,0.0,0.046875,0.140625,2,3,17.4,5.0,1152,1079,1428,0.0,0.0,3.0,11.0,35.2,1.1,0.21428571428571427,0.0,0.0,1.0,1.0,34.1,0.0,0.16666666666666666,-2.1,0.2,57.0,-623.0,16.0,13.0,482.0,0.0,0.0,0.0,0.14285714285714285,0.0,0.30999999999999944,0.0,0.9253,-0.5747,-1.6166000000000054,0.09350000000000591,-1.0064999999999955,0.044456853988128264,0.6968500556073743,2.0,2.0,0.0
86,202307010512,4,3,2,17,0,0,0,9,0,0,0,0,2,1,1,5,0,0,0,2,0,0,0,0,0,0,0,0,0,0,0,0,0,0,0,0,0.0,0.0,30.0,15.0,40.1,2.6,0.4375,0.0,0.0,30.0,7.0,35.0,0.4,0.4375,0.0,0.0,40.0,5.0,35.0,0.7,0.4117647058823529,-5.0,-14.0,200.0,0.1827956989247312,0.3548387096774194,5,10,23.3,8.0,1098,1362,1294,0.0,0.0,40.0,6.0,35.2,0.8,0.5833333333333334,0.0,0.0,10.0,1.0,35.2,0.0,0.29411764705882354,-2.9,0.2,57.0,17.0,16.0,16.0,462.0,0.125,0.125,0.0,-0.16666666666666666,-0.11764705882352941,0.9599999999999994,0.0,1.8205000000000027,-0.6499000000000024,-0.10649999999999693,0.12530000000000285,-0.4498999999999995,0.09206490510096409,2.001999000998752,1.0,3.0,0.3333333333333333
87,202307010512,0,0,0,7,2,1,3,33,0,0,0,1,0,0,0,3,1,0,1,12,0,0,0,1,0,0,0,1,0,0,1,3,0,0,0,0,0.0,0.0,3.0,3.0,35.7,0.3,0.23076923076923078,0.0,0.0,6.0,2.0,34.5,0.0,0.16666666666666666,0.0,0.0,3.0,4.0,35.7,0.3,0.5,0.5,0.0,-200.0,0.10843373493975904,0.30120481927710846,1,1,70.7,12.0,1333,1167,1294,0.0,0.0,13.0,4.0,35.3,0.7,0.5625,0.0,0.0,4.0,6.0,34.0,0.7,0.9,0.8,0.4,56.0,-288.0,16.0,13.0,428.0,0.0,0.16666666666666666,0.0,0.125,0.1,0.26000000000000084,0.0,-0.0373999999999981,-1.6657999999999973,-0.46579999999999444,-0.15920000000000556,-1.0747,0.26213697856131835,0.6800000000000008,0.0,1.0,0.0
88,202307010512,3,3,4,25,0,0,0,0,0,0,0,0,2,0,1,6,0,0,0,0,0,0,0,0,1,0,1,3,0,0,0,0,0,0,0,0,0.0,0.0,30.0,9.0,36.6,0.9,0.125,0.0,0.0,10.0,5.0,35.4,0.5,0.2222222222222222,0.0,0.0,20.0,8.0,37.5,2.7,0.4,-0.5,-8.0,-400.0,0.0,0.2857142857142857,2,4,7.2,3.0,1503,268,1263,0.0,0.0,10.0,1.0,35.4,0.0,0.125,0.0,0.0,20.0,3.0,36.9,1.2,0.14285714285714285,-1.6,0.4,57.0,42.0,16.0,16.0,484.0,0.0,-0.1111111111111111,0.2,0.0625,0.0,-0.05999999999999943,0.0,0.6833999999999989,-0.516600000000004,1.5833999999999975,-0.516600000000004,0.983399999999996,0.10484622628659886,0.8357032966310477,1.0,0.0,
89,202307010512,2,1,1,4,1,0,0,1,0,0,0,0,0,0,0,3,0,0,0,0,0,0,0,0,0,0,0,0,0,0,0,0,0,0,0,0,0.0,0.0,7.0,5.0,40.9,0.6,0.4444444444444444,0.0,0.0,5.0,6.0,38.2,2.4,0.2857142857142857,0.0,0.0,6.0,8.0,35.9,1.0,0.125,1.5,10.0,-100.0,0.0,0.0,4,8,19.9,6.0,1154,81,1561,0.0,0.0,6.0,5.0,41.6,1.7,0.14285714285714285,0.0,0.0,4.0,8.0,36.3,0.8,0.1875,0.5,0.0,57.0,-551.0,16.0,9.0,498.0,0.1111111111111111,0.0,0.0,0.0,0.125,0.5800000000000004,0.0,1.507399999999997,2.1700000000000017,-0.4748999999999981,2.271100000000004,0.38339999999999463,0.11769736912059162,2.3249946236496988,1.0,1.0,0.0
90,202307010512,2,5,7,40,0,0,0,2,0,0,0,0,1,1,0,14,0,0,0,0,0,0,0,0,0,0,0,10,0,0,0,0,0,0,0,0,0.0,0.0,160.0,16.0,36.6,2.8,0.4117647058823529,0.0,0.0,30.0,6.0,34.8,0.8,0.18181818181818182,0.0,0.0,10.0,1.0,35.3,0.0,0.3076923076923077,-7.5,-10.0,-600.0,0.037037037037037035,0.14814814814814814,7,13,26.0,10.0,1428,779,1263,0.0,0.0,40.0,3.0,35.2,0.6,0.16666666666666666,0.0,0.0,20.0,2.0,35.9,0.3,0.1875,-3.1000000000000005,0.6,57.0,111.0,16.0,17.0,442.0,0.35294117647058826,0.0,-0.07692307692307693,0.0,0.0,0.1,0.0,0.5700000000000003,-0.6592000000000056,-1.0317000000000007,-0.8299999999999983,0.44079999999999586,0.09485752942023745,0.6280127387243042,1.0,0.0,
91,202307010512,1,0,0,6,2,4,0,14,0,0,0,0,0,0,0,1,0,2,0,5,0,0,0,0,0,0,0,0,0,0,0,1,0,0,0,0,0.0,0.0,90.0,11.0,39.8,1.8,0.8181818181818182,0.0,0.0,160.0,14.0,40.5,3.5,0.125,0.0,0.0,150.0,10.0,36.6,2.7,0.6,-0.5,-10.0,100.0,0.0,0.0,1,2,250.5,15.0,1222,1183,1328,0.0,0.0,120.0,10.0,37.6,1.7,0.38461538461538464,0.0,0.0,60.0,9.0,36.3,4.3,1.0,-0.8,0.0,53.0,-367.0,16.0,11.0,440.0,0.18181818181818182,0.4375,0.13333333333333333,0.3076923076923077,0.0,0.9899999999999999,0.0,,4.762599999999999,0.43420000000000414,1.683399999999999,0.38339999999999463,0.30937879356695447,1.6954055562018189,-1.0,0.0,
92,202307010512,2,5,7,40,1,2,0,4,0,0,0,0,1,1,0,14,0,0,0,1,0,0,0,0,0,0,0,10,0,0,0,1,0,0,0,0,0.0,0.0,4.0,2.0,35.9,0.1,0.5833333333333334,0.0,0.0,11.0,10.0,40.6,2.7,0.7272727272727273,0.0,0.0,8.0,6.0,39.4,1.7,0.875,2.0,11.0,-100.0,0.0,0.024390243902439025,8,16,203.9,14.0,1428,815,1263,0.0,0.0,14.0,11.0,35.8,1.8,0.75,0.0,0.0,8.0,10.0,34.8,0.8,0.9375,1.7,0.2,58.0,-548.0,16.0,12.0,437.0,0.0,-0.09090909090909091,0.0,0.0625,0.0,0.7000000000000007,0.0,0.3714000000000013,0.9741,-0.22590000000000288,-0.5748999999999995,-0.27470000000000283,0.12332439845530078,2.2698017534577786,2.0,2.0,0.0
93,202307010512,0,0,1,2,0,0,0,0,0,0,0,0,0,0,0,0,0,0,0,0,0,0,0,0,0,0,0,0,0,0,0,0,0,0,0,0,0.0,0.0,16.0,13.0,35.5,1.2,0.875,0.0,0.0,11.0,10.0,36.3,1.7,0.5,0.0,0.0,15.0,12.0,35.0,1.5,0.6666666666666666,-0.5,8.0,-200.0,0.0,0.1,6,12,152.5,13.0,1719,388,1170,0.0,0.0,11.0,9.0,36.1,1.3,0.6666666666666666,0.0,0.0,17.0,11.0,34.2,1.2,1.0,-0.5,0.0,53.0,-217.0,16.0,16.0,460.0,0.0625,0.25,0.26666666666666666,0.3333333333333333,0.0,0.279999999999999,0.0,0.04079999999999728,0.38339999999999463,-0.9166000000000025,0.1833999999999989,-0.8746999999999971,0.1755942292142123,0.7626270385975035,1.0,1.0,0.0
94,202307010512,0,0,0,6,2,5,4,32,0,0,0,0,0,0,0,0,0,0,0,11,0,0,0,0,0,0,0,0,0,0,0,1,0,0,0,0,0.0,0.0,40.0,6.0,35.8,0.6,1.0,0.0,0.0,40.0,1.0,35.3,0.0,0.3888888888888889,0.0,0.0,30.0,3.0,35.7,0.2,0.3333333333333333,-1.5,-8.0,200.0,0.0392156862745098,0.17647058823529413,7,14,13.2,4.0,314,1428,324,0.0,0.0,30.0,3.0,35.2,0.1,0.25,0.0,0.0,60.0,5.0,36.3,0.7,0.8125,0.0,0.6,57.0,301.0,16.0,18.0,464.0,-0.1111111111111111,0.0,0.0,-0.0625,-0.25,-0.09000000000000057,0.0,0.23789999999999623,0.19350000000000023,0.5935000000000059,0.12530000000000285,1.1935000000000002,0.29464091977343926,0.39293765408776876,1.0,1.0,1.0
95,202307010512,0,0,0,1,0,0,0,0,0,0,0,0,0,0,0,0,0,0,0,0,0,0,0,0,0,0,0,0,0,0,0,0,0,0,0,0,0.0,0.0,2.0,12.0,39.4,3.4,1.0,0.0,0.0,11.0,15.0,41.9,5.6,0.75,0.0,0.0,16.0,14.0,36.4,2.3,0.875,1.0,25.0,200.0,0.08,0.16,5,9,448.3,16.0,548,263,257,0.0,0.0,15.0,13.0,37.7,1.9,1.0,0.0,0.0,9.0,12.0,39.6,3.1,0.5,-0.2,0.0,58.0,-547.0,16.0,12.0,505.0,0.0,0.0,-0.125,-0.06666666666666667,0.16666666666666666,0.379999999999999,0.0,1.2462000000000018,2.274099999999997,0.0251000000000019,-0.5794999999999959,-0.025900000000000034,0.18708286933869706,1.8644033898274261,2.0,1.0,0.0
96,202307010512,6,4,4,41,0,0,0,1,0,0,0,0,1,1,1,10,0,0,0,1,0,0,0,0,0,0,0,2,0,0,0,0,0,0,0,0,0.0,0.0,7.0,10.0,39.0,3.6,0.1,0.0,0.0,6.0,15.0,41.8,5.5,0.6666666666666666,0.0,0.0,8.0,10.0,36.6,1.7,0.4,0.0,0.0,-400.0,0.0,0.05,3,5,21.3,7.0,1716,2,1167,0.0,0.0,10.0,13.0,37.2,2.2,0.3888888888888889,0.0,0.0,4.0,9.0,35.9,1.1,0.625,-0.4,0.0,53.0,-372.0,16.0,10.0,480.0,0.4,0.3333333333333333,-0.1,0.05555555555555555,-0.25,1.0799999999999996,0.0,1.6546999999999983,2.1740999999999957,0.6833999999999989,1.1700000000000017,0.16259999999999764,0.20265216809737785,2.1166010488516713,-3.0,0.0,
97,202307010512,1,0,3,26,2,1,1,16,0,0,0,3,0,0,1,5,0,1,0,2,0,0,0,0,0,0,0,1,0,1,0,1,0,0,0,0,0.0,0.0,9.0,16.0,39.1,5.3,0.875,0.0,0.0,14.0,4.0,33.8,0.3,0.9333333333333333,0.0,0.0,10.0,14.0,44.5,6.5,0.9285714285714286,-1.0,0.0,0.0,0.07142857142857142,0.07142857142857142,4,7,25.0,9.0,1506,1013,199,0.0,0.0,10.0,13.0,34.7,0.9,0.5625,0.0,0.0,8.0,7.0,35.4,0.6,0.14285714285714285,-0.9,0.0,56.0,0.0,16.0,16.0,442.0,0.0,0.06666666666666667,0.07142857142857142,0.0625,0.0,0.65,0.0,2.7251000000000047,-1.9374000000000038,5.290599999999998,-0.45309999999999917,-0.6948000000000008,0.3052743088242407,3.937003937005906,0.0,1.0,0.0
98,202307010706,4,3,3,34,1,1,1,1,0,1,1,0,1,3,3,9,0,1,1,0,0,1,1,0,0,2,2,5,0,1,1,0,0,1,1,0,0.0,0.0,10.0,2.0,34.7,0.1,0.1875,0.0,0.0,20.0,2.0,34.1,0.2,0.3333333333333333,0.0,0.0,10.0,2.0,35.4,0.3,0.6,0.0,0.0,0.0,0.17894736842105263,0.3473684210526316,5,5,2.1,1.0,1064,670,1556,0.0,0.0,70.0,3.0,33.3,0.5,1.0,0.0,0.0,50.0,5.0,35.8,0.4,0.25,0.7,0.8,56.0,42.0,11.0,16.0,464.0,0.0,0.0,0.0,0.0,0.0,-0.13999999999999843,0.0,-0.37469999999999715,-0.9746999999999986,-0.05920000000000414,-1.7747000000000028,0.34079999999999444,0.29819363582149844,0.8957678270623475,1.0,3.0,1.0
99,202307010706,31,34,23,265,0,1,0,1,0,0,0,0,4,3,7,51,0,1,0,1,0,0,0,0,1,1,2,10,0,1,0,0,0,0,0,0,0.0,0.0,30.0,2.0,33.4,0.2,0.6111111111111112,,,,,,,,,,,,,,,,,0.0,0.046153846153846156,0.13846153846153847,8,10,3.0,2.0,1503,927,1263,,,,,,,,,,,,,,,,1.0,54.0,24.0,11.0,18.0,418.0,-0.1111111111111111,,,,,,,-1.6747000000000014,,,,,,,0.0,1.0,1.0
100,202307010706,2,8,8,110,10,10,9,121,0,0,0,3,0,0,0,21,3,1,0,28,0,0,0,0,0,0,0,7,0,0,0,9,0,0,0,0,0.0,0.0,12.0,17.0,36.5,1.6,0.05555555555555555,0.0,0.0,7.0,11.0,36.6,1.8,0.42857142857142855,0.0,0.0,6.0,5.0,35.1,0.5,0.46153846153846156,-6.0,-12.0,0.0,0.0,0.2222222222222222,8,11,4.7,3.0,1561,1558,1263,0.0,0.0,5.0,15.0,36.9,2.0,0.16666666666666666,0.0,0.0,6.0,3.0,34.8,0.5,0.3888888888888889,-2.4,0.2,54.0,-238.0,11.0,18.0,436.0,0.0,0.21428571428571427,0.07692307692307693,-0.05555555555555555,0.0,0.31000000000000083,0.0,1.4253,0.677500000000002,-0.822499999999998,1.8252999999999986,-0.3064999999999998,0.16003567564624255,0.8565045242145547,4.0,2.0,0.0
101,202307010706,3,1,3,22,0,0,0,4,0,0,0,0,0,0,1,9,0,0,0,2,0,0,0,0,0,0,0,4,0,0,0,2,0,0,0,0,0.0,0.0,50.0,3.0,39.6,1.2,0.08333333333333333,,,,,,,,,,,,,,,,,-200.0,0.07547169811320754,0.33962264150943394,4,4,11.5,5.0,1045,1322,969,,,,,,,,,,,,,,,,1.0,56.0,124.0,11.0,12.0,500.0,0.0,,,,,,,-0.08910000000000196,,,,,,,2.0,0.0,
102,202307010706,0,2,1,4,18,20,26,184,0,0,1,0,0,0,0,0,4,4,5,52,0,0,0,0,0,0,0,0,0,0,0,18,0,0,0,0,0.0,0.0,40.0,3.0,35.0,0.9,0.3333333333333333,0.0,0.0,50.0,3.0,34.5,0.1,0.35294117647058826,,,,,,,,0.0,-4.0,0.0,0.11538461538461539,0.47435897435897434,2,2,11.4,4.0,1676,1167,1428,,,,,,,,,,,,,,,0.0,1.0,54.0,70.0,11.0,12.0,480.0,-0.08333333333333333,0.0,,,,0.5,0.0,-0.07469999999999999,-0.5747,,,,0.009803921568627472,0.25,0.0,2.0,1.0
103,202307010706,8,5,10,88,0,1,0,31,0,0,0,0,1,2,2,20,0,0,0,4,0,0,0,0,1,0,0,6,0,0,0,2,0,0,0,0,0.0,0.0,140.0,6.0,34.3,0.7,0.4375,,,,,,,,,,,,,,,,,0.0,0.10144927536231885,0.30434782608695654,7,8,51.8,6.0,1172,1124,1556,,,,,,,,,,,,,,,,0.0,54.0,12.0,11.0,16.0,424.0,-0.1875,,,,,,,-0.7747000000000028,,,,,,,4.0,1.0,0.0
104,202307010706,1,1,0,13,0,0,0,1,0,0,0,0,0,0,0,3,0,0,0,0,0,0,0,0,0,0,0,1,0,0,0,0,0,0,0,0,0.0,0.0,1.0,10.0,46.8,6.3,0.3,0.0,0.0,14.0,14.0,38.1,2.6,0.7142857142857143,0.0,0.0,16.0,12.0,35.4,1.2,0.9375,1.0,-6.0,200.0,0.07692307692307693,0.15384615384615385,6,7,245.0,9.0,1441,1057,1167,0.0,0.0,15.0,8.0,35.5,0.8,0.75,0.0,0.0,13.0,7.0,35.7,1.4,0.1111111111111111,-1.2,0.0,54.0,-452.0,11.0,10.0,444.0,0.2,0.07142857142857142,0.0,-0.0625,0.0,2.479999999999999,0.0,8.520499999999998,2.177500000000002,0.03459999999999752,0.346899999999998,0.43660000000000565,0.30707598427082866,4.365775990588614,0.0,1.0,0.0
105,202307010706,8,10,9,71,42,32,27,236,1,0,1,4,2,6,3,24,13,10,6,66,0,0,1,0,0,2,0,14,4,2,2,15,0,0,0,0,0.0,0.0,100.0,12.0,36.3,1.7,0.38461538461538464,0.0,0.0,10.0,7.0,35.7,1.5,0.3333333333333333,,,,,,,,-5.0,0.0,-200.0,0.10588235294117647,0.3058823529411765,1,1,62.3,7.0,1677,1428,1167,,,,,,,,,,,,,,,-5.0,0.0,56.0,84.0,11.0,13.0,440.0,-0.07692307692307693,-0.1111111111111111,,,,0.5999999999999943,0.0,0.8407999999999944,0.24080000000000013,,,,0.02564102564102566,0.29999999999999716,1.0,0.0,
106,202307010706,0,0,0,4,3,4,6,69,0,0,0,0,0,0,0,0,0,2,0,20,0,0,0,0,0,0,0,0,0,2,0,10,0,0,0,0,0.0,0.0,10.0,10.0,39.2,3.4,1.0,0.0,0.0,14.0,13.0,37.5,2.3,0.875,0.0,0.0,10.0,11.0,37.7,2.8,1.0,0.5,4.0,400.0,0.14285714285714285,0.14285714285714285,7,9,256.6,10.0,1537,1328,488,0.0,0.0,10.0,9.0,35.3,1.8,0.9090909090909091,0.0,0.0,9.0,8.0,34.7,1.7,0.8888888888888888,-0.8,0.0,56.0,-527.0,11.0,10.0,462.0,0.0,0.0,0.0,-0.09090909090909091,0.0,1.1200000000000003,0.0,1.7822999999999993,-0.3211000000000013,2.334600000000002,0.22529999999999717,-0.45309999999999917,0.05449164948209274,1.6545694303957157,0.0,1.0,0.0
107,202307010706,17,16,19,234,1,1,2,9,0,0,0,0,3,3,3,42,0,0,0,2,0,0,0,0,0,1,0,10,0,0,0,1,0,0,0,0,0.0,0.0,14.0,14.0,37.4,2.7,0.6111111111111112,0.0,0.0,13.0,11.0,37.7,2.2,1.0,0.0,0.0,8.0,10.0,35.4,1.9,0.7272727272727273,-2.0,4.0,-600.0,0.0,0.047619047619047616,6,6,129.5,8.0,1691,61,1167,0.0,0.0,14.0,10.0,36.2,2.0,0.6,,,,,,,,-1.3,0.0,54.0,-141.0,11.0,18.0,488.0,0.16666666666666666,-0.0625,0.09090909090909091,-0.06666666666666667,,0.5899999999999992,0.0,1.1154999999999973,-0.453799999999994,0.3252999999999986,0.2834000000000003,,0.16113465994264914,0.9256754290786815,1.0,1.0,0.0
108,202307010706,0,0,1,5,0,0,0,3,0,0,0,0,0,0,0,1,0,0,0,2,0,0,0,0,0,0,0,0,0,0,0,1,0,0,0,0,0.0,0.0,5.0,5.0,40.7,1.9,1.0,0.0,0.0,15.0,12.0,37.1,1.7,0.875,0.0,0.0,15.0,10.0,38.6,2.4,0.8125,2.5,23.0,100.0,0.030303030303030304,0.12121212121212122,3,3,262.0,11.0,1699,1317,1313,0.0,0.0,11.0,11.0,35.9,2.7,1.0,0.0,0.0,15.0,11.0,37.3,1.6,0.9375,1.1,0.0,56.0,-496.0,11.0,10.0,473.0,0.0,0.0,0.0,0.0,0.0,0.8000000000000014,0.0,,-0.7210999999999999,0.7789000000000001,0.8252999999999986,-0.11770000000000636,0.07288689868556626,1.6326665305566856,0.0,1.0,0.0
109,202307010711,41,32,27,271,11,8,11,134,1,2,0,9,17,5,16,84,6,3,2,44,0,1,0,4,2,0,2,7,0,0,0,6,0,0,0,0,0.0,0.0,8.0,14.0,34.8,0.9,0.7058823529411765,0.0,0.0,6.0,7.0,34.0,0.4,0.26666666666666666,0.0,0.0,5.0,1.0,33.8,0.0,0.2222222222222222,-6.5,22.0,200.0,0.038461538461538464,0.17307692307692307,3,3,6.8,5.0,1716,1345,1167,0.0,0.0,4.0,12.0,35.8,1.6,0.23076923076923078,0.0,0.0,5.0,6.0,34.5,0.2,0.1111111111111111,-1.1,0.2,56.0,-644.0,9.0,17.0,516.0,-0.058823529411764705,-0.06666666666666667,0.0,-0.07692307692307693,0.0,-0.12000000000000029,0.0,-0.3064999999999998,-1.0747,-1.2747000000000028,0.7252999999999972,-0.5747,0.20596321142014326,0.7054076835419354,-1.0,4.0,0.25
110,202307010711,31,34,23,265,1,0,1,2,0,0,1,0,4,3,7,51,0,0,1,0,0,0,1,0,0,0,2,5,0,0,0,0,0,0,0,0,0.0,0.0,10.0,3.0,34.1,0.4,0.46153846153846156,0.0,0.0,10.0,7.0,34.0,0.2,0.4444444444444444,0.0,0.0,50.0,3.0,34.3,0.0,0.2222222222222222,0.0,10.0,0.0,0.11688311688311688,0.4675324675324675,4,4,4.7,2.0,1503,497,1263,0.0,0.0,20.0,9.0,35.0,1.0,0.5625,0.0,0.0,20.0,4.0,34.9,0.2,0.3125,0.4,0.4,57.0,14.0,9.0,13.0,506.0,0.23076923076923078,0.0,0.0,0.0,-0.125,-0.25999999999999945,0.0,-0.9746999999999986,-1.0747,-1.1592000000000056,-0.07469999999999999,-0.1747000000000014,0.11952211058439247,0.41279534881100555,0.0,4.0,0.25
111,202307010711,6,0,1,11,42,32,27,236,4,0,0,1,4,0,0,2,13,10,6,66,3,0,0,1,0,0,0,1,1,2,0,12,0,0,0,1,0.0,0.0,9.0,6.0,37.5,1.1,0.06666666666666667,0.0,0.0,10.0,11.0,34.5,1.0,0.5,0.0,0.0,4.0,5.0,34.3,0.2,0.25,-0.5,4.0,-200.0,0.10714285714285714,0.2976190476190476,5,5,9.0,7.0,1426,1428,306,0.0,0.0,7.0,3.0,33.9,0.4,0.3333333333333333,0.0,0.0,7.0,13.0,34.8,1.8,0.9230769230769231,0.6,0.2,57.0,-141.0,9.0,15.0,468.0,0.13333333333333333,-0.05555555555555555,0.0,0.0,0.07692307692307693,0.6000000000000008,0.0,-1.5386999999999986,-0.9592000000000027,-1.1592000000000056,-1.1747000000000014,-0.27470000000000283,0.2900334379597976,1.2837445228704976,1.0,2.0,0.5
112,202307010711,18,19,13,126,42,32,27,236,6,5,3,21,7,10,2,41,13,10,6,66,3,4,0,8,1,3,0,4,1,2,0,12,0,2,0,2,0.0,0.0,13.0,11.0,34.1,1.3,0.8333333333333334,0.0,0.0,9.0,11.0,,,,0.0,0.0,8.0,7.0,34.5,0.4,0.7333333333333333,-2.0,16.0,400.0,0.2191780821917808,0.5342465753424658,8,9,3.4,1.0,1657,1428,1317,0.0,0.0,1.0,1.0,33.9,0.0,0.07692307692307693,0.0,0.0,2.0,2.0,33.2,0.1,0.23529411764705882,-2.8,0.4,55.0,-428.0,9.0,18.0,434.0,0.0,,-0.2,0.0,0.0,0.32999999999999974,0.0,-1.994799999999998,,-1.5300000000000011,-1.5592000000000041,-1.8746999999999971,0.3205275194038785,0.47103609203541835,-1.0,2.0,0.5
113,202307010711,70,50,54,378,1,7,1,33,0,2,1,8,14,10,16,91,0,2,1,12,0,1,1,5,0,0,2,10,0,0,0,2,0,0,0,0,0.0,0.0,4.0,5.0,34.5,0.6,0.1111111111111111,0.0,0.0,11.0,14.0,35.6,0.7,0.0625,0.0,0.0,11.0,6.0,34.7,0.3,0.06666666666666667,0.5,6.0,0.0,0.0,0.25,2,2,6.5,4.0,1428,1292,1263,0.0,0.0,1.0,1.0,33.5,0.0,0.06666666666666667,0.0,0.0,1.0,7.0,35.2,0.7,0.13333333333333333,-0.9,0.2,55.0,0.0,9.0,9.0,434.0,0.0,0.0,0.06666666666666667,0.0,0.0,0.06999999999999958,0.0,-0.5747,0.5253000000000014,-0.7591999999999999,-1.5747,0.12530000000000285,0.02880864924992038,0.7127411872482192,0.0,4.0,0.25
114,202307010711,22,20,29,184,10,10,9,121,2,4,0,6,8,4,7,54,3,1,0,28,1,1,0,1,0,2,2,5,1,1,0,3,0,1,0,1,0.0,0.0,10.0,1.0,34.2,0.0,0.4444444444444444,0.0,0.0,30.0,4.0,33.4,0.6,0.46153846153846156,0.0,0.0,40.0,2.0,33.7,0.2,0.3333333333333333,0.5,-4.0,200.0,0.08823529411764706,0.17647058823529413,1,1,5.3,3.0,1152,1558,1428,0.0,0.0,10.0,2.0,33.0,0.2,0.5555555555555556,0.0,0.0,80.0,4.0,34.1,0.2,0.4666666666666667,0.4,0.6,58.0,97.0,9.0,18.0,508.0,-0.05555555555555555,0.0,0.0,-0.16666666666666666,-0.06666666666666667,0.060000000000000143,0.0,-0.9064999999999941,-1.7531000000000034,-1.406499999999994,-2.153100000000002,-1.0531000000000006,0.07094820261402171,0.4445222154178585,2.0,0.0,
115,202307010711,1,2,0,33,9,10,8,83,1,0,0,2,0,0,0,6,4,3,2,24,0,0,0,0,0,0,0,0,1,0,0,1,0,0,0,0,0.0,0.0,2.0,4.0,40.1,1.5,0.6,0.0,0.0,16.0,13.0,37.5,1.7,0.9375,0.0,0.0,16.0,13.0,35.2,1.1,1.0,4.5,-4.0,0.0,0.18085106382978725,0.35106382978723405,7,7,116.8,8.0,1645,1618,1366,0.0,0.0,17.0,14.0,33.7,1.2,1.0,0.0,0.0,13.0,10.0,35.0,1.1,0.8461538461538461,1.3,0.0,58.0,-604.0,9.0,10.0,506.0,0.1,0.0625,0.0,0.0,0.0,1.4,0.0,2.1833000000000027,-0.7794999999999987,0.04690000000000083,-1.4530999999999992,-0.07469999999999999,0.14939770599381044,2.2600884938426633,2.0,1.0,0.0
116,202307010711,2,1,0,5,18,13,20,194,1,0,0,3,0,0,0,1,3,4,3,39,0,0,0,1,0,0,0,1,0,2,0,4,0,0,0,1,0.0,0.0,14.0,13.0,33.2,0.7,0.9333333333333333,0.0,0.0,8.0,13.0,35.0,1.0,0.8666666666666667,0.0,0.0,6.0,8.0,33.7,0.9,0.8888888888888888,-2.5,-10.0,0.0,0.08571428571428572,0.2857142857142857,6,6,6.9,6.0,779,1263,334,0.0,0.0,10.0,11.0,35.4,0.6,0.6666666666666666,0.0,0.0,12.0,2.0,33.2,0.0,0.7222222222222222,-2.4,0.2,57.0,-92.0,9.0,15.0,492.0,0.06666666666666667,0.0,0.0,-0.05555555555555555,0.1111111111111111,-0.039999999999999855,0.0,-1.8746999999999971,-1.3748999999999967,-1.3746999999999971,0.29350000000000165,-1.8746999999999971,0.10270417785147862,0.9252026804976284,0.0,4.0,0.25
117,202307010711,2,3,1,21,10,10,9,121,0,0,0,1,1,0,0,9,3,1,0,28,0,0,0,0,0,0,0,0,1,1,0,3,0,0,0,0,0.0,0.0,12.0,14.0,41.3,4.7,0.9285714285714286,0.0,0.0,8.0,8.0,40.1,2.2,0.8888888888888888,0.0,0.0,9.0,8.0,35.5,2.3,1.0,-3.0,-8.0,-200.0,0.0,0.043478260869565216,8,8,302.3,9.0,1453,1558,1428,0.0,0.0,7.0,7.0,36.3,2.5,0.7142857142857143,0.0,0.0,9.0,9.0,35.5,3.0,1.0,-1.1,0.0,57.0,-113.0,9.0,14.0,496.0,-0.07142857142857142,-0.1111111111111111,0.0,0.2857142857142857,0.0,1.5399999999999998,0.0,2.2612999999999985,4.3626000000000005,0.39350000000000307,0.269999999999996,0.4253,0.10509806576029744,2.4638181751095187,-1.0,1.0,0.0
118,202307010806,18,19,13,126,9,5,3,71,0,0,0,0,7,10,2,41,3,2,1,22,0,0,0,0,1,1,0,10,0,0,1,4,0,0,0,0,0.0,0.0,16.0,15.0,38.0,3.5,0.125,0.0,0.0,15.0,16.0,35.3,1.6,0.9375,0.0,0.0,15.0,15.0,34.2,1.0,0.7333333333333333,0.0,6.0,-400.0,0.0,0.2727272727272727,8,16,5.1,3.0,1657,1482,1317,0.0,0.0,17.0,16.0,35.3,1.4,0.29411764705882354,0.0,0.0,14.0,13.0,35.9,1.1,0.9285714285714286,-0.4,0.0,54.0,-644.0,16.0,16.0,482.0,0.0,0.0625,0.06666666666666667,0.058823529411764705,-0.14285714285714285,0.42000000000000026,0.0,2.0833999999999975,0.22529999999999717,-0.9064999999999941,0.22529999999999717,-0.4748999999999981,0.33429436410604196,1.2563439019631524,-2.0,3.0,0.0
119,202307010806,7,18,16,114,3,0,1,6,0,0,0,0,2,9,5,30,0,0,0,1,0,0,0,0,0,4,0,5,0,0,0,0,0,0,0,0,,,,,,,,,,,,,,,,,,,,,,,,,0.22666666666666666,0.5333333333333333,3,6,4.1,1.0,1463,1051,1167,,,,,,,,,,,,,,,,,54.0,,16.0,,,,,,,,,,,,,,,,,,0.0,
120,202307010806,0,2,1,4,3,1,1,8,0,0,0,0,0,0,0,0,1,0,0,1,0,0,0,0,0,0,0,0,1,0,0,0,0,0,0,0,,,,,,,,,,,,,,,,,,,,,,,,,0.1125,0.4625,4,7,4.5,2.0,1676,2,1428,,,,,,,,,,,,,,,,,54.0,,16.0,,,,,,,,,,,,,,,,,,0.0,
121,202307010806,6,5,4,34,19,11,14,115,0,0,0,0,0,2,1,10,6,0,3,24,0,0,0,0,0,0,0,2,0,0,0,3,0,0,0,0,,,,,,,,,,,,,,,,,,,,,,,,,0.0,0.5,2,3,7.8,5.0,1289,1294,1428,,,,,,,,,,,,,,,,,56.0,,16.0,,,,,,,,,,,,,,,,,,0.0,
122,202307010806,1,3,0,3,1,0,0,0,0,0,0,0,0,0,0,2,0,0,0,0,0,0,0,0,0,0,0,0,0,0,0,0,0,0,0,0,0.0,0.0,8.0,9.0,40.9,2.0,0.4666666666666667,0.0,0.0,4.0,8.0,39.9,1.6,0.25,0.0,0.0,1.0,1.0,39.9,0.0,0.18181818181818182,-4.0,-6.0,-100.0,0.10344827586206896,0.2988505747126437,3,5,15.6,7.0,1540,891,1036,0.0,0.0,7.0,13.0,36.6,1.5,0.3333333333333333,0.0,0.0,3.0,4.0,36.4,1.1,0.3125,-0.5,0.2,56.0,-447.0,16.0,15.0,480.0,0.0,0.0,0.0,0.0,-0.0625,1.2299999999999998,0.0,1.507399999999997,1.6204999999999998,1.8273999999999972,1.4935000000000045,1.1366000000000014,0.0949939585339145,1.8661189672686995,-2.0,1.0,0.0
123,202307010806,7,18,16,114,0,0,0,0,0,0,0,0,2,9,5,30,0,0,0,0,0,0,0,0,0,4,0,5,0,0,0,0,0,0,0,0,0.0,0.0,,,,,,0.0,0.0,40.0,11.0,37.0,1.0,0.23529411764705882,0.0,0.0,30.0,2.0,35.4,0.4,0.5555555555555556,-9.0,,200.0,0.045454545454545456,0.15151515151515152,6,12,19.7,8.0,1463,623,1167,0.0,0.0,80.0,3.0,34.3,0.5,0.5,0.0,0.0,60.0,13.0,41.4,3.9,0.375,0.7,0.5,54.0,-369.0,16.0,6.0,,,0.0,0.0,-0.1111111111111111,0.0625,-1.2099999999999995,0.0,,1.893500000000003,0.10869999999999891,-0.8064999999999998,3.2462000000000018,0.12335569877455567,2.7021981792607295,0.0,0.0,
124,202307010806,0,0,1,13,0,0,0,1,0,0,0,0,0,0,0,4,0,0,0,1,0,0,0,0,0,0,0,1,0,0,0,0,0,0,0,0,0.0,0.0,9.0,11.0,41.0,3.1,1.0,0.0,0.0,15.0,11.0,36.0,1.1,0.6875,0.0,0.0,5.0,13.0,41.1,6.4,0.5,1.0,12.0,100.0,0.0,0.045454545454545456,6,11,39.2,10.0,1399,849,1428,0.0,0.0,10.0,10.0,35.4,1.6,0.9444444444444444,0.0,0.0,10.0,7.0,35.8,1.0,0.125,-0.9,0.0,54.0,-549.0,16.0,12.0,502.0,-0.08333333333333333,0.25,0.25,-0.05555555555555555,0.0,1.1000000000000008,0.0,,0.9253,2.061300000000003,0.3252999999999986,0.7252999999999972,0.3189730821879706,2.6119724347703226,-2.0,3.0,0.0
125,202307010806,3,10,1,44,1,2,1,8,0,0,0,0,0,1,0,11,0,0,0,1,0,0,0,0,0,0,0,2,0,0,0,0,0,0,0,0,0.0,0.0,90.0,15.0,35.9,1.1,0.13333333333333333,0.0,0.0,130.0,3.0,38.7,0.5,0.125,0.0,0.0,14.0,13.0,38.7,1.7,0.13333333333333333,-1.0,-4.0,400.0,0.07272727272727272,0.32727272727272727,7,13,5.5,4.0,1629,1160,1428,0.0,0.0,8.0,9.0,36.1,1.8,0.4166666666666667,0.0,0.0,9.0,7.0,35.3,0.7,0.4444444444444444,-1.0,0.2,54.0,-664.0,16.0,15.0,418.0,0.0,0.0,0.06666666666666667,0.16666666666666666,0.0,0.38000000000000045,0.0,0.7468999999999966,2.6052000000000035,0.7889000000000053,-0.17419999999999902,0.14689999999999515,0.14726309705111604,1.460958589419976,-1.0,0.0,
126,202307010806,1,0,1,16,7,3,3,77,0,0,1,1,0,0,0,1,3,0,1,19,0,0,0,0,0,0,0,0,1,0,0,5,0,0,0,0,,,,,,,,,,,,,,,,,,,,,,,,,0.08333333333333333,0.08333333333333333,1,1,124.7,12.0,1403,1393,939,,,,,,,,,,,,,,,,,54.0,,16.0,,,,,,,,,,,,,,,,,,0.0,
127,202307010806,17,26,23,177,2,1,1,34,0,0,0,0,5,5,8,48,0,1,0,6,0,0,0,0,1,0,0,5,0,0,0,1,0,0,0,0,,,,,,,,,,,,,,,,,,,,,,,,,0.0,0.041666666666666664,8,15,163.1,14.0,1393,1713,1263,,,,,,,,,,,,,,,,,54.0,,16.0,,,,,,,,,,,,,,,,,,0.0,
128,202307010806,2,0,2,13,3,0,1,6,0,0,0,0,0,0,0,2,0,0,0,1,0,0,0,0,0,0,0,0,0,0,0,0,0,0,0,0,0.0,0.0,14.0,9.0,35.7,1.7,0.8666666666666667,0.0,0.0,16.0,11.0,35.4,1.4,0.6875,,,,,,,,2.0,-10.0,0.0,0.0,0.0,2,4,175.9,16.0,1733,1051,1428,,,,,,,,,,,,,,,2.0,0.0,53.0,-14.0,16.0,15.0,444.0,-0.06666666666666667,0.0,,,,0.30000000000000426,0.0,0.6253000000000029,0.3252999999999986,,,,0.08958333333333335,0.15000000000000213,-3.0,2.0,0.0
129,202307010806,18,19,13,126,2,1,2,38,0,0,0,0,7,10,2,41,1,1,1,10,0,0,0,0,1,1,0,10,0,0,0,0,0,0,0,0,,,,,,,,,,,,,,,,,,,,,,,,,0.08333333333333333,0.20238095238095238,7,14,35.6,9.0,1657,1032,1317,,,,,,,,,,,,,,,,,54.0,,16.0,,,,,,,,,,,,,,,,,,0.0,
130,202307010806,17,26,23,177,9,16,19,144,0,1,0,2,5,5,8,48,3,2,4,28,0,0,0,0,1,0,0,5,0,0,1,1,0,0,0,0,0.0,0.0,1.0,1.0,39.3,0.0,0.5833333333333334,0.0,0.0,14.0,10.0,37.6,2.0,0.06666666666666667,0.0,0.0,18.0,12.0,37.4,2.7,0.6111111111111112,5.5,9.0,100.0,0.0,0.0,1,2,76.4,11.0,1393,1183,1263,0.0,0.0,13.0,14.0,34.4,2.7,0.875,0.0,0.0,13.0,14.0,38.1,3.2,0.75,3.0,0.2,54.0,-284.0,16.0,12.0,459.0,-0.16666666666666666,0.13333333333333333,0.05555555555555555,0.0625,0.0,0.5599999999999994,0.0,,1.683399999999999,2.108699999999999,-0.7531000000000034,0.6822999999999979,0.2758175278004923,1.6206171663906315,0.0,0.0,
131,202307010806,0,0,0,3,3,4,5,24,0,0,0,0,0,0,0,1,0,1,1,12,0,0,0,0,0,0,0,1,0,0,0,0,0,0,0,0,0.0,0.0,4.0,2.0,42.0,0.3,0.18181818181818182,0.0,0.0,14.0,10.0,37.2,2.3,0.42857142857142855,0.0,0.0,15.0,10.0,39.1,1.8,0.75,4.0,17.0,-400.0,0.0,0.06666666666666667,5,10,175.4,15.0,1658,1506,1167,0.0,0.0,16.0,9.0,37.0,2.1,0.875,0.0,0.0,15.0,14.0,35.1,1.8,0.8125,2.3,0.2,55.0,-551.0,16.0,11.0,437.0,0.0,0.2857142857142857,-0.125,0.0,0.0,1.4,0.0,2.6711000000000027,-2.084699999999998,-0.4466999999999999,-1.1537999999999968,0.025300000000001432,0.2634715753940976,2.333580939243376,-1.0,1.0,0.0
132,202307010806,31,34,23,265,0,1,0,1,0,0,0,0,4,3,7,51,0,0,0,0,0,0,0,0,0,0,0,3,0,0,0,0,0,0,0,0,0.0,0.0,,,,,,0.0,0.0,150.0,15.0,38.6,1.5,0.0625,0.0,0.0,130.0,8.0,36.7,1.1,0.07692307692307693,-7.0,6.0,-100.0,0.07692307692307693,0.19230769230769232,4,8,13.4,6.0,1503,735,1263,0.0,0.0,150.0,11.0,37.5,1.8,0.9375,0.0,0.0,100.0,9.0,39.6,2.1,0.3125,-1.5,0.0,54.0,-203.0,16.0,13.0,472.0,,0.0,0.0,-0.0625,0.0,-0.3799999999999997,0.0,,2.505200000000002,0.7834000000000003,1.762599999999999,1.7789000000000001,0.3548808913183817,1.0977249200050072,0.0,0.0,
133,202307010806,0,0,0,0,9,16,19,144,0,0,0,0,0,0,0,0,3,2,4,28,0,0,0,0,0,0,0,0,0,0,1,1,0,0,0,0,0.0,0.0,7.0,8.0,40.0,2.4,0.75,0.0,0.0,14.0,16.0,42.4,5.2,0.4375,0.0,0.0,14.0,14.0,36.1,1.6,0.75,3.0,35.0,100.0,0.0,0.0,5,9,146.2,13.0,1220,1183,1317,0.0,0.0,13.0,16.0,35.9,2.5,0.625,,,,,,,,2.2,0.0,54.0,-537.0,16.0,12.0,483.0,-0.16666666666666666,-0.0625,0.0,0.125,,1.86,0.0,,4.1205,0.9468999999999994,0.8252999999999986,,0.12789613706050704,2.73587280406089,2.0,1.0,0.0
134,202307010810,70,50,54,378,8,9,6,50,4,1,3,7,14,10,16,91,2,1,0,13,1,0,0,3,0,3,1,8,1,1,0,1,0,0,0,1,0.0,0.0,4.0,11.0,34.9,0.7,0.3333333333333333,0.0,0.0,5.0,8.0,36.1,0.7,0.42857142857142855,0.0,0.0,10.0,9.0,34.3,0.6,0.6875,-1.0,0.0,-200.0,0.21621621621621623,0.527027027027027,6,6,1.7,1.0,1428,848,1263,0.0,0.0,8.0,13.0,34.4,0.8,0.6111111111111112,0.0,0.0,5.0,7.0,33.5,0.3,0.23076923076923078,-0.3,0.0,54.0,-406.0,10.0,15.0,492.0,0.0,-0.14285714285714285,-0.3125,0.1111111111111111,-0.07692307692307693,0.45,0.0,-0.5592000000000041,0.1833999999999989,-0.7747000000000028,-0.7064999999999984,-1.9592000000000027,0.1697966861435421,0.8569714114251427,1.0,1.0,0.0
135,202307010810,0,2,1,13,4,13,6,97,0,1,1,3,0,1,0,6,1,3,2,22,0,1,0,3,0,0,0,0,0,0,0,3,0,0,0,0,0.0,0.0,60.0,9.0,35.3,1.1,0.9090909090909091,0.0,0.0,30.0,1.0,34.9,0.0,0.16666666666666666,0.0,0.0,40.0,3.0,33.6,0.3,0.46153846153846156,-3.0,2.0,200.0,0.07407407407407407,0.18518518518518517,3,3,12.6,5.0,1460,1235,1345,0.0,0.0,20.0,3.0,34.6,0.3,0.8181818181818182,0.0,0.0,50.0,7.0,36.8,0.7,0.2,-0.2,0.6,56.0,14.0,10.0,11.0,462.0,-0.2727272727272727,0.0,-0.07692307692307693,-0.09090909090909091,0.0,-0.2700000000000003,0.0,0.19350000000000023,-0.7499000000000038,-1.4746999999999986,-1.049900000000001,-0.05030000000000001,0.30678001365296576,1.0442221985765274,-2.0,3.0,1.0
136,202307010810,3,3,3,30,42,32,27,236,2,0,1,6,1,2,2,12,13,10,6,66,1,0,0,3,0,0,0,0,1,0,0,2,0,0,0,0,0.0,0.0,7.0,12.0,34.6,1.0,0.375,0.0,0.0,14.0,7.0,33.3,0.3,0.5,0.0,0.0,14.0,10.0,33.4,0.9,0.9444444444444444,-1.0,-10.0,400.0,0.1875,0.3541666666666667,7,8,3.6,2.0,1467,1428,336,0.0,0.0,14.0,10.0,34.3,1.1,0.7647058823529411,0.0,0.0,5.0,10.0,34.1,1.3,0.3,-0.1,0.0,57.0,-517.0,10.0,16.0,430.0,0.0625,0.0,0.05555555555555555,0.058823529411764705,0.0,0.0,0.0,-0.5531000000000006,-1.8531000000000049,-1.7531000000000034,-0.8531000000000049,-0.9746999999999986,0.2423678087676135,0.5083306010855544,0.0,1.0,0.0
137,202307010810,18,19,13,126,2,3,0,10,2,2,0,4,7,10,2,41,2,2,0,4,2,2,0,3,0,0,0,4,0,0,0,3,0,0,0,3,0.0,0.0,11.0,12.0,41.3,3.8,0.9285714285714286,0.0,0.0,14.0,6.0,37.4,1.0,0.6875,0.0,0.0,6.0,8.0,34.3,1.5,1.0,-2.0,-1.0,0.0,0.07407407407407407,0.3333333333333333,8,9,8.4,3.0,1657,1487,1317,0.0,0.0,3.0,4.0,34.7,0.6,0.2,0.0,0.0,9.0,6.0,33.9,0.4,0.5,-1.4,0.0,55.0,-460.0,10.0,14.0,481.0,0.0,0.0,-0.1,0.0,-0.08333333333333333,1.7499999999999993,0.0,4.044899999999998,-0.8795000000000002,-0.9634,-0.37469999999999715,-1.5592000000000041,0.2917653865973936,2.7758962516635948,-2.0,2.0,0.0
138,202307010810,8,10,9,71,42,32,27,236,1,0,1,4,2,6,3,24,13,10,6,66,0,0,1,0,0,0,0,0,1,0,0,2,0,0,0,0,0.0,0.0,8.0,11.0,35.0,0.7,0.75,0.0,0.0,14.0,5.0,34.6,0.2,0.8235294117647058,0.0,0.0,13.0,7.0,33.3,0.8,0.6153846153846154,-2.0,6.0,0.0,0.10465116279069768,0.3023255813953488,2,2,19.8,6.0,1677,1428,1167,0.0,0.0,9.0,9.0,34.6,0.9,0.9230769230769231,0.0,0.0,9.0,4.0,33.5,0.6,0.8,-1.0,0.0,55.0,-363.0,10.0,16.0,482.0,0.0,-0.058823529411764705,0.0,0.0,0.0,0.3,0.0,-1.3748999999999967,-0.8592000000000013,-1.7747000000000028,-0.47469999999999857,-1.7633999999999972,0.10073260036388064,0.6723094525588655,1.0,4.0,0.0
139,202307010810,22,20,29,184,2,4,3,28,1,1,1,6,8,4,7,54,1,1,1,8,1,0,0,2,0,0,0,1,0,0,0,0,0,0,0,0,0.0,0.0,20.0,4.0,13.6,2.0,0.3333333333333333,0.0,0.0,30.0,3.0,13.6,0.6,0.5,0.0,0.0,70.0,7.0,13.8,2.3,0.9,1.5,20.0,-1400.0,0.08235294117647059,0.2,5,5,35.9,7.0,1152,1079,1428,0.0,0.0,,,,,,0.0,0.0,130.0,10.0,37.3,1.0,0.9285714285714286,2.2,0.25,55.0,-595.0,10.0,9.0,474.0,0.0,0.0,-0.1,,-0.2857142857142857,-7.129999999999998,0.0,,,,,1.1111999999999966,0.25589146561945114,10.233859242729498,-5.0,1.0,0.0
140,202307010810,31,34,23,265,1,2,1,8,0,0,0,1,4,3,7,51,0,0,0,0,0,0,0,0,1,0,0,8,0,0,0,0,0,0,0,0,0.0,0.0,11.0,14.0,37.4,2.1,0.9285714285714286,0.0,0.0,9.0,12.0,37.6,2.6,0.35714285714285715,0.0,0.0,3.0,4.0,34.5,0.4,0.35714285714285715,-5.0,-4.0,-400.0,0.0,0.3,4,4,12.3,4.0,1503,792,1263,0.0,0.0,4.0,7.0,35.3,0.9,0.1,0.0,0.0,2.0,8.0,36.7,0.8,0.1875,-1.7,0.0,57.0,-216.0,10.0,14.0,512.0,0.07142857142857142,-0.21428571428571427,0.0,0.0,0.0,0.36999999999999955,0.0,1.483399999999996,2.1407999999999987,-0.9592000000000027,0.22529999999999717,0.7834000000000003,0.2888762534302852,1.208304597359458,-1.0,1.0,0.0
141,202307010810,1,2,9,49,8,3,8,43,0,1,0,4,0,2,4,13,2,3,2,11,0,1,0,2,0,0,0,1,0,0,0,2,0,0,0,1,0.0,0.0,150.0,10.0,35.8,1.1,0.875,0.0,0.0,90.0,10.0,34.5,0.9,0.9230769230769231,0.0,0.0,120.0,4.0,35.1,0.6,0.75,-3.0,22.0,-200.0,0.021739130434782608,0.17391304347826086,1,1,164.4,10.0,1729,1014,1428,0.0,0.0,140.0,10.0,34.4,1.1,0.8,0.0,0.0,50.0,8.0,34.8,0.6,0.3,-0.4,0.0,55.0,8.0,10.0,16.0,482.0,0.0,-0.15384615384615385,-0.125,0.13333333333333333,0.0,0.21000000000000013,0.0,-1.0503,-0.9592000000000027,-0.3592000000000013,-0.6747000000000014,-0.6592000000000056,0.2229362951965793,0.5035871324805664,0.0,1.0,0.0
142,202307010810,25,27,16,168,18,20,26,184,1,2,0,12,11,10,5,51,4,4,5,52,0,1,0,4,0,1,0,1,1,0,0,0,0,0,0,0,0.0,0.0,8.0,9.0,35.3,1.6,0.7,0.0,0.0,13.0,10.0,34.9,0.6,0.5625,0.0,0.0,9.0,6.0,34.2,0.9,0.8,-1.5,6.0,0.0,0.0,0.06451612903225806,8,10,58.9,8.0,1098,1167,1294,0.0,0.0,13.0,11.0,35.1,0.6,0.3888888888888889,0.0,0.0,7.0,12.0,35.9,1.5,0.5714285714285714,0.7,0.0,52.0,0.0,10.0,10.0,460.0,0.0,0.0625,0.0,0.1111111111111111,0.07142857142857142,-0.14000000000000057,0.0,0.22529999999999717,-0.5592000000000041,-0.8746999999999971,-0.006499999999995509,0.7935000000000016,0.1390585131993812,0.5528109984434088,0.0,2.0,0.0
143,202307010810,70,50,54,378,10,2,9,37,5,0,6,9,14,10,16,91,0,1,2,9,0,0,0,1,0,3,1,8,0,0,0,0,0,0,0,0,0.0,0.0,2.0,3.0,13.6,2.2,0.6,0.0,0.0,1.0,1.0,13.3,0.0,0.07142857142857142,0.0,0.0,2.0,1.0,13.5,0.0,0.18181818181818182,-1.0,10.0,-2300.0,0.11392405063291139,0.46835443037974683,7,7,70.9,9.0,1428,324,1263,0.0,0.0,2.0,1.0,13.2,0.0,0.08333333333333333,0.0,0.0,5.0,5.0,13.4,2.5,0.6,0.4,0.8,55.0,-412.0,10.0,10.0,448.0,0.0,0.0,-0.09090909090909091,0.0,0.1,0.05,0.0,,,,,,0.2420283718928618,0.1414213562373095,-5.0,0.0,
144,202307010909,6,5,4,34,5,2,4,51,0,0,0,3,0,2,1,10,1,0,1,11,0,0,0,1,0,0,0,1,0,0,1,1,0,0,0,0,0.0,0.0,10.0,7.0,36.5,2.9,0.2857142857142857,0.0,0.0,20.0,1.0,34.2,0.0,0.25,,,,,,,,-6.0,-4.0,-400.0,0.2236842105263158,0.5394736842105263,4,4,3.2,2.0,1289,1708,1428,,,,,,,,,,,,,,,-6.0,0.5,56.0,126.0,7.0,7.0,490.0,0.0,0.0,,,,2.299999999999997,0.0,0.5833999999999975,-1.2591999999999999,,,,0.01785714285714285,1.1499999999999986,2.0,0.0,
145,202307010909,41,32,27,271,42,32,27,236,6,4,4,35,17,5,16,84,13,10,6,66,3,1,3,16,5,2,8,29,5,3,2,23,1,1,2,9,0.0,0.0,10.0,1.0,33.8,0.0,0.25,,,,,,,,,,,,,,,,,0.0,0.2876712328767123,0.5342465753424658,1,1,4.3,3.0,1716,1428,1167,,,,,,,,,,,,,,,,1.0,54.0,19.0,7.0,16.0,444.0,-0.125,,,,,,,-1.2747000000000028,,,,,,,0.0,1.0,1.0
146,202307010909,0,0,0,0,1,1,4,17,0,0,0,0,0,0,0,0,0,1,3,7,0,0,0,0,0,0,0,0,0,0,1,3,0,0,0,0,0.0,0.0,10.0,1.0,34.0,0.0,0.06666666666666667,0.0,0.0,20.0,2.0,33.7,0.0,0.1111111111111111,,,,,,,,1.0,-4.0,0.0,0.18556701030927836,0.36082474226804123,5,5,1.9,1.0,350,1110,429,,,,,,,,,,,,,,,1.0,1.0,56.0,21.0,7.0,15.0,492.0,0.0,0.0,,,,0.29999999999999716,0.0,-1.0747,-2.631699999999995,,,,0.02222222222222222,0.14999999999999858,0.0,1.0,1.0
147,202307010909,3,3,3,30,42,32,27,236,2,0,1,6,1,2,2,12,13,10,6,66,1,0,0,3,1,1,1,2,5,3,2,23,1,0,0,1,0.0,0.0,7.0,,,,0.7777777777777778,0.0,0.0,4.0,11.0,38.9,1.7,0.4666666666666667,0.0,0.0,4.0,4.0,36.4,0.8,0.38461538461538464,-7.0,6.0,-300.0,0.08333333333333333,0.2777777777777778,3,3,13.2,5.0,1467,1428,336,0.0,0.0,1.0,1.0,36.6,0.0,0.75,0.0,0.0,1.0,2.0,36.8,0.1,0.8125,-3.0,0.5,54.0,-637.0,7.0,9.0,504.0,0.2222222222222222,0.06666666666666667,0.07692307692307693,-0.4375,-0.375,0.6100000000000001,0.0,,-0.7259000000000029,-3.225900000000003,-2.9467,-2.8259000000000043,0.17668642560868972,1.0059199769365352,-2.0,0.0,
148,202307010909,41,32,27,271,7,8,8,52,1,2,1,7,17,5,16,84,3,3,2,13,1,1,1,1,5,2,8,29,2,2,0,3,0,0,0,0,0.0,0.0,40.0,6.0,33.3,0.6,1.0,0.0,0.0,30.0,6.0,34.5,0.8,0.2857142857142857,0.0,0.0,20.0,1.0,34.9,0.0,0.2,-2.5,-6.0,0.0,0.10227272727272728,0.29545454545454547,2,2,11.0,4.0,1716,1503,1167,0.0,0.0,60.0,3.0,32.5,0.5,0.08333333333333333,,,,,,,,-1.4,0.5,56.0,62.0,7.0,10.0,486.0,0.0,0.0,0.0,0.0,,0.1999999999999993,0.0,-1.7747000000000028,-0.9592000000000027,-0.1747000000000014,-2.5747,,0.3581548163140901,0.9539392014169457,1.0,3.0,0.6666666666666666
149,202307010909,0,0,0,3,7,3,3,77,0,0,0,0,0,0,0,1,3,0,1,19,0,0,0,0,0,0,0,0,0,0,0,7,0,0,0,0,0.0,0.0,4.0,3.0,39.2,0.9,1.0,0.0,0.0,8.0,6.0,37.6,1.3,0.2,0.0,0.0,7.0,6.0,34.8,0.7,0.42857142857142855,1.5,28.0,200.0,0.0,0.3333333333333333,6,6,45.2,6.0,1658,1393,1167,0.0,0.0,10.0,8.0,35.6,0.8,0.14285714285714285,0.0,0.0,6.0,6.0,35.3,1.7,0.8571428571428571,0.8,0.2,56.0,-543.0,7.0,8.0,540.0,-0.5,0.0,-0.07142857142857142,0.07142857142857142,0.0,0.9800000000000011,0.0,0.9205000000000041,1.4342000000000041,-0.35310000000000485,0.4468999999999994,0.22529999999999717,0.3455135190361366,1.651665825765008,0.0,1.0,0.0
150,202307010909,1,0,1,16,18,20,26,184,0,0,0,0,0,0,0,1,4,4,5,52,0,0,0,0,0,0,0,0,1,2,2,14,0,0,0,0,0.0,0.0,40.0,8.0,34.7,0.8,0.7777777777777778,0.0,0.0,60.0,6.0,34.6,0.5,0.6923076923076923,0.0,0.0,50.0,1.0,34.2,0.0,0.375,-3.5,18.0,200.0,0.1,0.3,7,7,53.4,7.0,1403,1167,939,,,,,,,,,,,,,,,-3.5,0.3333333333333333,56.0,35.0,7.0,9.0,496.0,0.0,0.0,0.0,,,0.25,0.0,-0.4064999999999941,-0.5531000000000006,-1.8947999999999965,,,0.17327538947502735,0.21602468994692847,1.0,0.0,
151,202307010912,1,2,3,24,7,10,10,152,0,0,0,2,1,1,2,10,2,4,2,44,0,0,0,2,0,0,0,2,0,3,0,18,0,0,0,1,0.0,0.0,10.0,10.0,36.2,1.3,0.2727272727272727,0.0,0.0,11.0,11.0,35.8,1.2,0.4375,0.0,0.0,11.0,14.0,33.2,1.0,0.8333333333333334,2.0,-4.0,0.0,0.0,0.07142857142857142,7,10,82.3,11.0,1507,1013,593,0.0,0.0,6.0,13.0,35.3,0.9,0.35714285714285715,0.0,0.0,10.0,5.0,35.3,0.4,0.25,-0.8,0.0,56.0,-345.0,13.0,11.0,460.0,-0.09090909090909091,0.0,-0.05555555555555555,0.0,0.0625,0.23000000000000115,0.0,1.1253000000000029,0.7252999999999972,-1.906499999999994,-1.0748999999999995,0.22529999999999717,0.21221536363552468,1.036532681587994,0.0,4.0,0.0
152,202307010912,18,19,13,126,42,32,27,236,6,5,3,21,7,10,2,41,13,10,6,66,3,4,0,8,4,2,1,8,5,3,2,23,2,0,0,2,0.0,0.0,3.0,3.0,34.6,0.6,0.5,0.0,0.0,2.0,3.0,34.3,0.0,0.4166666666666667,0.0,0.0,4.0,7.0,32.6,0.6,1.0,2.0,0.0,400.0,0.13793103448275862,0.5172413793103449,5,6,6.6,4.0,1657,1428,1317,0.0,0.0,2.0,1.0,33.4,0.0,0.9444444444444444,0.0,0.0,8.0,2.0,34.3,0.2,0.8333333333333334,-0.4,0.8,56.0,-371.0,13.0,12.0,490.0,0.0,0.0,0.0,-0.2777777777777778,0.0,0.15000000000000072,0.0,-0.5531000000000006,-0.8531000000000049,-2.5531000000000006,-1.7531000000000034,-0.8064999999999998,0.23674750836291683,0.7391887445030525,0.0,0.0,
153,202307010912,31,34,23,265,8,9,9,31,3,3,2,8,4,3,7,51,2,4,3,2,1,2,1,1,1,1,1,14,1,2,0,0,1,1,0,0,0.0,0.0,10.0,3.0,35.1,0.4,0.2777777777777778,0.0,0.0,10.0,2.0,33.7,0.0,0.45454545454545453,0.0,0.0,10.0,10.0,34.9,0.6,0.6153846153846154,3.5,-2.0,-200.0,0.1111111111111111,0.4691358024691358,8,13,2.7,1.0,1503,939,1263,0.0,0.0,10.0,3.0,34.0,0.2,0.4444444444444444,0.0,0.0,30.0,3.0,34.7,0.3,0.5333333333333333,0.1,0.8,57.0,90.0,13.0,18.0,508.0,0.0,0.0,-0.07692307692307693,0.0,0.06666666666666667,0.05,0.0,-1.2316999999999965,-1.7591999999999999,-0.1747000000000014,-1.0747,-0.37469999999999715,0.11213288429456057,0.538144961882948,2.0,3.0,0.6666666666666666
154,202307010912,1,1,3,25,2,0,2,7,1,0,1,0,1,1,1,12,1,0,2,1,1,0,1,0,0,0,1,0,0,0,1,0,0,0,1,0,0.0,0.0,1.0,7.0,34.4,0.9,0.8235294117647058,0.0,0.0,2.0,4.0,34.3,0.4,0.7692307692307693,0.0,0.0,1.0,3.0,33.1,0.1,0.2222222222222222,-2.0,-2.0,0.0,0.04477611940298507,0.14925373134328357,7,11,3.6,2.0,1674,705,1428,0.0,0.0,2.0,2.0,34.3,0.2,0.6666666666666666,0.0,0.0,4.0,3.0,34.1,0.1,0.5384615384615384,-1.0,0.6,57.0,-36.0,13.0,17.0,464.0,-0.17647058823529413,0.0,0.0,-0.1111111111111111,-0.07692307692307693,0.05999999999999943,0.0,-0.6747000000000014,-0.7747000000000028,-1.9746999999999986,-0.7747000000000028,-0.9746999999999986,0.21422933503158995,0.4799999999999987,-1.0,5.0,0.6
155,202307010912,22,14,22,201,7,3,3,77,2,1,1,6,3,2,2,39,3,0,1,19,1,0,0,0,1,1,1,8,0,0,0,7,0,0,0,0,0.0,0.0,10.0,12.0,48.7,8.5,0.8333333333333334,0.0,0.0,12.0,14.0,38.0,2.1,0.8125,0.0,0.0,15.0,10.0,34.7,0.6,0.4117647058823529,-1.0,-33.0,200.0,0.23376623376623376,0.5454545454545454,6,8,34.6,9.0,1506,1393,199,0.0,0.0,10.0,17.0,34.6,1.0,0.8888888888888888,0.0,0.0,8.0,17.0,36.1,1.8,0.7777777777777778,1.3,0.0,57.0,-540.0,13.0,12.0,471.0,0.16666666666666666,0.0625,0.11764705882352941,-0.1111111111111111,0.0,2.8600000000000003,0.0,10.546200000000006,0.08890000000000242,-0.45309999999999917,-0.5531000000000006,1.0253000000000014,0.17040133564834112,5.285224687749803,1.0,1.0,0.0
156,202307010912,16,14,16,128,0,0,1,3,0,0,1,1,0,3,4,37,0,0,1,1,0,0,1,1,0,1,1,15,0,0,1,1,0,0,1,1,0.0,0.0,3.0,6.0,39.8,1.8,0.2727272727272727,0.0,0.0,9.0,8.0,34.1,0.5,1.0,0.0,0.0,5.0,6.0,35.0,1.2,0.875,0.0,-2.0,300.0,0.05660377358490566,0.18867924528301888,4,4,27.2,7.0,1127,355,1328,0.0,0.0,7.0,2.0,33.6,0.1,0.9285714285714286,0.0,0.0,5.0,7.0,35.2,1.4,0.6428571428571429,-0.4,0.2,58.0,-533.0,13.0,11.0,502.0,0.0,-0.07142857142857142,0.0,-0.07142857142857142,0.07142857142857142,0.9699999999999989,0.0,2.3658999999999963,-1.1633999999999958,-0.07469999999999999,-1.4746999999999986,-1.1748999999999938,0.2642314632087462,2.208710030764562,2.0,4.0,0.25
157,202307010912,25,27,16,168,10,9,8,83,1,4,1,17,11,10,5,51,4,2,4,24,1,1,0,7,4,3,4,21,0,0,3,9,0,0,0,4,0.0,0.0,80.0,5.0,34.9,0.7,0.6875,0.0,0.0,30.0,15.0,40.1,2.6,0.4375,0.0,0.0,30.0,7.0,35.0,0.4,0.4375,1.0,-4.0,0.0,0.10112359550561797,0.29213483146067415,4,5,20.3,6.0,1098,1362,1294,0.0,0.0,40.0,5.0,35.0,0.7,0.4117647058823529,0.0,0.0,40.0,6.0,35.2,0.8,0.5833333333333334,-0.8,0.0,57.0,14.0,13.0,16.0,458.0,-0.0625,0.125,0.125,0.0,-0.16666666666666666,0.4499999999999993,0.0,-1.474899999999998,1.8205000000000027,-0.6499000000000024,-0.10649999999999693,0.12530000000000285,0.10680370288353658,2.032338554473639,0.0,3.0,0.0
158,202307010912,2,8,8,110,0,1,0,31,0,0,0,4,0,0,0,21,0,0,0,4,0,0,0,2,0,0,0,10,0,0,0,2,0,0,0,2,0.0,0.0,100.0,7.0,34.6,0.7,0.8666666666666667,0.0,0.0,100.0,10.0,34.1,1.1,0.7692307692307693,0.0,0.0,50.0,12.0,36.1,1.7,0.9285714285714286,2.5,-6.0,0.0,0.0,0.0,5,7,281.6,12.0,1561,1124,1263,0.0,0.0,30.0,3.0,35.4,0.7,0.7857142857142857,0.0,0.0,60.0,5.0,35.5,0.6,0.7,-1.1,0.2,53.0,42.0,13.0,15.0,434.0,0.06666666666666667,0.0,0.0,-0.35714285714285715,-0.1,-0.30999999999999944,0.0,-0.47469999999999857,-1.3592000000000013,-0.7502999999999957,-0.05920000000000414,0.04079999999999728,0.07952636565525265,0.7059745037889112,2.0,1.0,0.0
159,202307010912,22,20,29,184,0,1,0,6,0,0,0,2,8,4,7,54,0,1,0,3,0,0,0,2,3,1,2,21,0,0,0,1,0,0,0,1,0.0,0.0,7.0,9.0,43.2,5.8,0.8888888888888888,0.0,0.0,13.0,13.0,33.9,0.9,0.9333333333333333,0.0,0.0,14.0,10.0,35.2,1.6,0.9375,0.5,12.0,0.0,0.1836734693877551,0.3673469387755102,3,3,13.5,5.0,1152,796,1428,0.0,0.0,12.0,16.0,35.1,1.1,0.5294117647058824,0.0,0.0,15.0,7.0,34.8,0.5,0.3888888888888889,-0.1,0.0,55.0,-626.0,13.0,9.0,500.0,0.1111111111111111,0.0,0.0,0.058823529411764705,0.0,1.560000000000001,0.0,5.1274000000000015,-1.2064999999999984,-0.09129999999999683,-0.05310000000000059,-0.35310000000000485,0.2306866911656779,3.4109236285792166,0.0,0.0,
160,202307010912,3,1,4,20,0,1,2,4,0,0,1,1,0,0,0,4,0,0,0,1,0,0,0,0,0,0,0,0,0,0,0,0,0,0,0,0,0.0,0.0,70.0,10.0,35.4,0.8,0.3076923076923077,0.0,0.0,100.0,5.0,34.6,0.4,0.375,0.0,0.0,90.0,11.0,34.4,1.4,1.0,0.5,-8.0,400.0,0.09859154929577464,0.29577464788732394,6,9,71.5,10.0,1534,1508,1235,0.0,0.0,60.0,12.0,35.9,0.9,0.375,0.0,0.0,10.0,1.0,35.5,0.0,0.1111111111111111,-1.1,0.2,57.0,203.0,13.0,13.0,502.0,0.0,0.0,0.0,-0.1875,0.0,-0.15,0.0,0.24689999999999657,-0.5531000000000006,-0.7531000000000034,0.08379999999999654,0.346899999999998,0.2991750595697054,0.5678027826631352,3.0,0.0,
161,202307010912,3,4,4,61,18,20,26,184,0,0,0,2,2,2,1,12,4,4,5,52,0,0,0,1,0,0,0,3,1,2,2,14,0,0,0,1,0.0,0.0,12.0,7.0,35.9,1.1,1.0,0.0,0.0,14.0,10.0,35.5,1.9,0.8571428571428571,0.0,0.0,18.0,12.0,35.8,1.8,0.9444444444444444,2.5,-5.0,0.0,0.0,0.023809523809523808,1,1,291.5,13.0,1036,1167,1108,0.0,0.0,13.0,11.0,35.0,1.0,1.0,0.0,0.0,15.0,11.0,35.2,0.9,0.8125,0.9,0.0,58.0,-535.0,13.0,12.0,421.0,-0.16666666666666666,0.07142857142857142,0.0,-0.23076923076923078,0.0,0.18999999999999914,0.0,0.8252999999999986,-0.8748999999999967,-0.5616000000000057,-0.07469999999999999,0.12530000000000285,0.07598040649951601,0.3429285639896436,4.0,4.0,0.0
162,202307010912,8,6,5,44,1,2,1,3,1,0,1,0,2,1,1,10,1,0,1,0,1,0,1,0,0,0,1,4,0,0,1,0,0,0,1,0,0.0,0.0,7.0,12.0,34.6,0.9,0.7222222222222222,0.0,0.0,3.0,12.0,35.0,1.3,0.8461538461538461,0.0,0.0,2.0,5.0,34.3,0.6,0.7222222222222222,-3.5,4.0,200.0,0.0,0.25,2,2,4.6,3.0,1154,526,1561,0.0,0.0,2.0,3.0,34.1,0.1,0.8,0.0,0.0,3.0,5.0,33.3,0.4,0.6666666666666666,-2.3,0.2,55.0,-85.0,13.0,18.0,446.0,0.0,0.15384615384615385,0.0,0.06666666666666667,-0.05555555555555555,0.3500000000000007,0.0,-0.5064999999999955,-0.07469999999999999,-0.8064999999999998,-0.9746999999999986,-1.7747000000000028,0.0635966359650459,0.5678027826631367,-1.0,3.0,0.3333333333333333
163,202307010912,8,10,9,71,9,16,19,144,0,0,0,1,2,6,3,24,3,2,4,28,0,0,0,0,1,4,1,4,0,2,1,12,0,0,0,0,0.0,0.0,6.0,11.0,39.0,1.9,0.375,0.0,0.0,3.0,4.0,36.2,0.8,0.125,0.0,0.0,2.0,2.0,37.4,0.1,0.2,-4.5,10.0,400.0,0.0,0.0625,8,12,32.0,8.0,1677,1183,1167,0.0,0.0,11.0,4.0,35.5,0.4,0.23076923076923078,0.0,0.0,8.0,9.0,36.1,1.5,0.1,-0.4,0.2,54.0,-344.0,13.0,16.0,466.0,-0.1875,0.0,-0.06666666666666667,0.0,0.0,0.65,0.0,1.0889000000000024,-1.2177000000000007,-0.511099999999999,-0.9410999999999987,0.3626000000000005,0.09696122570358127,1.2435433245367844,-2.0,0.0,
164,202307011005,22,20,29,184,0,0,0,3,0,0,0,0,8,4,7,54,0,0,0,1,0,0,0,0,2,1,3,17,0,0,0,0,0,0,0,0,0.0,0.0,40.0,2.0,33.0,0.1,0.5294117647058824,,,,,,,,,,,,,,,,,0.0,0.22784810126582278,0.5443037974683544,2,4,1.9,1.0,1152,502,1428,,,,,,,,,,,,,,,,1.0,54.0,84.0,16.0,17.0,460.0,0.0,,,,,,,-2.0747,,,,,,,0.0,1.0,1.0
165,202307011005,8,6,13,87,5,0,2,6,0,0,0,0,0,0,1,23,3,0,1,1,0,0,0,0,0,0,0,12,1,0,0,0,0,0,0,0,0.0,0.0,120.0,4.0,35.0,0.3,0.3125,0.0,0.0,20.0,7.0,35.4,1.3,0.21428571428571427,,,,,,,,3.0,4.0,0.0,0.13333333333333333,0.5333333333333333,3,6,24.9,7.0,1317,1505,1186,,,,,,,,,,,,,,,3.0,0.0,54.0,20.0,16.0,16.0,478.0,0.0625,-0.07142857142857142,,,,-0.3999999999999986,0.0,-0.07469999999999999,-0.05920000000000414,,,,0.04910714285714286,0.1999999999999993,2.0,1.0,0.0
166,202307011005,0,1,0,0,4,2,0,9,0,1,0,0,0,0,0,0,1,0,0,2,0,0,0,0,0,0,0,0,0,0,0,2,0,0,0,0,0.0,0.0,20.0,2.0,35.4,0.1,0.15384615384615385,0.0,0.0,40.0,2.0,34.3,0.4,0.6666666666666666,0.0,0.0,50.0,3.0,35.2,1.1,0.625,0.5,4.0,200.0,0.0,0.0,6,12,22.9,6.0,1475,1736,1645,,,,,,,,,,,,,,,0.5,1.0,50.0,140.0,16.0,13.0,460.0,0.0,0.0,0.0,,,0.09999999999999787,0.0,0.29350000000000165,-0.8531000000000049,0.04690000000000083,,,0.23254794875374435,0.4784233364802455,0.0,0.0,
167,202307011005,4,3,3,34,2,3,0,7,0,0,0,0,1,3,3,9,0,0,0,2,0,0,0,0,0,2,2,5,0,0,0,0,0,0,0,0,0.0,0.0,20.0,5.0,35.2,0.3,0.1875,0.0,0.0,10.0,3.0,34.7,0.4,0.5625,0.0,0.0,50.0,3.0,33.8,0.2,0.11764705882352941,-1.0,0.0,0.0,0.0,0.041666666666666664,7,13,8.8,4.0,1064,464,1556,,,,,,,,,,,,,,,-1.0,0.6666666666666666,52.0,20.0,16.0,16.0,472.0,0.0,0.0,0.0,,,0.7000000000000028,0.0,0.12530000000000285,-0.4064999999999941,-1.2747000000000028,,,0.19533406503399925,0.5792715732327613,-2.0,2.0,0.5
168,202307011005,17,26,23,177,10,10,9,121,0,0,0,2,5,5,8,48,3,1,0,28,0,0,0,0,2,2,4,11,0,0,0,9,0,0,0,0,0.0,0.0,3.0,15.0,33.9,1.5,0.625,0.0,0.0,1.0,1.0,33.3,0.0,0.6666666666666666,0.0,0.0,1.0,2.0,34.4,0.1,0.7857142857142857,-6.5,0.0,0.0,0.08571428571428572,0.17142857142857143,7,14,4.4,2.0,1393,1558,1263,0.0,0.0,3.0,2.0,33.7,0.0,0.15384615384615385,0.0,0.0,12.0,9.0,34.8,1.1,0.11764705882352941,-1.0999999999999999,0.6,54.0,-412.0,16.0,16.0,466.0,0.125,0.0,0.0,0.0,0.058823529411764705,-0.22000000000000028,0.0,-1.1747000000000014,-1.7747000000000028,-0.8633999999999986,-1.5633999999999943,-0.6592000000000056,0.27802297893324285,0.5268775948927791,-2.0,4.0,0.75
169,202307011005,25,27,16,168,7,10,10,152,1,0,3,7,11,10,5,51,2,4,2,44,1,0,0,3,3,1,1,14,0,0,0,13,0,0,0,1,0.0,0.0,11.0,13.0,40.9,3.8,0.38461538461538464,0.0,0.0,11.0,14.0,44.4,6.5,0.14285714285714285,0.0,0.0,5.0,16.0,40.0,3.7,0.5,1.5,-2.0,200.0,0.2222222222222222,0.3888888888888889,5,10,79.0,13.0,1098,1013,1294,0.0,0.0,7.0,6.0,38.3,0.9,0.06666666666666667,0.0,0.0,4.0,1.0,38.2,0.0,0.0625,-3.2,0.2,51.0,-651.0,16.0,13.0,462.0,0.07692307692307693,0.07142857142857142,0.3125,0.0,0.0,1.1499999999999992,0.0,2.6205,4.853299999999997,1.7205000000000013,-1.3259000000000043,-1.0093999999999994,0.1783956315097418,2.2650386310171395,-2.0,0.0,
170,202307011005,6,5,4,34,0,0,0,6,0,0,0,0,0,2,1,10,0,0,0,3,0,0,0,0,0,2,1,7,0,0,0,1,0,0,0,0,0.0,0.0,3.0,5.0,40.7,1.7,0.2,0.0,0.0,6.0,6.0,35.0,0.5,0.2777777777777778,0.0,0.0,8.0,11.0,37.5,2.0,0.16666666666666666,3.0,21.0,200.0,0.0,0.04,4,8,316.7,15.0,1289,1050,1428,0.0,0.0,9.0,8.0,35.5,0.8,0.4444444444444444,0.0,0.0,12.0,5.0,36.3,0.9,0.17647058823529413,0.2,0.0,54.0,-546.0,16.0,10.0,461.0,0.3,0.1111111111111111,0.0,0.0,0.058823529411764705,0.8300000000000012,0.0,2.420500000000004,-0.153100000000002,2.236600000000003,0.04079999999999728,0.5625999999999962,0.10332868241198344,2.033715811021787,0.0,1.0,0.0
171,202307011005,1,1,1,15,0,1,1,5,0,0,0,0,0,0,0,4,0,0,0,0,0,0,0,0,0,0,0,3,0,0,0,0,0,0,0,0,0.0,0.0,30.0,8.0,33.8,0.8,0.8125,,,,,,,,,,,,,,,,,0.0,0.02127659574468085,0.1702127659574468,1,2,42.6,8.0,1243,314,1428,,,,,,,,,,,,,,,,0.0,54.0,20.0,16.0,16.0,454.0,-0.0625,,,,,,,-1.2747000000000028,,,,,,,0.0,1.0,0.0
172,202307011005,0,1,0,7,9,10,8,83,0,0,0,1,0,0,0,2,4,3,2,24,0,0,0,0,0,0,0,2,1,0,1,11,0,0,0,0,0.0,0.0,8.0,11.0,38.3,3.3,0.4166666666666667,0.0,0.0,12.0,9.0,36.8,0.9,0.3125,0.0,0.0,2.0,16.0,37.4,1.9,0.3125,2.5,0.0,600.0,0.03571428571428571,0.14285714285714285,2,3,111.8,14.0,1246,1618,533,0.0,0.0,4.0,8.0,35.5,0.5,0.2222222222222222,0.0,0.0,7.0,5.0,36.5,0.9,0.05555555555555555,-1.3,0.0,54.0,-209.0,16.0,12.0,430.0,0.0,-0.0625,0.0,0.0,0.0,0.48999999999999916,0.0,1.8588999999999984,1.434599999999996,2.2468999999999966,0.20870000000000033,1.2366000000000028,0.12100084174791391,0.9316651759081683,0.0,1.0,0.0
173,202307011005,25,27,16,168,7,10,10,152,1,0,3,7,11,10,5,51,2,4,2,44,1,0,0,3,3,1,1,14,0,0,0,13,0,0,0,1,0.0,0.0,4.0,11.0,44.9,4.8,0.45454545454545453,0.0,0.0,1.0,16.0,35.6,0.8,0.4375,0.0,0.0,1.0,2.0,33.8,0.0,0.9333333333333333,-4.5,9.0,300.0,0.18,0.36,8,16,8.7,3.0,1098,1013,1294,0.0,0.0,5.0,2.0,35.4,0.2,0.125,0.0,0.0,5.0,6.0,35.0,0.6,0.3333333333333333,-2.4,0.4,54.0,-545.0,16.0,11.0,481.0,0.36363636363636365,0.125,0.0,0.0,-0.05555555555555555,2.0,0.0,7.308599999999998,0.23460000000000036,-1.3531000000000049,0.24689999999999657,-0.10649999999999693,0.26563013080444126,4.028697059844535,1.0,0.0,
174,202307011005,8,6,5,44,0,0,0,3,0,0,0,0,2,1,1,10,0,0,0,0,0,0,0,0,1,0,0,3,0,0,0,0,0,0,0,0,0.0,0.0,3.0,4.0,37.0,1.5,0.7272727272727273,0.0,0.0,9.0,6.0,35.7,1.2,0.14285714285714285,0.0,0.0,10.0,11.0,35.7,1.0,0.875,3.5,4.0,600.0,0.03333333333333333,0.2,3,5,49.9,10.0,1154,89,1561,0.0,0.0,8.0,3.0,34.2,0.3,0.125,,,,,,,,0.2,0.25,54.0,-277.0,16.0,11.0,496.0,0.0,0.07142857142857142,0.0625,-0.0625,,0.8399999999999992,0.0,1.1022999999999996,-0.2224999999999966,0.6253000000000029,-0.8746999999999971,,0.33772672026063677,0.9912113800799495,0.0,2.0,0.5
175,202307011005,0,0,1,13,6,9,8,74,0,0,0,0,0,0,0,4,1,1,1,21,0,0,0,0,0,0,0,2,0,0,0,11,0,0,0,0,0.0,0.0,1.0,1.0,38.1,0.0,0.08333333333333333,0.0,0.0,4.0,13.0,37.1,1.4,0.07142857142857142,0.0,0.0,5.0,4.0,35.8,0.4,0.07142857142857142,1.5,-2.0,780.0,0.0989010989010989,0.2857142857142857,1,1,52.6,12.0,1399,1366,1428,0.0,0.0,2.0,3.0,35.8,0.7,0.14285714285714285,0.0,0.0,6.0,4.0,37.3,0.3,0.13333333333333333,-0.4,0.4,54.0,-514.0,16.0,12.0,476.0,0.0,0.0,0.0,0.0,0.0,0.29000000000000126,0.0,,0.825800000000001,-0.4742000000000033,-0.6411000000000016,-0.6111000000000004,0.031167748898959183,0.8975522268926764,0.0,0.0,
176,202307011005,0,0,1,5,0,0,1,3,0,0,1,0,0,0,0,1,0,0,0,0,0,0,0,0,0,0,0,0,0,0,0,0,0,0,0,0,0.0,0.0,5.0,6.0,38.2,0.9,0.1875,0.0,0.0,4.0,4.0,39.0,1.2,0.375,0.0,0.0,1.0,6.0,38.4,0.9,0.25,0.0,0.0,-100.0,0.043478260869565216,0.14492753623188406,6,11,52.5,11.0,1699,829,1313,0.0,0.0,2.0,2.0,36.1,0.3,0.3125,0.0,0.0,2.0,2.0,37.2,0.2,0.375,-1.0,0.4,54.0,-203.0,16.0,16.0,440.0,0.125,0.0,0.0,0.0,0.0,0.4899999999999999,0.0,-1.1925999999999988,-0.3926000000000016,0.12049999999999983,-1.317700000000002,-1.079499999999996,0.07288689868556625,1.020588065773845,3.0,0.0,
177,202307011005,0,1,0,7,3,4,5,24,0,0,0,1,0,0,0,2,0,1,1,12,0,0,0,1,0,0,0,2,0,1,0,7,0,0,0,1,0.0,0.0,160.0,13.0,37.3,1.8,0.875,0.0,0.0,150.0,15.0,40.1,3.6,0.6,0.0,0.0,100.0,10.0,37.8,2.6,0.7272727272727273,-1.5,-8.0,450.0,0.015384615384615385,0.15384615384615385,5,9,349.5,16.0,1246,1506,533,0.0,0.0,170.0,16.0,35.8,1.5,0.8823529411764706,0.0,0.0,160.0,16.0,35.9,2.8,0.9375,0.7,0.0,54.0,-658.0,16.0,16.0,442.0,0.0,0.2,0.09090909090909091,0.058823529411764705,,0.7100000000000002,0.0,-0.5233000000000061,1.8205000000000027,1.6341999999999999,0.4345999999999961,2.3566000000000003,0.12369689088889628,1.5663971399361032,-1.0,0.0,
178,202307011005,9,12,11,109,9,10,8,83,0,0,0,1,4,2,3,27,4,3,2,24,0,0,0,1,1,1,1,5,1,0,1,11,0,0,0,1,0.0,0.0,9.0,11.0,46.6,5.2,0.3333333333333333,0.0,0.0,9.0,14.0,39.2,4.8,0.21428571428571427,0.0,0.0,4.0,13.0,38.4,1.6,0.0625,1.0,1.0,100.0,0.09722222222222222,0.2916666666666667,4,7,13.9,5.0,1736,1618,1482,0.0,0.0,5.0,15.0,36.4,1.4,0.6875,0.0,0.0,3.0,5.0,35.1,0.3,0.13333333333333333,-1.1,0.0,54.0,-303.0,16.0,12.0,427.0,0.25,0.14285714285714285,0.0,0.125,0.0,2.5800000000000005,0.0,,4.046900000000001,2.940799999999996,1.3252999999999986,-0.8166000000000011,0.21992944910819473,4.0007999200159965,0.0,1.0,0.0
179,202307011005,2,0,1,3,0,1,0,3,0,0,0,0,1,0,1,1,0,0,0,0,0,0,0,0,0,0,1,1,0,0,0,0,0,0,0,0,0.0,0.0,6.0,7.0,40.3,2.0,0.5,0.0,0.0,2.0,18.0,38.1,2.4,0.05555555555555555,0.0,0.0,5.0,4.0,34.9,0.3,0.16666666666666666,-1.5,2.0,200.0,0.10843373493975904,0.4819277108433735,8,15,48.0,9.0,1248,361,1428,0.0,0.0,8.0,4.0,35.3,0.5,0.1111111111111111,0.0,0.0,9.0,16.0,39.2,3.6,0.25,0.4,0.0,54.0,-367.0,16.0,10.0,474.0,0.0,0.0,0.0,0.0,-0.0625,0.4999999999999993,0.0,2.0204999999999984,2.9468999999999994,-0.4654000000000025,0.19350000000000023,4.125300000000003,0.15555555555555556,2.129413064672987,2.0,1.0,0.0
180,202307011012,25,27,16,168,0,0,2,8,0,0,2,1,11,10,5,51,0,0,2,2,0,0,2,1,1,3,0,6,0,0,0,0,0,0,0,0,0.0,0.0,30.0,3.0,34.8,0.2,0.1111111111111111,0.0,0.0,40.0,1.0,34.9,0.0,0.09090909090909091,0.0,0.0,60.0,3.0,33.2,0.1,0.375,0.0,-2.0,0.0,0.17647058823529413,0.35294117647058826,6,6,2.9,1.0,1098,1172,1294,0.0,0.0,60.0,6.0,35.9,1.1,0.6666666666666666,0.0,0.0,170.0,13.0,34.8,1.1,0.5555555555555556,2.5,0.6,54.0,84.0,9.0,9.0,430.0,0.0,0.0,0.1875,-0.16666666666666666,-0.1111111111111111,-0.1,0.0,-0.27470000000000283,-1.4316999999999993,-1.8746999999999971,0.33789999999999765,-0.27470000000000283,0.2310267955612934,0.865794432876533,1.0,3.0,0.6666666666666666
181,202307011012,4,3,3,34,0,0,1,0,0,0,1,0,1,3,3,9,0,0,1,0,0,0,1,0,0,0,0,0,0,0,0,0,0,0,0,0,0.0,0.0,3.0,1.0,33.3,0.0,0.05555555555555555,0.0,0.0,4.0,1.0,33.5,0.0,0.0625,0.0,0.0,5.0,10.0,36.7,1.3,0.058823529411764705,4.5,2.0,0.0,0.10975609756097561,0.47560975609756095,2,2,3.8,2.0,1064,993,1556,0.0,0.0,1.0,11.0,35.4,0.6,0.26666666666666666,0.0,0.0,10.0,10.0,34.8,0.7,0.125,2.8,0.4,57.0,-560.0,9.0,18.0,488.0,0.0,0.0,0.0,0.0,0.0,-0.4899999999999999,0.0,-1.7747000000000028,-1.5747,1.4366000000000057,-0.9748999999999981,-0.27470000000000283,0.08067234239371415,1.2563439019631542,0.0,5.0,0.4
182,202307011012,70,50,54,378,0,0,0,1,0,0,0,0,14,10,16,91,0,0,0,0,0,0,0,0,0,2,2,7,0,0,0,0,0,0,0,0,0.0,0.0,16.0,14.0,34.3,0.7,0.6111111111111112,0.0,0.0,12.0,11.0,34.3,1.2,0.625,0.0,0.0,8.0,1.0,33.9,0.0,0.375,-6.5,10.0,200.0,0.23076923076923078,0.5384615384615384,7,7,5.7,4.0,1428,237,1263,0.0,0.0,11.0,3.0,34.0,0.0,0.5294117647058824,0.0,0.0,5.0,12.0,36.0,1.4,0.5,-1.2,0.4,58.0,-651.0,9.0,18.0,482.0,0.0,-0.0625,-0.0625,0.0,-0.07142857142857142,-0.31000000000000083,0.0,-0.8064999999999998,-0.9913000000000025,-1.2064999999999984,-1.106499999999997,0.8935000000000031,0.09001266043161288,0.7668115805072331,3.0,0.0,
183,202307011012,0,1,1,10,42,32,27,236,0,1,0,1,0,0,0,4,13,10,6,66,0,0,0,1,0,0,0,0,2,0,0,1,0,0,0,0,0.0,0.0,70.0,2.0,34.2,0.3,0.5833333333333334,0.0,0.0,10.0,1.0,34.8,0.0,0.4375,0.0,0.0,50.0,4.0,33.7,0.2,0.1875,1.0,10.0,0.0,0.1,0.28888888888888886,5,5,6.2,5.0,1020,1428,1576,0.0,0.0,90.0,7.0,33.3,0.5,0.5555555555555556,0.0,0.0,40.0,1.0,36.2,0.0,0.1875,0.4,0.6,57.0,24.0,9.0,12.0,478.0,0.08333333333333333,0.0,0.0,0.05555555555555555,0.0,-0.25,0.0,-0.8746999999999971,-0.8499000000000052,-1.3746999999999971,-1.7747000000000028,1.1253000000000029,0.1726584975902532,1.013114011353116,0.0,5.0,0.6
184,202307011012,70,50,54,378,2,3,0,7,2,3,0,4,14,10,16,91,2,1,0,1,2,1,0,1,0,2,2,7,0,0,0,0,0,0,0,0,0.0,0.0,40.0,4.0,34.1,0.4,0.75,0.0,0.0,10.0,1.0,34.2,0.0,0.1875,0.0,0.0,20.0,5.0,36.3,0.6,0.25,0.5,2.0,0.0,0.18181818181818182,0.36363636363636365,4,4,5.0,3.0,1428,556,1263,0.0,0.0,90.0,8.0,36.5,1.5,0.6666666666666666,0.0,0.0,30.0,7.0,35.7,1.0,0.7,1.3,0.2,57.0,24.0,9.0,12.0,506.0,0.0,0.0,-0.125,0.16666666666666666,-0.2,-0.55,0.0,-0.9746999999999986,-0.8746999999999971,0.38339999999999463,0.46999999999999886,-0.9831999999999965,0.24076844569927436,1.0229369482035524,0.0,2.0,0.5
185,202307011012,8,10,9,71,7,8,8,52,1,0,1,2,2,6,3,24,3,3,2,13,1,0,0,1,0,0,1,2,0,0,0,1,0,0,0,1,0.0,0.0,7.0,3.0,34.9,0.3,0.6666666666666666,0.0,0.0,8.0,7.0,36.3,1.0,0.9230769230769231,0.0,0.0,10.0,5.0,36.1,0.7,0.3125,1.0,-14.0,0.0,0.07407407407407407,0.14814814814814814,8,8,26.1,6.0,1677,1503,1167,0.0,0.0,9.0,8.0,33.7,0.5,0.8181818181818182,0.0,0.0,10.0,10.0,35.1,1.3,0.8181818181818182,1.5,0.2,58.0,-364.0,9.0,9.0,494.0,0.1111111111111111,-0.07692307692307693,0.0,0.09090909090909091,-0.6363636363636364,0.21999999999999886,0.0,-0.1747000000000014,-1.8537999999999997,-1.8166999999999973,-1.3746999999999971,-0.6373999999999995,0.2138534336579894,0.9346657156438326,0.0,2.0,0.5
186,202307011012,18,19,13,126,4,13,6,97,0,0,0,3,7,10,2,41,1,3,2,22,0,0,0,0,1,1,1,0,0,0,1,1,0,0,0,0,0.0,0.0,90.0,11.0,35.7,0.9,0.6666666666666666,0.0,0.0,90.0,9.0,35.4,0.5,0.1875,0.0,0.0,40.0,10.0,37.0,1.6,0.18181818181818182,-0.5,-4.0,400.0,0.04411764705882353,0.14705882352941177,8,9,59.0,9.0,1657,1235,1317,0.0,0.0,170.0,17.0,36.9,2.4,0.29411764705882354,0.0,0.0,70.0,8.0,34.5,1.3,0.8,0.2,0.0,57.0,14.0,9.0,18.0,474.0,0.1111111111111111,0.0,0.09090909090909091,0.0,0.0,0.09000000000000057,0.0,-0.11619999999999919,0.24689999999999657,1.846899999999998,1.7468999999999966,-0.6064999999999969,0.2575641309232544,0.9444575162494073,-1.0,0.0,
187,202307011012,8,10,9,71,4,13,6,97,0,0,1,3,2,6,3,24,1,3,2,22,0,0,1,1,0,0,1,2,0,0,1,1,0,0,1,1,0.0,0.0,10.0,12.0,39.6,3.5,1.0,0.0,0.0,10.0,9.0,36.0,0.8,0.2727272727272727,0.0,0.0,6.0,5.0,35.0,1.1,0.2,-3.5,-12.0,400.0,0.0,0.043478260869565216,3,3,26.6,7.0,1677,1235,1167,0.0,0.0,7.0,8.0,35.2,1.7,0.5555555555555556,0.0,0.0,6.0,4.0,35.7,0.5,0.5,-1.7,0.0,56.0,-283.0,9.0,12.0,496.0,0.0,0.0,-0.1,-0.1111111111111111,-0.0625,0.8599999999999994,0.0,2.182299999999998,0.9253,-0.07469999999999999,0.12530000000000285,0.6253000000000029,0.28091967842781496,1.6876018487783189,2.0,4.0,0.0
188,202307011012,3,1,3,22,0,0,2,10,0,0,0,0,0,0,1,9,0,0,0,3,0,0,0,0,0,0,0,0,0,0,0,1,0,0,0,0,0.0,0.0,8.0,,,,,0.0,0.0,5.0,1.0,36.8,0.0,0.875,0.0,0.0,3.0,5.0,37.3,0.4,0.8333333333333334,4.0,0.0,0.0,,,1,1,32.4,8.0,1045,1620,969,0.0,0.0,1.0,12.0,38.2,1.8,0.5333333333333333,0.0,0.0,17.0,14.0,34.9,1.4,0.8888888888888888,4.6,0.25,55.0,0.0,9.0,9.0,464.0,,0.0,0.08333333333333333,0.0,0.0,0.479999999999999,0.0,,-1.4795000000000016,-0.8537999999999997,-0.07949999999999591,-0.1747000000000014,0.1453812436957344,1.206233808181483,0.0,2.0,0.0
189,202307011110,0,0,1,2,3,4,5,24,0,0,0,1,0,0,0,0,0,1,1,12,0,0,0,0,0,0,0,0,0,0,0,1,0,0,0,0,0.0,0.0,11.0,14.0,35.6,2.1,0.21428571428571427,0.0,0.0,12.0,13.0,38.0,1.6,0.4375,0.0,0.0,16.0,17.0,36.1,2.1,0.058823529411764705,1.5,-4.0,200.0,0.1782178217821782,0.3564356435643564,5,5,10.2,6.0,1195,1506,1428,0.0,0.0,5.0,10.0,34.7,0.6,0.11764705882352941,0.0,0.0,15.0,14.0,36.4,1.2,0.11764705882352941,-0.3,0.0,54.0,-618.0,11.0,14.0,454.0,0.0,0.125,0.0,0.0,0.058823529411764705,0.1700000000000003,0.0,0.4935000000000045,0.08890000000000242,0.6407999999999987,-0.37469999999999715,1.1366000000000014,0.13380571890503817,1.085541339608952,1.0,2.0,0.0
190,202307011110,8,6,5,44,18,20,26,184,1,2,1,4,2,1,1,10,4,4,5,52,0,0,0,0,0,0,0,1,1,2,0,5,0,0,0,0,0.0,0.0,10.0,1.0,34.6,0.0,0.2,,,,,,,,,,,,,,,,,-200.0,0.04285714285714286,0.14285714285714285,8,11,5.9,4.0,1154,1167,1561,,,,,,,,,,,,,,,,1.0,54.0,160.0,11.0,10.0,472.0,0.3,,,,,,,-0.8592000000000013,,,,,,,0.0,0.0,
191,202307011110,7,18,16,114,0,0,0,1,0,0,0,0,2,9,5,30,0,0,0,0,0,0,0,0,0,0,0,5,0,0,0,0,0,0,0,0,0.0,0.0,50.0,5.0,33.8,0.5,1.0,0.0,0.0,10.0,1.0,33.5,0.0,0.6,,,,,,,,-4.0,2.0,0.0,0.0958904109589041,0.2876712328767123,7,8,8.5,5.0,1463,591,1167,,,,,,,,,,,,,,,-4.0,0.5,54.0,69.0,11.0,11.0,434.0,0.0,0.0,,,,0.29999999999999716,0.0,-1.2747000000000028,-1.5747,,,,0.2,0.14999999999999858,0.0,2.0,0.5
192,202307011110,0,1,0,3,7,3,3,77,0,0,0,0,0,0,0,0,3,0,1,19,0,0,0,0,0,0,0,0,1,0,0,1,0,0,0,0,0.0,0.0,30.0,1.0,34.3,0.0,0.0625,,,,,,,,,,,,,,,,,0.0,0.14285714285714285,0.2857142857142857,6,7,5.3,3.0,1600,1393,680,,,,,,,,,,,,,,,,1.0,54.0,126.0,11.0,16.0,448.0,0.0,,,,,,,-0.7747000000000028,,,,,,,0.0,1.0,1.0
193,202307011110,4,3,3,34,10,10,9,121,0,0,0,1,1,3,3,9,3,1,0,28,0,0,0,0,0,0,0,1,1,1,0,3,0,0,0,0,0.0,0.0,30.0,3.0,35.1,0.1,0.3,0.0,0.0,10.0,1.0,33.9,0.0,0.42857142857142855,,,,,,,,-2.0,0.0,200.0,0.041666666666666664,0.25,8,10,3.7,1.0,1064,1558,1556,,,,,,,,,,,,,,,-2.0,1.0,54.0,20.0,11.0,10.0,470.0,0.0,-0.07142857142857142,,,,1.2000000000000028,0.0,-0.4620999999999995,-1.1747000000000014,,,,0.06428571428571428,0.6000000000000014,0.0,1.0,1.0
194,202307011110,31,34,23,265,8,3,8,43,0,0,0,0,4,3,7,51,2,3,2,11,0,0,0,0,0,0,2,5,0,2,0,0,0,0,0,0,0.0,0.0,20.0,2.0,34.1,0.0,0.18181818181818182,0.0,0.0,50.0,3.0,34.8,0.3,0.4166666666666667,0.0,0.0,20.0,1.0,34.3,0.0,0.2222222222222222,-0.5,0.0,0.0,0.0,0.023255813953488372,2,2,5.2,2.0,1503,1014,1263,,,,,,,,,,,,,,,-0.5,1.0,54.0,69.0,11.0,11.0,450.0,0.09090909090909091,0.0,-0.1111111111111111,,,-0.09999999999999787,0.0,-0.9746999999999986,-0.3064999999999998,-1.3499000000000052,,,0.10252096766131362,0.29439202887759347,0.0,2.0,1.0
195,202307011110,22,14,22,201,2,1,2,38,0,0,1,5,3,2,2,39,1,1,1,10,0,0,1,3,0,0,0,2,0,0,0,0,0,0,0,0,0.0,0.0,10.0,3.0,35.0,0.3,0.3333333333333333,0.0,0.0,10.0,1.0,34.3,0.0,0.4166666666666667,,,,,,,,-2.0,-8.0,0.0,0.10714285714285714,0.47619047619047616,3,3,14.9,7.0,1506,1032,199,,,,,,,,,,,,,,,-2.0,1.0,54.0,62.0,11.0,12.0,414.0,0.16666666666666666,-0.08333333333333333,,,,0.7000000000000028,0.0,-0.07469999999999999,-0.8064999999999998,,,,0.041666666666666685,0.3500000000000014,0.0,1.0,1.0
196,202307011110,22,14,22,201,42,32,27,236,3,4,3,31,3,2,2,39,13,10,6,66,0,1,0,7,0,0,0,2,1,2,0,12,0,0,0,1,0.0,0.0,30.0,1.0,35.2,0.0,0.6666666666666666,0.0,0.0,30.0,4.0,35.1,0.4,0.09090909090909091,0.0,0.0,50.0,2.0,35.0,0.1,0.07142857142857142,0.5,-4.0,200.0,0.08108108108108109,0.2702702702702703,7,9,24.8,9.0,1506,1428,199,,,,,,,,,,,,,,,0.5,0.6666666666666666,54.0,49.0,11.0,18.0,400.0,0.0,0.0,0.0,,,0.10000000000000142,0.0,0.09350000000000591,-0.8166000000000011,-0.9166000000000025,,,0.2761208806753036,0.08164965809277376,0.0,0.0,
197,202307011110,6,5,4,34,0,0,0,2,0,0,0,0,0,2,1,10,0,0,0,1,0,0,0,0,0,0,0,0,0,0,0,0,0,0,0,0,0.0,0.0,13.0,16.0,35.8,2.6,0.9375,0.0,0.0,5.0,4.0,34.9,0.9,1.0,0.0,0.0,11.0,13.0,38.3,2.3,0.14285714285714285,-1.5,14.0,-400.0,0.05555555555555555,0.18518518518518517,6,6,48.4,11.0,1289,1029,1428,0.0,0.0,6.0,5.0,35.4,1.3,0.625,0.0,0.0,7.0,10.0,36.2,1.0,0.2727272727272727,-1.1,0.0,54.0,-595.0,11.0,16.0,450.0,0.0625,-0.5454545454545454,0.07142857142857142,0.125,0.36363636363636365,-0.13000000000000114,0.0,-0.11660000000000537,-1.016600000000004,2.269999999999996,-0.6300000000000026,0.2834000000000003,0.34366327161487836,1.1720068259186887,-2.0,0.0,
198,202307011110,25,27,16,168,5,4,4,40,1,0,0,6,11,10,5,51,0,0,0,15,0,0,0,0,0,0,0,5,0,0,0,1,0,0,0,0,0.0,0.0,11.0,12.0,33.9,1.7,0.8571428571428571,0.0,0.0,9.0,15.0,38.7,2.1,1.0,0.0,0.0,9.0,10.0,36.5,1.5,0.6428571428571429,-1.0,-8.0,0.0,0.12903225806451613,0.5483870967741935,4,4,15.7,8.0,1098,1542,1294,0.0,0.0,2.0,9.0,35.2,0.9,0.875,0.0,0.0,5.0,5.0,34.0,0.2,0.8181818181818182,-2.0,0.0,54.0,-322.0,11.0,14.0,436.0,0.07142857142857142,0.0,0.2857142857142857,-0.0625,-0.09090909090909091,0.32999999999999974,0.0,-1.1747000000000014,0.546200000000006,0.5775000000000006,-0.8947999999999965,-1.153100000000002,0.11528305964942069,1.789525076661404,-1.0,1.0,0.0
199,202307011110,0,1,0,5,2,2,4,18,0,0,0,0,0,0,0,0,0,0,1,6,0,0,0,0,0,0,0,0,0,0,1,0,0,0,0,0,0.0,0.0,170.0,8.0,35.9,1.3,0.8333333333333334,0.0,0.0,30.0,6.0,34.5,0.6,0.36363636363636365,0.0,0.0,50.0,1.0,33.4,0.0,0.3,-3.5,-10.0,0.0,0.0,0.04,1,1,31.3,10.0,464,815,257,,,,,,,,,,,,,,,-3.5,0.3333333333333333,54.0,55.0,11.0,18.0,462.0,0.05555555555555555,0.09090909090909091,0.0,,,1.25,0.0,0.8252999999999986,-0.5747,-1.6747000000000014,,,0.23783964592505977,1.023067283548187,0.0,3.0,0.3333333333333333
200,202307011205,0,2,1,4,1,5,3,48,0,1,0,0,0,0,0,0,0,0,0,12,0,0,0,0,0,0,0,0,0,0,0,4,0,0,0,0,0.0,0.0,9.0,17.0,37.7,6.2,1.0,0.0,0.0,2.0,10.0,35.5,2.7,1.0,0.0,0.0,5.0,12.0,35.6,1.2,0.7857142857142857,-2.5,2.0,200.0,0.07894736842105263,0.2631578947368421,4,7,7.9,3.0,1676,1036,1428,0.0,0.0,2.0,1.0,33.3,0.0,0.5625,0.0,0.0,1.0,6.0,34.9,1.2,0.375,-3.1,0.2,54.0,-475.0,15.0,17.0,504.0,0.0,0.0,0.0,-0.0625,0.0,0.7800000000000011,0.0,2.593500000000006,0.4253,0.33660000000000423,-1.9634,-0.1747000000000014,0.24572882016813674,1.414213562373097,-1.0,4.0,0.25
201,202307011205,8,10,9,71,8,9,6,50,0,0,0,0,2,6,3,24,2,1,0,13,0,0,0,0,0,2,0,14,0,0,0,3,0,0,0,0,0.0,0.0,90.0,2.0,33.5,0.1,0.25,,,,,,,,,,,,,,,,,0.0,0.0,0.038461538461538464,1,1,2.4,1.0,1677,848,1167,,,,,,,,,,,,,,,,1.0,54.0,27.0,15.0,16.0,442.0,0.1875,,,,,,,-1.5747,,,,,,,0.0,1.0,1.0
202,202307011205,0,0,0,1,0,0,0,0,0,0,0,0,0,0,0,0,0,0,0,0,0,0,0,0,0,0,0,0,0,0,0,0,0,0,0,0,0.0,0.0,30.0,4.0,35.8,1.1,0.14285714285714285,,,,,,,,,,,,,,,,,-200.0,0.04225352112676056,0.15492957746478872,5,9,10.2,4.0,759,863,1428,,,,,,,,,,,,,,,,0.0,56.0,84.0,15.0,7.0,496.0,0.0,,,,,,,-0.5317000000000007,,,,,,,1.0,0.0,
203,202307011205,0,0,1,13,2,1,1,34,0,0,0,1,0,0,0,4,0,1,0,6,0,0,0,0,0,0,0,2,0,1,0,3,0,0,0,0,0.0,0.0,40.0,7.0,36.2,0.7,0.6875,0.0,0.0,60.0,3.0,36.2,0.9,0.3125,0.0,0.0,80.0,6.0,36.2,0.9,0.14285714285714285,-0.5,6.0,-200.0,0.0,0.09523809523809523,6,11,24.0,8.0,1399,1713,1428,0.0,0.0,60.0,4.0,34.0,0.5,0.2222222222222222,0.0,0.0,70.0,5.0,35.1,0.7,0.125,-0.3,0.2,55.0,39.0,15.0,16.0,466.0,0.0,0.0,0.07142857142857142,0.0,0.125,0.44000000000000056,0.0,0.7408000000000001,0.7408000000000001,-0.6502999999999943,-2.331699999999998,-0.3592000000000013,0.20574794116472908,0.8800000000000012,0.0,0.0,
204,202307011205,17,16,19,234,11,13,14,131,0,0,0,12,3,3,3,42,3,3,4,29,0,0,0,2,0,1,0,10,1,0,1,9,0,0,0,0,0.0,0.0,1.0,1.0,37.5,0.0,0.18181818181818182,0.0,0.0,3.0,6.0,37.2,0.8,0.4666666666666667,0.0,0.0,4.0,3.0,36.9,0.7,0.8125,1.0,-3.0,100.0,0.06896551724137931,0.13793103448275862,3,4,15.1,6.0,1691,1405,1167,0.0,0.0,1.0,3.0,36.5,0.5,0.6666666666666666,0.0,0.0,4.0,3.0,35.6,0.2,0.9375,0.1,0.8,54.0,-452.0,15.0,11.0,449.0,-0.09090909090909091,0.0,-0.0625,-0.06666666666666667,-0.0625,0.45,0.0,,-0.7110999999999947,-1.011099999999999,-1.3211000000000013,-1.817700000000002,0.2665752468984192,0.6590902821313631,0.0,0.0,
205,202307011205,2,7,6,25,2,3,0,7,0,0,0,0,0,0,2,7,0,0,0,2,0,0,0,0,0,0,2,5,0,0,0,0,0,0,0,0,0.0,0.0,2.0,9.0,38.3,1.0,0.3333333333333333,0.0,0.0,6.0,13.0,35.6,1.3,0.4375,0.0,0.0,5.0,8.0,37.7,1.8,0.3125,-0.5,-15.0,700.0,0.0,0.038461538461538464,5,8,30.4,10.0,314,464,324,0.0,0.0,4.0,3.0,35.4,0.3,0.3888888888888889,0.0,0.0,6.0,3.0,37.0,0.2,0.125,-2.2,0.4,56.0,-534.0,15.0,12.0,479.0,0.0,0.0625,0.0,-0.05555555555555555,0.0,0.2799999999999997,0.0,,0.4468999999999994,0.035700000000005616,0.10869999999999891,0.6383999999999972,0.10659213252416606,1.1401754250991376,0.0,0.0,
206,202307011205,31,34,23,265,1,2,0,25,0,0,0,3,4,3,7,51,0,0,0,8,0,0,0,0,1,1,2,10,0,0,0,1,0,0,0,0,0.0,0.0,2.0,7.0,40.4,2.7,0.125,0.0,0.0,2.0,4.0,38.3,0.1,0.06666666666666667,0.0,0.0,2.0,7.0,36.0,1.5,0.3333333333333333,0.0,2.0,200.0,0.0,0.2,7,13,3.6,2.0,1503,1551,1263,0.0,0.0,2.0,2.0,40.0,0.8,0.09090909090909091,0.0,0.0,1.0,5.0,35.7,0.3,0.5,-0.6,0.2,56.0,-104.0,15.0,16.0,514.0,0.0,0.06666666666666667,0.06666666666666667,0.0,-0.1875,0.7699999999999989,0.0,2.7357000000000014,-1.0926000000000045,0.9253,0.37409999999999854,-0.21659999999999968,0.16756753774568758,1.9548913013259832,0.0,1.0,0.0
207,202307011205,1,0,0,1,0,0,0,1,0,0,0,0,0,0,0,0,0,0,0,0,0,0,0,0,0,0,0,0,0,0,0,0,0,0,0,0,0.0,0.0,13.0,16.0,41.6,3.4,0.3125,0.0,0.0,7.0,13.0,42.2,5.4,0.23076923076923078,0.0,0.0,7.0,8.0,36.3,1.6,0.3333333333333333,-4.0,-2.0,200.0,0.0967741935483871,0.27956989247311825,3,5,20.8,7.0,673,293,248,0.0,0.0,7.0,11.0,35.1,1.4,0.2727272727272727,0.0,0.0,4.0,5.0,34.5,1.0,0.75,-2.4,0.0,54.0,-56.0,15.0,16.0,444.0,0.0,0.15384615384615385,-0.06666666666666667,0.0,0.0,2.1300000000000003,0.0,3.3205000000000027,2.6533000000000015,1.2252999999999972,0.025300000000001432,-0.5747,0.18836729995186471,3.2903495255063717,0.0,3.0,0.0
208,202307011205,2,0,2,13,3,0,1,6,0,0,0,0,0,0,0,2,0,0,0,1,0,0,0,0,0,0,0,1,0,0,0,1,0,0,0,0,0.0,0.0,14.0,9.0,35.7,1.7,0.8666666666666667,0.0,0.0,16.0,11.0,35.4,1.4,0.6875,,,,,,,,2.0,-10.0,0.0,0.0,0.0,4,6,381.6,14.0,1733,1051,1428,,,,,,,,,,,,,,,2.0,0.0,56.0,0.0,15.0,15.0,444.0,-0.06666666666666667,0.0,,,,0.30000000000000426,0.0,0.6253000000000029,0.3252999999999986,,,,0.08958333333333335,0.15000000000000213,0.0,2.0,0.0
209,202307011205,1,3,0,3,0,0,1,10,0,0,0,0,0,0,0,2,0,0,0,3,0,0,0,0,0,0,0,2,0,0,0,2,0,0,0,0,0.0,0.0,1.0,1.0,38.9,0.0,0.2,0.0,0.0,9.0,10.0,40.7,4.0,0.5,0.0,0.0,7.0,9.0,40.5,2.6,0.25,4.0,-17.0,300.0,0.044444444444444446,0.1111111111111111,7,12,130.1,11.0,1540,118,1036,0.0,0.0,11.0,10.0,36.2,2.0,0.5333333333333333,0.0,0.0,14.0,10.0,37.0,1.6,0.5,1.8,0.2,54.0,-532.0,15.0,10.0,465.0,-0.1,0.07142857142857142,0.0,0.13333333333333333,0.0,0.8299999999999997,0.0,1.4658999999999978,1.3074000000000012,2.346200000000003,1.1253000000000029,1.7087000000000003,0.141578403877302,1.8117394956229218,0.0,1.0,0.0
210,202307011205,0,0,0,0,1,1,4,17,0,0,0,0,0,0,0,0,0,1,3,7,0,0,0,0,0,0,0,0,0,0,2,2,0,0,0,0,0.0,0.0,14.0,,,,0.1875,0.0,0.0,5.0,5.0,38.5,1.0,0.6,0.0,0.0,10.0,7.0,39.5,2.3,0.5625,2.0,0.0,200.0,0.0625,0.125,8,15,28.4,9.0,1701,1110,1167,0.0,0.0,4.0,6.0,40.4,1.1,0.08333333333333333,0.0,0.0,9.0,11.0,35.9,2.2,0.9333333333333333,1.7,0.0,54.0,-118.0,15.0,16.0,438.0,0.375,-0.06666666666666667,0.1875,0.0,0.0,0.6900000000000006,0.0,,0.22050000000000125,0.29059999999999775,0.7740999999999971,0.8252999999999986,0.30639707352823503,1.6843025262701474,0.0,1.0,0.0
211,202307011205,0,0,0,2,1,0,1,12,0,0,0,0,0,0,0,0,0,0,0,1,0,0,0,0,0,0,0,0,0,0,0,1,0,0,0,0,0.0,0.0,10.0,12.0,38.4,2.5,0.6875,,,,,,,,,,,,,,,,,200.0,0.0,0.1724137931034483,8,14,10.8,5.0,684,702,429,,,,,,,,,,,,,,,,0.0,56.0,105.0,15.0,16.0,570.0,0.0,,,,,,,0.12049999999999983,,,,,,,1.0,0.0,
212,202307011205,0,0,0,2,6,4,3,20,0,0,0,0,0,0,0,1,2,0,3,4,0,0,0,0,0,0,0,0,1,0,1,1,0,0,0,0,0.0,0.0,5.0,6.0,40.1,1.5,0.3,0.0,0.0,12.0,13.0,37.2,2.9,0.5333333333333333,0.0,0.0,7.0,11.0,42.6,4.7,0.07692307692307693,2.5,29.0,200.0,0.0,0.10256410256410256,2,2,152.4,12.0,1094,1170,334,0.0,0.0,6.0,9.0,40.8,1.4,0.14285714285714285,0.0,0.0,6.0,10.0,40.4,3.1,0.2,0.4,0.0,56.0,-531.0,15.0,10.0,483.0,0.1,0.06666666666666667,0.15384615384615385,-0.07142857142857142,0.1,-0.4199999999999989,0.0,1.8205000000000027,2.125300000000003,3.0533,1.4073999999999955,2.488900000000001,0.15919236921014113,1.7417232845661785,0.0,1.0,0.0
213,202307011205,1,3,0,3,1,0,0,0,0,0,0,0,0,0,0,2,0,0,0,0,0,0,0,0,0,0,0,2,0,0,0,0,0,0,0,0,0.0,0.0,2.0,11.0,41.6,4.8,0.75,0.0,0.0,15.0,14.0,37.7,3.0,0.2,0.0,0.0,13.0,13.0,40.2,3.2,0.7333333333333333,1.0,20.0,300.0,0.03225806451612903,0.1935483870967742,6,10,687.2,15.0,1540,891,1036,0.0,0.0,17.0,17.0,36.8,3.9,0.6666666666666666,,,,,,,,1.7,0.0,56.0,-354.0,15.0,12.0,462.0,0.16666666666666666,0.06666666666666667,0.06666666666666667,0.05555555555555555,,1.1900000000000013,0.0,4.165900000000001,2.625300000000003,1.920500000000004,1.7252999999999972,,0.22588560280716333,1.9175179269044669,3.0,2.0,0.0
214,202307011205,4,3,3,34,18,20,26,184,0,0,0,6,1,3,3,9,4,4,5,52,0,0,0,2,0,2,2,5,0,0,0,18,0,0,0,1,0.0,0.0,120.0,9.0,35.9,2.1,0.5882352941176471,0.0,0.0,150.0,15.0,35.8,3.6,1.0,0.0,0.0,70.0,5.0,34.9,1.2,0.5,-2.0,-4.0,0.0,0.03333333333333333,0.13333333333333333,2,3,357.4,13.0,1064,1167,1556,0.0,0.0,80.0,7.0,34.4,1.6,1.0,0.0,0.0,80.0,8.0,36.0,2.3,1.0,-1.0,0.0,54.0,70.0,15.0,17.0,438.0,0.058823529411764705,0.0,0.0,0.0,0.0,0.11999999999999958,0.0,0.8252999999999986,0.7252999999999972,-0.7499000000000038,-0.6747000000000014,0.18379999999999797,0.22507207611422342,0.6356099432828282,3.0,4.0,0.0
215,202307011206,17,26,23,177,6,4,3,20,0,0,0,0,5,5,8,48,2,0,3,4,0,0,0,0,1,0,0,5,0,0,0,2,0,0,0,0,,,,,,,,,,,,,,,,,,,,,,,,,0.125,0.125,1,1,4.5,1.0,1393,1170,1263,,,,,,,,,,,,,,,,,56.0,,15.0,,,,,,,,,,,,,,,,,,0.0,
216,202307011206,8,6,5,44,18,20,26,184,1,2,1,4,2,1,1,10,4,4,5,52,0,0,0,0,1,1,0,2,1,0,1,8,0,0,0,0,,,,,,,,,,,,,,,,,,,,,,,,,0.0,0.14285714285714285,3,4,5.3,2.0,1154,1167,1561,,,,,,,,,,,,,,,,,54.0,,15.0,,,,,,,,,,,,,,,,,,0.0,
217,202307011206,18,19,13,126,11,8,11,134,0,3,2,6,7,10,2,41,6,3,2,44,0,1,1,1,1,1,0,10,1,0,0,3,0,0,0,0,0.0,0.0,8.0,16.0,37.0,2.2,0.2777777777777778,0.0,0.0,4.0,13.0,39.8,3.0,0.5,0.0,0.0,6.0,3.0,34.6,0.2,0.13333333333333333,-6.5,18.0,0.0,0.0,0.05,4,6,10.9,6.0,1657,1345,1317,,,,,,,,,,,,,,,-6.5,0.3333333333333333,53.0,-112.0,15.0,18.0,442.0,-0.05555555555555555,0.0625,0.0,,,1.1999999999999993,0.0,1.9253,1.5204999999999984,-0.47469999999999857,,,0.15080943015927653,2.1249836600678953,-1.0,2.0,0.5
218,202307011206,7,18,16,114,42,32,27,236,0,1,0,5,2,9,5,30,13,10,6,66,0,0,0,0,0,4,0,5,0,2,2,11,0,0,0,0,0.0,0.0,8.0,8.0,40.8,3.0,1.0,0.0,0.0,12.0,11.0,37.1,2.2,0.8333333333333334,0.0,0.0,6.0,7.0,37.1,1.7,0.375,-0.5,38.0,200.0,0.0,0.1,2,2,11.9,7.0,1463,1428,1167,0.0,0.0,11.0,4.0,36.2,0.6,0.4117647058823529,0.0,0.0,9.0,8.0,40.0,2.5,0.23076923076923078,-0.7,0.0,56.0,-446.0,15.0,9.0,458.0,0.0,0.05555555555555555,-0.0625,0.11764705882352941,0.15384615384615385,0.24999999999999928,0.0,2.6462000000000003,1.183399999999999,0.8155000000000001,0.7531999999999996,0.4532999999999987,0.2940697934540019,1.8117394956229202,0.0,0.0,
219,202307011206,8,10,9,71,42,32,27,236,1,0,1,4,2,6,3,24,13,10,6,66,0,0,1,0,1,0,1,2,0,2,2,11,0,0,1,0,0.0,0.0,11.0,8.0,35.0,2.2,0.47058823529411764,0.0,0.0,10.0,16.0,35.7,1.7,1.0,0.0,0.0,8.0,5.0,34.2,0.7,0.6,-1.5,2.0,-400.0,0.07142857142857142,0.14285714285714285,5,8,20.3,8.0,1677,1428,1167,,,,,,,,,,,,,,,-1.5,0.0,54.0,-112.0,15.0,17.0,412.0,-0.058823529411764705,0.0,0.06666666666666667,,,0.3999999999999986,0.0,-0.9166000000000025,0.40870000000000317,-0.8746999999999971,,,0.22534522193817477,0.6128258770283411,0.0,1.0,0.0
220,202307011206,0,1,0,7,1,1,4,17,0,0,0,0,0,0,0,2,0,1,3,7,0,0,0,0,0,0,0,0,0,1,0,0,0,0,0,0,,,,,,,,,,,,,,,,,,,,,,,,,0.045454545454545456,0.11363636363636363,8,15,41.9,13.0,1246,1110,533,,,,,,,,,,,,,,,,,54.0,,15.0,,,,,,,,,,,,,,,,,,0.0,
221,202307011206,18,19,13,126,9,10,8,83,0,0,1,6,7,10,2,41,4,3,2,24,0,0,0,3,1,1,0,10,0,1,0,3,0,0,0,2,0.0,0.0,10.0,18.0,40.9,5.1,0.1111111111111111,0.0,0.0,1.0,2.0,40.3,0.1,0.125,0.0,0.0,6.0,9.0,36.0,1.4,0.23076923076923078,-4.5,-1.0,-400.0,0.06666666666666667,0.13333333333333333,5,9,6.2,4.0,1657,1618,1317,0.0,0.0,4.0,7.0,37.2,1.8,0.5555555555555556,0.0,0.0,8.0,4.0,36.4,0.5,0.1875,-2.3,0.2,54.0,-195.0,15.0,18.0,442.0,0.6666666666666666,0.0,0.38461538461538464,0.1111111111111111,0.0,1.2099999999999995,0.0,4.983399999999996,,-0.030000000000001137,0.9155000000000015,-0.9453000000000031,0.16262494704688332,2.0382345301755627,3.0,0.0,
222,202307011206,0,1,0,7,9,5,3,71,0,0,0,0,0,0,0,2,3,2,1,22,0,0,0,0,0,0,0,0,0,0,1,4,0,0,0,0,0.0,0.0,80.0,8.0,38.0,2.3,0.7,0.0,0.0,170.0,17.0,38.9,4.0,0.058823529411764705,0.0,0.0,130.0,17.0,37.0,2.3,0.5,4.5,-2.0,600.0,0.0,0.0,2,3,232.4,15.0,1246,1482,533,0.0,0.0,150.0,8.0,35.6,1.1,0.06666666666666667,,,,,,,,0.0,0.0,54.0,-533.0,15.0,10.0,428.0,0.1,0.058823529411764705,0.2777777777777778,0.0,,0.9099999999999995,0.0,1.5589000000000013,3.8252999999999986,1.634599999999999,0.5253000000000014,,0.27779200271151233,1.2255100978776134,0.0,2.0,0.0
223,202307011206,0,0,0,1,42,32,27,236,0,0,0,0,0,0,0,0,13,10,6,66,0,0,0,0,0,0,0,0,0,2,2,11,0,0,0,0,0.0,0.0,8.0,16.0,41.8,8.0,0.9375,0.0,0.0,11.0,9.0,35.3,1.1,0.2,,,,,,,,-7.0,0.0,400.0,0.034482758620689655,0.13793103448275862,8,14,28.4,11.0,1401,1428,517,,,,,,,,,,,,,,,-7.0,0.0,54.0,-21.0,15.0,16.0,406.0,0.0625,0.0,,,,6.5,0.0,3.978899999999996,0.22529999999999717,,,,0.36875,3.25,0.0,1.0,0.0
224,202307011206,8,5,10,88,4,2,0,9,0,0,0,0,1,2,2,20,1,0,0,2,0,0,0,0,0,0,0,2,1,0,0,0,0,0,0,0,0.0,0.0,15.0,13.0,35.7,1.7,0.8333333333333334,0.0,0.0,10.0,8.0,38.5,1.6,0.4666666666666667,0.0,0.0,8.0,11.0,41.2,2.9,0.5625,-1.0,4.0,400.0,0.0,0.0,6,11,21.0,9.0,1172,1736,1556,0.0,0.0,11.0,7.0,39.3,1.2,0.8125,0.0,0.0,6.0,9.0,37.5,1.4,0.8125,-0.9,0.0,56.0,-209.0,15.0,18.0,478.0,0.0,0.0,0.0625,-0.1875,-0.0625,-0.43999999999999917,0.0,0.3346000000000018,0.22050000000000125,1.6533000000000015,-0.3259000000000043,-0.16429999999999723,0.15258422082392545,1.8304097901836078,0.0,0.0,
225,202307011206,1,1,1,0,4,13,6,97,0,0,0,0,0,1,0,0,1,3,2,22,0,0,0,0,0,0,0,0,0,0,0,1,0,0,0,0,0.0,0.0,5.0,9.0,38.9,1.8,0.07142857142857142,0.0,0.0,4.0,5.0,38.3,1.2,0.3125,0.0,0.0,4.0,3.0,37.1,0.6,0.25,-3.0,22.0,-100.0,0.0,0.022727272727272728,7,13,9.4,5.0,1632,1235,1167,0.0,0.0,12.0,5.0,38.5,1.5,0.625,0.0,0.0,5.0,11.0,34.8,1.4,0.6,0.4,0.2,54.0,-203.0,15.0,14.0,482.0,0.07142857142857142,-0.0625,0.0,-0.125,0.06666666666666667,0.8,0.0,-0.49260000000000304,0.14620000000000033,-1.0537999999999954,0.34620000000000317,-0.27470000000000283,0.21201896334131654,1.486472334084964,1.0,1.0,0.0
226,202307011206,0,0,0,6,3,0,1,22,0,0,0,0,0,0,0,1,0,0,0,7,0,0,0,0,0,0,0,0,0,0,0,0,0,0,0,0,0.0,0.0,2.0,10.0,44.9,2.5,0.08333333333333333,0.0,0.0,16.0,13.0,42.9,5.5,0.625,0.0,0.0,16.0,10.0,37.7,2.6,0.6875,0.0,-4.0,200.0,0.09782608695652174,0.2826086956521739,3,5,37.8,12.0,1051,322,578,0.0,0.0,11.0,12.0,40.6,3.5,0.9375,0.0,0.0,12.0,12.0,36.0,2.1,0.26666666666666666,0.3,0.0,56.0,-536.0,15.0,12.0,458.0,0.08333333333333333,0.375,-0.125,0.0,0.13333333333333333,2.0099999999999993,0.0,6.6205,3.5711000000000013,0.035700000000005616,2.3205000000000027,0.9253,0.3060206056969222,3.26153338170867,0.0,1.0,0.0
227,202307011206,8,10,9,71,42,32,27,236,1,0,1,4,2,6,3,24,13,10,6,66,0,0,1,0,1,0,1,2,0,2,2,11,0,0,1,0,0.0,0.0,5.0,7.0,47.8,8.5,0.8571428571428571,0.0,0.0,10.0,15.0,40.6,4.0,0.8125,0.0,0.0,14.0,16.0,36.5,3.6,1.0,4.5,-4.0,200.0,0.0,0.0,4,7,27.7,10.0,1677,1428,1167,0.0,0.0,10.0,13.0,35.0,3.0,0.9333333333333333,,,,,,,,1.9,0.0,51.0,-247.0,15.0,7.0,416.0,0.14285714285714285,0.1875,0.0,0.06666666666666667,,4.249999999999999,0.0,9.6462,1.2073999999999998,1.4253,-0.07469999999999999,,0.07176677744184809,4.961035678162372,-3.0,2.0,0.0
228,202307011206,41,32,27,271,7,3,3,77,1,0,0,9,17,5,16,84,3,0,1,19,0,0,0,2,3,1,2,19,1,0,0,5,0,0,0,0,,,,,,,,,,,,,,,,,,,,,,,,,0.07142857142857142,0.21428571428571427,6,10,6.1,3.0,1716,1393,1167,,,,,,,,,,,,,,,,,54.0,,15.0,,,,,,,,,,,,,,,,,,0.0,
229,202307011206,22,20,29,184,19,11,14,115,1,0,1,8,8,4,7,54,6,0,3,24,0,0,0,1,0,0,0,8,0,0,0,3,0,0,0,0,0.0,0.0,,,,,,0.0,0.0,110.0,11.0,39.4,3.1,0.9375,0.0,0.0,150.0,18.0,38.6,4.6,0.2222222222222222,7.0,,200.0,0.0,0.1,7,12,61.6,14.0,1152,1294,1428,0.0,0.0,130.0,15.0,37.8,3.7,0.9375,0.0,0.0,140.0,15.0,35.9,3.6,0.8666666666666667,0.9,0.0,54.0,-321.0,15.0,,,,0.0,0.7222222222222222,0.0,0.06666666666666667,1.1300000000000003,0.0,,-0.14670000000000272,2.683399999999999,-0.021100000000004115,0.8252999999999986,0.3008932496504121,1.2987975207860543,0.0,1.0,0.0
230,202307020112,41,32,27,271,19,11,14,115,4,1,2,14,17,5,16,84,6,0,3,24,4,0,2,4,5,2,8,29,2,0,0,6,1,0,0,2,0.0,0.0,7.0,4.0,33.9,0.2,0.6,0.0,0.0,8.0,4.0,33.7,0.3,0.4166666666666667,0.0,0.0,11.0,1.0,34.2,0.0,0.3333333333333333,-1.5,-4.0,400.0,0.0,0.5,2,3,13.3,6.0,1716,1294,1167,0.0,0.0,8.0,8.0,35.3,1.3,0.21428571428571427,0.0,0.0,6.0,3.0,34.1,0.4,0.2727272727272727,0.2,0.4,56.0,-267.0,16.0,15.0,474.0,0.06666666666666667,0.0,0.0,0.07142857142857142,0.0,-0.2,0.0,-1.2531000000000034,-1.406499999999994,-0.9064999999999941,0.22529999999999717,-0.9746999999999986,0.13423666560782999,0.5571355310873631,2.0,2.0,0.5
231,202307020112,41,32,27,271,10,10,9,121,2,0,1,2,17,5,16,84,3,1,0,28,1,0,0,0,5,2,8,29,1,0,0,7,0,0,0,0,0.0,0.0,30.0,8.0,38.4,1.1,0.5,0.0,0.0,10.0,1.0,38.7,0.0,0.3125,0.0,0.0,20.0,2.0,38.2,0.0,0.3125,-3.0,10.0,200.0,0.10588235294117647,0.47058823529411764,7,14,3.2,1.0,1716,1558,1167,0.0,0.0,10.0,4.0,36.4,0.4,0.2222222222222222,0.0,0.0,20.0,2.0,35.2,0.1,0.2222222222222222,-0.9,0.6,58.0,55.0,16.0,14.0,492.0,0.0,0.0,0.0,0.0,0.0,0.8699999999999996,0.0,0.26619999999999777,-0.6925999999999988,-0.07949999999999591,1.3252999999999986,0.12530000000000285,0.10143644242505674,1.3541048703848606,1.0,2.0,0.5
232,202307020112,16,14,16,128,0,0,1,3,0,0,1,1,0,3,4,37,0,0,1,1,0,0,1,1,0,1,1,15,0,0,1,1,0,0,1,1,0.0,0.0,3.0,6.0,39.8,1.8,0.2727272727272727,0.0,0.0,9.0,8.0,34.1,0.5,1.0,0.0,0.0,5.0,6.0,35.0,1.2,0.875,0.0,-2.0,300.0,0.0,0.09090909090909091,3,5,18.0,7.0,1127,355,1328,0.0,0.0,7.0,2.0,33.6,0.1,0.9285714285714286,0.0,0.0,5.0,7.0,35.2,1.4,0.6428571428571429,-0.4,0.2,57.0,-491.0,16.0,11.0,502.0,0.0,-0.07142857142857142,0.0,-0.07142857142857142,0.07142857142857142,0.9699999999999989,0.0,2.3658999999999963,-1.1633999999999958,-0.07469999999999999,-1.4746999999999986,-1.1748999999999938,0.2642314632087462,2.208710030764562,1.0,4.0,0.25
233,202307020112,25,27,16,168,7,3,3,77,0,0,0,6,11,10,5,51,3,0,1,19,0,0,0,4,4,3,4,21,0,0,0,7,0,0,0,3,0.0,0.0,70.0,2.0,41.3,0.7,0.5833333333333334,0.0,0.0,80.0,10.0,35.5,1.0,0.7777777777777778,0.0,0.0,70.0,10.0,34.6,0.9,1.0,4.0,4.0,200.0,0.2727272727272727,0.4090909090909091,1,2,47.5,9.0,1098,1393,1294,0.0,0.0,90.0,4.0,34.7,0.3,0.5625,0.0,0.0,140.0,13.0,36.2,1.8,0.875,1.6,0.2,58.0,-504.0,16.0,12.0,472.0,-0.3333333333333333,0.0,-0.125,-0.125,0.0,1.0999999999999985,0.0,3.0204999999999984,0.20870000000000033,-0.47469999999999857,-0.37469999999999715,-1.7110999999999947,0.16814162167135063,2.4888551585015932,2.0,2.0,0.0
234,202307020112,1,2,1,25,0,2,2,27,0,0,0,0,0,1,0,6,0,0,0,3,0,0,0,0,0,0,0,4,0,0,0,1,0,0,0,0,0.0,0.0,30.0,7.0,33.1,0.3,0.6111111111111112,0.0,0.0,70.0,3.0,34.2,0.3,0.5833333333333334,0.0,0.0,50.0,1.0,35.2,0.0,0.4444444444444444,-3.0,2.0,0.0,0.05128205128205128,0.23076923076923078,6,11,5.9,4.0,1343,1313,1428,0.0,0.0,50.0,5.0,37.0,0.6,0.6875,0.0,0.0,40.0,4.0,36.3,0.5,0.3333333333333333,-0.4,0.4,58.0,112.0,16.0,18.0,478.0,-0.2777777777777778,-0.25,-0.2777777777777778,-0.0625,0.5,-0.9199999999999988,0.0,-1.9746999999999986,-1.2591999999999999,-0.7165999999999997,1.0833999999999975,0.269999999999996,0.12665570127975553,1.4037093716293259,2.0,1.0,0.0
235,202307020112,17,16,19,234,9,5,3,71,1,1,0,3,3,3,3,42,3,2,1,22,0,0,0,0,1,2,0,17,1,1,0,4,0,0,0,0,0.0,0.0,10.0,7.0,13.8,1.9,0.3076923076923077,0.0,0.0,13.0,13.0,13.7,8.1,0.9285714285714286,0.0,0.0,10.0,10.0,36.1,1.3,0.08333333333333333,1.5,-6.0,-1280.0,0.0,0.0,2,4,72.6,13.0,1691,1482,1167,0.0,0.0,10.0,10.0,37.1,1.8,0.15384615384615385,0.0,0.0,13.0,6.0,35.5,0.4,0.0625,-0.5,0.0,55.0,-191.0,16.0,13.0,454.0,0.15384615384615385,0.0,0.0,0.07692307692307693,0.0,-6.68,0.0,,,0.3626000000000005,1.6407999999999987,0.4253,0.3223707401553895,11.026440948919102,-5.0,1.0,0.0
236,202307020112,3,4,4,61,0,2,0,5,0,0,0,1,2,2,1,12,0,0,0,0,0,0,0,0,0,0,0,3,0,0,0,0,0,0,0,0,0.0,0.0,2.0,1.0,38.7,0.0,0.75,0.0,0.0,8.0,13.0,33.6,1.4,0.9444444444444444,0.0,0.0,5.0,6.0,34.3,0.4,0.21428571428571427,2.5,0.0,100.0,0.029411764705882353,0.11764705882352941,3,6,5.8,3.0,1036,108,1108,0.0,0.0,8.0,7.0,33.9,0.3,0.6666666666666666,0.0,0.0,3.0,7.0,34.5,0.5,0.8125,0.6,0.2,58.0,-492.0,16.0,8.0,520.0,-0.625,0.0,0.07142857142857142,-0.06666666666666667,0.0,0.8100000000000008,0.0,,-1.4746999999999986,-0.7747000000000028,-1.1747000000000014,-0.5747,0.24876711620573208,1.8761663039293732,2.0,4.0,0.0
237,202307020112,4,3,3,34,19,11,14,115,0,0,1,1,1,3,3,9,6,0,3,24,0,0,1,1,1,0,0,3,2,0,0,6,0,0,0,0,0.0,0.0,2.0,6.0,35.4,0.9,0.42857142857142855,0.0,0.0,6.0,3.0,35.0,0.1,0.5,0.0,0.0,10.0,3.0,34.8,0.4,0.42857142857142855,-1.5,0.0,600.0,0.07692307692307693,0.07692307692307693,4,7,148.2,14.0,1064,1294,1556,0.0,0.0,12.0,10.0,37.7,0.9,0.5,0.0,0.0,13.0,5.0,35.2,0.8,0.8571428571428571,0.5,0.4,56.0,-351.0,16.0,14.0,444.0,0.07142857142857142,-0.14285714285714285,0.0,0.3125,0.0,-0.23000000000000115,0.0,-0.4977000000000018,-0.8977000000000004,-1.0977000000000032,-0.21109999999999474,0.04690000000000083,0.16035674514745463,1.0590561835898995,0.0,0.0,
238,202307020112,31,34,23,265,0,0,1,6,0,0,0,2,4,3,7,51,0,0,0,1,0,0,0,0,1,1,1,14,0,0,0,1,0,0,0,0,0.0,0.0,16.0,11.0,34.6,0.9,0.8823529411764706,0.0,0.0,8.0,10.0,37.7,1.4,0.46153846153846156,0.0,0.0,14.0,9.0,37.4,1.3,0.9375,-1.0,-2.0,0.0,0.041666666666666664,0.16666666666666666,1,1,4.9,2.0,1503,516,1263,0.0,0.0,11.0,10.0,37.1,1.6,0.4166666666666667,0.0,0.0,14.0,7.0,35.7,1.1,0.5294117647058824,-0.8,0.0,56.0,-350.0,16.0,17.0,468.0,-0.058823529411764705,0.46153846153846156,-0.125,0.3333333333333333,0.058823529411764705,-0.16000000000000014,0.0,-0.6633999999999958,1.5342000000000056,1.483399999999996,0.4620000000000033,-0.0373999999999981,0.2195660884623266,1.1713240371477056,0.0,1.0,0.0
239,202307020112,2,2,2,19,2,1,2,38,0,0,0,3,0,0,0,4,1,1,1,10,0,0,0,1,0,0,0,2,1,0,1,2,0,0,0,0,0.0,0.0,2.0,5.0,38.7,0.8,1.0,0.0,0.0,12.0,10.0,38.1,1.2,0.3333333333333333,0.0,0.0,15.0,12.0,35.9,1.5,0.3333333333333333,3.5,-1.0,200.0,0.08139534883720931,0.19767441860465115,6,12,19.8,8.0,1270,1032,969,0.0,0.0,8.0,10.0,35.2,0.7,0.5,0.0,0.0,14.0,7.0,35.5,0.3,0.7777777777777778,0.4,0.0,56.0,-496.0,16.0,10.0,457.0,-0.1,0.0,0.0,-0.0625,0.1111111111111111,0.9300000000000004,0.0,0.4205000000000041,0.18890000000000384,0.5345999999999975,0.12530000000000285,-0.5947999999999993,0.26199613605670213,1.4344336861632894,2.0,1.0,0.0
240,202307020112,8,6,13,87,2,1,1,34,0,0,1,10,0,0,1,23,0,1,0,6,0,0,0,3,0,0,0,3,0,0,0,1,0,0,0,1,0.0,0.0,100.0,6.0,35.4,0.8,0.05555555555555555,0.0,0.0,130.0,10.0,36.1,0.7,0.0625,0.0,0.0,90.0,7.0,35.0,1.0,0.15384615384615385,0.5,-18.0,200.0,0.0,0.0,8,16,175.2,15.0,1317,1713,1186,,,,,,,,,,,,,,,0.5,0.0,57.0,280.0,16.0,18.0,438.0,0.0,0.0,0.07692307692307693,,,0.1999999999999993,0.0,0.29350000000000165,1.0253000000000014,-0.10649999999999693,,,0.04478763078679816,0.4546060565661959,1.0,1.0,0.0
241,202307020112,7,2,4,47,42,32,27,236,1,0,0,5,3,2,0,12,13,10,6,66,1,0,0,3,0,0,0,5,5,3,2,23,0,0,0,3,0.0,0.0,140.0,15.0,37.5,3.8,0.9333333333333333,0.0,0.0,110.0,12.0,35.3,1.1,0.5625,0.0,0.0,120.0,6.0,35.1,0.2,0.9444444444444444,-4.5,-6.0,400.0,0.10294117647058823,0.23529411764705882,4,8,58.6,11.0,1306,1428,1445,0.0,0.0,140.0,16.0,37.4,4.6,1.0,0.0,0.0,,,,,,-0.3,0.0,56.0,-50.0,16.0,15.0,432.0,0.0,0.0625,-0.05555555555555555,0.0,,0.05,0.0,1.4052000000000007,0.22529999999999717,-0.9947999999999979,2.3252999999999986,,0.17364825991439217,1.127774356863996,0.0,3.0,0.0
242,202307020112,17,16,19,234,12,11,10,126,2,2,3,26,3,3,3,42,2,4,1,29,0,0,0,5,1,2,0,17,1,4,1,13,0,0,0,3,0.0,0.0,150.0,10.0,34.4,1.0,0.8333333333333334,0.0,0.0,60.0,9.0,38.6,2.0,0.8666666666666667,0.0,0.0,120.0,11.0,37.1,1.1,0.875,0.5,-2.0,200.0,0.0,0.05263157894736842,5,10,71.3,12.0,1691,1556,1167,0.0,0.0,130.0,12.0,37.1,1.5,0.9375,0.0,0.0,120.0,1.0,36.7,0.0,1.0,-1.5,0.2,54.0,63.0,16.0,18.0,464.0,0.05555555555555555,-0.06666666666666667,0.0,0.0,-0.0625,-0.31000000000000083,0.0,-0.7064999999999984,0.32050000000000267,-1.1794999999999973,-1.1794999999999973,-1.579499999999996,0.05925462944877058,1.3555810562264443,-3.0,0.0,
243,202307020112,70,50,54,378,0,0,0,1,0,0,0,1,14,10,16,91,0,0,0,0,0,0,0,0,9,2,5,39,0,0,0,0,0,0,0,0,0.0,0.0,11.0,10.0,37.7,2.8,0.9090909090909091,0.0,0.0,15.0,14.0,35.7,2.1,0.75,0.0,0.0,15.0,14.0,38.5,2.6,0.75,2.0,28.0,600.0,,,7,13,404.1,16.0,1428,847,1263,0.0,0.0,16.0,14.0,35.1,1.3,0.8125,0.0,0.0,13.0,14.0,42.5,3.1,0.9333333333333333,0.8,0.0,56.0,-236.0,16.0,11.0,454.0,0.09090909090909091,0.125,0.0625,0.125,0.0,-0.8999999999999992,0.0,1.8023000000000025,0.5469000000000008,0.34620000000000317,0.025300000000001432,2.8740999999999985,0.07750425800678784,2.6168683574073794,5.0,1.0,0.0
244,202307020112,25,27,16,168,7,10,10,152,1,0,3,7,11,10,5,51,2,4,2,44,1,0,0,3,4,3,4,21,0,3,0,18,0,0,0,0,0.0,0.0,14.0,16.0,41.7,4.7,0.125,0.0,0.0,10.0,15.0,36.3,1.6,0.375,0.0,0.0,8.0,15.0,39.1,2.2,0.75,-0.5,-4.0,-200.0,0.0945945945945946,0.2972972972972973,8,15,48.1,10.0,1098,1013,1294,0.0,0.0,11.0,8.0,34.4,0.3,0.7333333333333333,0.0,0.0,6.0,10.0,35.1,1.3,0.38461538461538464,-1.9,0.0,58.0,-35.0,16.0,16.0,482.0,0.4375,-0.125,0.0,-0.2,0.0,1.5100000000000002,0.0,5.962600000000002,1.2252999999999972,0.8205000000000027,-0.6747000000000014,-0.3592000000000013,0.2379161809098417,2.7147007201531457,3.0,2.0,0.0
245,202307020112,17,26,23,177,0,0,0,3,0,0,0,2,5,5,8,48,0,0,0,2,0,0,0,2,1,0,4,17,0,0,0,2,0,0,0,2,0.0,0.0,10.0,8.0,40.0,1.8,0.7272727272727273,0.0,0.0,12.0,10.0,35.8,1.4,0.7058823529411765,0.0,0.0,7.0,8.0,34.8,1.3,0.6,0.0,-1.0,200.0,0.043478260869565216,0.10869565217391304,5,9,8.8,5.0,1393,1464,1263,0.0,0.0,7.0,4.0,35.3,0.5,0.4166666666666667,0.0,0.0,5.0,16.0,36.3,2.7,1.0,1.0,0.0,58.0,-499.0,16.0,11.0,471.0,0.09090909090909091,0.0,0.1,0.0,0.0,0.7900000000000006,0.0,2.3357000000000028,0.06259999999999621,-0.6592000000000056,-1.5503,1.2252999999999972,0.1900276875034643,1.8488915598271316,2.0,1.0,0.0
246,202307020204,0,0,0,0,9,16,19,144,0,0,0,0,0,0,0,0,3,2,4,28,0,0,0,0,0,0,0,0,1,0,1,10,0,0,0,0,0.0,0.0,4.0,5.0,40.9,1.7,0.1,0.0,0.0,13.0,14.0,34.2,1.0,0.8333333333333334,0.0,0.0,16.0,12.0,34.2,0.8,1.0,3.5,13.0,-400.0,0.0,0.0,2,4,34.2,8.0,1731,1183,1428,0.0,0.0,12.0,14.0,36.6,1.8,0.6875,0.0,0.0,13.0,7.0,34.8,0.4,0.07142857142857142,0.4,0.0,51.0,-590.0,16.0,10.0,433.0,0.4,-0.1111111111111111,0.0,0.0625,0.0,0.9800000000000004,0.0,1.5711000000000013,-0.9530999999999992,-0.9530999999999992,1.4468999999999994,-0.46340000000000003,0.38276569921933473,2.537400244344592,-1.0,1.0,0.0
247,202307020204,9,12,11,109,2,2,1,10,0,0,0,0,4,2,3,27,0,1,0,2,0,0,0,0,1,1,1,5,0,1,0,0,0,0,0,0,0.0,0.0,4.0,12.0,41.1,2.8,0.9166666666666666,0.0,0.0,3.0,5.0,35.1,0.3,0.6666666666666666,0.0,0.0,9.0,2.0,34.6,0.1,0.625,-5.0,9.0,100.0,0.0,0.13043478260869565,1,2,34.2,9.0,1736,391,1482,0.0,0.0,7.0,5.0,36.5,1.1,0.5625,0.0,0.0,5.0,7.0,34.8,1.0,0.9166666666666666,-0.9999999999999998,0.2,55.0,-249.0,16.0,12.0,503.0,0.08333333333333333,-0.13333333333333333,-0.125,-0.375,0.0,1.120000000000001,0.0,,-1.2748999999999953,-0.47469999999999857,1.0407999999999973,-0.6592000000000056,0.15,2.4326117651610586,-1.0,2.0,0.5
248,202307020204,3,1,3,22,1,5,3,48,0,0,0,0,0,0,1,9,0,0,0,12,0,0,0,0,0,0,0,4,0,0,0,4,0,0,0,0,0.0,0.0,30.0,2.0,35.7,0.5,0.35294117647058826,0.0,0.0,30.0,4.0,34.3,0.4,0.6363636363636364,0.0,0.0,50.0,3.0,35.6,0.2,0.5,0.5,-4.0,-200.0,0.18627450980392157,0.3627450980392157,5,10,3.6,1.0,1045,1036,969,,,,,,,,,,,,,,,0.5,0.6666666666666666,56.0,21.0,16.0,17.0,496.0,0.0,-0.2727272727272727,0.0,,,0.05000000000000071,0.0,-0.631699999999995,-0.7747000000000028,-0.049900000000000944,,,0.1157341924276847,0.6377042156569688,0.0,2.0,0.5
249,202307020204,17,16,19,234,42,32,27,236,3,2,3,18,3,3,3,42,13,10,6,66,0,1,0,1,0,1,0,10,4,2,2,15,0,0,0,0,0.0,0.0,1.0,4.0,40.1,0.7,0.7272727272727273,0.0,0.0,8.0,8.0,39.0,2.4,1.0,0.0,0.0,2.0,7.0,38.8,1.5,0.5,1.5,-6.0,-400.0,0.28378378378378377,0.5405405405405406,8,16,3.8,2.0,1691,1428,1167,0.0,0.0,1.0,14.0,35.1,1.5,0.6666666666666666,0.0,0.0,2.0,4.0,34.1,0.4,0.875,0.6,0.0,56.0,-480.0,16.0,11.0,440.0,-0.09090909090909091,-0.5714285714285714,-0.08333333333333333,0.1111111111111111,0.0,1.5899999999999999,0.0,0.8153000000000006,-0.20940000000000225,-0.4094000000000051,0.025300000000001432,-0.9746999999999986,0.17205477804554337,2.365924766344018,0.0,2.0,0.0
250,202307020204,22,14,22,201,8,9,9,31,0,0,0,1,3,2,2,39,2,4,3,2,0,0,0,0,1,1,1,17,1,1,1,0,0,0,0,0,0.0,0.0,80.0,3.0,37.7,0.2,0.0625,0.0,0.0,90.0,6.0,36.2,1.5,0.6153846153846154,0.0,0.0,90.0,8.0,36.2,1.0,0.14285714285714285,2.5,0.0,-200.0,0.05084745762711865,0.2542372881355932,3,5,12.0,6.0,1506,939,199,,,,,,,,,,,,,,,2.5,0.3333333333333333,56.0,21.0,16.0,16.0,458.0,0.0,0.0,0.0,,,0.75,0.0,0.8497000000000057,0.2834000000000003,0.2834000000000003,,,0.24390819781001366,0.7071067811865476,0.0,0.0,
251,202307020204,6,5,4,34,9,10,8,83,0,0,0,2,0,2,1,10,4,3,2,24,0,0,0,2,0,2,1,7,1,0,1,11,0,0,0,1,0.0,0.0,1.0,1.0,40.2,0.0,0.1,0.0,0.0,7.0,10.0,36.7,0.3,0.625,0.0,0.0,13.0,9.0,36.3,0.7,0.25,4.0,-3.0,300.0,0.03125,0.1875,1,1,42.2,10.0,1289,1618,1428,0.0,0.0,7.0,16.0,37.2,2.6,0.17647058823529413,0.0,0.0,7.0,15.0,40.8,3.5,0.125,3.4,0.2,56.0,-224.0,16.0,10.0,489.0,0.0,0.0625,0.125,0.0,0.0625,-0.16999999999999887,0.0,2.6086000000000027,-0.5053999999999945,0.38339999999999463,2.125300000000003,3.1357,0.19184182859124294,1.8768057970924958,0.0,1.0,0.0
252,202307020204,1,1,1,0,18,13,20,194,0,1,0,0,0,1,0,0,3,4,3,39,0,1,0,0,0,1,0,0,0,1,0,7,0,1,0,0,0.0,0.0,4.0,2.0,39.8,0.1,0.5714285714285714,0.0,0.0,8.0,13.0,35.7,2.7,0.9285714285714286,0.0,0.0,6.0,6.0,35.8,1.1,0.6666666666666666,2.0,6.0,-100.0,0.0,0.06060606060606061,4,8,18.2,7.0,1632,1263,1167,0.0,0.0,6.0,4.0,35.7,0.5,0.05555555555555555,0.0,0.0,7.0,7.0,34.6,0.4,0.625,0.1,0.2,53.0,-501.0,16.0,7.0,428.0,-0.2857142857142857,0.0,0.05555555555555555,0.0,0.0,1.0399999999999991,0.0,0.40739999999999554,-0.2224999999999966,0.5366,0.6253000000000029,-0.47469999999999857,0.2848145002833959,1.7948816116947643,-1.0,3.0,0.0
253,202307020204,6,5,4,34,19,11,14,115,0,0,0,0,0,2,1,10,6,0,3,24,0,0,0,0,0,2,1,7,2,0,2,10,0,0,0,0,0.0,0.0,1.0,4.0,42.0,0.8,0.08333333333333333,0.0,0.0,9.0,7.0,36.6,1.5,0.6,0.0,0.0,14.0,13.0,35.6,0.9,0.21428571428571427,4.5,13.0,-150.0,,,4,7,68.2,11.0,1289,1294,1428,0.0,0.0,11.0,9.0,35.1,0.5,0.3076923076923077,0.0,0.0,5.0,9.0,38.0,1.7,0.2,1.2,0.0,56.0,-588.0,16.0,12.0,457.0,0.0,0.1,0.14285714285714285,0.3076923076923077,0.0,0.95,0.0,,0.1589000000000027,0.4468999999999994,-0.05310000000000059,0.08890000000000242,0.1746753370862603,2.476772092866035,0.0,0.0,
254,202307020204,8,10,9,71,1,0,0,6,0,0,0,0,2,6,3,24,0,0,0,2,0,0,0,0,0,2,0,14,0,0,0,2,0,0,0,0,0.0,0.0,2.0,3.0,39.7,0.8,0.36363636363636365,0.0,0.0,16.0,14.0,39.8,2.7,0.6875,0.0,0.0,18.0,16.0,36.2,2.5,0.8333333333333334,6.5,11.0,300.0,0.09574468085106383,0.2765957446808511,3,6,291.9,14.0,1677,1380,1167,0.0,0.0,14.0,13.0,39.2,2.4,0.6875,0.0,0.0,14.0,9.0,35.6,0.9,0.25,1.1,0.2,56.0,-482.0,16.0,11.0,481.0,-0.18181818181818182,0.0625,-0.16666666666666666,0.1875,0.0,0.8799999999999997,0.0,2.1086000000000027,0.40739999999999554,1.1253000000000029,-0.4258999999999986,0.5253000000000014,0.21990259447313187,1.8176908428002816,0.0,2.0,0.0
255,202307020204,0,0,1,5,0,0,0,0,0,0,0,0,0,0,0,1,0,0,0,0,0,0,0,0,0,0,0,0,0,0,0,0,0,0,0,0,0.0,0.0,90.0,4.0,38.4,1.6,0.8888888888888888,0.0,0.0,130.0,14.0,37.4,2.7,0.5,0.0,0.0,160.0,10.0,35.5,1.1,0.625,3.0,-1.0,200.0,0.10144927536231885,0.2318840579710145,6,12,516.5,16.0,1699,569,1313,0.0,0.0,140.0,12.0,35.1,1.8,0.625,0.0,0.0,60.0,8.0,35.5,1.9,0.7777777777777778,0.6,0.0,56.0,-488.0,16.0,9.0,457.0,0.0,0.125,-0.0625,0.1875,0.1111111111111111,0.8099999999999994,0.0,0.24620000000000175,1.1154999999999973,0.4253,-0.05310000000000059,0.346899999999998,0.1353436412786648,1.2890306435457606,0.0,1.0,0.0
256,202307020204,0,2,1,4,4,13,6,97,0,0,0,0,0,0,0,0,1,3,2,22,0,0,0,0,0,0,0,0,1,2,0,7,0,0,0,0,0.0,0.0,6.0,3.0,35.1,0.8,0.5454545454545454,0.0,0.0,6.0,10.0,34.7,1.1,0.6,0.0,0.0,13.0,11.0,34.6,1.3,0.9375,4.0,10.0,-100.0,0.3333333333333333,0.6666666666666666,7,13,221.7,13.0,1676,1235,1428,0.0,0.0,12.0,13.0,37.1,2.1,0.21428571428571427,0.0,0.0,7.0,7.0,35.2,1.6,0.9230769230769231,1.1,0.2,53.0,-135.0,16.0,11.0,462.0,-0.09090909090909091,-0.06666666666666667,0.0,0.0,-0.3076923076923077,-0.2600000000000001,0.0,-0.4285999999999959,-0.7591999999999999,-0.47469999999999857,1.8366000000000042,-1.1748999999999938,0.2684502683297612,0.9090654541890806,-1.0,3.0,0.0
257,202307020204,0,2,1,4,2,2,1,10,0,0,0,0,0,0,0,0,0,1,0,2,0,0,0,0,0,0,0,0,0,1,0,0,0,0,0,0,0.0,0.0,16.0,7.0,37.6,1.5,0.5555555555555556,0.0,0.0,12.0,14.0,35.9,1.8,1.0,0.0,0.0,12.0,12.0,34.8,1.4,0.9375,2.5,2.0,-400.0,0.020833333333333332,0.16666666666666666,6,11,113.9,12.0,1676,391,1428,,,,,,,,,,,,,,,2.5,0.0,54.0,-175.0,16.0,18.0,450.0,-0.05555555555555555,-0.125,0.0,,,1.4000000000000021,0.0,1.683399999999999,-0.2657999999999987,-0.27470000000000283,,,0.19644582878960298,1.1518101695447347,0.0,1.0,0.0
258,202307020204,0,0,0,0,0,0,1,14,0,0,0,0,0,0,0,0,0,0,0,1,0,0,0,0,0,0,0,0,0,0,0,0,0,0,0,0,0.0,0.0,12.0,12.0,35.5,2.3,0.5,0.0,0.0,14.0,14.0,35.8,1.4,0.7333333333333333,0.0,0.0,15.0,13.0,35.6,1.5,0.4375,0.5,-2.0,-800.0,0.0,0.0,2,3,478.6,15.0,1220,1649,1317,0.0,0.0,9.0,13.0,39.5,2.8,0.625,0.0,0.0,14.0,13.0,36.6,1.9,0.23529411764705882,0.1,0.0,51.0,-42.0,16.0,12.0,394.0,0.4166666666666667,0.2,0.25,0.0625,-0.058823529411764705,-0.5900000000000005,0.0,0.053199999999996805,-0.3658000000000001,0.5253000000000014,1.6788999999999987,1.4935000000000045,0.1696178734425038,1.5006665185843258,-1.0,1.0,0.0
259,202307020204,0,2,1,4,18,20,26,184,0,0,1,0,0,0,0,0,4,4,5,52,0,0,0,0,0,0,0,0,0,0,0,18,0,0,0,0,0.0,0.0,3.0,10.0,38.6,1.4,0.8125,0.0,0.0,8.0,17.0,40.2,5.1,0.9444444444444444,0.0,0.0,4.0,7.0,33.5,0.4,0.7777777777777778,-1.5,3.0,200.0,0.10465116279069768,0.47674418604651164,7,14,6.7,4.0,1676,1167,1428,0.0,0.0,4.0,14.0,35.7,1.6,0.8125,0.0,0.0,1.0,5.0,39.1,1.6,0.5,-1.3,0.0,56.0,-451.0,16.0,16.0,507.0,-0.0625,-0.1111111111111111,0.05555555555555555,-0.125,-0.125,0.35,0.0,0.4462000000000046,4.2834,-1.5747,0.6253000000000029,-0.5259,0.1462889707495509,2.460406470484095,0.0,2.0,0.0
260,202307020204,2,8,8,110,10,10,9,121,0,0,0,3,0,0,0,21,3,1,0,28,0,0,0,0,0,0,0,7,0,0,0,9,0,0,0,0,0.0,0.0,12.0,17.0,36.5,1.6,0.05555555555555555,0.0,0.0,7.0,11.0,36.6,1.8,0.42857142857142855,0.0,0.0,6.0,5.0,35.1,0.5,0.46153846153846156,-6.0,-12.0,0.0,0.08333333333333333,0.16666666666666666,5,9,6.8,5.0,1561,1558,1263,0.0,0.0,5.0,15.0,36.9,2.0,0.16666666666666666,0.0,0.0,6.0,3.0,34.8,0.5,0.3888888888888889,-2.4,0.2,54.0,-188.0,16.0,18.0,436.0,0.0,0.21428571428571427,0.07692307692307693,-0.05555555555555555,0.0,0.31000000000000083,0.0,1.4253,0.677500000000002,-0.822499999999998,1.8252999999999986,-0.3064999999999998,0.16003567564624255,0.8565045242145547,4.0,2.0,0.0
261,202307020204,7,18,16,114,2,3,0,11,0,0,0,6,2,9,5,30,0,0,0,2,0,0,0,1,2,3,2,10,0,0,0,0,0,0,0,0,0.0,0.0,3.0,6.0,37.2,0.7,0.07142857142857142,0.0,0.0,3.0,2.0,35.3,0.4,0.25,0.0,0.0,10.0,3.0,34.8,0.2,0.16666666666666666,-1.5,-4.0,100.0,0.125,0.53125,8,15,5.9,3.0,1463,197,1167,0.0,0.0,4.0,6.0,35.3,0.5,0.8125,0.0,0.0,3.0,16.0,38.6,4.5,0.4375,2.4,0.4,56.0,-167.0,16.0,14.0,486.0,0.07142857142857142,0.0,0.08333333333333333,-0.4375,0.25,-0.2799999999999997,0.0,1.2775000000000034,0.14689999999999515,-0.35310000000000485,-1.0748999999999995,3.5253000000000014,0.26181952076047954,1.4374978260853148,0.0,2.0,0.0
262,202307020310,4,3,0,7,1,0,0,0,0,0,0,0,1,0,0,1,0,0,0,0,0,0,0,0,0,0,0,0,0,0,0,0,0,0,0,0,0.0,0.0,5.0,7.0,33.1,0.5,0.8125,0.0,0.0,6.0,4.0,35.6,0.3,0.5,0.0,0.0,1.0,7.0,34.3,0.5,0.4444444444444444,0.0,4.0,0.0,0.0,0.0,7,10,4.9,2.0,1463,377,1167,0.0,0.0,4.0,1.0,32.8,0.0,0.47058823529411764,0.0,0.0,4.0,4.0,32.5,0.2,0.7777777777777778,-0.9,0.2,56.0,-323.0,12.0,16.0,452.0,0.0625,0.0,0.1111111111111111,0.0,-0.05555555555555555,0.4000000000000007,0.0,-1.9746999999999986,0.5253000000000014,-0.8064999999999998,-2.274700000000003,-2.606499999999997,0.15981269273013743,1.1464728518373215,0.0,3.0,0.3333333333333333
263,202307020310,1,2,2,6,0,2,0,15,0,0,0,0,0,0,1,1,0,0,0,1,0,0,0,0,0,0,0,0,0,0,0,0,0,0,0,0,0.0,0.0,9.0,3.0,34.6,0.4,0.3076923076923077,0.0,0.0,11.0,17.0,38.4,3.0,0.2222222222222222,0.0,0.0,4.0,4.0,34.2,0.2,0.4375,0.5,0.0,200.0,0.02857142857142857,0.11428571428571428,4,4,7.8,4.0,1657,1405,1317,0.0,0.0,6.0,6.0,34.8,0.4,0.1111111111111111,0.0,0.0,7.0,8.0,34.3,0.5,0.29411764705882354,-0.1,0.2,56.0,-525.0,12.0,13.0,496.0,0.0,0.2222222222222222,-0.0625,0.0,0.0,0.420000000000001,0.0,-0.5064999999999955,2.0383999999999958,-1.1653999999999982,-0.3064999999999998,-0.8064999999999998,0.10722357233509688,1.5844241856270682,1.0,0.0,
264,202307020310,1,0,0,2,1,1,4,13,0,0,0,0,0,0,0,0,0,0,0,4,0,0,0,0,0,0,0,0,0,0,0,0,0,0,0,0,0.0,0.0,80.0,6.0,34.8,0.6,0.6,0.0,0.0,100.0,1.0,34.4,0.0,0.2777777777777778,0.0,0.0,60.0,14.0,35.1,0.7,0.25,4.0,6.0,200.0,0.08045977011494253,0.19540229885057472,2,2,24.3,8.0,1455,1558,1428,0.0,0.0,40.0,1.0,35.1,0.0,0.14285714285714285,0.0,0.0,10.0,1.0,35.0,0.0,0.5,-1.0,0.6,56.0,13.0,12.0,10.0,444.0,0.2,-0.05555555555555555,-0.0625,-0.07142857142857142,-0.1875,-0.11000000000000085,0.0,-0.3064999999999998,-1.6948000000000008,-0.05310000000000059,-0.05310000000000059,-0.153100000000002,0.1691384359973216,0.26381811916545955,3.0,0.0,
265,202307020310,2,1,1,4,0,0,0,0,0,0,0,0,0,0,0,3,0,0,0,0,0,0,0,0,0,0,0,0,0,0,0,0,0,0,0,0,0.0,0.0,10.0,3.0,34.2,0.3,0.2,0.0,0.0,17.0,11.0,34.8,0.8,0.058823529411764705,0.0,0.0,10.0,13.0,35.2,1.1,0.16666666666666666,5.0,4.0,400.0,0.06896551724137931,0.20689655172413793,6,7,35.7,10.0,1154,557,1561,0.0,0.0,10.0,4.0,35.2,0.1,0.08333333333333333,0.0,0.0,4.0,8.0,36.3,1.5,0.1111111111111111,0.3,0.2,56.0,-126.0,12.0,15.0,446.0,0.0,0.0,0.05555555555555555,0.0,0.0,-0.4599999999999994,0.0,-0.9530999999999992,-0.6592000000000056,0.09350000000000591,-1.1748999999999938,1.1935000000000002,0.052276796273259124,0.6858571279792884,0.0,1.0,0.0
266,202307020310,0,0,0,0,0,1,0,4,0,0,0,0,0,0,0,0,0,0,0,2,0,0,0,0,0,0,0,0,0,0,0,0,0,0,0,0,0.0,0.0,5.0,5.0,33.5,0.2,0.5454545454545454,0.0,0.0,1.0,6.0,33.9,0.4,0.5,0.0,0.0,8.0,5.0,34.3,0.3,0.17647058823529413,0.0,2.0,400.0,0.10344827586206896,0.47126436781609193,1,1,2.9,1.0,239,1376,238,0.0,0.0,5.0,1.0,34.6,0.0,0.3333333333333333,0.0,0.0,1.0,5.0,35.3,0.5,0.16666666666666666,-0.5,0.2,56.0,-260.0,12.0,11.0,492.0,0.2727272727272727,-0.16666666666666666,0.058823529411764705,-0.05555555555555555,0.08333333333333333,-0.4299999999999997,0.0,-1.653100000000002,-1.2064999999999984,-0.8064999999999998,-0.5064999999999955,-1.0748999999999995,0.15782660444390864,0.6144916598294881,1.0,1.0,0.0
267,202307020310,3,3,4,25,0,0,1,2,0,0,0,0,2,0,1,6,0,0,1,0,0,0,0,0,0,0,0,0,0,0,0,0,0,0,0,0,0.0,0.0,7.0,5.0,39.1,1.7,0.6,0.0,0.0,10.0,14.0,37.1,1.3,0.6,0.0,0.0,7.0,7.0,37.2,0.9,0.2,1.0,14.0,0.0,0.0,0.07407407407407407,6,8,29.3,9.0,1503,334,1263,0.0,0.0,4.0,7.0,37.0,0.8,0.13333333333333333,0.0,0.0,12.0,3.0,38.5,0.3,0.25,-1.1,0.2,56.0,-562.0,12.0,10.0,518.0,0.1,0.0,0.0,0.0,0.0,0.13000000000000042,0.0,1.0274,-0.8110999999999962,-0.953799999999994,-1.1537999999999968,0.22050000000000125,0.20210008521632156,0.8565045242145541,1.0,0.0,
268,202307020310,3,3,4,25,0,0,0,1,0,0,0,0,2,0,1,6,0,0,0,1,0,0,0,0,0,0,0,0,0,0,0,0,0,0,0,0,0.0,0.0,8.0,16.0,66.0,32.8,0.25,0.0,0.0,14.0,4.0,34.8,0.2,0.13333333333333333,0.0,0.0,16.0,14.0,34.2,1.4,0.4444444444444444,-1.0,-8.0,-400.0,0.2608695652173913,0.391304347826087,8,12,11.1,6.0,1503,1292,1263,0.0,0.0,9.0,13.0,42.3,4.4,0.4,0.0,0.0,6.0,7.0,35.2,0.8,0.75,-0.9,0.0,56.0,-238.0,12.0,16.0,476.0,0.75,0.0,-0.05555555555555555,0.0,-0.08333333333333333,5.409999999999999,0.0,29.834200000000003,-0.6592000000000056,-1.2591999999999999,2.6740999999999957,-1.1748999999999938,0.20880021758656653,12.114123988138804,3.0,1.0,0.0
269,202307020310,1,0,0,6,0,0,0,2,0,0,0,0,0,0,0,1,0,0,0,1,0,0,0,0,0,0,0,0,0,0,0,0,0,0,0,0,0.0,0.0,,,,,,0.0,0.0,140.0,10.0,33.5,0.7,0.875,0.0,0.0,100.0,8.0,33.8,0.2,0.7142857142857143,-2.0,,400.0,0.10256410256410256,0.28205128205128205,3,3,69.0,11.0,1222,1438,1328,0.0,0.0,110.0,13.0,34.0,0.6,0.8,0.0,0.0,90.0,8.0,35.5,0.5,0.6111111111111112,-0.1,0.0,56.0,-364.0,12.0,15.0,,,0.0,-0.21428571428571427,0.0,-0.1111111111111111,-0.6200000000000003,0.0,,-1.606499999999997,-1.3531000000000049,-1.153100000000002,-0.5947999999999993,0.09834962416460072,0.771362431027076,0.0,0.0,
270,202307020310,2,5,7,40,0,0,0,1,0,0,0,0,1,1,0,14,0,0,0,1,0,0,0,0,0,0,0,0,0,0,0,0,0,0,0,0,0.0,0.0,11.0,13.0,36.5,1.5,0.5714285714285714,0.0,0.0,11.0,7.0,33.2,1.3,0.5384615384615384,0.0,0.0,12.0,15.0,36.3,2.1,0.13333333333333333,1.0,2.0,-400.0,0.05454545454545454,0.18181818181818182,5,5,9.4,5.0,1428,152,1263,0.0,0.0,8.0,15.0,38.1,2.8,0.0625,0.0,0.0,13.0,12.0,34.5,0.9,0.29411764705882354,0.6,0.0,56.0,-351.0,12.0,14.0,490.0,0.07142857142857142,0.15384615384615385,0.0,0.0625,0.0,-0.08999999999999986,0.0,0.3342000000000027,-2.2592,1.2252999999999972,2.183399999999999,-0.9592000000000027,0.20628250333237227,1.6998823488700614,0.0,1.0,0.0
271,202307020310,0,0,0,0,0,1,0,1,0,0,0,0,0,0,0,0,0,0,0,1,0,0,0,0,0,0,0,0,0,0,0,0,0,0,0,0,0.0,0.0,120.0,14.0,35.0,1.7,1.0,0.0,0.0,100.0,11.0,35.3,1.0,0.5625,0.0,0.0,80.0,5.0,34.4,1.1,0.6666666666666666,-4.5,10.0,-200.0,,,5,6,72.5,12.0,1432,1145,1428,0.0,0.0,110.0,6.0,35.0,0.3,0.75,0.0,0.0,100.0,10.0,36.1,2.3,0.1,-1.3,0.0,56.0,7.0,12.0,14.0,478.0,-0.07142857142857142,0.0,0.08333333333333333,-0.125,0.0,-0.19000000000000056,0.0,-0.4592000000000027,0.22529999999999717,-0.6747000000000014,-0.07469999999999999,1.0253000000000014,0.2956677940602332,0.5535341001239226,5.0,4.0,0.0
272,202307020310,2,2,3,10,1,2,4,11,0,0,0,1,0,1,0,2,0,0,0,3,0,0,0,0,0,0,0,0,0,0,0,0,0,0,0,0,0.0,0.0,13.0,9.0,37.3,1.0,0.8125,0.0,0.0,9.0,13.0,37.1,2.1,0.6923076923076923,0.0,0.0,10.0,8.0,37.6,1.2,0.7142857142857143,-0.5,4.0,-400.0,0.07142857142857142,0.32142857142857145,8,11,4.9,3.0,1167,1294,460,0.0,0.0,5.0,15.0,36.4,2.2,0.5,0.0,0.0,4.0,6.0,35.2,0.5,0.875,-0.4,0.0,56.0,-603.0,12.0,16.0,480.0,0.0625,0.07692307692307693,-0.42857142857142855,-0.0625,-0.5625,0.48999999999999916,0.0,1.3833999999999946,1.0700000000000003,2.1407999999999987,0.48339999999999606,-0.2591999999999999,0.1278857219531686,0.8565045242145534,4.0,0.0,
273,202307020310,1,3,0,18,1,1,4,13,0,0,0,0,0,1,0,7,0,0,0,4,0,0,0,0,0,0,0,0,0,0,0,0,0,0,0,0,0.0,0.0,18.0,13.0,34.3,0.7,0.6111111111111112,0.0,0.0,11.0,11.0,35.2,1.0,0.6666666666666666,0.0,0.0,6.0,10.0,34.7,0.8,0.38461538461538464,-1.5,0.0,200.0,0.09302325581395349,0.2558139534883721,7,9,18.1,7.0,1304,1558,1503,0.0,0.0,13.0,13.0,35.4,1.6,0.1875,0.0,0.0,12.0,5.0,34.1,0.2,0.4666666666666667,-1.4,0.0,56.0,-603.0,12.0,18.0,482.0,0.0,0.05555555555555555,0.07692307692307693,0.0,0.0,0.019999999999999574,0.0,-0.8064999999999998,0.09350000000000591,-0.4064999999999941,0.10869999999999891,-0.9746999999999986,0.17057219474801769,0.5003998401278724,3.0,1.0,0.0
274,202307020406,1,0,1,2,3,2,3,33,1,0,0,0,0,0,0,0,1,0,1,9,0,0,0,0,0,0,0,0,0,0,0,1,0,0,0,0,0.0,0.0,7.0,8.0,37.1,2.7,0.3,0.0,0.0,12.0,13.0,37.4,2.9,0.21428571428571427,0.0,0.0,9.0,9.0,34.8,1.9,0.6666666666666666,0.5,-2.0,-600.0,0.14285714285714285,0.14285714285714285,7,13,4.9,2.0,1154,1167,1561,0.0,0.0,7.0,11.0,34.0,1.0,0.8333333333333334,0.0,0.0,4.0,5.0,34.5,0.2,0.38461538461538464,-0.8,0.0,53.0,-546.0,16.0,10.0,512.0,0.0,0.35714285714285715,0.1111111111111111,-0.25,0.38461538461538464,0.8600000000000001,0.0,0.8155000000000001,1.9407999999999959,-0.27470000000000283,-1.4592000000000027,-0.5747,0.2331484307718531,1.4065560778013797,0.0,2.0,0.0
275,202307020406,7,5,5,48,0,0,0,0,0,0,0,0,1,2,0,11,0,0,0,0,0,0,0,0,0,0,0,2,0,0,0,0,0,0,0,0,0.0,0.0,11.0,13.0,42.5,5.3,0.3076923076923077,0.0,0.0,2.0,10.0,35.2,1.0,0.2,0.0,0.0,12.0,11.0,35.6,1.2,0.25,-1.0,2.0,-200.0,0.014925373134328358,0.14925373134328357,8,15,6.1,3.0,1503,272,1263,0.0,0.0,6.0,3.0,34.0,0.0,0.5,0.0,0.0,9.0,10.0,35.4,0.7,0.125,-1.3,0.2,56.0,-567.0,16.0,13.0,488.0,0.3076923076923077,0.13333333333333333,0.0,-0.08333333333333333,0.0,1.5400000000000005,0.0,2.8740999999999985,-0.2591999999999999,-0.3166000000000011,-1.9166000000000025,-0.05920000000000414,0.1268321352518532,3.0315672514394265,0.0,0.0,
276,202307020406,1,4,4,30,0,0,0,0,0,0,0,0,0,0,1,6,0,0,0,0,0,0,0,0,0,0,0,1,0,0,0,0,0,0,0,0,0.0,0.0,110.0,7.0,34.8,0.6,0.2777777777777778,0.0,0.0,70.0,8.0,41.1,2.6,0.25,0.0,0.0,70.0,5.0,39.1,2.2,0.5833333333333334,-1.0,-4.0,400.0,0.027777777777777776,0.1388888888888889,3,5,15.0,8.0,1152,760,1428,0.0,0.0,60.0,10.0,36.0,1.4,0.8571428571428571,0.0,0.0,80.0,11.0,34.7,0.9,0.7333333333333333,1.0,0.0,56.0,42.0,16.0,18.0,454.0,-0.05555555555555555,0.0,0.08333333333333333,0.0,-0.2,0.529999999999999,0.0,-0.35310000000000485,1.4741,-0.5259,-1.9110999999999976,-1.3947999999999965,0.24194839834732731,2.5397637685422643,0.0,0.0,
277,202307020406,1,4,4,30,3,2,4,17,0,0,1,0,0,0,1,6,1,1,0,4,0,0,0,0,0,0,0,1,0,0,0,1,0,0,0,0,0.0,0.0,40.0,13.0,38.9,2.2,0.15384615384615385,0.0,0.0,20.0,4.0,35.3,0.5,0.9,0.0,0.0,110.0,1.0,35.3,0.0,0.13333333333333333,-6.0,18.0,-400.0,0.1,0.22857142857142856,3,6,4.2,1.0,1152,1559,1428,0.0,0.0,70.0,14.0,35.5,1.7,0.6666666666666666,,,,,,,,0.0,0.25,56.0,63.0,16.0,13.0,466.0,0.0,-0.2,0.0,0.05555555555555555,,1.0199999999999996,0.0,2.216799999999999,-0.15920000000000556,0.22529999999999717,-0.14990000000000236,,0.33041809527586874,1.5321553446044565,1.0,2.0,0.5
278,202307020406,0,0,0,2,0,0,1,4,0,0,0,0,0,0,0,0,0,0,1,1,0,0,0,0,0,0,0,0,0,0,0,0,0,0,0,0,0.0,0.0,70.0,4.0,34.9,0.6,0.17647058823529413,0.0,0.0,130.0,4.0,34.2,0.4,0.4117647058823529,0.0,0.0,40.0,6.0,35.1,0.7,0.2222222222222222,1.0,0.0,0.0,0.06666666666666667,0.2,4,7,8.3,4.0,1687,1506,1345,0.0,0.0,60.0,3.0,34.0,0.1,0.375,0.0,0.0,70.0,7.0,34.6,0.5,1.0,0.5,0.2,56.0,14.0,16.0,17.0,450.0,0.058823529411764705,0.0,0.0,-0.0625,0.0,0.07999999999999971,0.0,-0.1747000000000014,-0.8746999999999971,-0.006499999999995509,-1.0747,-0.5531000000000006,0.29511179116619113,0.41279534881100555,0.0,3.0,0.3333333333333333
279,202307020406,0,1,0,4,0,0,0,2,0,0,0,0,0,0,0,1,0,0,0,1,0,0,0,0,0,0,0,0,0,0,0,0,0,0,0,0,0.0,0.0,8.0,8.0,35.3,2.0,0.5,0.0,0.0,4.0,13.0,34.6,1.8,0.75,0.0,0.0,6.0,12.0,34.3,0.7,0.8571428571428571,2.0,-4.0,-200.0,0.12121212121212122,0.5151515151515151,6,12,16.7,9.0,1698,1412,1366,0.0,0.0,6.0,3.0,35.2,0.3,0.875,0.0,0.0,12.0,4.0,33.6,0.1,1.0,-1.8,0.2,56.0,-272.0,16.0,10.0,430.0,0.2,0.1875,0.0,0.0625,0.0,0.279999999999999,0.0,-0.4374000000000038,-0.47469999999999857,-0.9634,0.12530000000000285,-1.4746999999999986,0.16812288994199742,0.6228964600958973,0.0,4.0,0.25
280,202307020406,9,5,4,41,6,3,4,26,1,1,2,4,3,1,2,9,3,2,2,7,1,1,1,0,1,0,0,2,0,1,0,1,0,0,0,0,0.0,0.0,13.0,15.0,33.5,1.2,1.0,0.0,0.0,12.0,14.0,36.2,1.4,0.8,0.0,0.0,14.0,13.0,35.0,1.9,0.6111111111111112,-1.0,-4.0,200.0,0.09210526315789473,0.3026315789473684,8,16,13.8,7.0,1716,1428,1167,0.0,0.0,13.0,10.0,34.6,0.4,0.7647058823529411,0.0,0.0,10.0,5.0,34.4,0.3,0.4166666666666667,-2.4,0.0,56.0,-518.0,16.0,16.0,446.0,0.0,-0.4666666666666667,-0.05555555555555555,-0.23529411764705882,-0.16666666666666666,-0.019999999999999574,0.0,-1.606499999999997,0.7408000000000001,-1.3616000000000028,-0.5064999999999955,-1.0592000000000041,0.19527171739835586,0.8800000000000009,0.0,0.0,
281,202307020406,1,2,2,12,0,0,0,0,0,0,0,0,0,1,0,1,0,0,0,0,0,0,0,0,0,0,0,0,0,0,0,0,0,0,0,0,0.0,0.0,3.0,9.0,35.7,0.7,0.6428571428571429,0.0,0.0,6.0,6.0,34.6,0.4,0.7,0.0,0.0,3.0,7.0,35.1,0.3,0.625,-1.0,0.0,0.0,0.0625,0.15625,5,10,29.2,11.0,1463,382,1167,0.0,0.0,10.0,5.0,35.1,0.7,0.3333333333333333,0.0,0.0,4.0,2.0,35.4,0.2,0.6153846153846154,-1.5,0.2,56.0,-370.0,16.0,14.0,464.0,0.0,-0.1,0.125,0.0,-0.15384615384615385,0.010000000000000852,0.0,-0.6748999999999938,-0.47469999999999857,0.025300000000001432,0.025300000000001432,-0.33740000000000236,0.1283881529786766,0.3655133376499414,0.0,4.0,0.0
282,202307020406,0,0,0,0,2,0,1,8,0,0,0,0,0,0,0,0,0,0,0,3,0,0,0,0,0,0,0,0,0,0,0,0,0,0,0,0,0.0,0.0,12.0,15.0,36.8,2.0,0.375,0.0,0.0,15.0,15.0,39.9,2.7,0.25,0.0,0.0,7.0,14.0,38.8,2.1,0.5714285714285714,-0.5,0.0,0.0,0.04054054054054054,0.16216216216216217,1,1,11.7,6.0,484,324,612,0.0,0.0,3.0,8.0,36.2,1.6,0.3125,0.0,0.0,4.0,1.0,35.8,0.0,0.13333333333333333,-3.5,0.2,56.0,-321.0,16.0,16.0,502.0,0.0625,0.0,0.07142857142857142,0.0,0.0,0.5699999999999996,0.0,-1.2726000000000042,0.2740999999999971,-0.5926000000000045,-1.055099999999996,-2.1167000000000016,0.14538556135754047,1.5824032355881983,0.0,0.0,
283,202307020406,3,0,1,12,3,0,0,9,0,0,0,0,1,0,1,5,0,0,0,3,0,0,0,0,0,0,0,1,0,0,0,1,0,0,0,0,0.0,0.0,11.0,11.0,37.9,1.2,1.0,0.0,0.0,15.0,13.0,36.9,1.1,0.6875,0.0,0.0,14.0,10.0,35.0,1.0,0.4375,-0.5,0.0,200.0,0.0,0.0,5,9,130.2,14.0,1657,1503,1317,0.0,0.0,10.0,14.0,37.1,1.7,0.625,0.0,0.0,7.0,9.0,35.6,0.9,0.2,-0.3,0.0,53.0,-365.0,16.0,14.0,490.0,0.0,-0.125,0.125,0.25,0.13333333333333333,0.43999999999999917,0.0,-0.37950000000000017,1.1625999999999976,-0.2633999999999972,1.3626000000000005,0.5253000000000014,0.26615315139971574,1.0526157893552608,-1.0,2.0,0.0
284,202307020406,1,2,2,11,0,1,3,2,0,0,0,0,0,1,0,1,0,0,0,1,0,0,0,0,0,0,0,0,0,0,0,0,0,0,0,0,0.0,0.0,120.0,8.0,35.1,0.7,0.5384615384615384,0.0,0.0,100.0,7.0,34.6,0.7,0.8666666666666667,0.0,0.0,100.0,10.0,34.1,1.1,0.7692307692307693,1.0,4.0,0.0,0.0,0.0,1,2,177.5,16.0,1561,1124,1263,0.0,0.0,50.0,12.0,36.1,1.7,0.9285714285714286,0.0,0.0,30.0,3.0,35.4,0.7,0.7857142857142857,-0.5,0.2,53.0,50.0,16.0,13.0,438.0,-0.15384615384615385,0.06666666666666667,0.0,0.0,-0.35714285714285715,-0.20999999999999944,0.0,0.025300000000001432,-0.47469999999999857,-1.3592000000000013,-0.7502999999999957,-0.05920000000000414,0.13270135619097742,0.6829348431585546,0.0,2.0,0.0
285,202307020406,1,0,0,2,6,3,4,26,1,0,0,0,1,0,0,1,3,2,2,7,1,0,0,0,0,0,0,0,0,1,0,1,0,0,0,0,0.0,0.0,15.0,16.0,38.4,4.7,0.125,0.0,0.0,14.0,17.0,37.7,2.0,0.1111111111111111,0.0,0.0,7.0,13.0,36.8,3.9,0.6923076923076923,-1.5,-2.0,0.0,0.038461538461538464,0.07692307692307693,2,3,74.4,13.0,1426,1428,306,0.0,0.0,7.0,3.0,36.2,0.2,0.0625,0.0,0.0,5.0,4.0,34.0,0.3,0.1,-3.8,0.2,55.0,-587.0,16.0,16.0,472.0,0.0,0.0,0.0,0.0,0.0,1.0299999999999998,0.0,3.3252999999999986,2.593500000000006,1.7252999999999972,1.093500000000006,-1.0747,0.2379689486929777,1.5104966070799364,-1.0,3.0,0.0
286,202307020406,0,0,0,3,3,2,3,33,0,0,0,0,0,0,0,1,1,0,1,9,0,0,0,0,0,0,0,0,0,0,0,1,0,0,0,0,0.0,0.0,3.0,3.0,35.7,0.3,0.23076923076923078,0.0,0.0,6.0,2.0,34.5,0.0,0.16666666666666666,0.0,0.0,3.0,4.0,35.7,0.3,0.5,0.5,0.0,-200.0,0.0,0.05,2,4,19.5,10.0,1333,1167,1294,0.0,0.0,13.0,4.0,35.3,0.7,0.5625,0.0,0.0,4.0,6.0,34.0,0.7,0.9,0.8,0.4,52.0,-224.0,16.0,13.0,428.0,0.0,0.16666666666666666,0.0,0.125,0.1,0.26000000000000084,0.0,-0.0373999999999981,-1.6657999999999973,-0.46579999999999444,-0.15920000000000556,-1.0747,0.26213697856131835,0.6800000000000008,-4.0,1.0,0.0
287,202307020406,0,0,0,3,0,1,1,7,0,0,0,0,0,0,0,1,0,1,1,1,0,0,0,0,0,0,0,0,0,0,0,0,0,0,0,0,0.0,0.0,5.0,14.0,34.9,1.3,0.875,0.0,0.0,7.0,4.0,35.3,0.7,0.8125,0.0,0.0,11.0,3.0,33.4,0.4,0.6666666666666666,-5.5,4.0,0.0,0.0425531914893617,0.10638297872340426,4,8,8.8,5.0,1343,565,1428,0.0,0.0,7.0,5.0,36.1,0.6,0.75,0.0,0.0,10.0,4.0,34.8,0.4,0.4375,-1.9,0.2,56.0,0.0,16.0,16.0,434.0,0.0,0.0625,0.13333333333333333,-0.25,-0.0625,-0.060000000000000143,0.0,-0.3633999999999986,0.22529999999999717,-1.6747000000000014,1.0253000000000014,-0.27470000000000283,0.1519548544067539,0.8786353054595526,0.0,5.0,0.2
288,202307020406,7,5,5,48,1,0,0,9,0,0,0,3,1,2,0,11,0,0,0,4,0,0,0,1,0,0,0,2,0,0,0,1,0,0,0,1,0.0,0.0,1.0,2.0,38.2,0.3,0.6363636363636364,0.0,0.0,14.0,13.0,38.8,2.4,0.5625,0.0,0.0,14.0,11.0,37.5,1.8,0.8666666666666667,4.5,25.0,100.0,0.05,0.225,6,11,52.0,12.0,1503,334,1263,0.0,0.0,15.0,8.0,36.0,1.2,0.8666666666666667,0.0,0.0,9.0,7.0,36.4,1.1,0.7333333333333333,0.5,0.2,56.0,-579.0,16.0,11.0,473.0,-0.09090909090909091,0.1875,0.0,0.0,-0.13333333333333333,0.6400000000000006,0.0,,-0.4094000000000051,-0.7794999999999987,-2.153799999999997,-2.6387,0.12177228518777612,1.0552724766618335,2.0,0.0,
289,202307020406,9,5,4,41,6,3,4,26,1,1,2,4,3,1,2,9,3,2,2,7,1,1,1,0,1,0,0,2,0,1,0,1,0,0,0,0,0.0,0.0,130.0,11.0,35.2,1.7,0.6666666666666666,0.0,0.0,110.0,15.0,36.0,1.2,0.5,0.0,0.0,60.0,1.0,34.0,0.0,0.6875,-5.0,-10.0,-400.0,0.07954545454545454,0.20454545454545456,7,14,171.1,15.0,1716,1428,1167,0.0,0.0,60.0,4.0,35.9,0.7,0.46153846153846156,0.0,0.0,80.0,9.0,35.5,1.8,0.5,-1.5,0.2,56.0,99.0,16.0,15.0,436.0,-0.06666666666666667,-0.125,0.0,-0.07692307692307693,0.0625,-0.04999999999999929,0.0,-0.7165999999999997,0.5407999999999973,-1.4592000000000027,-0.4316999999999993,0.04079999999999728,0.09431794328080197,0.7194442299441977,2.0,0.0,
290,202307020409,1,1,0,5,1,0,0,9,1,0,0,0,0,0,0,0,0,0,0,4,0,0,0,0,0,0,0,0,0,0,0,1,0,0,0,0,0.0,0.0,70.0,8.0,36.2,0.8,0.4117647058823529,0.0,0.0,10.0,2.0,33.5,0.1,0.5555555555555556,0.0,0.0,10.0,1.0,34.0,0.0,0.5555555555555556,-3.5,6.0,0.0,0.03225806451612903,0.12903225806451613,1,1,4.4,3.0,314,334,324,,,,,,,,,,,,,,,-3.5,0.6666666666666666,56.0,91.0,8.0,17.0,486.0,0.0,0.0,0.0,,,1.1000000000000014,0.0,1.1253000000000029,-1.606499999999997,-1.562100000000001,,,0.06778365658433137,1.1728408057172799,1.0,1.0,0.0
291,202307020409,2,0,0,4,3,0,0,9,0,0,0,0,1,0,0,3,0,0,0,3,0,0,0,0,0,0,0,0,0,0,0,1,0,0,0,0,0.0,0.0,20.0,1.0,33.9,0.0,0.125,0.0,0.0,20.0,5.0,36.0,0.6,0.125,0.0,0.0,20.0,2.0,33.8,0.0,0.375,0.5,12.0,200.0,0.04,0.04,4,4,11.9,5.0,1064,1503,1556,,,,,,,,,,,,,,,0.5,0.6666666666666666,54.0,36.0,8.0,16.0,464.0,0.0,0.0,0.0,,,0.05000000000000071,0.0,-1.6621000000000024,-1.4677999999999969,-1.3531000000000049,,,0.11785113019775792,1.0143416036468635,0.0,1.0,0.0
292,202307020409,3,0,1,12,2,1,1,9,1,0,0,0,1,0,1,5,0,0,0,1,0,0,0,0,0,0,0,1,0,0,0,0,0,0,0,0,0.0,0.0,20.0,2.0,34.5,0.3,0.3333333333333333,0.0,0.0,40.0,5.0,35.7,0.9,0.3333333333333333,0.0,0.0,10.0,1.0,34.1,0.0,0.15384615384615385,-0.5,6.0,0.0,0.09333333333333334,0.29333333333333333,2,2,2.3,1.0,1657,1393,1317,,,,,,,,,,,,,,,-0.5,0.6666666666666666,56.0,28.0,8.0,12.0,496.0,0.0,-0.1111111111111111,0.0,,,0.1999999999999993,0.0,-0.5747,-0.21659999999999968,-1.3592000000000013,,,0.08461106783428772,0.6798692684790388,0.0,1.0,1.0
293,202307020409,1,0,1,9,0,1,0,5,0,0,0,0,0,0,0,2,0,0,0,1,0,0,0,0,0,0,0,0,0,0,0,0,0,0,0,0,0.0,0.0,50.0,5.0,35.6,0.8,0.4444444444444444,0.0,0.0,50.0,4.0,34.4,0.4,0.3,0.0,0.0,30.0,3.0,33.9,0.6,0.3333333333333333,-1.0,14.0,-400.0,0.0410958904109589,0.1643835616438356,6,6,3.6,2.0,1289,1708,1428,0.0,0.0,10.0,1.0,34.2,0.0,0.375,0.0,0.0,20.0,3.0,34.8,0.3,0.5,-0.7,0.6,56.0,63.0,8.0,9.0,470.0,-0.1111111111111111,0.0,0.0,0.0,0.0,0.18000000000000044,0.0,-0.3166000000000011,-0.6747000000000014,-1.1747000000000014,-1.2591999999999999,-0.6592000000000056,0.0729366374767836,0.5878775382679631,0.0,2.0,0.5
294,202307020409,0,1,0,2,2,1,1,22,0,0,0,0,0,1,0,0,2,0,0,4,0,0,0,0,0,0,0,0,0,0,0,0,0,0,0,0,0.0,0.0,60.0,2.0,33.5,0.1,0.4,0.0,0.0,60.0,12.0,37.4,2.0,0.23076923076923078,0.0,0.0,30.0,2.0,35.0,0.2,0.3333333333333333,0.0,2.0,200.0,0.0,0.0,7,7,4.8,4.0,1434,1556,969,0.0,0.0,40.0,5.0,34.0,0.9,0.75,0.0,0.0,20.0,1.0,33.3,0.0,0.8333333333333334,-0.9,0.6,56.0,50.0,8.0,10.0,500.0,0.0,0.0,0.0,-0.125,0.0,0.38000000000000045,0.0,-1.606499999999997,2.3252999999999986,-0.07469999999999999,-1.4592000000000027,-1.7747000000000028,0.23808572536646158,1.500133327407934,0.0,3.0,0.6666666666666666
295,202307020409,0,0,0,0,2,1,1,22,0,0,0,0,0,0,0,0,2,0,0,4,0,0,0,0,0,0,0,0,0,0,0,0,0,0,0,0,0.0,0.0,130.0,13.0,36.3,2.0,0.9230769230769231,0.0,0.0,100.0,10.0,34.2,1.1,0.8,0.0,0.0,90.0,10.0,36.7,4.0,1.0,-1.5,2.0,-400.0,0.0,0.16666666666666666,8,8,145.7,8.0,1441,1556,1167,0.0,0.0,120.0,1.0,35.5,0.0,0.1875,,,,,,,,-3.6,0.25,56.0,99.0,8.0,13.0,434.0,0.0,-0.1,0.0,-0.0625,,-0.010000000000000852,0.0,0.38339999999999463,-0.8746999999999971,1.593500000000006,0.4253,,0.3199073106503576,0.9549214627392132,1.0,2.0,0.5
296,202307020409,7,5,4,26,1,0,2,9,0,0,0,1,1,3,1,7,0,0,1,2,0,0,0,0,0,1,1,1,0,0,0,0,0,0,0,0,0.0,0.0,16.0,14.0,36.6,1.8,1.0,0.0,0.0,10.0,11.0,42.0,4.9,0.5454545454545454,0.0,0.0,6.0,7.0,35.8,1.8,0.625,-3.5,0.0,200.0,0.015151515151515152,0.15151515151515152,5,5,45.1,6.0,1098,1618,1294,0.0,0.0,6.0,6.0,35.8,0.9,0.8888888888888888,0.0,0.0,8.0,11.0,35.0,1.2,0.36363636363636365,-1.1,0.0,54.0,-413.0,8.0,16.0,490.0,0.0,0.36363636363636365,0.0,0.0,0.09090909090909091,0.9400000000000006,0.0,1.4935000000000045,5.834200000000003,0.5366,0.34079999999999444,-0.07469999999999999,0.23114600728987822,2.5310867231290204,-1.0,2.0,0.0
297,202307020409,0,0,0,5,0,1,0,1,0,0,0,0,0,0,0,1,0,0,0,0,0,0,0,0,0,0,0,0,0,0,0,0,0,0,0,0,0.0,0.0,80.0,9.0,35.6,1.0,0.8125,0.0,0.0,50.0,13.0,36.3,1.7,0.17647058823529413,0.0,0.0,70.0,6.0,35.7,0.7,0.5,-1.5,-6.0,0.0,0.0,0.0,3,3,135.3,7.0,1310,1589,1618,0.0,0.0,60.0,8.0,36.2,1.0,0.11764705882352941,0.0,0.0,20.0,3.0,35.4,0.2,0.3,-1.7,0.2,54.0,15.0,8.0,16.0,522.0,-0.0625,0.0,0.0625,0.0,0.0,0.05,0.0,0.5253000000000014,0.8407999999999944,0.5469000000000008,0.3838000000000008,0.24689999999999657,0.25223036238593993,0.3498571136907178,0.0,1.0,0.0
298,202307020506,0,0,1,1,0,0,0,1,0,0,0,0,0,0,1,1,0,0,0,0,0,0,0,0,0,0,1,1,0,0,0,0,0,0,0,0,0.0,0.0,20.0,3.0,34.7,0.2,0.5294117647058824,0.0,0.0,40.0,4.0,35.7,0.3,0.25,0.0,0.0,20.0,5.0,35.2,0.3,0.1875,1.0,-4.0,0.0,0.05,0.25,3,5,2.4,1.0,1064,464,1556,0.0,0.0,10.0,3.0,34.7,0.4,0.5625,0.0,0.0,50.0,3.0,33.8,0.2,0.11764705882352941,-0.1,0.6,54.0,27.0,16.0,17.0,466.0,-0.11764705882352941,0.1875,0.0,0.0,0.0,0.28000000000000114,0.0,-0.37469999999999715,0.6253000000000029,0.12530000000000285,-0.4064999999999941,-1.2747000000000028,0.1819997766073385,0.6305553108173797,0.0,4.0,0.5
299,202307020506,3,3,4,25,0,0,0,0,0,0,0,0,2,0,1,6,0,0,0,0,0,0,0,0,1,0,0,3,0,0,0,0,0,0,0,0,0.0,0.0,6.0,11.0,45.2,5.7,0.45454545454545453,0.0,0.0,10.0,12.0,38.4,1.6,0.25,0.0,0.0,3.0,5.0,37.5,0.7,0.375,-3.0,8.0,-100.0,0.0,0.1111111111111111,2,4,16.3,5.0,1503,492,1263,0.0,0.0,3.0,12.0,36.7,1.8,0.46153846153846156,0.0,0.0,2.0,4.0,35.1,0.5,0.38461538461538464,-1.4,0.0,50.0,-221.0,16.0,11.0,468.0,0.2727272727272727,0.0625,-0.125,-0.15384615384615385,-0.23076923076923078,2.19,0.0,6.622400000000006,2.2342000000000013,1.5833999999999975,0.7775000000000034,-0.8166000000000011,0.0761836681544134,3.4833317384366373,-1.0,0.0,
300,202307020506,0,1,1,3,0,2,0,15,0,0,0,0,0,0,0,1,0,0,0,1,0,0,0,0,0,0,0,1,0,0,0,0,0,0,0,0,,,,,,,,,,,,,,,,,,,,,,,,,0.0,0.047619047619047616,1,2,30.5,8.0,1677,1405,1167,,,,,,,,,,,,,,,,,50.0,,16.0,,,,,,,,,,,,,,,,,,0.0,
301,202307020506,0,0,0,0,0,0,1,4,0,0,0,0,0,0,0,0,0,0,0,2,0,0,0,0,0,0,0,0,0,0,0,0,0,0,0,0,0.0,0.0,2.0,4.0,38.7,0.5,0.2727272727272727,0.0,0.0,10.0,15.0,38.1,2.6,0.4375,0.0,0.0,5.0,4.0,36.2,0.5,0.125,0.0,26.0,400.0,,,4,7,122.4,13.0,1248,1036,1428,0.0,0.0,7.0,6.0,34.6,1.0,0.1111111111111111,0.0,0.0,8.0,8.0,38.8,1.2,0.1875,-0.1,0.0,50.0,-485.0,16.0,11.0,474.0,0.0,0.1875,0.0,0.05555555555555555,0.0,0.3300000000000011,0.0,0.7889000000000053,3.0253000000000014,0.9366000000000057,-0.47469999999999857,3.062599999999996,0.119829418899162,1.6338910612400075,-4.0,3.0,0.0
302,202307020506,0,1,1,6,0,0,0,3,0,0,0,0,0,0,0,2,0,0,0,0,0,0,0,0,0,0,0,0,0,0,0,0,0,0,0,0,0.0,0.0,4.0,12.0,41.1,2.8,0.9166666666666666,0.0,0.0,3.0,5.0,35.1,0.3,0.6666666666666666,0.0,0.0,9.0,2.0,34.6,0.1,0.625,-5.0,9.0,100.0,0.0,0.16,1,1,6.6,3.0,1736,391,1482,0.0,0.0,7.0,5.0,36.5,1.1,0.5625,0.0,0.0,5.0,7.0,34.8,1.0,0.9166666666666666,-0.9999999999999998,0.2,55.0,-236.0,16.0,12.0,503.0,0.08333333333333333,-0.13333333333333333,-0.125,-0.375,0.0,1.120000000000001,0.0,,-1.2748999999999953,-0.47469999999999857,1.0407999999999973,-0.6592000000000056,0.15,2.4326117651610586,-1.0,2.0,0.5
303,202307020506,2,2,3,22,0,0,0,6,0,0,0,0,0,1,0,8,0,0,0,1,0,0,0,0,0,1,0,3,0,0,0,0,0,0,0,0,0.0,0.0,12.0,6.0,34.1,1.0,0.6666666666666666,0.0,0.0,10.0,6.0,35.5,0.4,0.4,0.0,0.0,10.0,5.0,34.8,0.8,0.4444444444444444,-0.5,4.0,-200.0,0.0,0.058823529411764705,8,15,33.6,10.0,1691,1618,1167,0.0,0.0,11.0,14.0,35.0,1.5,0.8888888888888888,,,,,,,,2.3,0.0,53.0,-63.0,16.0,18.0,446.0,-0.1111111111111111,-0.06666666666666667,0.0,0.0,,-0.1999999999999993,0.0,-1.3592000000000013,-0.8748999999999967,-0.27470000000000283,-0.10649999999999693,,0.19499920860871378,0.502493781056044,-1.0,2.0,0.0
304,202307020506,0,1,1,3,1,2,0,5,0,0,0,0,0,0,0,1,0,0,0,1,0,0,0,0,0,0,0,1,0,0,0,1,0,0,0,0,0.0,0.0,50.0,12.0,36.0,1.4,0.7142857142857143,0.0,0.0,40.0,3.0,35.2,0.3,0.375,,,,,,,,-9.0,-6.0,0.0,0.04878048780487805,0.21951219512195122,7,14,26.2,7.0,1677,1503,1167,,,,,,,,,,,,,,,-9.0,0.5,54.0,166.0,16.0,14.0,430.0,-0.14285714285714285,-0.25,,,,0.7999999999999972,0.0,0.35009999999999764,-0.4498999999999995,,,,0.16964285714285715,0.3999999999999986,0.0,2.0,0.5
305,202307020506,0,0,0,0,0,0,0,0,0,0,0,0,0,0,0,0,0,0,0,0,0,0,0,0,0,0,0,0,0,0,0,0,0,0,0,0,0.0,0.0,3.0,7.0,35.9,1.4,0.75,0.0,0.0,6.0,7.0,35.8,0.8,0.375,0.0,0.0,3.0,9.0,35.7,1.0,0.8125,1.0,-2.0,600.0,0.041666666666666664,0.10416666666666667,8,16,3.9,2.0,179,742,314,0.0,0.0,2.0,8.0,36.0,0.5,0.13333333333333333,,,,,,,,0.5,0.0,54.0,-105.0,16.0,12.0,474.0,0.0,-0.0625,-0.0625,0.0,,-0.020000000000000996,0.0,-0.5411000000000001,0.4345999999999961,0.3346000000000018,-0.3748999999999967,,0.27792595874021314,0.11180339887498869,2.0,1.0,0.0
306,202307020506,0,0,0,0,0,0,0,0,0,0,0,0,0,0,0,0,0,0,0,0,0,0,0,0,0,0,0,0,0,0,0,0,0,0,0,0,0.0,0.0,13.0,14.0,41.2,5.2,1.0,0.0,0.0,11.0,18.0,39.1,4.3,0.05555555555555555,0.0,0.0,9.0,9.0,35.6,0.7,0.6666666666666666,-2.5,0.0,-200.0,0.0,0.09523809523809523,6,12,32.2,9.0,502,1005,779,0.0,0.0,9.0,8.0,35.2,1.1,0.9166666666666666,,,,,,,,-2.7,0.0,56.0,-113.0,16.0,16.0,446.0,0.0,0.0,-0.13333333333333333,-0.4166666666666667,,2.15,0.0,1.5741000000000014,3.6407999999999987,-0.7748999999999953,-0.2591999999999999,,0.36975498644372595,2.4923633362734257,0.0,1.0,0.0
307,202307020506,1,2,2,6,0,0,0,0,0,0,0,0,0,0,1,1,0,0,0,0,0,0,0,0,0,0,1,1,0,0,0,0,0,0,0,0,0.0,0.0,3.0,10.0,42.5,2.0,0.16666666666666666,0.0,0.0,14.0,13.0,44.4,4.7,0.3333333333333333,0.0,0.0,15.0,11.0,38.6,2.6,0.875,0.5,19.0,370.0,0.030303030303030304,0.18181818181818182,5,9,59.1,11.0,1657,1426,1317,0.0,0.0,7.0,13.0,41.4,2.6,0.15384615384615385,0.0,0.0,11.0,10.0,35.5,0.9,0.8,0.0,0.0,56.0,-363.0,16.0,12.0,449.0,0.16666666666666666,0.06666666666666667,-0.0625,0.0,-0.06666666666666667,1.7,0.0,,4.853299999999997,0.32050000000000267,1.8532999999999973,-0.8748999999999967,0.31095904755621395,3.11858942472394,-1.0,1.0,0.0
308,202307020506,0,0,0,0,0,0,0,0,0,0,0,0,0,0,0,0,0,0,0,0,0,0,0,0,0,0,0,0,0,0,0,0,0,0,0,0,,,,,,,,,,,,,,,,,,,,,,,,,0.04,0.16,3,6,6.9,4.0,1006,855,605,,,,,,,,,,,,,,,,,56.0,,16.0,,,,,,,,,,,,,,,,,,0.0,
309,202307020506,6,4,4,41,2,5,4,32,0,2,0,5,1,1,1,10,0,0,0,11,0,0,0,2,1,0,1,8,0,0,0,9,0,0,0,2,0.0,0.0,13.0,13.0,36.5,2.4,0.42857142857142855,0.0,0.0,3.0,4.0,39.1,1.5,0.125,0.0,0.0,8.0,12.0,36.6,1.8,0.16666666666666666,-0.5,-13.0,400.0,0.07865168539325842,0.20224719101123595,4,8,17.1,6.0,1716,1428,1167,0.0,0.0,6.0,12.0,35.9,1.0,0.6,,,,,,,,0.5,0.0,54.0,-154.0,16.0,14.0,432.0,0.21428571428571427,0.25,0.0,-0.06666666666666667,,0.43000000000000044,0.0,1.346899999999998,,1.5253000000000014,-0.4748999999999981,,0.1944987725771389,1.2275483697190925,0.0,2.0,0.0
310,202307020506,4,3,2,17,0,0,0,2,0,0,0,0,2,1,1,5,0,0,0,0,0,0,0,0,1,1,0,3,0,0,0,0,0,0,0,0,0.0,0.0,8.0,8.0,39.3,2.8,0.625,0.0,0.0,13.0,14.0,38.3,2.5,0.8,0.0,0.0,12.0,13.0,37.4,2.3,0.2,2.5,-12.0,200.0,0.037037037037037035,0.07407407407407407,6,11,91.3,12.0,1098,1169,1294,,,,,,,,,,,,,,,2.5,0.0,55.0,-464.0,16.0,8.0,472.0,0.0,0.06666666666666667,0.13333333333333333,,,0.9499999999999993,0.0,1.1462000000000003,0.3888999999999996,1.025100000000002,,,0.25193694096384955,0.7760297817881872,-1.0,1.0,0.0
311,202307020506,1,3,0,18,0,0,0,6,0,0,0,0,0,1,0,7,0,0,0,2,0,0,0,0,0,0,0,5,0,0,0,2,0,0,0,0,0.0,0.0,2.0,12.0,41.6,2.5,0.4166666666666667,0.0,0.0,15.0,14.0,37.2,4.5,1.0,,,,,,,,2.0,30.0,-100.0,0.0,0.23076923076923078,2,3,287.6,15.0,1304,1306,1503,,,,,,,,,,,,,,,2.0,0.0,56.0,-384.0,16.0,12.0,486.0,0.4166666666666667,0.0,,,,4.399999999999999,0.0,2.2074,0.8251000000000062,,,,0.2916666666666667,2.1999999999999993,0.0,1.0,0.0
312,202307020506,0,0,0,1,0,0,0,0,0,0,0,0,0,0,0,0,0,0,0,0,0,0,0,0,0,0,0,0,0,0,0,0,0,0,0,0,0.0,0.0,15.0,9.0,37.7,1.9,0.25,0.0,0.0,7.0,7.0,37.3,1.5,0.6666666666666666,0.0,0.0,11.0,8.0,39.0,1.5,0.4375,-0.5,10.0,0.0,0.25,0.25,5,10,207.9,14.0,1704,113,1712,0.0,0.0,7.0,9.0,38.7,2.3,0.15384615384615385,0.0,0.0,7.0,3.0,37.4,0.3,0.26666666666666666,-1.0,0.2,53.0,-596.0,16.0,16.0,496.0,0.0625,0.0,0.1875,0.0,0.0,-0.07999999999999971,0.0,-0.3725999999999985,-0.7726000000000042,-0.6259000000000015,0.6274000000000015,-0.6726000000000028,0.1806836949841797,0.696850055607375,-5.0,0.0,
313,202307020506,1,2,2,6,0,0,0,3,0,0,0,0,0,0,1,1,0,0,0,1,0,0,0,0,0,0,1,1,0,0,0,0,0,0,0,0,0.0,0.0,30.0,11.0,35.9,2.2,0.21428571428571427,0.0,0.0,40.0,12.0,36.0,1.6,0.5,0.0,0.0,,,,,,1.0,-12.0,-200.0,,,7,13,,,1657,1328,1317,,,,,,,,,,,,,,,1.0,0.0,54.0,-42.0,16.0,14.0,458.0,0.0,0.0,,,,-0.10000000000000142,0.0,0.44079999999999586,0.5407999999999973,,,,0.14285714285714288,0.05000000000000071,0.0,1.0,0.0
314,202307030107,0,0,0,0,0,0,1,9,0,0,0,0,0,0,0,0,0,0,1,3,0,0,0,0,0,0,0,0,0,0,0,2,0,0,0,0,0.0,0.0,10.0,2.0,34.0,0.5,0.16666666666666666,0.0,0.0,30.0,4.0,35.5,0.4,0.2222222222222222,0.0,0.0,40.0,6.0,35.7,0.5,0.21428571428571427,2.0,0.0,0.0,0.07777777777777778,0.2,8,15,3.9,1.0,1699,1014,1313,0.0,0.0,120.0,6.0,34.3,0.6,0.9444444444444444,,,,,,,,1.4,0.25,54.0,27.0,16.0,18.0,448.0,0.0,0.1111111111111111,0.0,0.0,,-0.10999999999999943,0.0,-1.0747,-0.06210000000000093,0.6253000000000029,-2.0616000000000057,,0.3225961060977614,0.7361215932167742,0.0,2.0,0.5
315,202307030107,4,3,2,22,0,0,0,1,0,0,0,1,0,2,1,4,0,0,0,0,0,0,0,0,0,1,1,2,0,0,0,0,0,0,0,0,0.0,0.0,2.0,3.0,41.0,1.1,0.125,0.0,0.0,5.0,8.0,35.7,0.7,1.0,0.0,0.0,14.0,2.0,35.1,0.3,0.3125,-0.5,12.0,200.0,0.0,1.0,7,14,122.2,14.0,1152,659,1428,0.0,0.0,8.0,14.0,35.2,1.7,0.8125,0.0,0.0,10.0,6.0,35.5,0.8,1.0,1.2,0.4,53.0,-368.0,16.0,8.0,490.0,0.0,-0.0625,0.0625,-0.0625,-0.16666666666666666,1.15,0.0,2.846200000000003,0.6253000000000029,-1.2748999999999953,0.09350000000000591,0.39350000000000307,0.36357598930622465,2.2600884938426633,-3.0,2.0,0.5
316,202307030107,0,0,0,0,2,5,4,32,0,0,0,0,0,0,0,0,0,0,0,11,0,0,0,0,0,0,0,0,0,0,0,9,0,0,0,0,0.0,0.0,40.0,2.0,33.4,0.0,0.5714285714285714,0.0,0.0,70.0,11.0,36.3,1.0,0.6666666666666666,0.0,0.0,80.0,10.0,36.2,1.3,0.6470588235294118,4.0,6.0,-200.0,0.09859154929577464,0.22535211267605634,7,13,4.1,2.0,1632,1428,1167,0.0,0.0,70.0,3.0,34.4,0.1,0.3076923076923077,0.0,0.0,160.0,10.0,34.2,0.6,0.8888888888888888,0.8,0.4,54.0,56.0,16.0,14.0,422.0,-0.14285714285714285,0.1111111111111111,-0.11764705882352941,0.0,-0.16666666666666666,0.029999999999999007,0.0,-2.059200000000004,-0.3832000000000022,-0.13169999999999504,-1.0592000000000041,-1.4498999999999995,0.1871041156500514,1.1523888232710346,0.0,1.0,0.0
317,202307030107,0,2,0,4,0,0,0,0,0,0,0,0,0,0,0,0,0,0,0,0,0,0,0,0,0,0,0,0,0,0,0,0,0,0,0,0,0.0,0.0,11.0,10.0,39.4,1.2,0.6666666666666666,0.0,0.0,13.0,18.0,43.5,7.5,0.16666666666666666,0.0,0.0,7.0,8.0,36.9,1.6,0.35714285714285715,-1.0,20.0,-100.0,0.12121212121212122,0.30303030303030304,6,11,233.1,16.0,1645,1611,1366,0.0,0.0,16.0,4.0,35.8,0.4,0.0625,0.0,0.0,12.0,13.0,39.7,2.9,0.4375,-0.8,0.0,55.0,-389.0,16.0,12.0,474.0,0.0,0.7777777777777778,0.07142857142857142,0.0,0.1875,0.7099999999999994,0.0,0.0073999999999969646,7.5833999999999975,0.983399999999996,-0.5748999999999995,1.420500000000004,0.21144445725391187,2.665783186982768,-1.0,1.0,0.0
318,202307030107,4,3,2,17,0,0,0,1,0,0,0,0,2,1,1,5,0,0,0,0,0,0,0,0,1,1,0,3,0,0,0,0,0,0,0,0,0.0,0.0,1.0,3.0,39.6,0.9,0.08333333333333333,0.0,0.0,9.0,10.0,36.8,1.0,0.25,0.0,0.0,5.0,5.0,35.6,0.5,0.1875,1.0,51.0,100.0,0.09473684210526316,0.2736842105263158,1,1,7.2,5.0,1098,1337,1294,0.0,0.0,5.0,9.0,41.7,2.0,0.07692307692307693,0.0,0.0,6.0,9.0,36.9,1.3,0.11764705882352941,1.1,0.2,56.0,-349.0,16.0,12.0,537.0,0.0,0.1875,-0.0625,0.0,0.0,0.05,0.0,,1.7252999999999972,-0.7748999999999953,2.0741000000000014,1.1625999999999976,0.06632987252100309,2.2175662335091606,0.0,2.0,0.0
319,202307030107,4,3,0,7,0,0,0,0,0,0,0,0,1,0,0,1,0,0,0,0,0,0,0,0,1,0,0,1,0,0,0,0,0,0,0,0,0.0,0.0,3.0,6.0,37.2,0.7,0.07142857142857142,0.0,0.0,3.0,2.0,35.3,0.4,0.25,0.0,0.0,10.0,3.0,34.8,0.2,0.16666666666666666,-1.5,-4.0,100.0,0.11764705882352941,0.5,4,8,6.7,4.0,1463,197,1167,0.0,0.0,4.0,6.0,35.3,0.5,0.8125,0.0,0.0,3.0,16.0,38.6,4.5,0.4375,2.4,0.4,56.0,-56.0,16.0,14.0,486.0,0.07142857142857142,0.0,0.08333333333333333,-0.4375,0.25,-0.2799999999999997,0.0,1.2775000000000034,0.14689999999999515,-0.35310000000000485,-1.0748999999999995,3.5253000000000014,0.26181952076047954,1.4374978260853148,0.0,2.0,0.0
320,202307030107,0,0,0,0,0,0,0,0,0,0,0,0,0,0,0,0,0,0,0,0,0,0,0,0,0,0,0,0,0,0,0,0,0,0,0,0,0.0,0.0,1.0,1.0,39.3,0.0,0.3333333333333333,0.0,0.0,6.0,7.0,35.7,0.7,0.4375,0.0,0.0,6.0,14.0,43.3,4.0,0.125,6.5,1.0,200.0,0.0,0.0975609756097561,6,12,9.4,6.0,1195,1611,1428,0.0,0.0,4.0,8.0,34.7,0.5,0.4444444444444444,0.0,0.0,2.0,3.0,34.7,0.1,0.7333333333333333,0.5,0.4,56.0,-303.0,16.0,9.0,451.0,0.0,-0.1875,0.125,-0.05555555555555555,0.0,1.019999999999999,0.0,1.0204999999999984,-0.6748999999999938,3.6740999999999957,-0.4064999999999941,-0.4064999999999941,0.19671217301515856,3.3404191353780712,0.0,1.0,0.0
321,202307030107,0,0,0,0,3,2,3,22,0,0,0,0,0,0,0,0,0,1,2,8,0,0,0,0,0,0,0,0,0,0,1,3,0,0,0,0,0.0,0.0,13.0,10.0,41.9,2.5,0.7692307692307693,0.0,0.0,8.0,6.0,35.3,1.5,0.7857142857142857,0.0,0.0,11.0,8.0,35.6,0.9,0.5625,-1.0,-3.0,0.0,0.02040816326530612,0.16326530612244897,2,4,78.5,11.0,1246,1263,533,0.0,0.0,11.0,14.0,37.4,2.7,0.7333333333333333,0.0,0.0,7.0,11.0,36.4,1.4,0.3333333333333333,1.0,0.0,56.0,-374.0,16.0,13.0,405.0,-0.07692307692307693,-0.21428571428571427,-0.1875,0.13333333333333333,0.2,0.8899999999999999,0.0,3.9833,-1.1411000000000016,-0.7748999999999953,0.05469999999999686,0.48339999999999606,0.17125686138355317,2.402831662851145,0.0,1.0,0.0
322,202307030107,1,0,3,26,0,0,1,4,0,0,0,0,0,0,1,5,0,0,0,2,0,0,0,0,0,0,0,4,0,0,0,0,0,0,0,0,0.0,0.0,80.0,6.0,34.8,0.4,0.9090909090909091,0.0,0.0,90.0,5.0,34.5,0.7,0.75,0.0,0.0,70.0,4.0,34.0,0.4,0.7777777777777778,-1.0,0.0,-400.0,0.10227272727272728,0.4659090909090909,5,10,6.1,3.0,1506,1036,199,0.0,0.0,70.0,5.0,33.8,0.5,0.5,0.0,0.0,30.0,9.0,41.2,4.8,0.7,0.6,0.0,56.0,-483.0,16.0,11.0,482.0,-0.09090909090909091,-0.125,-0.1111111111111111,0.1,0.1,-1.2100000000000009,0.0,-1.1166000000000054,-1.4166000000000025,-1.4592000000000027,-1.6592000000000056,2.0549000000000035,0.13305771942392552,2.7925615481131314,-2.0,0.0,
323,202307030107,2,2,3,22,2,5,4,32,0,0,0,4,0,1,0,8,0,0,0,11,0,0,0,1,0,1,0,3,0,0,0,9,0,0,0,1,0.0,0.0,11.0,10.0,40.2,1.8,0.9166666666666666,0.0,0.0,18.0,14.0,37.2,2.0,0.8888888888888888,0.0,0.0,11.0,9.0,36.9,2.0,0.4,-0.5,7.0,100.0,0.0,0.0,1,2,121.6,13.0,1691,1428,1167,0.0,0.0,13.0,10.0,35.6,1.5,0.4375,0.0,0.0,13.0,11.0,35.3,1.1,0.8571428571428571,-0.2,0.0,50.0,-376.0,16.0,12.0,421.0,-0.16666666666666666,-0.16666666666666666,0.26666666666666666,0.5,0.0,1.1400000000000012,0.0,,1.2834000000000003,0.983399999999996,-0.7748999999999953,-0.15920000000000556,0.2307481642256874,1.7396551382386123,-4.0,1.0,0.0
324,202307030107,0,1,0,3,2,5,4,32,0,0,0,0,0,0,0,2,0,0,0,11,0,0,0,0,0,0,0,2,0,0,0,9,0,0,0,0,0.0,0.0,8.0,4.0,38.6,0.3,1.0,0.0,0.0,15.0,11.0,36.0,1.6,0.375,0.0,0.0,16.0,13.0,36.7,2.0,0.16666666666666666,4.5,2.0,300.0,,,3,6,220.9,15.0,1601,1428,239,0.0,0.0,10.0,15.0,39.6,3.8,0.625,0.0,0.0,10.0,8.0,37.6,3.6,0.875,1.2,0.0,53.0,-393.0,16.0,11.0,470.0,-0.45454545454545453,0.25,-0.05555555555555555,0.0,-0.125,-0.16000000000000014,0.0,1.0086000000000013,-0.3748999999999967,1.2408000000000001,1.4462000000000046,-0.31109999999999616,0.30799531020960547,1.289961239727768,-3.0,1.0,0.0
325,202307030107,0,0,0,0,0,0,2,5,0,0,0,0,0,0,0,0,0,0,1,0,0,0,0,0,0,0,0,0,0,0,1,0,0,0,0,0,0.0,0.0,8.0,11.0,40.3,3.2,0.7692307692307693,0.0,0.0,8.0,9.0,40.5,2.1,0.14285714285714285,0.0,0.0,9.0,12.0,36.3,1.9,0.9375,0.5,-10.0,-100.0,0.18446601941747573,0.36893203883495146,5,9,42.6,9.0,1676,939,1428,0.0,0.0,10.0,16.0,35.4,2.8,0.9444444444444444,,,,,,,,1.8,0.0,54.0,-43.0,16.0,13.0,410.0,-0.07692307692307693,0.21428571428571427,-0.3125,-0.05555555555555555,,1.89,0.0,0.9073999999999955,1.1073999999999984,-0.07489999999999952,-0.05920000000000414,,0.32838677497015767,2.2982330169066847,4.0,1.0,0.0
326,202307030107,6,4,4,41,0,0,0,0,0,0,0,0,1,1,1,10,0,0,0,0,0,0,0,0,1,0,1,8,0,0,0,0,0,0,0,0,0.0,0.0,10.0,13.0,37.0,2.0,0.1875,0.0,0.0,8.0,16.0,36.3,2.5,0.8333333333333334,,,,,,,,3.0,0.0,0.0,0.014705882352941176,0.16176470588235295,8,16,70.5,10.0,1716,1736,1167,,,,,,,,,,,,,,,3.0,0.0,56.0,0.0,16.0,16.0,504.0,0.0625,0.1111111111111111,,,,0.7000000000000028,0.0,0.6251000000000033,0.8407999999999944,,,,0.3229166666666667,0.3500000000000014,0.0,1.0,0.0
327,202307030107,4,3,2,17,0,0,2,5,0,0,0,1,2,1,1,5,0,0,0,2,0,0,0,1,1,1,0,3,0,0,0,2,0,0,0,1,0.0,0.0,8.0,14.0,36.5,2.1,0.6875,0.0,0.0,6.0,10.0,39.1,3.7,0.18181818181818182,0.0,0.0,6.0,12.0,43.6,6.4,0.7692307692307693,-1.0,4.0,0.0,0.05357142857142857,0.17857142857142858,4,7,41.5,8.0,1098,1393,1294,0.0,0.0,5.0,6.0,36.4,1.4,0.5,,,,,,,,-2.2,0.0,56.0,0.0,16.0,16.0,504.0,-0.0625,0.7272727272727273,-0.23076923076923078,-0.1,,-0.4199999999999996,0.0,0.12510000000000332,3.183399999999999,4.3822000000000045,0.48339999999999606,,0.22587727506485028,2.9214722315983095,0.0,1.0,0.0
328,202307030107,0,0,0,0,0,0,0,6,0,0,0,0,0,0,0,0,0,0,0,1,0,0,0,0,0,0,0,0,0,0,0,0,0,0,0,0,0.0,0.0,9.0,10.0,40.6,1.4,0.8333333333333334,0.0,0.0,13.0,11.0,36.5,2.2,0.9333333333333333,0.0,0.0,12.0,15.0,35.9,2.2,1.0,2.5,-6.0,200.0,0.0,0.07142857142857142,2,3,111.4,12.0,1537,1618,488,,,,,,,,,,,,,,,2.5,0.0,53.0,-387.0,16.0,12.0,446.0,0.0,0.0,0.0,,,2.3500000000000014,0.0,2.935700000000004,0.5833999999999975,-0.4748999999999981,,,0.0684934889218775,2.0885933597094066,0.0,1.0,0.0
329,202307030107,4,3,2,22,2,4,0,14,0,1,0,2,0,2,1,4,0,2,0,5,0,1,0,0,0,1,1,2,0,1,0,2,0,0,0,0,0.0,0.0,13.0,16.0,36.0,1.9,0.3888888888888889,0.0,0.0,7.0,16.0,37.1,2.9,0.8125,0.0,0.0,6.0,4.0,37.1,1.2,0.125,-6.0,0.0,400.0,0.0,0.09090909090909091,3,5,11.2,7.0,1152,1183,1428,,,,,,,,,,,,,,,-6.0,0.0,53.0,-22.0,16.0,18.0,504.0,0.05555555555555555,0.0,0.0,,,-0.5500000000000007,0.0,0.846899999999998,0.7251000000000047,1.183399999999999,,,0.283184268461329,0.5185449728701355,-3.0,1.0,0.0
330,202307030111,4,1,5,14,0,0,0,5,0,0,0,1,1,0,2,2,0,0,0,3,0,0,0,1,0,0,0,0,0,0,0,0,0,0,0,0,0.0,0.0,10.0,1.0,34.5,0.0,0.7272727272727273,0.0,0.0,20.0,2.0,33.4,0.4,0.5,0.0,0.0,20.0,1.0,34.2,0.0,0.5625,0.0,-2.0,0.0,0.28,0.5333333333333333,1,1,3.0,1.0,1393,565,1263,0.0,0.0,10.0,5.0,33.8,0.6,0.5625,0.0,0.0,10.0,2.0,35.3,0.3,0.6428571428571429,0.5,0.8,57.0,70.0,13.0,11.0,448.0,0.0,0.0,0.0625,-0.125,-0.5,-0.1999999999999993,0.0,-0.5747,-1.6747000000000014,-2.174899999999994,-1.2747000000000028,-1.5503,0.07854022939656491,0.646838465151849,-1.0,4.0,0.75
331,202307030111,0,0,0,0,0,0,0,0,0,0,0,0,0,0,0,0,0,0,0,0,0,0,0,0,0,0,0,0,0,0,0,0,0,0,0,0,0.0,0.0,30.0,16.0,33.0,1.4,0.8888888888888888,0.0,0.0,20.0,11.0,37.0,1.4,0.21428571428571427,0.0,0.0,30.0,2.0,35.7,0.1,0.14285714285714285,-7.0,-2.0,400.0,0.02,0.16,7,11,16.4,6.0,785,284,617,0.0,0.0,10.0,2.0,34.3,0.0,0.3333333333333333,0.0,0.0,20.0,4.0,33.9,0.2,0.5,-3.3,0.4,54.0,35.0,13.0,18.0,484.0,0.0,0.0,0.0,0.0,-0.05555555555555555,0.09000000000000057,0.0,-2.153100000000002,0.6383999999999972,0.6253000000000029,-0.8064999999999998,-1.2064999999999984,0.26563481392953403,1.410531814600437,-2.0,1.0,1.0
332,202307030111,1,0,0,6,1,1,4,13,0,0,0,0,0,0,0,2,0,0,0,4,0,0,0,0,0,0,0,0,0,0,0,0,0,0,0,0,0.0,0.0,30.0,11.0,34.5,0.4,0.2777777777777778,0.0,0.0,40.0,5.0,34.9,0.5,0.5,0.0,0.0,10.0,2.0,34.0,0.0,0.4,-4.5,2.0,200.0,0.09375,0.2708333333333333,2,2,35.2,11.0,1611,1558,1263,0.0,0.0,30.0,1.0,33.7,0.0,0.4375,0.0,0.0,60.0,2.0,33.2,0.1,0.2857142857142857,-2.2,0.6,56.0,41.0,13.0,18.0,442.0,-0.05555555555555555,-0.1,0.06666666666666667,-0.0625,-0.07142857142857142,0.379999999999999,0.0,-0.6064999999999969,-0.20649999999999835,-1.562100000000001,-1.406499999999994,-1.906499999999994,0.08653927639681565,0.5953150426454871,0.0,0.0,
333,202307030111,2,2,3,22,0,0,0,9,0,0,0,1,0,1,0,8,0,0,0,2,0,0,0,0,0,0,0,0,0,0,0,0,0,0,0,0,0.0,0.0,50.0,4.0,34.8,0.3,0.3076923076923077,0.0,0.0,20.0,1.0,33.8,0.0,0.1,0.0,0.0,90.0,5.0,33.6,0.5,0.5833333333333334,0.5,-6.0,0.0,0.18269230769230768,0.36538461538461536,8,13,15.8,5.0,1691,1362,1167,0.0,0.0,30.0,14.0,39.3,2.5,0.5,0.0,0.0,10.0,1.0,38.7,0.0,0.25,0.7,0.4,56.0,55.0,13.0,13.0,460.0,0.07692307692307693,0.1,0.08333333333333333,0.0625,0.0,-1.3300000000000012,0.0,-0.27470000000000283,-1.2747000000000028,-1.8592000000000013,1.0204999999999984,0.4205000000000041,0.17390703116840714,2.4581293700698508,-2.0,2.0,0.5
334,202307030111,0,0,0,0,0,1,0,0,0,0,0,0,0,0,0,0,0,1,0,0,0,0,0,0,0,0,0,0,0,0,0,0,0,0,0,0,0.0,0.0,,,,,,0.0,0.0,20.0,1.0,35.6,0.0,0.07692307692307693,0.0,0.0,20.0,5.0,34.5,0.5,0.5,4.0,,0.0,0.05263157894736842,0.17543859649122806,4,5,3.8,2.0,1540,1050,1036,0.0,0.0,10.0,1.0,33.8,0.0,0.5333333333333333,0.0,0.0,70.0,2.0,32.4,0.5,0.16666666666666666,-0.1,0.75,55.0,55.0,13.0,17.0,,,0.0,-0.2,0.0,0.0,1.0300000000000011,0.0,,0.5253000000000014,-0.5747,-1.2747000000000028,-2.6747000000000014,0.20031615379872716,1.1605494388435171,-2.0,5.0,0.6
335,202307030111,2,2,3,22,0,0,0,9,0,0,0,1,0,1,0,8,0,0,0,2,0,0,0,0,0,0,0,0,0,0,0,0,0,0,0,0,0.0,0.0,90.0,9.0,35.0,1.4,0.5555555555555556,0.0,0.0,90.0,6.0,33.2,0.7,0.5555555555555556,0.0,0.0,140.0,9.0,35.4,0.5,0.375,0.0,4.0,-200.0,0.0,0.022222222222222223,8,12,80.3,13.0,1691,1362,1167,0.0,0.0,110.0,8.0,33.8,0.8,0.3076923076923077,0.0,0.0,160.0,9.0,33.9,0.5,0.47058823529411764,0.2,0.0,56.0,-295.0,13.0,9.0,500.0,0.0,0.2222222222222222,0.0,0.0,0.0,0.16000000000000086,0.0,-0.7374000000000009,-2.7165999999999997,-0.9748999999999981,-1.2747000000000028,-1.1747000000000014,0.09853210786156774,0.8138795979750314,2.0,3.0,0.0
336,202307030111,1,0,3,26,2,1,3,33,0,0,0,2,0,0,1,5,1,0,1,12,0,0,0,1,0,0,0,0,0,0,0,0,0,0,0,0,0.0,0.0,8.0,7.0,35.5,0.8,0.8571428571428571,0.0,0.0,8.0,6.0,37.0,1.0,0.7857142857142857,0.0,0.0,12.0,1.0,33.3,0.0,0.9285714285714286,-3.0,4.0,0.0,0.3333333333333333,0.6666666666666666,7,10,30.7,10.0,1506,1167,199,0.0,0.0,9.0,8.0,33.7,0.8,0.9285714285714286,0.0,0.0,7.0,6.0,33.1,0.5,0.6,0.0,0.2,56.0,-456.0,13.0,14.0,486.0,-0.14285714285714285,0.07142857142857142,-0.14285714285714285,-0.07142857142857142,0.1,0.8099999999999994,0.0,0.2366000000000028,1.5407999999999973,-1.7747000000000028,-1.3746999999999971,-2.3592000000000013,0.12209063210983714,1.5025311976794358,-1.0,3.0,0.3333333333333333
337,202307030111,0,0,1,1,0,0,0,1,0,0,0,0,0,0,0,1,0,0,0,0,0,0,0,0,0,0,0,0,0,0,0,0,0,0,0,0,0.0,0.0,110.0,2.0,34.8,0.1,0.15384615384615385,0.0,0.0,80.0,7.0,33.5,1.0,0.8181818181818182,0.0,0.0,70.0,13.0,34.6,2.1,1.0,5.5,6.0,0.0,0.08791208791208792,0.2087912087912088,4,4,9.2,4.0,1148,1433,1393,0.0,0.0,70.0,15.0,34.7,1.7,0.9375,0.0,0.0,10.0,5.0,32.7,0.2,0.6666666666666666,1.4,0.2,57.0,55.0,13.0,13.0,512.0,0.0,0.0,0.0,-0.25,-0.08333333333333333,0.2999999999999986,0.0,-0.27470000000000283,-1.9592000000000027,-1.316600000000001,-0.37469999999999715,-2.374699999999997,0.30285547785547784,0.8260750571225345,-1.0,3.0,0.3333333333333333
338,202307030111,4,3,2,17,0,1,0,4,0,0,0,0,2,1,1,5,0,1,0,1,0,0,0,0,0,0,0,0,0,0,0,0,0,0,0,0,0.0,0.0,14.0,13.0,33.3,0.7,1.0,0.0,0.0,16.0,14.0,34.1,1.2,1.0,0.0,0.0,10.0,14.0,37.9,3.2,0.07142857142857142,0.5,-8.0,200.0,0.06060606060606061,0.15151515151515152,6,8,19.3,7.0,1098,1032,1294,0.0,0.0,16.0,14.0,37.9,2.0,0.375,0.0,0.0,10.0,16.0,44.5,6.8,0.1875,0.6,0.0,58.0,-497.0,13.0,14.0,500.0,0.0,0.0,0.0,0.0,0.8125,-2.62,0.0,-1.8064999999999998,-0.9746999999999986,2.8252999999999986,-0.011099999999999,5.107399999999998,0.39833838553139106,3.962625392337762,0.0,2.0,0.0
339,202307030111,3,3,4,25,1,0,0,2,0,0,0,0,2,0,1,6,0,0,0,1,0,0,0,0,0,0,0,0,0,0,0,0,0,0,0,0,0.0,0.0,4.0,6.0,33.1,0.3,0.9411764705882353,0.0,0.0,3.0,7.0,35.3,0.7,0.8333333333333334,0.0,0.0,5.0,2.0,32.9,0.2,0.46153846153846156,-2.0,12.0,200.0,0.02702702702702703,0.16216216216216217,5,6,20.6,9.0,1503,577,1263,0.0,0.0,10.0,5.0,35.7,0.6,0.5384615384615384,0.0,0.0,8.0,6.0,35.4,0.6,0.7333333333333333,-0.2,0.2,55.0,-357.0,13.0,17.0,508.0,0.0,0.0,0.0,0.07692307692307693,0.0,-0.5,0.0,-2.0064999999999955,0.19350000000000023,-2.1747000000000014,-2.3725999999999985,0.3252999999999986,0.17888614019847585,1.2172099243762353,0.0,2.0,0.5
340,202307030111,4,3,0,7,0,0,0,0,0,0,0,0,1,0,0,1,0,0,0,0,0,0,0,0,0,0,0,0,0,0,0,0,0,0,0,0,0.0,0.0,120.0,8.0,35.8,0.4,0.125,0.0,0.0,70.0,12.0,33.9,1.5,0.7692307692307693,0.0,0.0,8.0,8.0,34.2,0.7,0.7058823529411765,0.0,-2.0,0.0,0.014492753623188406,0.15942028985507245,3,3,5.2,3.0,1463,613,1167,0.0,0.0,7.0,8.0,34.0,0.4,0.7857142857142857,0.0,0.0,1.0,7.0,35.2,0.3,0.5384615384615384,-0.6,0.0,55.0,-546.0,13.0,16.0,484.0,0.1875,0.07692307692307693,0.0,0.0,0.0,0.10999999999999872,0.0,0.7252999999999972,-1.1747000000000014,-0.9064999999999941,-1.106499999999997,0.09350000000000591,0.2460103539921276,0.7493997598078073,2.0,2.0,0.0
341,202307030111,2,2,3,10,1,1,4,13,0,0,0,1,0,1,0,2,0,0,0,4,0,0,0,1,0,0,0,0,0,0,0,0,0,0,0,0,0.0,0.0,30.0,13.0,39.3,2.5,0.4666666666666667,0.0,0.0,30.0,8.0,34.2,0.7,0.08333333333333333,0.0,0.0,30.0,2.0,35.4,0.1,0.125,-5.5,-4.0,-200.0,0.10112359550561797,0.4606741573033708,5,7,19.8,8.0,1167,1558,460,0.0,0.0,120.0,12.0,35.1,1.2,0.6666666666666666,0.0,0.0,150.0,10.0,34.9,0.8,0.3888888888888889,-0.2,0.2,57.0,83.0,13.0,15.0,466.0,-0.2,0.0,0.0,0.0,0.05555555555555555,0.7899999999999998,0.0,-0.3891000000000062,-0.8746999999999971,0.3252999999999986,0.025300000000001432,-1.016600000000004,0.2177437615157145,1.803773821741516,-1.0,3.0,0.3333333333333333
342,202307030111,0,0,0,0,0,0,2,5,0,0,0,0,0,0,0,0,0,0,0,2,0,0,0,0,0,0,0,0,0,0,0,0,0,0,0,0,0.0,0.0,9.0,10.0,35.9,3.2,1.0,0.0,0.0,15.0,16.0,44.9,8.0,0.3125,0.0,0.0,12.0,13.0,37.8,2.8,0.38461538461538464,1.5,-6.0,-200.0,0.0,0.09090909090909091,6,9,74.2,12.0,1507,1393,593,0.0,0.0,7.0,13.0,35.4,1.8,0.6153846153846154,0.0,0.0,1.0,1.0,34.2,0.0,0.4,-2.1,0.2,55.0,-252.0,13.0,10.0,462.0,0.0,0.625,0.0,-0.07692307692307693,0.0,1.2899999999999991,0.0,0.44079999999999586,5.274099999999997,1.4251000000000005,0.1366000000000014,-0.8746999999999971,0.2501008672255701,3.8108266819680994,-3.0,3.0,0.3333333333333333
343,202307030205,1,0,1,4,4,6,2,38,0,0,0,0,1,0,0,2,2,0,1,14,0,0,0,0,0,0,0,1,0,0,1,1,0,0,0,0,,,,,,,,,,,,,,,,,,,,,,,,,0.06779661016949153,0.1864406779661017,7,7,3.5,2.0,429,334,377,,,,,,,,,,,,,,,,,55.0,,8.0,,,,,,,,,,,,,,,,,,0.0,
344,202307030205,0,3,1,6,1,1,2,3,0,0,0,0,0,1,1,4,0,1,1,1,0,0,0,0,0,0,0,1,0,0,0,0,0,0,0,0,,,,,,,,,,,,,,,,,,,,,,,,,0.0989010989010989,0.45054945054945056,3,3,4.2,3.0,1434,302,969,,,,,,,,,,,,,,,,,55.0,,8.0,,,,,,,,,,,,,,,,,,0.0,
345,202307030205,22,20,29,184,18,20,26,184,1,0,4,3,8,4,7,54,4,4,5,52,0,0,1,2,0,0,0,8,1,0,1,8,0,0,0,0,,,,,,,,,,,,,,,,,,,,,,,,,0.09278350515463918,0.27835051546391754,2,2,8.5,4.0,1152,1167,1428,,,,,,,,,,,,,,,,,55.0,,8.0,,,,,,,,,,,,,,,,,,0.0,
346,202307030205,0,0,0,1,0,0,0,2,0,0,0,0,0,0,0,0,0,0,0,0,0,0,0,0,0,0,0,0,0,0,0,0,0,0,0,0,,,,,,,,,,,,,,,,,,,,,,,,,0.1792452830188679,0.36792452830188677,4,4,2.6,1.0,759,803,1428,,,,,,,,,,,,,,,,,55.0,,8.0,,,,,,,,,,,,,,,,,,0.0,
347,202307030205,0,0,0,3,18,13,20,194,0,0,0,0,0,0,0,1,3,4,3,39,0,0,0,0,0,0,0,0,0,0,0,2,0,0,0,0,,,,,,,,,,,,,,,,,,,,,,,,,0.0196078431372549,0.17647058823529413,8,8,44.3,7.0,1381,1263,548,,,,,,,,,,,,,,,,,55.0,,8.0,,,,,,,,,,,,,,,,,,0.0,
348,202307030205,8,10,9,71,3,4,5,24,0,0,1,2,2,6,3,24,0,1,1,12,0,0,0,2,1,0,1,2,0,0,0,0,0,0,0,0,,,,,,,,,,,,,,,,,,,,,,,,,0.014084507042253521,0.15492957746478872,5,5,11.0,5.0,1677,1506,1167,,,,,,,,,,,,,,,,,55.0,,8.0,,,,,,,,,,,,,,,,,,0.0,
349,202307030205,3,3,3,30,7,3,3,77,0,0,0,3,1,2,2,12,3,0,1,19,0,0,0,0,0,0,1,1,1,0,0,5,0,0,0,0,0.0,0.0,4.0,2.0,40.5,0.2,0.45454545454545453,0.0,0.0,10.0,11.0,37.3,2.4,0.6666666666666666,0.0,0.0,14.0,13.0,38.4,2.7,0.26666666666666666,5.5,11.0,200.0,0.0,0.08695652173913043,1,1,22.3,6.0,1467,1393,336,0.0,0.0,8.0,8.0,40.6,2.6,0.4166666666666667,0.0,0.0,7.0,10.0,39.8,2.0,0.38461538461538464,1.3,0.2,52.0,-455.0,8.0,11.0,535.0,-0.09090909090909091,0.2,-0.06666666666666667,0.3333333333333333,0.07692307692307693,-0.18999999999999986,0.0,2.2205000000000013,-0.5211000000000041,2.940799999999996,0.9741,0.1740999999999957,0.13055435270749333,1.2796874618437124,1.0,0.0,
350,202307030205,9,12,10,109,5,4,4,40,0,0,0,1,3,2,3,29,0,0,0,15,0,0,0,0,1,1,1,3,0,0,0,0,0,0,0,0,0.0,0.0,10.0,11.0,45.1,8.5,0.9166666666666666,0.0,0.0,11.0,13.0,41.0,6.3,1.0,0.0,0.0,8.0,8.0,38.4,4.3,0.625,-1.5,24.0,300.0,0.029411764705882353,0.17647058823529413,6,6,85.7,8.0,1304,1542,1503,,,,,,,,,,,,,,,-1.5,0.0,55.0,-329.0,8.0,12.0,472.0,0.0,0.0,0.0,,,3.3500000000000014,0.0,7.665900000000001,2.7205000000000013,3.3252999999999986,,,0.16077551253875313,2.7580186124583483,-1.0,1.0,0.0
351,202307030207,8,6,5,44,1,2,3,12,0,1,0,1,2,1,1,10,0,1,0,2,0,1,0,0,0,0,1,4,0,0,0,1,0,0,0,0,0.0,0.0,30.0,2.0,34.8,0.1,0.07692307692307693,0.0,0.0,30.0,6.0,36.2,0.9,0.25,0.0,0.0,120.0,1.0,34.6,0.0,0.05555555555555555,-0.5,-2.0,0.0,0.05172413793103448,0.1724137931034483,7,7,4.0,3.0,1154,239,1561,0.0,0.0,70.0,9.0,44.4,5.0,0.16666666666666666,0.0,0.0,50.0,7.0,37.5,2.9,0.1111111111111111,1.3,0.4,55.0,14.0,8.0,13.0,502.0,0.0,0.0,0.0,0.0,0.1111111111111111,-1.36,0.0,-0.27470000000000283,0.7408000000000001,-1.049900000000001,4.774099999999997,1.5833999999999975,0.06991327606340195,3.6055512754639887,0.0,2.0,1.0
352,202307030207,2,2,2,19,12,11,10,126,0,0,0,3,0,0,0,4,2,4,1,29,0,0,0,0,0,0,0,2,1,4,1,13,0,0,0,0,0.0,0.0,4.0,4.0,34.0,0.7,0.8,0.0,0.0,6.0,6.0,35.8,0.4,0.125,0.0,0.0,3.0,3.0,35.0,0.2,0.5384615384615384,-0.5,0.0,400.0,0.0,0.06896551724137931,1,1,18.6,6.0,1270,1556,969,0.0,0.0,2.0,5.0,35.5,0.3,0.21428571428571427,0.0,0.0,1.0,5.0,32.6,0.7,0.8571428571428571,0.1,0.2,55.0,-420.0,8.0,15.0,462.0,-0.06666666666666667,0.0,-0.07692307692307693,0.0,0.0,0.30999999999999944,0.0,-1.153100000000002,0.6468999999999951,-0.153100000000002,0.346899999999998,-2.5531000000000006,0.29699983146681663,1.1634431657799178,-1.0,0.0,
353,202307030207,6,5,4,34,5,2,4,51,0,0,0,3,0,2,1,10,1,0,1,11,0,0,0,1,0,0,0,1,0,0,1,1,0,0,0,0,0.0,0.0,10.0,2.0,34.1,0.3,0.125,0.0,0.0,120.0,4.0,35.2,0.2,0.16666666666666666,0.0,0.0,20.0,4.0,34.3,0.2,0.375,1.0,-4.0,0.0,0.18095238095238095,0.3619047619047619,3,3,2.1,1.0,1289,1708,1428,0.0,0.0,50.0,5.0,35.6,0.8,0.4444444444444444,0.0,0.0,50.0,4.0,34.4,0.4,0.3,0.5,0.2,55.0,57.0,8.0,8.0,450.0,0.0,0.05555555555555555,0.0,-0.1111111111111111,0.0,-0.09999999999999928,0.0,-0.9746999999999986,-1.1748999999999938,-1.3499000000000052,-0.3166000000000011,-0.6747000000000014,0.12108817315911717,0.5775811631277472,-1.0,4.0,0.25
354,202307030207,22,20,29,184,6,9,12,102,1,0,0,5,8,4,7,54,2,1,2,27,1,0,0,2,3,1,2,21,0,0,0,5,0,0,0,1,0.0,0.0,40.0,8.0,36.4,1.3,0.125,0.0,0.0,20.0,2.0,35.9,0.0,0.25,0.0,0.0,30.0,6.0,34.9,0.7,0.3333333333333333,-1.0,-4.0,-200.0,0.047619047619047616,0.21428571428571427,5,5,7.7,4.0,1152,1559,1428,0.0,0.0,10.0,4.0,35.3,0.2,0.0625,0.0,0.0,40.0,13.0,38.9,2.2,0.15384615384615385,1.2,0.2,56.0,21.0,8.0,16.0,452.0,0.0,0.0,0.0,0.0,0.0,-0.43999999999999984,0.0,0.0683000000000007,-0.4316999999999993,-0.20649999999999835,-0.3499000000000052,2.216799999999999,0.09571266307261717,1.4062716664997557,0.0,1.0,0.0
355,202307030207,41,32,27,271,0,0,0,0,0,0,0,0,17,5,16,84,0,0,0,0,0,0,0,0,5,2,8,29,0,0,0,0,0,0,0,0,0.0,0.0,10.0,9.0,37.3,1.4,0.3,0.0,0.0,8.0,10.0,35.4,1.1,1.0,0.0,0.0,5.0,11.0,38.2,2.0,0.6666666666666666,1.0,-4.0,-200.0,0.2894736842105263,0.5394736842105263,8,8,3.5,2.0,1716,812,1167,0.0,0.0,2.0,5.0,34.7,0.7,0.75,0.0,0.0,1.0,1.0,34.2,0.0,0.2777777777777778,-2.1,0.2,55.0,-378.0,8.0,10.0,478.0,0.1,0.0,0.06666666666666667,-0.125,0.0,0.6899999999999984,0.0,1.5625999999999962,-0.05920000000000414,-0.07949999999999591,-0.37469999999999715,-0.8746999999999971,0.27595848676884915,1.5370100845472674,-3.0,2.0,0.5
356,202307030207,16,14,16,128,0,0,1,3,0,0,1,1,0,3,4,37,0,0,1,1,0,0,1,1,0,1,1,15,0,0,1,1,0,0,1,1,0.0,0.0,3.0,6.0,39.8,1.8,0.2727272727272727,0.0,0.0,9.0,8.0,34.1,0.5,1.0,0.0,0.0,5.0,6.0,35.0,1.2,0.875,0.0,-2.0,300.0,0.1,0.45555555555555555,4,4,16.0,5.0,1127,355,1328,0.0,0.0,7.0,2.0,33.6,0.1,0.9285714285714286,0.0,0.0,5.0,7.0,35.2,1.4,0.6428571428571429,-0.4,0.2,58.0,-378.0,8.0,11.0,502.0,0.0,-0.07142857142857142,0.0,-0.07142857142857142,0.07142857142857142,0.9699999999999989,0.0,2.3658999999999963,-1.1633999999999958,-0.07469999999999999,-1.4746999999999986,-1.1748999999999938,0.2642314632087462,2.208710030764562,2.0,4.0,0.25
357,202307030207,31,34,23,265,6,9,8,74,0,0,0,4,4,3,7,51,1,1,1,21,0,0,0,3,1,1,1,14,0,1,1,5,0,0,0,0,0.0,0.0,7.0,7.0,35.0,1.3,1.0,0.0,0.0,10.0,12.0,49.7,14.3,0.25,0.0,0.0,8.0,10.0,40.7,4.2,0.08333333333333333,1.5,2.0,0.0,0.014285714285714285,0.15714285714285714,6,6,144.7,7.0,1503,1366,1263,,,,,,,,,,,,,,,1.5,0.0,58.0,0.0,8.0,8.0,520.0,-0.125,0.75,0.08333333333333333,,,-2.8500000000000014,0.0,-0.07469999999999999,12.494600000000005,4.7834,,,0.3986861137335368,6.051446108162908,0.0,1.0,0.0
358,202307030207,1,0,1,36,19,11,14,115,0,0,0,1,1,0,0,12,6,0,3,24,0,0,0,0,0,0,0,1,2,0,0,6,0,0,0,0,0.0,0.0,1.0,5.0,39.8,0.8,0.45454545454545453,0.0,0.0,15.0,11.0,37.1,1.4,0.625,0.0,0.0,2.0,12.0,39.1,1.8,0.21428571428571427,3.5,5.0,100.0,0.0,0.0,2,2,150.7,8.0,1672,1294,1167,0.0,0.0,6.0,6.0,36.9,0.9,0.2,0.0,0.0,7.0,2.0,36.8,0.0,0.375,-1.1,0.2,55.0,-457.0,8.0,11.0,501.0,-0.09090909090909091,0.0625,0.0,-0.06666666666666667,0.0,0.6200000000000003,0.0,,-0.8110999999999962,0.9462000000000046,-0.9211000000000027,-1.1111000000000004,0.15828704942344346,1.2563439019631526,-1.0,0.0,
359,202307030312,3,3,3,30,42,32,27,236,2,0,1,6,1,2,2,12,13,10,6,66,1,0,0,3,1,1,1,2,5,3,2,23,1,0,0,1,0.0,0.0,7.0,,,,0.7777777777777778,0.0,0.0,4.0,11.0,38.9,1.7,0.4666666666666667,0.0,0.0,4.0,4.0,36.4,0.8,0.38461538461538464,-7.0,6.0,-300.0,0.06557377049180328,0.26229508196721313,3,6,8.5,4.0,1467,1428,336,0.0,0.0,1.0,1.0,36.6,0.0,0.75,0.0,0.0,1.0,2.0,36.8,0.1,0.8125,-3.0,0.5,53.0,-476.0,16.0,9.0,504.0,0.2222222222222222,0.06666666666666667,0.07692307692307693,-0.4375,-0.375,0.6100000000000001,0.0,,-0.7259000000000029,-3.225900000000003,-2.9467,-2.8259000000000043,0.17668642560868972,1.0059199769365352,-3.0,0.0,
360,202307030312,17,16,19,234,18,13,20,194,2,2,3,20,3,3,3,42,3,4,3,39,0,0,0,3,1,2,0,17,1,1,2,20,0,0,0,1,0.0,0.0,4.0,14.0,35.3,1.1,0.125,0.0,0.0,4.0,2.0,33.8,0.2,0.5714285714285714,0.0,0.0,6.0,12.0,34.5,1.5,0.23076923076923078,-1.0,-12.0,0.0,0.013888888888888888,0.1527777777777778,6,12,20.6,7.0,1691,1263,1167,0.0,0.0,3.0,4.0,34.4,0.6,0.2,0.0,0.0,4.0,1.0,33.1,0.0,0.6666666666666666,-2.4,0.4,53.0,-435.0,16.0,16.0,462.0,0.125,0.0,0.3076923076923077,0.0,-0.1111111111111111,0.379999999999999,0.0,0.036599999999999966,-1.2747000000000028,-0.9592000000000027,-0.6747000000000014,-1.9746999999999986,0.21737734381866214,0.7359347797189629,-3.0,4.0,0.5
361,202307030312,3,1,3,15,1,2,2,12,1,1,2,2,1,1,2,3,1,1,2,3,1,1,2,2,0,0,0,0,0,0,0,0,0,0,0,0,0.0,0.0,8.0,8.0,35.3,2.0,0.5,0.0,0.0,4.0,13.0,34.6,1.8,0.75,0.0,0.0,6.0,12.0,34.3,0.7,0.8571428571428571,2.0,-4.0,-200.0,0.11428571428571428,0.4857142857142857,7,13,11.7,6.0,1698,1412,1366,0.0,0.0,6.0,3.0,35.2,0.3,0.875,0.0,0.0,12.0,4.0,33.6,0.1,1.0,-1.8,0.2,56.0,-161.0,16.0,10.0,430.0,0.2,0.1875,0.0,0.0625,0.0,0.279999999999999,0.0,-0.4374000000000038,-0.47469999999999857,-0.9634,0.12530000000000285,-1.4746999999999986,0.16812288994199742,0.6228964600958973,0.0,4.0,0.25
362,202307030312,7,18,16,114,7,10,10,152,0,0,0,0,2,9,5,30,2,4,2,44,0,0,0,0,0,1,0,10,0,3,0,18,0,0,0,0,0.0,0.0,130.0,15.0,36.4,1.8,0.6666666666666666,0.0,0.0,3.0,9.0,36.4,0.8,0.4375,0.0,0.0,3.0,9.0,35.4,1.0,0.2857142857142857,-3.0,-4.0,200.0,0.17757009345794392,0.3644859813084112,1,1,4.9,2.0,1463,1013,1167,0.0,0.0,2.0,4.0,34.6,0.6,0.15384615384615385,0.0,0.0,2.0,11.0,42.2,4.9,0.09090909090909091,-1.3,0.0,53.0,-525.0,16.0,18.0,464.0,-0.05555555555555555,0.0625,0.0,0.07692307692307693,0.36363636363636365,-0.9800000000000011,0.0,1.2935000000000016,0.9407999999999959,-0.05920000000000414,-0.8592000000000013,2.5741000000000014,0.20736892244078572,2.6862613424609316,0.0,0.0,
363,202307030312,6,7,8,80,4,7,3,52,0,0,1,5,1,1,1,10,4,3,0,12,0,0,0,2,0,0,0,4,1,2,0,5,0,0,0,2,0.0,0.0,100.0,5.0,35.1,1.1,0.9375,0.0,0.0,50.0,3.0,36.0,0.4,0.75,0.0,0.0,50.0,10.0,39.8,2.6,1.0,2.5,0.0,-200.0,0.08695652173913043,0.20652173913043478,1,2,55.0,13.0,1222,1376,1328,0.0,0.0,100.0,10.0,32.8,0.7,1.0,0.0,0.0,50.0,6.0,33.6,0.9,0.5384615384615384,0.9,0.2,56.0,27.0,16.0,16.0,454.0,0.0,-0.125,-0.3076923076923077,-0.16666666666666666,0.0,0.6200000000000003,0.0,-1.2316999999999965,-0.3316999999999979,0.1740999999999957,-2.274700000000003,-2.316600000000001,0.17865995269848486,2.4409834083827766,0.0,1.0,0.0
364,202307030312,8,7,12,75,12,11,10,126,0,0,2,4,0,0,1,13,2,4,1,29,0,0,0,0,0,0,1,4,1,4,1,13,0,0,0,0,0.0,0.0,110.0,7.0,34.2,0.2,0.38461538461538464,0.0,0.0,110.0,11.0,36.3,1.4,0.3333333333333333,0.0,0.0,140.0,13.0,38.2,1.6,0.625,3.0,-2.0,0.0,0.21052631578947367,0.3684210526315789,8,15,45.8,12.0,1489,1556,565,0.0,0.0,90.0,8.0,36.0,1.4,0.6666666666666666,0.0,0.0,100.0,6.0,36.0,0.6,0.23076923076923078,-0.5,0.0,50.0,20.0,16.0,13.0,434.0,0.15384615384615385,-0.08333333333333333,0.0625,0.0,0.0,-0.32999999999999974,0.0,-0.8746999999999971,-0.3832000000000022,0.244800000000005,0.08339999999999748,0.08339999999999748,0.16941035537286617,1.2705904139414874,0.0,1.0,0.0
365,202307030312,8,6,5,44,1,1,4,17,0,0,0,0,2,1,1,10,0,1,3,7,0,0,0,0,0,0,1,4,0,0,1,3,0,0,0,0,0.0,0.0,30.0,5.0,34.2,0.5,0.23076923076923078,0.0,0.0,10.0,1.0,34.6,0.0,0.3888888888888889,0.0,0.0,80.0,2.0,35.2,0.0,0.1111111111111111,-1.5,-4.0,-200.0,0.2857142857142857,0.5324675324675324,6,11,2.9,1.0,1154,1110,1561,,,,,,,,,,,,,,,-1.5,0.6666666666666666,53.0,49.0,16.0,13.0,468.0,0.0,0.0,0.0,,,-0.5,0.0,-1.2591999999999999,-0.8592000000000013,-0.2591999999999999,,,0.11376407639943822,0.41096093353126517,-1.0,0.0,
366,202307030312,31,34,23,265,4,6,2,38,3,0,0,5,4,3,7,51,2,0,1,14,2,0,0,4,1,1,1,14,0,0,0,4,0,0,0,1,0.0,0.0,1.0,2.0,38.2,0.3,0.6363636363636364,0.0,0.0,14.0,13.0,38.8,2.4,0.5625,0.0,0.0,14.0,11.0,37.5,1.8,0.8666666666666667,4.5,25.0,100.0,0.0,0.0,5,10,494.6,16.0,1503,334,1263,0.0,0.0,15.0,8.0,36.0,1.2,0.8666666666666667,0.0,0.0,9.0,7.0,36.4,1.1,0.7333333333333333,0.5,0.2,53.0,-468.0,16.0,11.0,473.0,-0.09090909090909091,0.1875,0.0,0.0,-0.13333333333333333,0.6400000000000006,0.0,,-0.4094000000000051,-0.7794999999999987,-2.153799999999997,-2.6387,0.12177228518777612,1.0552724766618335,-1.0,0.0,
367,202307030312,1,0,0,4,2,0,0,19,1,0,0,0,0,0,0,1,0,0,0,5,0,0,0,0,0,0,0,0,0,0,0,1,0,0,0,0,0.0,0.0,90.0,5.0,35.1,0.9,0.5,0.0,0.0,120.0,11.0,34.7,0.6,0.9444444444444444,0.0,0.0,90.0,8.0,35.1,1.0,1.0,1.5,-6.0,0.0,0.0,0.1,3,5,28.7,9.0,1282,1436,377,0.0,0.0,80.0,1.0,34.9,0.0,0.5555555555555556,,,,,,,,-1.5,0.25,52.0,97.0,16.0,12.0,438.0,-0.08333333333333333,0.0,0.0,-0.05555555555555555,,0.020000000000000996,0.0,0.025300000000001432,-0.4064999999999941,-0.4620999999999995,-0.20649999999999835,,0.22395160411940415,0.16583123951776968,0.0,1.0,0.0
368,202307030312,41,32,27,271,42,32,27,236,6,4,4,35,17,5,16,84,13,10,6,66,3,1,3,16,5,2,8,29,5,3,2,23,1,1,2,9,0.0,0.0,5.0,8.0,35.2,2.0,0.625,0.0,0.0,6.0,5.0,33.7,0.3,0.7,0.0,0.0,5.0,9.0,36.0,0.6,0.1875,0.5,14.0,-200.0,0.09782608695652174,0.45652173913043476,5,9,6.2,3.0,1716,1428,1167,0.0,0.0,7.0,7.0,34.9,0.5,0.8125,0.0,0.0,3.0,10.0,36.1,0.9,0.625,0.6,0.0,53.0,-343.0,16.0,8.0,442.0,0.25,-0.1,0.0625,0.0,-0.0625,-0.29999999999999927,0.0,-0.2591999999999999,-1.3746999999999971,0.9253,-0.1747000000000014,1.0253000000000014,0.2126323117496492,0.8704022058795571,-3.0,4.0,0.0
369,202307030312,3,10,1,44,0,0,0,0,0,0,0,0,0,1,0,11,0,0,0,0,0,0,0,0,0,0,0,0,0,0,0,0,0,0,0,0,0.0,0.0,20.0,6.0,37.4,1.0,0.375,0.0,0.0,10.0,1.0,38.0,0.0,0.07692307692307693,0.0,0.0,40.0,2.0,38.0,0.1,0.1875,-2.0,8.0,200.0,0.019230769230769232,0.17307692307692307,4,7,33.0,10.0,1629,612,1428,0.0,0.0,60.0,10.0,36.2,0.6,0.2777777777777778,,,,,,,,1.3,0.5,53.0,34.0,16.0,16.0,428.0,-0.125,0.0,0.0,0.05555555555555555,,0.3599999999999987,0.0,-0.7338000000000022,-0.27949999999999875,-0.1338000000000008,1.093500000000006,,0.11016414074516206,0.7348469228349522,0.0,0.0,
370,202307030312,1,0,1,36,42,32,27,236,1,0,1,7,1,0,0,12,13,10,6,66,1,0,0,2,0,0,0,1,5,3,2,23,0,0,0,0,0.0,0.0,50.0,1.0,35.7,0.0,0.05555555555555555,0.0,0.0,30.0,4.0,34.9,0.5,0.8181818181818182,0.0,0.0,60.0,4.0,34.3,0.9,0.3333333333333333,1.5,6.0,0.0,0.09722222222222222,0.2361111111111111,2,4,8.8,5.0,1672,1428,1167,,,,,,,,,,,,,,,1.5,0.3333333333333333,53.0,27.0,16.0,18.0,468.0,0.0,-0.36363636363636365,0.0,,,0.7000000000000028,0.0,0.05010000000000048,-1.9502999999999986,-0.7747000000000028,,,0.3151432414235247,0.5734883511361775,-1.0,2.0,0.5
371,202307030312,22,20,29,184,1,1,4,17,0,0,1,3,8,4,7,54,0,1,3,7,0,0,1,3,3,1,2,21,0,0,1,3,0,0,0,2,0.0,0.0,80.0,7.0,35.1,0.4,0.5,0.0,0.0,70.0,2.0,34.0,0.1,0.2222222222222222,0.0,0.0,90.0,9.0,35.3,1.0,0.2222222222222222,1.0,6.0,200.0,0.0,1.0,2,3,42.3,11.0,1152,1110,1428,0.0,0.0,90.0,4.0,35.1,0.2,0.5,0.0,0.0,70.0,13.0,36.2,1.3,0.125,1.4,0.2,53.0,21.0,16.0,16.0,452.0,-0.0625,0.0,0.16666666666666666,0.0625,0.0,-0.3300000000000004,0.0,-0.006499999999995509,-1.106499999999997,0.19350000000000023,0.025300000000001432,1.0469000000000008,0.1560507989465349,0.7002856560004644,-3.0,1.0,0.0
372,202307030312,8,10,9,71,7,10,10,152,0,0,0,2,2,6,3,24,2,4,2,44,0,0,0,1,1,4,1,4,0,3,0,18,0,0,0,1,0.0,0.0,110.0,13.0,39.5,2.5,0.4,0.0,0.0,130.0,15.0,38.3,2.4,0.0625,0.0,0.0,120.0,14.0,41.1,3.6,0.14285714285714285,0.5,12.0,-200.0,0.0,0.08333333333333333,7,14,25.5,8.0,1677,1013,1167,0.0,0.0,6.0,9.0,37.7,1.2,0.09090909090909091,0.0,0.0,17.0,15.0,36.0,1.7,0.16666666666666666,-0.2,0.0,53.0,-526.0,16.0,15.0,494.0,0.26666666666666666,0.0,0.2857142857142857,0.0,0.0,0.7599999999999995,0.0,-0.12590000000000146,2.3833999999999946,3.7546999999999997,1.7834000000000003,0.8935000000000031,0.11952072265769954,1.7139428228502842,-1.0,0.0,
373,202307030312,7,2,7,99,18,13,20,194,1,0,3,15,3,0,2,29,3,4,3,39,0,0,0,3,1,0,1,8,1,1,2,20,0,0,0,3,0.0,0.0,110.0,110.0,38.1,2.5,0.5454545454545454,0.0,0.0,150.0,150.0,37.8,2.4,0.25,0.0,0.0,100.0,100.0,37.0,2.2,0.1,-5.0,1.0,680.0,0.0,0.0,4,8,271.0,15.0,1090,1263,1169,0.0,0.0,110.0,90.0,40.6,4.1,0.9090909090909091,0.0,0.0,60.0,100.0,41.8,4.6,0.1,-8.0,0.0,52.0,-383.0,16.0,11.0,439.0,,0.125,0.0,0.0,0.1,-1.0199999999999996,0.0,,2.725299999999997,1.0833999999999975,4.3155,2.1740999999999957,0.3101639129437239,1.823842098428479,-2.0,1.0,0.0
374,202307030312,3,3,3,30,19,11,14,115,0,0,0,2,1,2,2,12,6,0,3,24,0,0,0,2,1,1,1,2,2,0,0,6,0,0,0,0,0.0,0.0,1.0,7.0,35.0,0.8,0.75,0.0,0.0,8.0,5.0,33.7,0.4,0.7222222222222222,0.0,0.0,6.0,11.0,34.6,0.9,0.5555555555555556,2.0,0.0,400.0,0.08333333333333333,0.2,8,16,115.0,14.0,1467,1294,336,0.0,0.0,3.0,3.0,34.2,0.2,0.6923076923076923,0.0,0.0,8.0,2.0,33.4,0.6,0.2857142857142857,-1.2,0.4,56.0,-490.0,16.0,16.0,468.0,0.0,-0.05555555555555555,-0.05555555555555555,0.0,0.07142857142857142,0.2700000000000003,0.0,-0.153100000000002,-1.4530999999999992,-0.7653999999999996,-1.1653999999999982,-1.7531000000000034,0.17129102316040934,0.5810335618533582,3.0,0.0,
375,202307030401,0,0,0,0,0,1,0,10,0,0,0,0,0,0,0,0,0,0,0,2,0,0,0,0,0,0,0,0,0,0,0,1,0,0,0,0,0.0,0.0,50.0,2.0,34.8,0.9,0.7142857142857143,,,,,,,,,,,,,,,,,-200.0,0.07936507936507936,0.2698412698412698,2,2,2.4,1.0,1704,1306,1712,,,,,,,,,,,,,,,,1.0,55.0,14.0,5.0,7.0,462.0,-0.2857142857142857,,,,,,,-0.6592000000000056,,,,,,,0.0,0.0,
376,202307030401,3,0,1,12,1,1,0,19,0,0,0,3,1,0,1,5,0,1,0,6,0,0,0,0,0,0,0,0,0,1,0,1,0,0,0,0,0.0,0.0,30.0,3.0,35.5,0.5,0.36363636363636365,,,,,,,,,,,,,,,,,0.0,0.08064516129032258,0.1935483870967742,1,1,3.6,3.0,1657,1362,1317,,,,,,,,,,,,,,,,1.0,55.0,21.0,5.0,11.0,394.0,-0.09090909090909091,,,,,,,0.4253,,,,,,,0.0,1.0,1.0
377,202307030401,0,0,0,0,3,1,1,13,0,0,0,0,0,0,0,0,0,0,0,4,0,0,0,0,0,0,0,0,0,0,0,1,0,0,0,0,0.0,0.0,4.0,9.0,40.5,2.9,0.4166666666666667,0.0,0.0,10.0,12.0,35.3,1.4,0.8888888888888888,0.0,0.0,5.0,7.0,41.6,3.2,0.6666666666666666,-1.0,24.0,200.0,0.0,0.0,4,4,6.3,4.0,1699,1294,1313,0.0,0.0,9.0,8.0,36.5,0.6,0.75,0.0,0.0,8.0,7.0,35.7,0.7,0.6923076923076923,-0.8,0.0,55.0,-463.0,5.0,12.0,508.0,0.3333333333333333,0.0,0.08333333333333333,0.08333333333333333,0.0,0.8399999999999992,0.0,2.2205000000000013,-1.0616000000000057,1.9741,0.1383999999999972,0.5935000000000059,0.1537309635240398,2.6079877300324865,-1.0,0.0,
378,202307030401,0,0,0,0,0,1,0,0,0,0,0,0,0,0,0,0,0,0,0,0,0,0,0,0,0,0,0,0,0,0,0,0,0,0,0,0,0.0,0.0,8.0,8.0,37.5,2.8,0.625,0.0,0.0,11.0,17.0,35.9,0.7,0.3888888888888889,0.0,0.0,6.0,7.0,36.5,1.7,0.3125,-0.5,5.0,700.0,0.0,0.125,5,5,2.8,2.0,1286,397,1503,0.0,0.0,6.0,12.0,36.4,1.0,0.07142857142857142,0.0,0.0,8.0,7.0,36.9,0.6,0.0625,-0.7,0.0,54.0,-427.0,5.0,8.0,453.0,0.25,0.0,0.0625,0.0,0.0,0.07000000000000028,0.0,,0.7468999999999966,1.346899999999998,1.2468999999999966,1.7935000000000016,0.21072194557565838,0.5351635264103864,0.0,0.0,
379,202307030401,1,0,1,9,0,0,1,1,0,0,0,0,0,0,0,2,0,0,0,0,0,0,0,0,0,0,0,0,0,0,0,0,0,0,0,0,0.0,0.0,9.0,6.0,41.0,1.2,0.7777777777777778,0.0,0.0,18.0,16.0,36.8,2.4,0.7222222222222222,0.0,0.0,8.0,8.0,35.6,2.6,0.5,1.0,5.0,200.0,0.09,0.29,3,3,52.4,5.0,1289,1110,1428,0.0,0.0,11.0,11.0,37.6,3.4,0.8333333333333334,0.0,0.0,7.0,8.0,35.1,1.3,0.9090909090909091,-0.1,0.0,55.0,-363.0,5.0,9.0,447.0,-0.1111111111111111,0.05555555555555555,0.0,0.0,-0.18181818181818182,1.0999999999999992,0.0,2.7205000000000013,1.6935000000000002,0.5253000000000014,1.1589000000000027,-0.05310000000000059,0.13877038102980782,2.084610275327261,1.0,1.0,0.0
380,202307030403,0,0,0,0,4,4,2,22,0,0,0,0,0,0,0,0,1,1,0,7,0,0,0,0,0,0,0,0,1,1,0,3,0,0,0,0,0.0,0.0,40.0,6.0,34.4,0.7,0.8888888888888888,0.0,0.0,70.0,2.0,35.1,0.2,0.35714285714285715,0.0,0.0,100.0,8.0,36.4,1.1,0.2,1.0,-4.0,0.0,0.09574468085106383,0.44680851063829785,1,2,3.0,1.0,1704,1013,1712,,,,,,,,,,,,,,,1.0,0.3333333333333333,54.0,49.0,16.0,18.0,432.0,-0.16666666666666666,0.0,0.0,,,-1.0,0.0,-0.6747000000000014,0.025300000000001432,1.2935000000000016,,,0.29477215703417825,0.8286535263104032,0.0,2.0,0.5
381,202307030403,7,5,4,26,0,0,0,0,0,0,0,0,1,3,1,7,0,0,0,0,0,0,0,0,1,1,0,2,0,0,0,0,0,0,0,0,0.0,0.0,4.0,12.0,41.4,3.6,1.0,0.0,0.0,3.0,10.0,34.3,1.1,0.9444444444444444,0.0,0.0,5.0,3.0,34.0,0.3,0.7222222222222222,-4.5,25.0,200.0,0.0,0.0967741935483871,6,11,12.6,6.0,1098,1728,1294,0.0,0.0,3.0,4.0,36.4,0.5,0.4375,0.0,0.0,6.0,2.0,35.5,0.2,0.4375,-2.6,0.4,53.0,-195.0,16.0,12.0,451.0,-0.08333333333333333,-0.3333333333333333,0.0,-0.1875,-0.125,0.9699999999999995,0.0,3.2462000000000018,-0.8531000000000049,-1.153100000000002,1.3252999999999986,0.2366000000000028,0.23988004975738383,2.681342947106916,-1.0,2.0,0.5
382,202307030403,4,4,1,35,6,3,4,26,0,0,0,4,1,0,0,6,3,2,2,7,0,0,0,0,0,0,0,0,1,0,0,2,0,0,0,0,0.0,0.0,8.0,7.0,39.4,1.0,0.9090909090909091,0.0,0.0,8.0,8.0,34.6,0.7,0.9375,0.0,0.0,4.0,10.0,37.1,1.0,0.6875,1.5,7.0,370.0,0.09090909090909091,0.2828282828282828,7,13,6.5,4.0,1506,1428,199,0.0,0.0,5.0,3.0,33.8,0.2,0.5,0.0,0.0,4.0,3.0,35.4,0.3,0.5,-1.3,0.4,54.0,-340.0,16.0,11.0,437.0,0.09090909090909091,0.0625,-0.0625,-0.05555555555555555,0.0,0.8800000000000004,0.0,,-1.1373999999999995,1.3626000000000005,-1.2747000000000028,0.1366000000000014,0.1897625201392171,1.9955951493226276,0.0,2.0,1.0
383,202307030403,0,0,0,2,1,0,1,11,0,0,0,1,0,0,0,1,0,0,1,2,0,0,0,1,0,0,0,0,0,0,0,0,0,0,0,0,0.0,0.0,2.0,4.0,38.7,0.5,0.2727272727272727,0.0,0.0,10.0,15.0,38.1,2.6,0.4375,0.0,0.0,5.0,4.0,36.2,0.5,0.125,0.0,26.0,400.0,0.0,0.0,6,12,12.1,5.0,1248,1036,1428,0.0,0.0,7.0,6.0,34.6,1.0,0.1111111111111111,0.0,0.0,8.0,8.0,38.8,1.2,0.1875,-0.1,0.0,51.0,-379.0,16.0,11.0,474.0,0.0,0.1875,0.0,0.05555555555555555,0.0,0.3300000000000011,0.0,0.7889000000000053,3.0253000000000014,0.9366000000000057,-0.47469999999999857,3.062599999999996,0.119829418899162,1.6338910612400075,-3.0,3.0,0.0
384,202307030403,1,1,1,4,0,0,0,0,0,0,0,0,0,0,1,1,0,0,0,0,0,0,0,0,0,0,1,0,0,0,0,0,0,0,0,0,0.0,0.0,2.0,10.0,40.3,2.4,0.36363636363636365,0.0,0.0,1.0,8.0,34.9,0.7,0.3333333333333333,0.0,0.0,3.0,5.0,35.5,0.6,0.5625,-2.5,6.0,600.0,0.1111111111111111,0.5,3,6,6.2,3.0,1089,1712,1428,,,,,,,,,,,,,,,-2.5,0.0,54.0,-94.0,16.0,11.0,504.0,-0.09090909090909091,0.0,0.125,,,2.3999999999999986,0.0,4.025799999999997,-0.5592000000000041,0.2366000000000028,,,0.10164337472229182,2.4166091947189137,3.0,1.0,0.0
385,202307030403,7,5,4,26,6,3,4,26,0,0,0,5,1,3,1,7,3,2,2,7,0,0,0,2,1,1,0,2,1,0,0,2,0,0,0,0,0.0,0.0,50.0,7.0,41.6,2.4,0.2857142857142857,0.0,0.0,30.0,8.0,37.5,0.8,0.5625,0.0,0.0,30.0,4.0,35.5,0.2,0.26666666666666666,-1.5,24.0,200.0,0.08064516129032258,0.27419354838709675,2,3,3.6,2.0,1098,1428,1294,0.0,0.0,20.0,6.0,36.0,0.7,0.25,0.0,0.0,30.0,3.0,36.5,0.5,0.375,-1.0,0.2,54.0,-296.0,16.0,7.0,432.0,0.2857142857142857,-0.4375,0.0,0.0625,-0.0625,1.1700000000000004,0.0,3.935700000000004,1.762599999999999,0.04079999999999728,0.7366000000000028,0.7625999999999991,0.11561822389288431,2.1921678767831634,0.0,1.0,0.0
386,202307030403,0,0,0,1,2,2,3,21,0,0,0,0,0,0,0,1,0,1,1,2,0,0,0,0,0,0,0,0,0,0,1,1,0,0,0,0,0.0,0.0,3.0,5.0,40.3,0.5,0.3,0.0,0.0,16.0,14.0,37.2,2.8,0.875,0.0,0.0,14.0,10.0,36.5,1.7,0.8333333333333334,2.5,29.0,200.0,0.0,0.0,8,15,298.1,15.0,1605,1183,1,0.0,0.0,15.0,7.0,35.8,0.8,0.6875,0.0,0.0,9.0,10.0,41.3,1.8,0.5,0.3,0.0,54.0,-385.0,16.0,10.0,471.0,0.1,0.0,-0.1111111111111111,-0.125,0.25,-0.05999999999999943,0.0,2.0204999999999984,1.7408000000000001,0.5833999999999975,0.5366,2.2612999999999985,0.21450200724261562,2.175683800555585,1.0,1.0,0.0
387,202307030403,0,2,3,16,3,2,3,33,0,0,0,2,0,0,1,2,1,0,1,9,0,0,0,0,0,0,0,0,0,0,0,2,0,0,0,0,0.0,0.0,1.0,4.0,40.0,0.5,0.16666666666666666,0.0,0.0,10.0,15.0,35.2,1.6,0.8125,0.0,0.0,8.0,8.0,36.6,1.1,0.1875,2.0,-5.0,100.0,0.058823529411764705,0.11764705882352941,5,10,31.2,8.0,1304,1167,1503,0.0,0.0,10.0,15.0,38.3,4.4,0.75,,,,,,,,2.6,0.0,54.0,-290.0,16.0,12.0,473.0,0.0,0.0,0.0,0.1875,,0.370000000000001,0.0,,0.04690000000000083,1.3366000000000042,0.8822999999999936,,0.3029799910885206,1.8019087102292377,0.0,1.0,0.0
388,202307030403,0,2,0,1,0,0,1,4,0,0,0,0,0,0,0,1,0,0,1,1,0,0,0,0,0,0,0,0,0,0,0,0,0,0,0,0,0.0,0.0,6.0,9.0,42.9,3.2,0.9,0.0,0.0,16.0,9.0,36.0,1.2,0.6875,0.0,0.0,15.0,13.0,39.3,3.4,0.6666666666666666,2.0,10.0,200.0,0.0,0.09523809523809523,4,8,442.9,16.0,1676,1506,1428,0.0,0.0,13.0,13.0,38.1,3.4,0.75,0.0,0.0,13.0,12.0,39.9,2.9,0.625,1.0,0.0,54.0,-165.0,16.0,10.0,466.0,0.0,0.0,0.0,0.0,0.0,0.38999999999999985,0.0,4.6205,0.7366000000000028,1.4788999999999959,0.18890000000000384,1.6204999999999998,0.09597453365925314,2.264155471693584,2.0,1.0,0.0
389,202307030403,0,0,0,0,0,0,0,1,0,0,0,0,0,0,0,0,0,0,0,1,0,0,0,0,0,0,0,0,0,0,0,1,0,0,0,0,0.0,0.0,5.0,8.0,39.8,2.1,0.8,0.0,0.0,9.0,10.0,34.6,0.7,0.9444444444444444,0.0,0.0,7.0,10.0,36.6,1.3,0.25,1.0,28.0,0.0,0.2,0.35,7,14,13.7,7.0,1699,1736,1313,0.0,0.0,6.0,11.0,40.1,3.1,0.15384615384615385,0.0,0.0,4.0,13.0,37.9,2.5,0.6875,1.1,0.0,51.0,-375.0,16.0,10.0,440.0,0.0,0.05555555555555555,0.0625,0.23076923076923078,0.0625,-0.1700000000000003,0.0,1.7273999999999958,-0.5531000000000006,1.3366000000000042,0.47409999999999997,0.0788999999999973,0.31063114274797365,2.048414020651098,-3.0,1.0,0.0
390,202307030403,0,0,0,11,3,2,3,33,0,0,0,1,0,0,0,3,1,0,1,9,0,0,0,0,0,0,0,2,0,0,0,2,0,0,0,0,0.0,0.0,2.0,4.0,39.4,1.0,0.7142857142857143,0.0,0.0,14.0,11.0,36.4,1.4,0.5625,0.0,0.0,14.0,11.0,39.1,2.1,0.5625,3.5,-6.0,200.0,0.0,0.15384615384615385,8,16,213.2,14.0,1642,1167,1124,0.0,0.0,14.0,14.0,38.9,2.3,0.5,0.0,0.0,14.0,7.0,37.0,1.6,0.6875,0.9,0.0,54.0,-269.0,16.0,7.0,450.0,0.0,0.0,-0.0625,0.0625,-0.0625,0.2299999999999997,0.0,1.7357000000000014,1.1366000000000014,-0.4466999999999999,1.0788999999999973,-0.4177000000000035,0.08171472277605395,1.2175385004179542,0.0,1.0,0.0
391,202307030403,0,0,0,2,1,1,2,18,0,0,0,0,0,0,0,1,0,0,1,5,0,0,0,0,0,0,0,1,0,0,0,4,0,0,0,0,0.0,0.0,9.0,10.0,39.8,1.2,0.2,0.0,0.0,11.0,12.0,36.8,2.4,1.0,0.0,0.0,12.0,14.0,38.1,3.5,1.0,2.0,20.0,600.0,0.0,0.0,2,4,83.8,11.0,1629,1235,1428,,,,,,,,,,,,,,,2.0,0.0,50.0,-382.0,16.0,10.0,456.0,0.0,-0.125,0.0,,,0.8499999999999979,0.0,3.3588999999999984,1.5366,0.27890000000000015,,,0.37712361663282534,1.228368384845885,-5.0,1.0,0.0
392,202307030403,1,0,1,9,0,0,1,1,0,0,0,0,0,0,0,2,0,0,0,1,0,0,0,0,0,0,0,0,0,0,0,0,0,0,0,0,0.0,0.0,9.0,11.0,46.1,6.9,0.7272727272727273,0.0,0.0,9.0,13.0,37.1,2.7,0.8125,0.0,0.0,15.0,11.0,42.3,2.5,0.6875,0.0,13.0,100.0,0.0,0.08,3,5,49.1,9.0,1289,377,1428,0.0,0.0,11.0,11.0,38.7,3.3,0.8666666666666667,0.0,0.0,14.0,12.0,38.5,2.7,0.875,0.0,0.0,51.0,-33.0,16.0,11.0,455.0,0.2727272727272727,0.0625,-0.125,0.13333333333333333,0.0,1.36,0.0,,1.8366000000000042,3.2612999999999985,-0.8466999999999985,0.22050000000000125,0.07480407528072401,3.267782122480016,-3.0,1.0,0.0
393,202307030403,4,4,1,35,0,0,0,0,0,0,0,0,1,0,0,6,0,0,0,0,0,0,0,0,0,0,0,0,0,0,0,0,0,0,0,0,0.0,0.0,8.0,9.0,45.2,5.2,0.5555555555555556,0.0,0.0,18.0,17.0,37.2,2.5,0.16666666666666666,0.0,0.0,10.0,14.0,37.4,2.8,0.9375,2.5,3.0,300.0,0.0,0.021739130434782608,4,7,65.3,10.0,1506,159,199,0.0,0.0,13.0,7.0,35.2,1.4,0.6111111111111112,,,,,,,,-0.9,0.0,54.0,-133.0,16.0,9.0,429.0,0.3333333333333333,-0.05555555555555555,-0.125,-0.05555555555555555,,2.9800000000000004,0.0,7.765900000000002,2.046900000000001,2.1366000000000014,-0.09129999999999683,,0.27368402687471194,3.8219759287572708,0.0,1.0,0.0
394,202307030403,1,2,2,11,0,0,0,1,0,0,0,0,0,1,0,1,0,0,0,1,0,0,0,0,0,0,0,1,0,0,0,0,0,0,0,0,0.0,0.0,2.0,5.0,42.7,4.0,0.4,0.0,0.0,12.0,15.0,39.7,3.9,0.0625,0.0,0.0,10.0,13.0,37.6,3.0,0.6666666666666666,4.0,-1.0,100.0,0.058823529411764705,0.14705882352941177,1,1,133.7,12.0,1561,1169,1263,,,,,,,,,,,,,,,4.0,0.0,54.0,-47.0,16.0,10.0,453.0,0.0,0.0,0.16666666666666666,,,2.5500000000000007,0.0,,4.436600000000006,2.3366000000000042,,,0.24721441935251767,2.0928449536456357,0.0,2.0,0.0
395,202307030403,1,4,4,30,0,0,0,5,0,0,0,0,0,0,1,6,0,0,0,2,0,0,0,0,0,0,1,3,0,0,0,0,0,0,0,0,0.0,0.0,12.0,12.0,44.9,8.4,1.0,0.0,0.0,13.0,16.0,40.5,6.9,0.8125,0.0,0.0,10.0,14.0,39.0,5.7,1.0,1.0,17.0,100.0,0.0,0.0,5,9,201.5,13.0,1152,1221,1428,,,,,,,,,,,,,,,1.0,0.0,51.0,-86.0,16.0,12.0,385.0,0.0,0.1875,0.0,,,2.9499999999999993,0.0,,5.236600000000003,3.9253,,,0.08838834764831845,2.5037749277618557,-3.0,2.0,0.0
396,202307030406,0,2,3,16,3,1,1,13,0,0,0,1,0,0,1,2,0,0,0,4,0,0,0,0,0,0,1,1,0,0,0,2,0,0,0,0,0.0,0.0,18.0,17.0,41.3,6.7,0.05555555555555555,0.0,0.0,18.0,17.0,35.9,1.8,0.05555555555555555,0.0,0.0,10.0,14.0,34.9,1.0,0.9375,-1.5,-4.0,-800.0,0.09375,0.28125,7,7,6.9,4.0,1304,1294,1503,0.0,0.0,6.0,5.0,34.5,0.9,0.1,0.0,0.0,10.0,2.0,34.2,0.2,0.08333333333333333,-4.2,0.2,55.0,-315.0,10.0,18.0,466.0,0.05555555555555555,0.0,0.0,0.0,0.0,1.5599999999999987,0.0,5.853199999999994,0.8252999999999986,-0.3633999999999986,-0.5747,-0.8746999999999971,0.3459728634188269,2.6333248945012446,0.0,4.0,0.25
397,202307030406,1,0,1,9,0,0,0,0,0,0,0,0,0,0,0,2,0,0,0,0,0,0,0,0,0,0,0,2,0,0,0,0,0,0,0,0,0.0,0.0,2.0,,,,0.42857142857142855,0.0,0.0,6.0,3.0,35.1,0.2,0.08333333333333333,0.0,0.0,1.0,1.0,34.6,0.0,0.18181818181818182,-2.0,-4.0,-200.0,0.0891089108910891,0.2871287128712871,6,6,5.7,3.0,1289,42,1428,0.0,0.0,2.0,2.0,35.9,0.1,0.3333333333333333,0.0,0.0,1.0,2.0,34.0,0.2,0.36363636363636365,-0.2,1.0,55.0,-258.0,10.0,7.0,452.0,,0.0,0.0,-0.08333333333333333,0.0,0.2000000000000007,0.0,,0.025300000000001432,-0.47469999999999857,0.8252999999999986,-1.0747,0.12665944652202119,0.6964194138592054,0.0,4.0,1.0
398,202307030406,0,0,0,0,0,0,0,0,0,0,0,0,0,0,0,0,0,0,0,0,0,0,0,0,0,0,0,0,0,0,0,0,0,0,0,0,,,,,,,,,,,,,,,,,,,,,,,,,0.15,0.425,8,10,9.3,6.0,1704,1317,1712,,,,,,,,,,,,,,,,,55.0,,10.0,,,,,,,,,,,,,,,,,,0.0,
399,202307030406,3,0,1,12,0,2,1,13,0,0,0,1,1,0,1,5,0,0,0,6,0,0,0,1,0,0,1,4,0,0,0,4,0,0,0,1,,,,,,,,,,,,,,,,,,,,,,,,,0.02564102564102564,0.1794871794871795,4,4,4.5,2.0,1657,1328,1317,,,,,,,,,,,,,,,,,55.0,,10.0,,,,,,,,,,,,,,,,,,0.0,
400,202307030406,0,2,3,16,0,0,0,1,0,0,0,0,0,0,1,2,0,0,0,0,0,0,0,0,0,0,1,1,0,0,0,0,0,0,0,0,,,,,,,,,,,,,,,,,,,,,,,,,0.0,0.07692307692307693,8,9,21.8,8.0,1304,1691,1503,,,,,,,,,,,,,,,,,52.0,,10.0,,,,,,,,,,,,,,,,,,0.0,
401,202307030406,7,5,4,26,2,1,1,9,0,0,0,0,1,3,1,7,0,0,0,1,0,0,0,0,0,1,0,1,0,0,0,0,0,0,0,0,,,,,,,,,,,,,,,,,,,,,,,,,0.1743119266055046,0.3577981651376147,1,1,9.9,7.0,1098,1393,1294,,,,,,,,,,,,,,,,,55.0,,10.0,,,,,,,,,,,,,,,,,,0.0,
402,202307030406,0,1,0,2,6,3,4,26,0,0,0,0,0,1,0,0,3,2,2,7,0,0,0,0,0,1,0,0,1,1,2,2,0,0,0,0,,,,,,,,,,,,,,,,,,,,,,,,,0.0,0.037037037037037035,2,2,65.8,10.0,1434,1428,969,,,,,,,,,,,,,,,,,55.0,,10.0,,,,,,,,,,,,,,,,,,0.0,
403,202307030406,0,1,0,5,0,1,0,1,0,0,0,0,0,0,0,3,0,0,0,0,0,0,0,0,0,0,0,1,0,0,0,0,0,0,0,0,,,,,,,,,,,,,,,,,,,,,,,,,0.07936507936507936,0.20634920634920634,5,5,9.3,5.0,1674,962,1428,,,,,,,,,,,,,,,,,55.0,,10.0,,,,,,,,,,,,,,,,,,0.0,
404,202307030406,0,0,0,1,4,4,2,22,0,0,0,0,0,0,0,1,1,1,0,7,0,0,0,0,0,0,0,0,0,0,0,0,0,0,0,0,0.0,0.0,4.0,9.0,39.5,1.4,0.6923076923076923,0.0,0.0,1.0,7.0,40.1,2.0,0.6,0.0,0.0,2.0,1.0,39.1,0.0,0.25,-4.0,14.0,-100.0,0.10526315789473684,0.45263157894736844,3,3,3.9,1.0,1605,1013,1,0.0,0.0,1.0,9.0,37.4,2.9,0.8,,,,,,,,-0.6,0.25,55.0,-392.0,10.0,13.0,494.0,-0.15384615384615385,-0.3333333333333333,0.08333333333333333,-0.2,,0.7300000000000004,0.0,0.29059999999999775,0.47409999999999997,-0.4466999999999999,2.1366000000000014,,0.20626961086612808,1.0034316120194748,2.0,1.0,0.0
405,202307030406,9,5,4,41,1,1,2,18,1,0,0,0,3,1,2,9,0,0,1,5,0,0,0,0,1,1,1,3,0,0,0,0,0,0,0,0,0.0,0.0,5.0,9.0,41.7,4.5,0.5,0.0,0.0,9.0,15.0,39.2,4.3,0.7333333333333333,0.0,0.0,12.0,7.0,39.1,1.5,0.25,-1.0,9.0,100.0,0.0,0.4,7,8,55.5,9.0,1716,1235,1167,0.0,0.0,15.0,13.0,41.0,4.9,1.0,0.0,0.0,8.0,8.0,40.8,6.4,0.625,-0.4,0.0,55.0,-464.0,10.0,10.0,491.0,0.2,0.06666666666666667,0.0625,-0.0625,-0.125,1.4210854715202005e-15,0.0,,1.2889000000000053,1.1889000000000038,2.7205000000000013,5.725299999999997,0.2484172117851561,1.0326664514740465,1.0,1.0,0.0
406,202307030412,0,2,3,8,6,3,4,26,0,0,0,1,0,1,1,4,3,2,2,7,0,0,0,1,0,0,0,0,0,0,0,0,0,0,0,0,0.0,0.0,70.0,8.0,35.0,1.0,0.5384615384615384,0.0,0.0,11.0,5.0,34.9,0.5,0.6111111111111112,0.0,0.0,11.0,7.0,34.6,0.8,0.5,-0.5,2.0,400.0,0.28205128205128205,0.5256410256410257,5,6,4.4,3.0,1677,1428,1167,0.0,0.0,9.0,11.0,34.0,0.8,0.42857142857142855,0.0,0.0,12.0,16.0,39.5,4.0,0.5,2.2,0.0,56.0,-518.0,12.0,13.0,452.0,0.0,0.0,0.0,0.07142857142857142,-0.25,-0.8100000000000002,0.0,-0.153100000000002,-0.4654000000000025,-0.5531000000000006,-1.106499999999997,1.2205000000000013,0.05950749596429524,1.9809088823063012,0.0,0.0,
407,202307030412,0,0,0,0,2,1,4,16,0,0,0,0,0,0,0,0,1,1,0,5,0,0,0,0,0,0,0,0,0,0,0,1,0,0,0,0,0.0,0.0,70.0,3.0,33.2,1.0,0.6363636363636364,0.0,0.0,90.0,8.0,32.7,0.5,1.0,0.0,0.0,160.0,5.0,32.9,0.4,0.75,1.0,-8.0,0.0,0.06451612903225806,0.1935483870967742,8,11,8.5,4.0,1672,1345,1167,0.0,0.0,150.0,11.0,37.1,1.6,0.8,0.0,0.0,100.0,8.0,36.1,1.0,0.9230769230769231,1.3,0.2,56.0,21.0,12.0,11.0,466.0,0.18181818181818182,0.0,0.0,0.06666666666666667,-0.07692307692307693,-1.0199999999999996,0.0,-1.8746999999999971,-2.406499999999994,-2.2531000000000034,-1.1794999999999973,-1.7682999999999964,0.12808539439614694,1.8308467986153292,0.0,1.0,1.0
408,202307030412,0,0,0,2,0,0,0,0,0,0,0,0,0,0,0,2,0,0,0,0,0,0,0,0,0,0,0,0,0,0,0,0,0,0,0,0,0.0,0.0,40.0,9.0,33.9,0.9,0.5384615384615384,0.0,0.0,150.0,13.0,36.0,1.1,0.875,0.0,0.0,40.0,10.0,35.1,0.7,0.4375,0.5,6.0,200.0,0.02631578947368421,0.15789473684210525,6,7,14.7,5.0,1148,88,1393,0.0,0.0,110.0,9.0,36.7,1.4,0.5555555555555556,0.0,0.0,50.0,1.0,33.4,0.0,0.3333333333333333,-2.0,0.2,53.0,22.0,12.0,13.0,462.0,0.07692307692307693,-0.125,0.0625,0.0,0.0,0.029999999999999714,0.0,-1.2064999999999984,0.35009999999999764,0.025300000000001432,1.6253000000000029,-1.6747000000000014,0.181862086192618,1.238386046433019,0.0,4.0,0.25
409,202307030412,9,5,4,41,0,1,0,10,0,0,0,0,3,1,2,9,0,0,0,2,0,0,0,0,0,0,0,0,0,0,0,0,0,0,0,0,0.0,0.0,60.0,4.0,33.6,1.0,0.18181818181818182,0.0,0.0,50.0,9.0,34.1,1.0,0.3333333333333333,0.0,0.0,40.0,3.0,34.0,0.2,0.35714285714285715,-0.5,-2.0,0.0,0.17592592592592593,0.3611111111111111,2,2,20.1,7.0,1716,1306,1167,0.0,0.0,60.0,7.0,34.2,0.6,0.5833333333333334,0.0,0.0,20.0,5.0,33.0,1.2,0.8181818181818182,0.0,0.2,58.0,21.0,12.0,11.0,434.0,0.09090909090909091,0.0,-0.07142857142857142,0.3333333333333333,0.0,0.11000000000000014,0.0,-1.4746999999999986,-1.3592000000000013,-1.4592000000000027,-0.8746999999999971,-2.0747,0.22243079734004853,0.44000000000000067,0.0,3.0,0.0
410,202307030412,0,0,0,0,2,4,3,27,0,0,0,0,0,0,0,0,1,0,0,6,0,0,0,0,0,0,0,0,0,0,0,1,0,0,0,0,0.0,0.0,40.0,1.0,34.7,0.0,0.1111111111111111,0.0,0.0,120.0,11.0,36.4,1.0,0.15384615384615385,0.0,0.0,50.0,3.0,36.0,0.7,0.23076923076923078,1.0,0.0,0.0,0.0967741935483871,0.45161290322580644,4,4,2.3,1.0,1600,1405,680,0.0,0.0,50.0,3.0,39.0,0.6,0.2,0.0,0.0,,,,,,-0.2,0.75,55.0,36.0,12.0,9.0,496.0,0.0,0.0,0.0,0.0,,-1.2499999999999993,0.0,-0.9498999999999995,0.9407999999999959,0.9253,0.7205000000000013,,0.04544204199157204,1.5610493265749157,0.0,2.0,1.0
411,202307030412,1,0,1,2,3,2,3,33,1,0,0,0,0,0,0,0,1,0,1,9,0,0,0,0,0,0,0,0,0,0,0,2,0,0,0,0,0.0,0.0,7.0,8.0,37.1,2.7,0.3,0.0,0.0,12.0,13.0,37.4,2.9,0.21428571428571427,0.0,0.0,9.0,9.0,34.8,1.9,0.6666666666666666,0.5,-2.0,-600.0,0.15384615384615385,0.4358974358974359,3,3,4.1,2.0,1154,1167,1561,0.0,0.0,7.0,11.0,34.0,1.0,0.8333333333333334,0.0,0.0,4.0,5.0,34.5,0.2,0.38461538461538464,-0.8,0.0,56.0,-434.0,12.0,10.0,512.0,0.0,0.35714285714285715,0.1111111111111111,-0.25,0.38461538461538464,0.8600000000000001,0.0,0.8155000000000001,1.9407999999999959,-0.27470000000000283,-1.4592000000000027,-0.5747,0.2331484307718531,1.4065560778013797,3.0,2.0,0.0
412,202307030412,7,5,4,26,0,0,1,2,0,0,1,0,1,3,1,7,0,0,0,0,0,0,0,0,0,0,0,0,0,0,0,0,0,0,0,0,0.0,0.0,14.0,13.0,34.2,0.7,0.6470588235294118,0.0,0.0,9.0,9.0,33.3,0.8,0.8461538461538461,0.0,0.0,8.0,7.0,35.0,0.9,0.5,-3.0,0.0,200.0,0.08196721311475409,0.19672131147540983,1,1,39.6,8.0,1098,1685,1294,0.0,0.0,5.0,10.0,35.1,1.0,0.7142857142857143,0.0,0.0,8.0,5.0,34.8,0.6,0.7647058823529411,-1.5,0.0,56.0,-83.0,12.0,17.0,510.0,-0.058823529411764705,-0.15384615384615385,0.0,0.07142857142857142,0.0,-0.29999999999999927,0.0,-0.9064999999999941,-1.7747000000000028,-0.2633999999999972,-0.006499999999995509,-0.3064999999999998,0.11696164088558024,0.6675327707311463,0.0,2.0,0.0
413,202307030412,0,1,1,8,2,0,1,8,0,0,0,0,0,0,0,5,0,0,0,3,0,0,0,0,0,0,0,0,0,0,0,0,0,0,0,0,0.0,0.0,15.0,13.0,36.8,1.3,0.8125,0.0,0.0,16.0,7.0,34.3,1.3,0.7222222222222222,0.0,0.0,15.0,6.0,36.9,0.7,0.625,-3.5,-10.0,200.0,0.0,0.5,7,9,68.2,9.0,1172,324,1556,0.0,0.0,15.0,15.0,35.7,1.6,0.4,0.0,0.0,7.0,7.0,38.2,1.2,0.42857142857142855,-0.4,0.0,58.0,-448.0,12.0,16.0,482.0,-0.125,0.0,-0.0625,0.0,0.0,-0.4200000000000017,0.0,-1.3537999999999997,-2.0616000000000057,-1.3795000000000002,0.5469000000000008,0.046200000000006014,0.16129468000193367,1.3075167302944932,0.0,0.0,
414,202307030412,7,5,5,48,1,0,0,2,0,0,0,2,1,2,0,11,0,0,0,1,0,0,0,1,1,1,0,1,0,0,0,0,0,0,0,0,0.0,0.0,3.0,5.0,39.2,1.0,0.36363636363636365,0.0,0.0,13.0,12.0,34.6,1.3,0.5384615384615384,0.0,0.0,11.0,14.0,35.0,1.1,0.9375,4.5,-7.0,200.0,0.09183673469387756,0.2857142857142857,7,10,180.6,10.0,1503,880,1263,0.0,0.0,17.0,8.0,33.3,0.9,0.9411764705882353,0.0,0.0,10.0,9.0,34.5,1.0,0.9166666666666666,0.4,0.0,58.0,-361.0,12.0,11.0,515.0,0.18181818181818182,0.15384615384615385,0.0,-0.11764705882352941,-0.08333333333333333,1.070000000000001,0.0,0.9205000000000041,-0.6633999999999958,-0.07469999999999999,-1.7747000000000028,-0.7633999999999972,0.24205592826026007,2.0212867188996237,1.0,4.0,0.0
415,202307030412,7,5,5,48,1,0,0,2,0,0,0,1,1,2,0,11,0,0,0,1,0,0,0,0,1,1,0,1,0,0,0,0,0,0,0,0,0.0,0.0,100.0,3.0,35.1,0.2,0.21428571428571427,0.0,0.0,60.0,7.0,35.1,0.7,0.46153846153846156,0.0,0.0,30.0,6.0,35.5,0.4,0.3333333333333333,1.5,-4.0,0.0,0.0136986301369863,0.1643835616438356,5,5,15.6,6.0,1503,1079,1263,0.0,0.0,30.0,7.0,33.9,1.2,0.7272727272727273,0.0,0.0,80.0,1.0,34.5,0.0,0.23529411764705882,-0.4,0.4,58.0,64.0,12.0,14.0,450.0,-0.07142857142857142,0.0,0.08333333333333333,0.09090909090909091,0.0,0.24000000000000057,0.0,0.025300000000001432,-1.2616000000000014,0.39350000000000307,-1.2064999999999984,-0.6064999999999969,0.1880408391169605,0.5600000000000008,0.0,1.0,1.0
416,202307030412,0,0,0,1,2,4,3,27,0,0,0,0,0,0,0,0,1,0,0,6,0,0,0,0,0,0,0,0,0,0,0,1,0,0,0,0,0.0,0.0,5.0,9.0,41.9,4.7,0.2,0.0,0.0,8.0,8.0,36.4,3.9,1.0,0.0,0.0,8.0,8.0,34.7,1.6,0.75,-0.5,-3.0,200.0,0.0,0.0,6,8,329.9,12.0,1376,1405,1559,0.0,0.0,9.0,9.0,34.9,2.3,0.7777777777777778,0.0,0.0,11.0,11.0,34.4,1.8,0.9090909090909091,0.5,0.0,58.0,-295.0,12.0,10.0,477.0,0.5,-0.125,0.0,0.0,0.0,1.65,0.0,3.7462000000000018,0.9531999999999954,-0.37469999999999715,-0.5592000000000041,-0.6747000000000014,0.2787550119698229,2.8061361335473367,2.0,2.0,0.0
417,202307030412,4,4,2,30,3,2,4,17,0,0,0,1,1,1,0,9,1,1,0,4,0,0,0,0,0,0,0,3,1,0,0,0,0,0,0,0,0.0,0.0,3.0,7.0,39.3,1.9,0.625,0.0,0.0,13.0,13.0,37.6,1.6,0.875,0.0,0.0,11.0,12.0,35.9,2.3,0.9166666666666666,2.5,-8.0,-150.0,0.0,0.21428571428571427,8,12,198.7,11.0,1691,1559,1167,0.0,0.0,13.0,12.0,34.5,0.7,1.0,0.0,0.0,11.0,11.0,34.5,1.3,0.16666666666666666,0.7,0.0,58.0,-384.0,12.0,8.0,462.0,0.25,0.125,-0.08333333333333333,-0.07692307692307693,0.16666666666666666,1.2699999999999996,0.0,,-1.7926000000000002,0.6366000000000014,-0.9592000000000027,-0.9592000000000027,0.3020761493398643,1.8607525359380805,2.0,1.0,0.0
418,202307030509,22,20,29,184,10,2,9,37,1,2,2,7,8,4,7,54,0,1,2,9,0,1,1,2,3,1,2,21,0,0,0,3,0,0,0,1,0.0,0.0,10.0,4.0,35.0,0.3,0.26666666666666666,0.0,0.0,30.0,2.0,33.6,0.3,0.18181818181818182,0.0,0.0,40.0,3.0,34.5,0.1,0.15384615384615385,-0.5,2.0,200.0,0.078125,0.203125,2,2,4.3,2.0,1152,324,1428,0.0,0.0,140.0,15.0,34.6,1.2,0.5,0.0,0.0,130.0,2.0,34.0,0.1,0.75,0.9000000000000001,0.6,53.0,21.0,9.0,15.0,462.0,0.0,0.0,0.0,-0.05555555555555555,0.0625,0.1,0.0,-0.10649999999999693,-1.4746999999999986,-0.5747,-0.47469999999999857,-1.0747,0.2254380504549841,0.4882622246293479,0.0,4.0,0.75
419,202307030509,1,1,1,15,0,1,1,5,0,0,0,0,0,0,0,4,0,0,0,0,0,0,0,0,0,0,0,0,0,0,0,0,0,0,0,0,0.0,0.0,70.0,2.0,34.6,0.2,0.625,0.0,0.0,50.0,6.0,38.0,1.7,0.7142857142857143,0.0,0.0,30.0,1.0,37.2,0.0,0.3125,-0.5,10.0,200.0,0.018867924528301886,0.16981132075471697,5,5,18.3,6.0,1243,314,1428,0.0,0.0,50.0,4.0,34.8,0.4,0.6111111111111112,0.0,0.0,80.0,8.0,35.7,0.4,0.625,1.0,0.4,53.0,28.0,9.0,16.0,466.0,0.125,-0.07142857142857142,0.0,-0.16666666666666666,-0.125,0.1,0.0,-0.5064999999999955,-0.1338000000000008,-1.079499999999996,-0.27470000000000283,0.6253000000000029,0.13753363728826298,1.3350655414622914,0.0,2.0,0.0
420,202307030509,6,5,4,34,18,20,26,184,0,0,0,0,0,2,1,10,4,4,5,52,0,0,0,0,0,0,0,1,1,2,2,14,0,0,0,0,0.0,0.0,180.0,16.0,39.0,2.8,0.4444444444444444,0.0,0.0,50.0,2.0,34.2,0.0,0.125,0.0,0.0,40.0,6.0,35.5,1.0,0.3,-5.0,-10.0,-400.0,0.013513513513513514,0.16216216216216217,8,9,5.3,3.0,1289,1167,1428,0.0,0.0,20.0,7.0,34.3,0.8,0.7142857142857143,0.0,0.0,10.0,1.0,35.6,0.0,0.25,-2.5,0.4,55.0,90.0,9.0,18.0,514.0,0.0,0.0,0.0,0.0,0.0,0.6700000000000003,0.0,1.6546999999999983,-2.4831999999999965,0.053199999999996805,-1.1592000000000056,-1.083199999999998,0.20166640117921344,1.7405746177627663,-2.0,0.0,
421,202307030509,41,32,27,271,10,10,9,121,2,0,1,2,17,5,16,84,3,1,0,28,1,0,0,0,5,2,8,29,1,0,0,7,0,0,0,0,0.0,0.0,10.0,2.0,34.7,0.0,0.25,0.0,0.0,30.0,8.0,38.4,1.1,0.5,0.0,0.0,10.0,1.0,38.7,0.0,0.3125,-0.5,4.0,0.0,0.10416666666666667,0.4479166666666667,3,3,17.9,5.0,1716,1558,1167,0.0,0.0,20.0,2.0,38.2,0.0,0.3125,0.0,0.0,10.0,4.0,36.4,0.4,0.2222222222222222,-0.19999999999999996,0.6,58.0,126.0,9.0,16.0,496.0,0.0,0.0,0.0,0.0,0.0,-0.31999999999999956,0.0,-0.37469999999999715,0.26619999999999777,-0.6925999999999988,-0.07949999999999591,1.3252999999999986,0.09692414623537725,1.5197368193210297,0.0,2.0,0.5
422,202307030509,6,7,8,80,0,1,1,4,0,1,1,0,1,1,1,10,0,1,1,0,0,1,1,0,0,0,0,4,0,0,0,0,0,0,0,0,0.0,0.0,50.0,3.0,34.0,0.1,0.8461538461538461,0.0,0.0,110.0,9.0,35.5,0.8,0.8461538461538461,0.0,0.0,60.0,5.0,34.7,0.5,0.5833333333333334,1.0,-8.0,0.0,0.08602150537634409,0.20430107526881722,7,7,9.0,4.0,1222,1324,1328,0.0,0.0,20.0,3.0,34.1,0.2,0.42857142857142855,0.0,0.0,10.0,1.0,34.0,0.0,0.7857142857142857,-1.0,0.6,55.0,27.0,9.0,13.0,444.0,-0.15384615384615385,-0.15384615384615385,0.0,0.0,-0.2857142857142857,0.13999999999999985,0.0,-1.0747,0.04079999999999728,-0.7468000000000004,-0.9746999999999986,-1.6499000000000024,0.16573057572566385,0.5817215828899596,0.0,3.0,1.0
423,202307030509,0,2,1,4,1,5,3,48,0,1,0,0,0,0,0,0,0,0,0,12,0,0,0,0,0,0,0,0,0,0,0,3,0,0,0,0,0.0,0.0,9.0,17.0,37.7,6.2,1.0,0.0,0.0,2.0,10.0,35.5,2.7,1.0,0.0,0.0,5.0,12.0,35.6,1.2,0.7857142857142857,-2.5,2.0,200.0,0.2911392405063291,0.5316455696202531,6,6,1.8,1.0,1676,1036,1428,0.0,0.0,2.0,1.0,33.3,0.0,0.5625,0.0,0.0,1.0,6.0,34.9,1.2,0.375,-3.1,0.2,53.0,-315.0,9.0,17.0,504.0,0.0,0.0,0.0,-0.0625,0.0,0.7800000000000011,0.0,2.593500000000006,0.4253,0.33660000000000423,-1.9634,-0.1747000000000014,0.24572882016813674,1.414213562373097,-2.0,4.0,0.25
424,202307030509,17,16,19,234,12,11,10,126,2,2,3,26,3,3,3,42,2,4,1,29,0,0,0,5,1,2,0,17,1,4,1,13,0,0,0,3,0.0,0.0,40.0,10.0,34.2,0.4,0.8461538461538461,0.0,0.0,90.0,10.0,35.0,0.9,0.8888888888888888,0.0,0.0,50.0,2.0,33.7,0.1,0.8571428571428571,-4.0,0.0,0.0,0.17272727272727273,0.35454545454545455,8,8,18.3,7.0,1691,1556,1167,0.0,0.0,90.0,5.0,33.8,0.6,0.7,0.0,0.0,120.0,1.0,35.1,0.0,0.7857142857142857,-2.3,0.4,55.0,27.0,9.0,13.0,452.0,0.0,-0.16666666666666666,0.0,0.0,-0.14285714285714285,-0.05999999999999943,0.0,-0.8746999999999971,-1.3748999999999967,-1.3746999999999971,-1.2747000000000028,-0.5499000000000009,0.06676394482418335,0.5885575587824866,0.0,5.0,0.4
425,202307030509,25,27,16,168,0,0,0,0,0,0,0,0,11,10,5,51,0,0,0,0,0,0,0,0,4,3,4,21,0,0,0,0,0,0,0,0,0.0,0.0,9.0,12.0,45.5,4.1,0.08333333333333333,0.0,0.0,4.0,11.0,40.5,3.4,0.38461538461538464,0.0,0.0,8.0,8.0,36.5,3.0,0.375,-2.0,18.0,-200.0,0.05714285714285714,0.14285714285714285,4,4,131.3,8.0,1098,994,1294,0.0,0.0,15.0,8.0,34.4,0.9,0.6666666666666666,0.0,0.0,9.0,11.0,36.1,1.6,0.9375,-0.5,0.0,58.0,-375.0,9.0,12.0,542.0,0.3333333333333333,0.07692307692307693,0.125,-0.05555555555555555,-0.125,2.4899999999999998,0.0,5.8740999999999985,2.8357000000000028,1.4253,-0.7531000000000034,-1.317700000000002,0.2902324557479638,3.9879819457966454,1.0,1.0,0.0
426,202307030509,41,32,27,271,42,32,27,236,6,4,4,35,17,5,16,84,13,10,6,66,3,1,3,16,5,2,8,29,5,3,2,23,1,1,2,9,0.0,0.0,140.0,16.0,42.2,8.1,0.8125,0.0,0.0,130.0,16.0,41.0,4.1,0.8125,0.0,0.0,,,,,,0.0,-4.0,-100.0,,,1,1,,,1716,1428,1167,0.0,0.0,10.0,1.0,38.7,0.0,0.3,0.0,0.0,110.0,12.0,40.6,3.3,0.15384615384615385,-2.7,0.25,58.0,-365.0,9.0,16.0,466.0,0.1875,-0.125,,-0.1,0.6153846153846154,0.7100000000000002,0.0,2.9906000000000006,1.4532999999999987,,0.4205000000000041,4.683399999999999,0.29731330537541445,1.2577261228105265,1.0,1.0,0.0
427,202307030605,2,3,5,23,1,0,0,3,1,0,0,3,0,0,2,8,0,0,0,0,0,0,0,0,0,0,0,2,0,0,0,0,0,0,0,0,,,,,,,,,,,,,,,,,,,,,,,,,0.025,0.175,5,6,3.0,1.0,1089,216,1428,,,,,,,,,,,,,,,,,55.0,,12.0,,,,,,,,,,,,,,,,,,0.0,
428,202307030605,3,3,3,30,19,11,14,115,0,0,0,2,1,2,2,12,6,0,3,24,0,0,0,2,0,0,1,1,0,0,0,3,0,0,0,0,0.0,0.0,2.0,9.0,39.6,1.4,0.5,0.0,0.0,2.0,3.0,37.7,0.8,0.4666666666666667,0.0,0.0,6.0,12.0,38.7,3.2,0.05555555555555555,1.5,2.0,200.0,0.17117117117117117,0.35135135135135137,4,4,6.6,4.0,1467,1294,336,0.0,0.0,4.0,4.0,40.0,1.4,0.25,0.0,0.0,2.0,5.0,38.7,0.8,0.8,-0.7,0.2,55.0,-399.0,12.0,16.0,494.0,0.0625,0.0,0.1111111111111111,-0.0625,-0.2,-0.05,0.0,1.3205000000000027,-0.21109999999999474,3.625300000000003,0.37409999999999854,1.0357000000000056,0.2508159523939988,0.8014985963805541,-2.0,1.0,0.0
429,202307030605,2,3,5,23,6,4,3,20,0,0,0,0,0,0,2,8,2,0,3,4,0,0,0,0,0,0,0,2,0,0,0,2,0,0,0,0,,,,,,,,,,,,,,,,,,,,,,,,,0.0,0.03571428571428571,5,5,38.2,8.0,1089,1170,1428,,,,,,,,,,,,,,,,,55.0,,12.0,,,,,,,,,,,,,,,,,,0.0,
430,202307030605,17,16,19,234,12,11,10,126,2,2,3,26,3,3,3,42,2,4,1,29,0,0,0,5,0,0,1,5,0,0,0,5,0,0,0,0,0.0,0.0,10.0,14.0,35.2,1.8,0.9444444444444444,0.0,0.0,2.0,4.0,35.2,1.1,0.875,0.0,0.0,5.0,4.0,34.4,1.0,0.6666666666666666,-5.0,6.0,-400.0,0.10810810810810811,0.4864864864864865,8,11,12.3,5.0,1691,1556,1167,,,,,,,,,,,,,,,-5.0,0.0,55.0,-399.0,12.0,18.0,506.0,0.05555555555555555,0.0,0.0,,,0.40000000000000213,0.0,-0.7165999999999997,0.12530000000000285,-0.6747000000000014,,,0.1180328591109441,0.37712361663282734,-2.0,2.0,0.0
431,202307030605,18,19,13,126,2,2,1,10,1,0,0,1,7,10,2,41,0,1,0,2,0,0,0,0,1,1,0,10,0,0,0,1,0,0,0,0,,,,,,,,,,,,,,,,,,,,,,,,,0.09230769230769231,0.2153846153846154,2,2,5.1,3.0,1657,391,1317,,,,,,,,,,,,,,,,,55.0,,12.0,,,,,,,,,,,,,,,,,,0.0,
432,202307030605,41,32,27,271,11,13,14,131,0,0,1,14,17,5,16,84,3,3,4,29,0,0,1,7,3,1,2,19,0,0,0,4,0,0,0,2,0.0,0.0,7.0,9.0,36.9,1.2,0.8181818181818182,0.0,0.0,3.0,4.0,39.8,1.6,0.1,0.0,0.0,8.0,14.0,35.3,1.1,0.1111111111111111,2.5,10.0,600.0,0.013333333333333334,0.17333333333333334,8,12,3.6,2.0,1716,1405,1167,0.0,0.0,11.0,14.0,37.5,1.9,0.17647058823529413,0.0,0.0,5.0,7.0,37.2,1.6,0.1111111111111111,0.6,0.0,55.0,-399.0,12.0,11.0,466.0,0.09090909090909091,0.1,0.16666666666666666,0.11764705882352941,0.0,0.16999999999999887,0.0,0.45889999999999986,,0.14689999999999515,2.393500000000003,1.7408000000000001,0.2787195567696357,1.4458215657542253,3.0,0.0,
433,202307030605,8,5,10,88,0,0,0,3,0,0,0,0,1,2,2,20,0,0,0,0,0,0,0,0,0,0,0,2,0,0,0,0,0,0,0,0,,,,,,,,,,,,,,,,,,,,,,,,,0.19047619047619047,0.3333333333333333,6,8,22.8,6.0,1172,1003,1556,,,,,,,,,,,,,,,,,52.0,,12.0,,,,,,,,,,,,,,,,,,0.0,
434,202307030605,0,0,0,0,0,1,1,9,0,0,0,0,0,0,0,0,0,0,0,2,0,0,0,0,0,0,0,0,0,0,0,0,0,0,0,0,,,,,,,,,,,,,,,,,,,,,,,,,0.0851063829787234,0.20212765957446807,6,7,33.3,7.0,1523,857,187,,,,,,,,,,,,,,,,,55.0,,12.0,,,,,,,,,,,,,,,,,,0.0,
435,202307030605,18,19,13,126,9,5,3,71,0,0,0,0,7,10,2,41,3,2,1,22,0,0,0,0,1,1,0,10,0,0,1,4,0,0,0,0,,,,,,,,,,,,,,,,,,,,,,,,,0.0,0.02127659574468085,7,10,68.3,11.0,1657,1482,1317,,,,,,,,,,,,,,,,,55.0,,12.0,,,,,,,,,,,,,,,,,,0.0,
436,202307030605,3,10,1,44,10,9,8,83,0,0,0,0,0,1,0,11,4,2,4,24,0,0,0,0,0,0,0,2,2,0,0,3,0,0,0,0,0.0,0.0,20.0,20.0,39.6,0.4,0.9090909090909091,0.0,0.0,160.0,150.0,35.8,1.7,0.6111111111111112,0.0,0.0,120.0,90.0,36.4,1.5,0.14285714285714285,35.0,21.0,300.0,0.0958904109589041,0.2328767123287671,3,3,49.6,9.0,1629,1362,1428,0.0,0.0,150.0,90.0,35.4,1.1,0.13333333333333333,0.0,0.0,150.0,100.0,37.1,1.5,0.5,10.0,0.0,55.0,-448.0,12.0,11.0,457.0,-0.45454545454545453,0.1111111111111111,0.07142857142857142,0.2,0.1875,0.5399999999999998,0.0,2.0086000000000013,0.6468999999999951,0.9407999999999959,-0.516600000000004,0.7251000000000047,0.29441647802414994,1.4853955702101727,-1.0,1.0,0.0
437,202307030605,0,0,0,5,1,2,1,8,0,0,0,0,0,0,0,3,0,0,0,1,0,0,0,0,0,0,0,0,0,0,0,0,0,0,0,0,0.0,0.0,4.0,7.0,38.5,1.7,0.4375,0.0,0.0,3.0,3.0,38.0,0.1,0.8125,0.0,0.0,12.0,4.0,38.6,1.8,0.25,-1.5,-2.0,-500.0,0.0,0.07407407407407407,7,9,61.9,10.0,1074,1160,1503,0.0,0.0,12.0,4.0,38.9,1.4,0.8125,0.0,0.0,11.0,7.0,37.6,2.5,0.9375,0.1,0.2,52.0,-279.0,12.0,16.0,432.0,0.125,-0.3125,-0.0625,-0.125,0.0,0.08999999999999986,0.0,-0.31280000000000285,-1.5467000000000013,-0.9466999999999999,-0.49260000000000304,-0.6794999999999973,0.26100766272276377,0.4621688003316531,-3.0,0.0,
438,202307030605,3,4,4,61,0,0,1,11,0,0,0,0,2,2,1,12,0,0,1,2,0,0,0,0,0,1,0,3,0,0,0,1,0,0,0,0,0.0,0.0,6.0,5.0,41.2,0.9,0.2,0.0,0.0,7.0,11.0,41.9,3.0,0.8461538461538461,0.0,0.0,11.0,13.0,39.6,1.7,0.1875,4.0,-4.0,200.0,0.0,0.12121212121212122,1,1,82.1,12.0,1036,432,1108,0.0,0.0,8.0,5.0,36.7,0.8,0.2727272727272727,0.0,0.0,11.0,6.0,35.6,0.4,0.08333333333333333,-0.4,0.0,54.0,-374.0,12.0,10.0,492.0,-0.1,-0.5384615384615384,0.0625,-0.09090909090909091,0.0,1.64,0.0,2.920500000000004,2.274099999999997,3.683399999999999,0.7834000000000003,-0.3166000000000011,0.2709312765919609,2.46819772303598,0.0,0.0,
439,202307030705,16,14,16,128,3,4,5,24,0,0,0,0,0,3,4,37,0,1,1,12,0,0,0,0,0,1,1,3,0,0,0,0,0,0,0,0,,,,,,,,,,,,,,,,,,,,,,,,,0.0,0.10344827586206896,3,3,4.9,4.0,1127,1506,1328,,,,,,,,,,,,,,,,,52.0,,8.0,,,,,,,,,,,,,,,,,,0.0,
440,202307030705,7,18,16,114,8,9,9,31,0,0,0,2,2,9,5,30,2,4,3,2,0,0,0,0,0,4,0,5,0,0,0,0,0,0,0,0,,,,,,,,,,,,,,,,,,,,,,,,,0.168141592920354,0.35398230088495575,2,2,3.4,2.0,1463,939,1167,,,,,,,,,,,,,,,,,55.0,,8.0,,,,,,,,,,,,,,,,,,0.0,
441,202307030705,0,0,0,0,0,0,1,6,0,0,0,0,0,0,0,0,0,0,0,1,0,0,0,0,0,0,0,0,0,0,0,0,0,0,0,0,,,,,,,,,,,,,,,,,,,,,,,,,0.1044776119402985,0.22388059701492538,1,1,2.6,1.0,1352,516,1503,,,,,,,,,,,,,,,,,55.0,,8.0,,,,,,,,,,,,,,,,,,0.0,
442,202307030705,17,26,23,177,2,3,0,14,0,0,0,1,5,5,8,48,1,2,0,7,0,0,0,1,1,0,0,5,0,0,0,4,0,0,0,0,,,,,,,,,,,,,,,,,,,,,,,,,0.2875,0.525,5,5,4.5,3.0,1393,1728,1263,,,,,,,,,,,,,,,,,55.0,,8.0,,,,,,,,,,,,,,,,,,0.0,
443,202307030705,1,0,3,17,11,13,14,131,0,0,0,1,0,0,0,4,3,3,4,29,0,0,0,0,0,0,0,0,0,0,0,4,0,0,0,0,,,,,,,,,,,,,,,,,,,,,,,,,0.0,0.11428571428571428,4,4,95.4,8.0,1605,1405,1,,,,,,,,,,,,,,,,,54.0,,8.0,,,,,,,,,,,,,,,,,,0.0,
444,202307030705,0,0,0,0,6,9,8,74,0,0,0,0,0,0,0,0,1,1,1,21,0,0,0,0,0,0,0,0,0,0,0,2,0,0,0,0,,,,,,,,,,,,,,,,,,,,,,,,,0.0,0.0,8,8,40.9,7.0,1097,1366,1221,,,,,,,,,,,,,,,,,52.0,,8.0,,,,,,,,,,,,,,,,,,0.0,
445,202307030705,17,16,19,234,0,1,0,2,0,0,0,0,3,3,3,42,0,0,0,1,0,0,0,0,0,0,1,5,0,0,0,0,0,0,0,0,,,,,,,,,,,,,,,,,,,,,,,,,0.08737864077669903,0.2912621359223301,7,7,27.3,5.0,1691,1337,1167,,,,,,,,,,,,,,,,,55.0,,8.0,,,,,,,,,,,,,,,,,,0.0,
446,202307030705,0,0,0,0,3,4,6,69,0,0,0,0,0,0,0,0,0,2,0,20,0,0,0,0,0,0,0,0,0,0,0,5,0,0,0,0,0.0,0.0,90.0,6.0,37.7,1.4,0.5333333333333333,0.0,0.0,5.0,8.0,39.5,1.7,0.06666666666666667,0.0,0.0,6.0,14.0,40.1,2.3,0.0625,4.0,-8.0,-100.0,0.10309278350515463,0.44329896907216493,6,6,35.5,6.0,1656,1328,1576,0.0,0.0,4.0,2.0,38.4,0.7,0.09090909090909091,0.0,0.0,2.0,8.0,44.0,4.6,0.375,-0.2,0.2,55.0,-484.0,8.0,15.0,502.0,-0.13333333333333333,0.0,0.0625,0.0,0.375,-1.1499999999999992,0.0,-1.6925999999999988,-0.12590000000000146,0.7073999999999998,-1.2259000000000029,4.453299999999999,0.19340278509346756,2.1950854197502196,0.0,0.0,
447,202307030707,7,18,16,114,8,9,6,50,0,0,0,0,2,9,5,30,2,1,0,13,0,0,0,0,2,3,2,10,0,0,0,3,0,0,0,0,0.0,0.0,10.0,2.0,36.8,0.2,0.23529411764705882,0.0,0.0,10.0,6.0,35.4,1.1,0.5625,,,,,,,,4.0,-18.0,-400.0,0.09090909090909091,0.21212121212121213,6,11,2.9,1.0,1463,848,1167,,,,,,,,,,,,,,,4.0,0.5,56.0,21.0,16.0,17.0,506.0,0.0,0.0625,,,,1.3999999999999986,0.0,-0.5453000000000046,-1.2832000000000008,,,,0.1636029411764706,0.6999999999999993,0.0,0.0,
448,202307030707,1,1,1,0,42,32,27,236,0,0,0,0,0,1,0,0,13,10,6,66,0,0,0,0,0,1,0,0,4,2,2,15,0,0,0,0,0.0,0.0,20.0,3.0,34.9,0.4,0.625,0.0,0.0,40.0,2.0,33.4,0.0,0.5714285714285714,0.0,0.0,70.0,11.0,36.3,1.0,0.6666666666666666,4.0,0.0,0.0,0.0945945945945946,0.22972972972972974,2,3,3.8,2.0,1632,1428,1167,0.0,0.0,80.0,10.0,36.2,1.3,0.6470588235294118,0.0,0.0,70.0,3.0,34.4,0.1,0.3076923076923077,0.7999999999999998,0.6,54.0,21.0,16.0,16.0,422.0,-0.0625,-0.14285714285714285,0.1111111111111111,-0.11764705882352941,0.0,-0.18000000000000044,0.0,-1.474899999999998,-2.059200000000004,-0.3832000000000022,-0.13169999999999504,-1.0592000000000041,0.13183937332608545,1.100181803158006,0.0,1.0,1.0
449,202307030707,7,18,16,114,11,13,14,131,0,0,0,0,2,9,5,30,3,3,4,29,0,0,0,0,2,3,2,10,1,0,1,9,0,0,0,0,0.0,0.0,60.0,9.0,36.7,0.9,0.1111111111111111,0.0,0.0,100.0,7.0,35.0,0.9,0.13333333333333333,0.0,0.0,60.0,8.0,36.9,0.7,0.0625,-0.5,0.0,-200.0,0.0,0.07142857142857142,2,4,9.1,4.0,1463,1405,1167,0.0,0.0,60.0,5.0,37.7,0.8,0.23076923076923078,0.0,0.0,80.0,7.0,36.5,1.6,0.07692307692307693,-0.6,0.0,51.0,42.0,16.0,18.0,454.0,0.0,0.0,0.0,0.15384615384615385,0.0,-0.2299999999999997,0.0,1.2408000000000001,-0.9166000000000025,-0.44530000000000314,1.0168000000000035,0.46999999999999886,0.05940645925792328,0.8800000000000008,-3.0,0.0,
450,202307030707,25,27,16,168,2,3,0,14,1,2,0,1,11,10,5,51,1,2,0,7,1,2,0,1,3,1,1,14,0,0,0,3,0,0,0,1,0.0,0.0,4.0,12.0,41.4,3.6,1.0,0.0,0.0,3.0,10.0,34.3,1.1,0.9444444444444444,0.0,0.0,5.0,3.0,34.0,0.3,0.7222222222222222,-4.5,25.0,200.0,0.0,0.11764705882352941,8,15,8.3,3.0,1098,1728,1294,0.0,0.0,3.0,4.0,36.4,0.5,0.4375,0.0,0.0,6.0,2.0,35.5,0.2,0.4375,-2.6,0.4,53.0,-182.0,16.0,12.0,451.0,-0.08333333333333333,-0.3333333333333333,0.0,-0.1875,-0.125,0.9699999999999995,0.0,3.2462000000000018,-0.8531000000000049,-1.153100000000002,1.3252999999999986,0.2366000000000028,0.23988004975738383,2.681342947106916,-1.0,2.0,0.5
451,202307030707,18,19,13,126,0,0,1,7,0,0,0,0,7,10,2,41,0,0,0,0,0,0,0,0,0,3,0,15,0,0,0,0,0,0,0,0,0.0,0.0,80.0,4.0,34.5,0.6,0.5,0.0,0.0,150.0,3.0,35.2,0.4,0.7777777777777778,0.0,0.0,130.0,10.0,38.5,2.3,0.5625,3.0,4.0,0.0,0.0,0.08695652173913043,3,6,16.0,7.0,1657,760,1317,0.0,0.0,100.0,6.0,38.5,1.3,0.625,0.0,0.0,70.0,6.0,36.0,0.8,0.625,0.7,0.2,56.0,27.0,16.0,18.0,464.0,-0.05555555555555555,-0.05555555555555555,0.0625,-0.0625,0.25,-0.6299999999999997,0.0,-0.5747,-0.2591999999999999,-0.5837999999999965,-1.1259000000000015,0.08339999999999748,0.09233761188108144,1.6692513291892261,0.0,1.0,0.0
452,202307030707,0,1,0,7,1,1,4,17,0,0,0,0,0,0,0,2,0,1,3,7,0,0,0,0,0,0,0,2,0,0,2,2,0,0,0,0,0.0,0.0,140.0,7.0,38.7,1.9,0.625,0.0,0.0,90.0,7.0,39.3,2.5,0.6923076923076923,0.0,0.0,90.0,12.0,37.6,1.6,0.8666666666666667,2.5,0.0,-200.0,0.0,0.020833333333333332,8,16,208.4,14.0,1246,1110,533,0.0,0.0,90.0,11.0,35.8,1.5,0.4666666666666667,0.0,0.0,130.0,6.0,34.4,0.8,0.6,0.2,0.0,54.0,48.0,16.0,16.0,458.0,0.0625,-0.15384615384615385,0.0,0.13333333333333333,0.0,1.2100000000000009,0.0,-0.9891000000000005,-0.3259000000000043,0.13220000000000454,-0.8832000000000022,-0.6747000000000014,0.13074434152282344,1.8227451824103125,0.0,2.0,0.0
453,202307030707,22,14,22,201,11,8,11,134,1,1,0,11,3,2,2,39,6,3,2,44,0,0,0,2,1,1,1,17,1,0,0,14,0,0,0,0,0.0,0.0,2.0,5.0,40.5,2.1,0.375,0.0,0.0,7.0,11.0,37.2,1.4,0.875,0.0,0.0,11.0,4.0,35.5,0.4,0.6875,-0.5,4.0,200.0,0.018518518518518517,0.18518518518518517,6,12,15.4,6.0,1506,1345,199,0.0,0.0,6.0,7.0,36.8,0.7,0.3125,0.0,0.0,6.0,3.0,34.7,0.6,0.2777777777777778,-0.8,0.2,56.0,-188.0,16.0,8.0,474.0,0.125,-0.1875,-0.3125,-0.125,-0.1111111111111111,1.2,0.0,2.8357000000000028,1.0342000000000056,-0.4166000000000025,1.7252999999999972,-0.37469999999999715,0.2348577846534913,1.992586259111509,0.0,2.0,0.5
454,202307030707,22,20,29,184,0,0,0,1,0,0,0,1,8,4,7,54,0,0,0,1,0,0,0,1,2,1,3,17,0,0,0,1,0,0,0,1,0.0,0.0,2.0,3.0,41.0,1.1,0.125,0.0,0.0,5.0,8.0,35.7,0.7,1.0,0.0,0.0,14.0,2.0,35.1,0.3,0.3125,-0.5,12.0,200.0,0.16964285714285715,0.35714285714285715,7,13,14.8,5.0,1152,659,1428,0.0,0.0,8.0,14.0,35.2,1.7,0.8125,0.0,0.0,10.0,6.0,35.5,0.8,1.0,1.2,0.4,56.0,-347.0,16.0,8.0,490.0,0.0,-0.0625,0.0625,-0.0625,-0.16666666666666666,1.15,0.0,2.846200000000003,0.6253000000000029,-1.2748999999999953,0.09350000000000591,0.39350000000000307,0.36357598930622465,2.2600884938426633,0.0,2.0,0.5
455,202307030707,1,0,0,0,0,0,0,0,0,0,0,0,0,0,0,0,0,0,0,0,0,0,0,0,0,0,0,0,0,0,0,0,0,0,0,0,0.0,0.0,4.0,8.0,42.0,2.0,0.4,0.0,0.0,13.0,9.0,37.3,0.9,0.0625,0.0,0.0,12.0,14.0,37.0,2.9,1.0,3.0,-1.0,200.0,0.05555555555555555,0.1388888888888889,3,5,76.7,13.0,484,241,612,,,,,,,,,,,,,,,3.0,0.0,54.0,-248.0,16.0,10.0,485.0,0.3,0.0,0.0,,,2.5,0.0,3.846200000000003,2.225299999999997,-0.6642999999999972,,,0.38770156048177057,2.2895899681432534,0.0,1.0,0.0
456,202307030707,25,27,16,168,0,1,0,2,0,0,0,0,11,10,5,51,0,0,0,1,0,0,0,0,3,1,1,14,0,0,0,1,0,0,0,0,0.0,0.0,1.0,3.0,39.6,0.9,0.08333333333333333,0.0,0.0,9.0,10.0,36.8,1.0,0.25,0.0,0.0,5.0,5.0,35.6,0.5,0.1875,1.0,51.0,100.0,0.08823529411764706,0.29411764705882354,4,7,21.4,9.0,1098,1337,1294,0.0,0.0,5.0,9.0,41.7,2.0,0.07692307692307693,0.0,0.0,6.0,9.0,36.9,1.3,0.11764705882352941,1.1,0.2,56.0,-328.0,16.0,12.0,537.0,0.0,0.1875,-0.0625,0.0,0.0,0.05,0.0,,1.7252999999999972,-0.7748999999999953,2.0741000000000014,1.1625999999999976,0.06632987252100309,2.2175662335091606,0.0,2.0,0.0
457,202307030707,0,0,1,13,0,0,0,1,0,0,0,0,0,0,0,4,0,0,0,1,0,0,0,0,0,0,0,2,0,0,0,1,0,0,0,0,0.0,0.0,9.0,11.0,41.0,3.1,1.0,0.0,0.0,15.0,11.0,36.0,1.1,0.6875,0.0,0.0,5.0,13.0,41.1,6.4,0.5,1.0,12.0,100.0,0.0,0.0,5,9,266.0,15.0,1399,849,1428,0.0,0.0,10.0,10.0,35.4,1.6,0.9444444444444444,0.0,0.0,10.0,7.0,35.8,1.0,0.125,-0.9,0.0,53.0,-368.0,16.0,12.0,502.0,-0.08333333333333333,0.25,0.25,-0.05555555555555555,0.0,1.1000000000000008,0.0,,0.9253,2.061300000000003,0.3252999999999986,0.7252999999999972,0.3189730821879706,2.6119724347703226,-3.0,3.0,0.0
458,202307030707,22,14,22,201,9,10,8,83,0,0,1,3,3,2,2,39,4,3,2,24,0,0,0,0,1,1,1,17,1,0,1,11,0,0,0,0,0.0,0.0,2.0,4.0,41.4,0.6,0.8,0.0,0.0,10.0,6.0,40.9,1.6,0.8333333333333334,0.0,0.0,12.0,5.0,39.2,1.9,0.3076923076923077,0.5,7.0,200.0,,,7,14,58.8,12.0,1506,1618,199,0.0,0.0,12.0,12.0,36.6,1.2,0.875,0.0,0.0,6.0,8.0,35.6,1.8,0.14285714285714285,1.4,0.0,56.0,-361.0,16.0,10.0,441.0,-0.2,-0.16666666666666666,-0.15384615384615385,-0.1875,0.0,1.5899999999999992,0.0,3.2462000000000018,1.2740999999999971,-0.4258999999999986,1.5253000000000014,0.1407999999999987,0.3046817021651224,2.2974768769238993,0.0,1.0,0.0
459,202307030707,41,32,27,271,0,1,1,3,0,0,0,0,17,5,16,84,0,0,1,3,0,0,0,0,5,1,2,19,0,0,0,1,0,0,0,0,0.0,0.0,10.0,12.0,36.5,2.1,0.21428571428571427,0.0,0.0,8.0,13.0,37.6,1.6,0.1875,0.0,0.0,5.0,9.0,35.4,0.9,0.5714285714285714,-1.5,-10.0,400.0,0.013157894736842105,0.17105263157894737,1,1,17.2,8.0,1716,378,1167,,,,,,,,,,,,,,,-1.5,0.0,54.0,-35.0,16.0,14.0,472.0,0.14285714285714285,0.0625,0.07142857142857142,,,0.5500000000000007,0.0,1.346899999999998,2.5253000000000014,0.3252999999999986,,,0.17501417176177564,0.8981462390204998,1.0,2.0,0.0
460,202307030707,41,32,27,271,9,10,8,83,2,2,1,8,17,5,16,84,4,3,2,24,1,1,1,2,5,1,2,19,1,0,1,11,1,0,1,2,0.0,0.0,7.0,10.0,41.4,1.8,1.0,0.0,0.0,14.0,9.0,36.6,0.9,0.2777777777777778,0.0,0.0,11.0,14.0,38.1,2.5,0.4375,2.0,25.0,300.0,0.1076923076923077,0.2923076923076923,4,8,28.1,11.0,1716,1618,1167,0.0,0.0,10.0,6.0,35.9,0.6,0.5,0.0,0.0,4.0,6.0,39.4,3.6,1.0,-1.1,0.0,56.0,-323.0,16.0,12.0,469.0,-0.25,0.1111111111111111,0.0625,-0.1111111111111111,-0.3333333333333333,0.4700000000000003,0.0,3.9658999999999978,0.6833999999999989,3.0253000000000014,0.44079999999999586,-0.22590000000000288,0.3003213299693645,1.9752468200202216,0.0,1.0,0.0
461,202307030707,2,0,1,3,1,5,3,48,0,0,0,0,1,0,1,1,0,0,0,12,0,0,0,0,0,0,1,1,0,0,0,4,0,0,0,0,0.0,0.0,2.0,4.0,38.7,0.5,0.2727272727272727,0.0,0.0,10.0,15.0,38.1,2.6,0.4375,0.0,0.0,5.0,4.0,36.2,0.5,0.125,0.0,26.0,400.0,0.0,0.0,1,2,23.7,10.0,1248,1036,1428,0.0,0.0,7.0,6.0,34.6,1.0,0.1111111111111111,0.0,0.0,8.0,8.0,38.8,1.2,0.1875,-0.1,0.0,51.0,-366.0,16.0,11.0,474.0,0.0,0.1875,0.0,0.05555555555555555,0.0,0.3300000000000011,0.0,0.7889000000000053,3.0253000000000014,0.9366000000000057,-0.47469999999999857,3.062599999999996,0.119829418899162,1.6338910612400075,-3.0,3.0,0.0
462,202307030707,2,8,8,110,1,5,3,48,0,0,0,0,0,0,0,21,0,0,0,12,0,0,0,0,0,0,0,7,0,0,0,4,0,0,0,0,0.0,0.0,120.0,12.0,42.4,3.6,1.0,0.0,0.0,160.0,16.0,38.3,3.1,0.875,0.0,0.0,110.0,13.0,45.0,7.5,0.8461538461538461,0.5,18.0,100.0,0.0,0.0,5,10,277.1,16.0,1561,1036,1263,0.0,0.0,150.0,18.0,41.1,4.7,0.5,0.0,0.0,120.0,8.0,36.8,2.5,0.8333333333333334,-0.6,0.0,50.0,-367.0,16.0,12.0,444.0,-0.08333333333333333,0.0,0.15384615384615385,-0.05555555555555555,-0.08333333333333333,0.8399999999999999,0.0,,3.225299999999997,5.3740999999999985,3.7546999999999997,-0.5453000000000046,0.16629643296247243,2.91575033224726,-4.0,1.0,0.0
463,202307030801,0,3,1,6,1,1,2,3,0,0,0,0,0,1,1,4,0,1,1,1,0,0,0,0,0,0,1,3,0,1,1,1,0,0,0,0,0.0,0.0,30.0,2.0,34.3,0.2,0.625,,,,,,,,,,,,,,,,,0.0,0.11,0.44,4,4,1.7,1.0,1434,302,969,,,,,,,,,,,,,,,,1.0,55.0,21.0,8.0,8.0,432.0,0.0,,,,,,,-0.7747000000000028,,,,,,,0.0,1.0,1.0
464,202307030801,22,20,29,184,18,20,26,184,1,0,4,3,8,4,7,54,4,4,5,52,0,0,1,2,2,1,3,17,0,0,0,18,0,0,0,1,0.0,0.0,40.0,3.0,34.5,0.6,0.875,,,,,,,,,,,,,,,,,0.0,0.08490566037735849,0.2830188679245283,2,2,6.8,3.0,1152,1167,1428,,,,,,,,,,,,,,,,1.0,55.0,21.0,8.0,8.0,466.0,0.0,,,,,,,-0.5747,,,,,,,0.0,1.0,1.0
465,202307030801,3,10,1,44,4,13,6,97,0,0,0,2,0,1,0,11,1,3,2,22,0,0,0,0,0,1,0,9,1,2,0,7,0,0,0,0,0.0,0.0,60.0,8.0,35.4,1.6,1.0,,,,,,,,,,,,,,,,,400.0,0.03333333333333333,0.13333333333333333,1,1,103.4,7.0,1629,1235,1428,,,,,,,,,,,,,,,,0.0,52.0,29.0,8.0,9.0,412.0,0.0,,,,,,,0.24689999999999657,,,,,,,0.0,0.0,
466,202307030801,17,16,19,234,12,11,10,126,2,2,3,26,3,3,3,42,2,4,1,29,0,0,0,5,0,1,0,10,1,0,0,5,0,0,0,1,0.0,0.0,10.0,14.0,35.2,1.8,0.9444444444444444,0.0,0.0,2.0,4.0,35.2,1.1,0.875,0.0,0.0,5.0,4.0,34.4,1.0,0.6666666666666666,-5.0,6.0,-400.0,0.10256410256410256,0.46153846153846156,6,6,3.6,2.0,1691,1556,1167,,,,,,,,,,,,,,,-5.0,0.0,55.0,-392.0,8.0,18.0,506.0,0.05555555555555555,0.0,0.0,,,0.40000000000000213,0.0,-0.7165999999999997,0.12530000000000285,-0.6747000000000014,,,0.1180328591109441,0.37712361663282734,-2.0,2.0,0.0
467,202307030801,1,0,1,36,1,1,4,17,0,0,0,0,1,0,0,12,0,1,3,7,0,0,0,0,1,0,0,7,0,0,2,2,0,0,0,0,0.0,0.0,60.0,3.0,36.2,0.3,0.8571428571428571,0.0,0.0,20.0,4.0,36.7,1.8,0.375,,,,,,,,1.0,-2.0,200.0,0.0,0.0,5,5,11.7,5.0,1672,1110,1167,,,,,,,,,,,,,,,1.0,0.5,55.0,22.0,8.0,7.0,462.0,0.0,0.0,,,,-0.5,0.0,-1.0381,0.8838000000000008,,,,0.24107142857142855,0.25,0.0,0.0,
468,202307030801,0,0,0,0,3,4,6,69,0,0,0,0,0,0,0,0,0,2,0,20,0,0,0,0,0,0,0,0,0,2,0,10,0,0,0,0,0.0,0.0,11.0,8.0,40.8,2.3,1.0,0.0,0.0,13.0,11.0,39.6,2.2,0.8571428571428571,0.0,0.0,14.0,13.0,39.4,3.1,0.375,2.5,7.0,-270.0,0.09333333333333334,0.24,8,8,56.1,6.0,1037,1328,1428,0.0,0.0,7.0,8.0,40.1,2.1,0.5454545454545454,0.0,0.0,4.0,7.0,39.7,1.6,0.8181818181818182,-0.5,0.0,55.0,-453.0,8.0,11.0,453.0,0.0,0.07142857142857142,0.125,0.2727272727272727,-0.18181818181818182,0.16999999999999887,0.0,,-0.025900000000000034,1.2462000000000018,0.7711000000000041,0.415300000000002,0.226422342269409,0.49558046773455366,-1.0,0.0,
469,202307030801,0,1,0,3,11,13,14,131,0,0,0,1,0,0,0,0,3,3,4,29,0,0,0,0,0,0,0,0,1,0,1,9,0,0,0,0,0.0,0.0,70.0,7.0,38.2,1.5,0.46153846153846156,,,,,,,,,,,,,,,,,400.0,0.0,0.14285714285714285,7,7,11.6,4.0,1600,1405,680,,,,,,,,,,,,,,,,0.0,55.0,36.0,8.0,13.0,468.0,0.0,,,,,,,0.28890000000000526,,,,,,,0.0,0.0,
470,202307030801,41,32,27,271,4,13,6,97,1,4,1,6,17,5,16,84,1,3,2,22,0,0,0,0,5,1,2,19,1,2,0,7,0,0,0,0,0.0,0.0,5.0,9.0,41.7,4.5,0.5,0.0,0.0,9.0,15.0,39.2,4.3,0.7333333333333333,0.0,0.0,12.0,7.0,39.1,1.5,0.25,-1.0,9.0,100.0,0.0,0.6666666666666666,3,3,187.9,8.0,1716,1235,1167,0.0,0.0,15.0,13.0,41.0,4.9,1.0,0.0,0.0,8.0,8.0,40.8,6.4,0.625,-0.4,0.0,52.0,-450.0,8.0,10.0,491.0,0.2,0.06666666666666667,0.0625,-0.0625,-0.125,1.4210854715202005e-15,0.0,,1.2889000000000053,1.1889000000000038,2.7205000000000013,5.725299999999997,0.2484172117851561,1.0326664514740465,-2.0,1.0,0.0
471,202307030809,22,20,29,184,2,0,0,3,1,0,0,0,8,4,7,54,1,0,0,1,1,0,0,0,3,0,0,2,0,0,0,0,0,0,0,0,0.0,0.0,30.0,1.0,34.1,0.0,0.3,0.0,0.0,30.0,6.0,33.4,0.6,0.5,0.0,0.0,50.0,2.0,35.4,0.3,0.4,0.5,8.0,-200.0,0.10204081632653061,0.4387755102040816,5,5,2.5,1.0,1152,632,1428,0.0,0.0,60.0,6.0,34.0,0.8,0.7,0.0,0.0,20.0,4.0,34.0,0.5,0.42857142857142855,0.6,0.4,55.0,28.0,10.0,10.0,494.0,0.0,0.08333333333333333,-0.1,0.0,0.0,-0.039999999999999855,0.0,-1.3592000000000013,-2.059200000000004,-0.05920000000000414,-1.0747,-1.4592000000000027,0.13358479688641095,0.6584831053261729,0.0,1.0,0.0
472,202307030809,25,27,16,168,1,2,0,25,1,0,0,0,11,10,5,51,0,0,0,8,0,0,0,0,1,3,0,6,0,0,0,0,0,0,0,0,0.0,0.0,40.0,6.0,35.9,0.5,0.375,0.0,0.0,30.0,4.0,34.0,0.1,0.17647058823529413,0.0,0.0,70.0,1.0,33.6,0.0,0.5384615384615384,-2.5,0.0,0.0,0.04,0.24,4,4,3.3,2.0,1098,1551,1294,0.0,0.0,20.0,1.0,33.6,0.0,0.3333333333333333,,,,,,,,-1.8,0.5,53.0,106.0,10.0,16.0,446.0,0.125,0.0,0.0,0.0,,0.729999999999999,0.0,0.2500999999999962,-1.0747,-1.5064999999999955,-1.5064999999999955,,0.1288387224370732,0.9522998477370443,-1.0,2.0,0.0
473,202307030809,1,0,1,36,11,8,11,134,0,0,0,3,1,0,0,12,6,3,2,44,0,0,0,0,0,0,0,0,1,0,2,4,0,0,0,0,0.0,0.0,40.0,2.0,34.1,0.2,0.6666666666666666,0.0,0.0,70.0,3.0,33.2,1.0,0.6363636363636364,0.0,0.0,90.0,8.0,32.7,0.5,1.0,3.0,-4.0,0.0,0.0625,0.21875,1,1,10.9,4.0,1672,1345,1167,0.0,0.0,160.0,5.0,32.9,0.4,0.75,0.0,0.0,150.0,11.0,37.1,1.6,0.8,2.0,0.4,56.0,14.0,10.0,12.0,462.0,0.0,0.18181818181818182,0.0,0.0,0.06666666666666667,-0.5699999999999996,0.0,-1.549900000000001,-1.8746999999999971,-2.406499999999994,-2.2531000000000034,-1.1794999999999973,0.12863484669127345,1.6223439832538598,0.0,2.0,1.0
474,202307030809,0,0,2,27,1,5,3,48,0,0,1,1,0,0,0,4,0,0,0,12,0,0,0,0,0,0,0,1,0,0,0,0,0,0,0,0,0.0,0.0,15.0,11.0,35.5,1.3,0.7333333333333333,0.0,0.0,17.0,11.0,34.0,1.1,1.0,0.0,0.0,13.0,6.0,34.5,0.6,0.6153846153846154,-2.5,-4.0,200.0,0.05555555555555555,0.1111111111111111,7,7,185.2,10.0,1714,1036,1167,0.0,0.0,15.0,17.0,34.1,0.8,0.8235294117647058,0.0,0.0,7.0,6.0,33.8,1.3,0.8,-0.4,0.0,58.0,-133.0,10.0,15.0,454.0,0.0,-0.1111111111111111,-0.15384615384615385,-0.058823529411764705,0.0,0.3300000000000004,0.0,0.39350000000000307,-1.2912999999999997,-0.6064999999999969,-1.0064999999999955,-1.2747000000000028,0.12563986317971534,0.6046486583132393,0.0,1.0,0.0
475,202307030809,8,5,10,88,10,2,9,37,1,0,1,4,1,2,2,20,0,1,2,9,0,0,1,1,0,1,2,1,0,0,1,1,0,0,1,1,0.0,0.0,15.0,13.0,36.8,1.3,0.8125,0.0,0.0,16.0,7.0,34.3,1.3,0.7222222222222222,0.0,0.0,15.0,6.0,36.9,0.7,0.625,-3.5,-10.0,200.0,0.10294117647058823,0.23529411764705882,7,8,120.8,9.0,1172,324,1556,0.0,0.0,15.0,15.0,35.7,1.6,0.4,0.0,0.0,7.0,7.0,38.2,1.2,0.42857142857142855,-0.4,0.0,58.0,-434.0,10.0,16.0,482.0,-0.125,0.0,-0.0625,0.0,0.0,-0.4200000000000017,0.0,-1.3537999999999997,-2.0616000000000057,-1.3795000000000002,0.5469000000000008,0.046200000000006014,0.16129468000193367,1.3075167302944932,0.0,0.0,
476,202307030809,22,20,29,184,0,3,0,8,0,0,0,2,8,4,7,54,0,0,0,3,0,0,0,2,3,0,0,2,0,0,0,0,0,0,0,0,0.0,0.0,10.0,4.0,34.2,0.4,0.08333333333333333,0.0,0.0,4.0,14.0,34.9,1.5,0.7222222222222222,0.0,0.0,3.0,8.0,38.5,1.3,0.2,2.0,-2.0,-200.0,0.0,0.0,2,2,14.8,6.0,1152,607,1428,0.0,0.0,6.0,6.0,37.5,2.1,0.2,0.0,0.0,3.0,1.0,35.0,0.0,0.16666666666666666,-1.4,0.2,56.0,-154.0,10.0,12.0,512.0,0.0,-0.05555555555555555,0.0,0.0,0.0,-0.4199999999999996,0.0,-1.2591999999999999,-0.3913000000000011,2.762599999999999,2.4253,-0.2633999999999972,0.2279159472532488,1.6702095676890367,3.0,2.0,0.5
477,202307030809,25,27,16,168,12,11,10,126,0,1,0,8,11,10,5,51,2,4,1,29,0,1,0,6,1,3,0,6,0,0,0,2,0,0,0,1,0.0,0.0,90.0,11.0,35.1,1.3,0.8181818181818182,0.0,0.0,90.0,9.0,33.9,0.6,0.8235294117647058,0.0,0.0,80.0,3.0,34.1,0.8,0.7692307692307693,-4.0,16.0,200.0,0.16666666666666666,0.35964912280701755,6,6,15.4,7.0,1098,1556,1294,0.0,0.0,70.0,7.0,37.4,2.3,0.9,0.0,0.0,20.0,8.0,35.3,0.6,0.42857142857142855,-0.8,0.2,58.0,-182.0,10.0,11.0,496.0,0.0,-0.058823529411764705,-0.07692307692307693,-0.4,0.0,-0.3899999999999991,0.0,-1.2616000000000014,-1.2064999999999984,-1.0064999999999955,2.3252999999999986,0.22529999999999717,0.16505725679372313,1.2451505933018698,0.0,2.0,0.0
478,202307030809,41,32,27,271,42,32,27,236,6,4,4,35,17,5,16,84,13,10,6,66,3,1,3,16,1,1,1,1,2,0,0,1,0,0,0,0,0.0,0.0,80.0,8.0,35.7,0.6,0.2727272727272727,0.0,0.0,20.0,5.0,35.4,1.0,0.625,0.0,0.0,80.0,1.0,34.6,0.0,0.4666666666666667,-3.5,10.0,0.0,0.01818181818181818,0.18181818181818182,8,9,13.3,5.0,1716,1428,1167,0.0,0.0,50.0,10.0,40.1,1.9,0.6923076923076923,0.0,0.0,70.0,7.0,34.9,1.1,0.2,0.3,0.2,56.0,92.0,10.0,11.0,450.0,0.0,-0.125,-0.13333333333333333,-0.23076923076923078,0.0,-0.30999999999999944,0.0,0.6253000000000029,0.29350000000000165,-0.47469999999999857,0.47409999999999997,-1.016600000000004,0.19158936974189092,2.0165316759227965,0.0,2.0,0.5
479,202307030809,18,19,13,126,42,32,27,236,6,5,3,21,7,10,2,41,13,10,6,66,3,4,0,8,1,1,1,0,2,0,0,1,1,0,0,0,0.0,0.0,7.0,9.0,33.5,0.8,0.6363636363636364,0.0,0.0,3.0,9.0,38.0,2.8,0.5,0.0,0.0,2.0,2.0,33.5,0.3,0.6153846153846154,-3.5,-12.0,0.0,0.08653846153846154,0.28846153846153844,3,3,4.4,3.0,1657,1428,1317,0.0,0.0,2.0,1.0,33.9,0.0,0.75,0.0,0.0,2.0,1.0,34.2,0.0,0.125,-2.4,0.6,58.0,-76.0,10.0,11.0,432.0,0.18181818181818182,-0.1,0.0,0.08333333333333333,0.0,0.2699999999999996,0.0,-1.5747,2.9253,-1.5747,-1.1747000000000014,-1.2591999999999999,0.2153233043242287,1.710438540258024,0.0,4.0,0.5
480,202307030809,17,26,23,177,0,0,1,3,0,0,0,1,5,5,8,48,0,0,0,1,0,0,0,0,0,2,0,9,0,0,0,0,0,0,0,0,0.0,0.0,6.0,5.0,37.4,1.3,0.75,0.0,0.0,7.0,7.0,38.3,2.9,0.8571428571428571,0.0,0.0,11.0,7.0,38.1,2.0,1.0,1.0,-17.0,400.0,0.0,0.0,8,10,52.5,8.0,1393,107,1263,0.0,0.0,11.0,11.0,35.4,1.3,1.0,0.0,0.0,8.0,9.0,36.6,2.7,0.8,1.2,0.0,58.0,-455.0,10.0,12.0,465.0,-0.16666666666666666,0.14285714285714285,-0.3333333333333333,-0.09090909090909091,0.0,0.4499999999999993,0.0,-0.017700000000004934,1.661999999999999,0.8946000000000041,0.3252999999999986,1.1407999999999987,0.10257898897723566,1.0632027088001608,2.0,1.0,0.0
481,202307030811,25,27,16,168,0,0,2,8,0,0,2,1,11,10,5,51,0,0,2,2,0,0,2,1,0,0,0,5,0,0,0,1,0,0,0,1,0.0,0.0,20.0,12.0,36.5,1.8,0.3076923076923077,0.0,0.0,20.0,4.0,34.8,0.4,0.6,0.0,0.0,30.0,1.0,34.3,0.0,0.07142857142857142,-5.5,-2.0,0.0,0.16521739130434782,0.3565217391304348,3,6,16.6,8.0,1098,1172,1294,0.0,0.0,10.0,1.0,34.0,0.0,0.2222222222222222,0.0,0.0,30.0,3.0,34.8,0.2,0.1111111111111111,-2.1,0.6,55.0,36.0,16.0,13.0,436.0,0.15384615384615385,0.0,0.0,0.0,0.0,0.42000000000000026,0.0,1.4253,-1.5748999999999995,-1.3499000000000052,-1.0747,-0.27470000000000283,0.18814769737273493,0.865794432876535,-2.0,5.0,0.6
482,202307030811,18,19,13,126,42,32,27,236,6,5,3,21,7,10,2,41,13,10,6,66,3,4,0,8,1,3,0,4,1,2,0,12,0,2,0,2,0.0,0.0,13.0,11.0,34.1,1.3,0.8333333333333334,0.0,0.0,9.0,11.0,,,,0.0,0.0,8.0,7.0,34.5,0.4,0.7333333333333333,-2.0,16.0,400.0,0.038461538461538464,0.2692307692307692,6,11,4.5,2.0,1657,1428,1317,0.0,0.0,1.0,1.0,33.9,0.0,0.07692307692307693,0.0,0.0,2.0,2.0,33.2,0.1,0.23529411764705882,-2.8,0.4,54.0,-245.0,16.0,18.0,434.0,0.0,,-0.2,0.0,0.0,0.32999999999999974,0.0,-1.994799999999998,,-1.5300000000000011,-1.5592000000000041,-1.8746999999999971,0.3205275194038785,0.47103609203541835,-2.0,2.0,0.5
483,202307030811,70,50,54,378,8,9,6,50,4,1,3,7,14,10,16,91,2,1,0,13,1,0,0,3,0,0,2,10,0,0,0,2,0,0,0,1,0.0,0.0,4.0,11.0,34.9,0.7,0.3333333333333333,0.0,0.0,5.0,8.0,36.1,0.7,0.42857142857142855,0.0,0.0,10.0,9.0,34.3,0.6,0.6875,-1.0,0.0,-200.0,0.2839506172839506,0.5185185185185185,8,16,3.2,1.0,1428,848,1263,0.0,0.0,8.0,13.0,34.4,0.8,0.6111111111111112,0.0,0.0,5.0,7.0,33.5,0.3,0.23076923076923078,-0.3,0.0,53.0,-224.0,16.0,15.0,492.0,0.0,-0.14285714285714285,-0.3125,0.1111111111111111,-0.07692307692307693,0.45,0.0,-0.5592000000000041,0.1833999999999989,-0.7747000000000028,-0.7064999999999984,-1.9592000000000027,0.1697966861435421,0.8569714114251427,0.0,1.0,0.0
484,202307030811,8,6,13,87,0,0,1,1,0,0,1,0,0,0,1,23,0,0,1,1,0,0,1,0,0,0,0,1,0,0,0,0,0,0,0,0,0.0,0.0,40.0,4.0,35.2,0.3,0.3076923076923077,0.0,0.0,60.0,5.0,34.1,0.4,0.1875,0.0,0.0,50.0,8.0,36.7,0.8,0.375,2.0,-16.0,0.0,0.0,0.0,5,10,7.2,3.0,1317,1238,1186,0.0,0.0,20.0,1.0,34.3,0.0,0.07692307692307693,0.0,0.0,60.0,3.0,36.2,0.2,0.375,-0.6,0.4,57.0,36.0,16.0,13.0,496.0,-0.07692307692307693,0.0,-0.125,0.0,-0.125,-0.21999999999999958,0.0,0.12530000000000285,-0.9746999999999986,-0.15029999999999433,-0.7747000000000028,-0.13169999999999504,0.11610352960095062,1.0217631819555855,-1.0,3.0,0.3333333333333333
485,202307030811,41,32,27,271,19,11,14,115,4,1,2,14,17,5,16,84,6,0,3,24,4,0,2,4,2,0,2,7,0,0,1,2,0,0,1,1,0.0,0.0,120.0,5.0,33.3,0.5,0.8888888888888888,0.0,0.0,40.0,5.0,35.3,0.4,0.625,0.0,0.0,13.0,10.0,34.6,0.4,0.375,2.5,2.0,400.0,0.0,0.0,4,8,27.1,11.0,1716,1294,1167,0.0,0.0,14.0,14.0,42.7,5.9,0.5,0.0,0.0,9.0,8.0,33.2,0.3,0.2222222222222222,1.5,0.0,55.0,-490.0,16.0,18.0,496.0,-0.16666666666666666,0.125,0.125,0.5,0.16666666666666666,-0.7200000000000017,0.0,-1.8531000000000049,-0.5162000000000049,-0.5531000000000006,3.3074000000000012,-1.906499999999994,0.2267932652994466,3.5300991487492257,0.0,0.0,
486,202307030811,3,10,1,44,18,20,26,184,0,4,0,5,0,1,0,11,4,4,5,52,0,0,0,2,0,0,0,0,1,2,0,5,0,0,0,0,0.0,0.0,30.0,5.0,35.8,0.7,0.15384615384615385,0.0,0.0,30.0,3.0,36.0,0.4,0.14285714285714285,0.0,0.0,20.0,1.0,33.6,0.0,0.1,-2.0,-14.0,0.0,0.05263157894736842,0.10526315789473684,4,7,16.6,7.0,1629,1167,1428,0.0,0.0,50.0,7.0,33.7,0.4,0.23076923076923078,0.0,0.0,20.0,4.0,35.7,0.3,0.5,0.2,0.4,55.0,36.0,16.0,13.0,462.0,0.0,0.0,0.0,0.0,-0.1875,0.24999999999999858,0.0,0.7252999999999972,-0.3748999999999967,-2.049900000000001,-2.2165999999999997,-1.1502999999999943,0.1435913508170497,1.0744300814850622,-2.0,3.0,0.6666666666666666
487,202307030811,7,18,16,114,1,0,0,0,0,0,0,0,2,9,5,30,0,0,0,0,0,0,0,0,0,0,0,5,0,0,0,0,0,0,0,0,0.0,0.0,10.0,3.0,34.0,0.6,0.7272727272727273,0.0,0.0,50.0,5.0,33.9,0.3,0.875,0.0,0.0,30.0,6.0,34.6,0.6,0.625,1.5,6.0,-200.0,0.10606060606060606,0.2878787878787879,1,1,13.9,5.0,1463,248,1167,0.0,0.0,30.0,1.0,32.9,0.0,0.5384615384615384,0.0,0.0,10.0,6.0,36.0,1.2,0.6,0.2,0.4,55.0,329.0,16.0,11.0,476.0,-0.36363636363636365,-0.0625,-0.0625,0.0,0.0,-0.3,0.0,-1.4592000000000027,-1.5592000000000041,-0.47469999999999857,-2.1747000000000014,0.08339999999999748,0.1178838570199688,1.018626526259748,-1.0,2.0,0.5
488,202307030811,1,2,9,49,1,0,1,20,0,0,0,1,0,2,4,13,0,0,0,4,0,0,0,0,0,0,0,0,0,0,0,0,0,0,0,0,0.0,0.0,100.0,1.0,34.3,0.0,0.6923076923076923,0.0,0.0,120.0,9.0,35.0,0.8,0.7333333333333333,0.0,0.0,50.0,1.0,34.0,0.0,0.9,0.0,-2.0,0.0,0.0,0.1111111111111111,2,4,14.4,6.0,1729,1028,1428,0.0,0.0,100.0,11.0,34.2,1.3,0.9285714285714286,0.0,0.0,70.0,7.0,35.0,0.6,0.46153846153846156,1.4,0.4,57.0,36.0,16.0,13.0,470.0,0.0,0.0,-0.1,0.07142857142857142,0.0,-0.06000000000000085,0.0,-0.7747000000000028,-1.3748999999999967,-1.106499999999997,-1.4498999999999995,-0.07469999999999999,0.16791032991683386,0.41952353926806046,0.0,4.0,0.25
489,202307030811,31,34,23,265,4,6,2,38,3,0,0,5,4,3,7,51,2,0,1,14,2,0,0,4,0,0,2,5,0,0,0,3,0,0,0,2,0.0,0.0,130.0,9.0,36.3,1.0,0.1875,0.0,0.0,150.0,15.0,35.8,1.3,0.1875,0.0,0.0,100.0,8.0,34.9,0.5,0.3125,-0.5,4.0,0.0,0.05405405405405406,0.13513513513513514,1,2,53.7,13.0,1503,334,1263,0.0,0.0,,,,,,0.0,0.0,120.0,2.0,33.1,0.1,0.07142857142857142,-2.8,0.25,57.0,0.0,16.0,16.0,516.0,-0.0625,0.0,0.125,,0.0,1.0499999999999985,0.0,1.2252999999999972,0.7252999999999972,-0.1747000000000014,,-2.1633999999999958,0.08526084488742983,1.219374839825718,0.0,5.0,0.2
490,202307030811,4,4,3,72,3,3,1,25,0,0,0,0,1,1,1,19,1,2,0,7,0,0,0,0,0,0,0,0,0,0,0,0,0,0,0,0,0.0,0.0,17.0,16.0,35.5,1.2,0.4117647058823529,0.0,0.0,9.0,11.0,33.3,1.0,0.9230769230769231,0.0,0.0,14.0,10.0,33.4,0.5,0.8333333333333334,-3.0,0.0,200.0,0.08571428571428572,0.2857142857142857,8,15,85.8,14.0,1431,199,1428,0.0,0.0,16.0,18.0,34.6,1.2,0.6111111111111112,0.0,0.0,11.0,5.0,33.5,0.3,0.6363636363636364,-1.5,0.0,57.0,-153.0,16.0,17.0,472.0,0.0,0.07692307692307693,-0.05555555555555555,0.2222222222222222,0.09090909090909091,0.2699999999999996,0.0,0.39350000000000307,-1.7747000000000028,-1.7064999999999984,-0.5064999999999955,-1.5747,0.1795263229805737,0.8593020423576343,-1.0,2.0,0.0
491,202307030811,41,32,27,271,2,2,4,18,0,0,1,1,17,5,16,84,0,0,1,6,0,0,1,1,2,0,2,7,0,0,1,0,0,0,1,0,0.0,0.0,18.0,16.0,34.0,1.1,0.9444444444444444,0.0,0.0,15.0,11.0,36.1,1.1,0.1875,0.0,0.0,7.0,15.0,33.8,1.8,0.9333333333333333,-0.5,10.0,200.0,0.10526315789473684,0.47368421052631576,7,14,88.0,15.0,1716,815,1167,0.0,0.0,16.0,12.0,34.1,0.7,0.625,0.0,0.0,15.0,5.0,34.5,0.3,0.5625,-2.1,0.0,56.0,-97.0,16.0,18.0,468.0,0.05555555555555555,0.0625,-0.13333333333333333,0.0,0.0625,0.1,0.0,-1.106499999999997,1.0253000000000014,-1.3064999999999998,-0.9746999999999986,-0.5747,0.27898432408725,0.8318653737234177,-1.0,3.0,0.0
492,202307030811,41,32,27,271,0,0,0,0,0,0,0,0,17,5,16,84,0,0,0,0,0,0,0,0,2,0,2,7,0,0,0,0,0,0,0,0,0.0,0.0,140.0,13.0,34.3,1.0,0.3333333333333333,0.0,0.0,10.0,11.0,33.5,0.5,0.3888888888888889,0.0,0.0,40.0,11.0,34.2,0.8,0.35294117647058826,-1.0,2.0,0.0,0.3333333333333333,0.5,6,12,9.1,4.0,1716,812,1167,0.0,0.0,20.0,3.0,33.6,0.1,0.3333333333333333,0.0,0.0,40.0,1.0,34.3,0.0,0.3888888888888889,-3.2,0.4,59.0,49.0,16.0,18.0,466.0,-0.05555555555555555,-0.1111111111111111,0.0,0.2,-0.05555555555555555,-0.010000000000000142,0.0,-0.7747000000000028,-1.606499999999997,-0.8746999999999971,-1.4746999999999986,-0.7747000000000028,0.02505920197736055,0.354400902933386,1.0,4.0,0.5
493,202307030811,70,50,54,378,1,2,2,5,1,0,1,3,14,10,16,91,0,0,1,1,0,0,1,0,0,0,2,10,0,0,1,0,0,0,1,0,0.0,0.0,80.0,14.0,37.7,2.5,0.2857142857142857,0.0,0.0,20.0,1.0,33.6,0.0,0.06666666666666667,0.0,0.0,50.0,3.0,33.8,0.2,0.3333333333333333,-5.5,14.0,0.0,0.1111111111111111,0.4444444444444444,2,3,35.6,12.0,1428,259,1263,0.0,0.0,50.0,15.0,35.6,2.0,0.23529411764705882,0.0,0.0,10.0,10.0,35.1,0.6,0.3333333333333333,0.6,0.4,57.5,84.0,16.0,14.0,450.0,0.07142857142857142,0.0,-0.08333333333333333,0.11764705882352941,-0.05555555555555555,0.3200000000000003,0.0,1.3251000000000062,-1.8592000000000013,-1.2747000000000028,0.5253000000000014,-0.8166000000000011,0.09898282986897777,1.4786480311419632,-2.5,3.0,0.3333333333333333
494,202307030811,18,15,14,130,7,10,10,152,1,0,1,3,5,6,3,23,2,4,2,44,1,0,0,2,2,1,0,5,1,0,1,5,1,0,0,0,0.0,0.0,11.0,11.0,37.0,2.2,0.2727272727272727,0.0,0.0,13.0,13.0,37.5,2.1,0.8571428571428571,0.0,0.0,10.0,11.0,35.1,1.4,0.38461538461538464,0.0,0.0,-400.0,0.10144927536231885,0.2318840579710145,5,9,19.5,9.0,1167,1013,460,0.0,0.0,14.0,16.0,35.4,1.9,0.3125,0.0,0.0,8.0,,,,,1.3,0.0,58.0,-392.0,16.0,11.0,524.0,0.2727272727272727,0.07142857142857142,0.3076923076923077,0.125,,0.7200000000000003,0.0,1.0833999999999975,-1.7094000000000023,-0.8166000000000011,-0.516600000000004,,0.23462217999804588,1.0210288928331068,0.0,0.0,
495,202307030811,18,19,13,126,1,0,2,19,0,0,0,0,7,10,2,41,0,0,0,5,0,0,0,0,1,3,0,4,0,0,0,0,0,0,0,0,0.0,0.0,50.0,8.0,36.1,1.2,0.3125,0.0,0.0,10.0,16.0,38.8,2.7,0.25,0.0,0.0,11.0,3.0,35.7,1.1,0.375,-2.5,-8.0,200.0,0.14285714285714285,0.14285714285714285,7,13,20.4,10.0,1657,1039,1317,0.0,0.0,3.0,4.0,36.4,0.5,0.26666666666666666,0.0,0.0,10.0,15.0,35.7,1.5,0.9375,0.2,0.2,55.0,-483.0,16.0,16.0,558.0,0.0,0.0625,0.0,0.0,-0.0625,0.31999999999999956,0.0,-2.1794999999999973,0.6462000000000003,-2.579499999999996,-1.7537999999999982,0.6253000000000029,0.2582446084195714,1.1603447763488208,-2.0,1.0,0.0
496,202307030811,17,16,19,234,12,11,10,126,2,2,3,26,3,3,3,42,2,4,1,29,0,0,0,5,1,0,0,4,0,0,0,2,0,0,0,1,0.0,0.0,8.0,10.0,36.7,2.3,0.8,0.0,0.0,18.0,18.0,35.1,2.1,0.2222222222222222,0.0,0.0,18.0,16.0,34.1,1.3,0.8333333333333334,3.0,2.0,200.0,0.08421052631578947,0.2,3,5,100.2,16.0,1691,1556,1167,0.0,0.0,8.0,7.0,34.2,1.1,0.45454545454545453,0.0,0.0,12.0,2.0,34.3,0.0,0.6,-2.7,0.2,56.0,-412.0,16.0,10.0,454.0,0.2,0.0,0.16666666666666666,0.0,0.0,0.570000000000001,0.0,-1.579499999999996,0.025300000000001432,-1.3592000000000013,-1.2591999999999999,-2.0748999999999995,0.22658382684718575,0.9765244492586972,-1.0,2.0,0.5
497,202307040106,0,2,1,4,0,0,0,0,0,0,0,0,0,0,0,0,0,0,0,0,0,0,0,0,0,0,0,0,0,0,0,0,0,0,0,0,0.0,0.0,10.0,4.0,33.9,0.2,0.1875,0.0,0.0,10.0,3.0,34.9,0.5,0.2727272727272727,0.0,0.0,10.0,4.0,35.7,0.6,0.375,0.0,-6.0,0.0,0.0,0.2,5,10,2.4,1.0,1676,978,1428,0.0,0.0,10.0,2.0,33.9,0.1,0.4117647058823529,0.0,0.0,20.0,2.0,35.6,0.1,0.125,-0.5,0.6,53.0,62.0,16.0,16.0,484.0,0.0,-0.09090909090909091,-0.125,-0.11764705882352941,0.0,-0.24000000000000057,0.0,-1.7499000000000038,-1.016600000000004,0.24080000000000013,-1.5592000000000041,0.1407999999999987,0.10850271003602233,0.7848566748139449,-3.0,1.0,0.0
498,202307040106,25,27,16,168,10,9,8,83,1,4,1,17,11,10,5,51,4,2,4,24,1,1,0,7,4,3,4,21,0,0,3,9,0,0,0,4,0.0,0.0,30.0,3.0,34.1,0.6,0.7857142857142857,0.0,0.0,20.0,6.0,34.4,0.3,0.2727272727272727,0.0,0.0,50.0,2.0,34.5,0.0,0.2777777777777778,-0.5,-4.0,0.0,0.09090909090909091,0.23376623376623376,4,7,4.6,2.0,1098,1362,1294,0.0,0.0,30.0,5.0,34.1,0.6,0.6666666666666666,0.0,0.0,20.0,3.0,34.4,0.1,0.5,-0.1,0.6,58.0,14.0,16.0,14.0,470.0,-0.2857142857142857,-0.09090909090909091,0.0,0.0,0.0,-0.029999999999999714,0.0,-1.549900000000001,-1.0592000000000041,-0.5747,-1.549900000000001,-1.9316999999999993,0.20515573287034258,0.16733200530681408,0.0,3.0,0.6666666666666666
499,202307040106,22,14,22,201,42,32,27,236,3,4,3,31,3,2,2,39,13,10,6,66,0,1,0,7,1,1,1,8,5,3,2,23,0,0,0,1,0.0,0.0,100.0,9.0,35.0,0.5,0.375,0.0,0.0,130.0,13.0,34.3,1.1,0.8235294117647058,0.0,0.0,100.0,10.0,34.9,1.0,0.5384615384615384,0.5,8.0,200.0,0.2,0.2,7,14,53.2,12.0,1506,1428,199,0.0,0.0,20.0,4.0,35.4,0.7,0.08333333333333333,0.0,0.0,70.0,1.0,35.6,0.0,0.0625,-2.5,0.2,56.0,54.0,16.0,16.0,418.0,0.0,0.0,0.0,0.08333333333333333,0.0,-0.23000000000000043,0.0,-1.3616000000000028,-1.1592000000000056,-0.1747000000000014,0.3252999999999986,0.1407999999999987,0.2865699769117506,0.4498888751680809,1.0,2.0,0.0
500,202307040106,8,6,5,44,0,1,0,2,0,0,0,0,2,1,1,10,0,0,0,0,0,0,0,0,0,0,1,4,0,0,0,0,0,0,0,0,0.0,0.0,10.0,11.0,37.0,1.4,0.14285714285714285,0.0,0.0,10.0,4.0,34.4,0.4,0.15384615384615385,0.0,0.0,50.0,8.0,38.5,0.8,0.0625,-1.5,-6.0,100.0,0.03896103896103896,0.16883116883116883,5,9,4.7,3.0,1154,136,1561,0.0,0.0,10.0,1.0,34.8,0.0,0.13333333333333333,0.0,0.0,10.0,2.0,33.9,0.3,0.2222222222222222,-2.1,0.4,55.0,111.0,16.0,14.0,446.0,0.0,-0.07692307692307693,0.0625,0.0,-0.05555555555555555,0.5800000000000004,0.0,1.0775000000000006,-1.0592000000000041,0.5448000000000022,-0.27470000000000283,-1.1747000000000014,0.05092642294377781,1.7474552927042233,2.0,2.0,1.0
501,202307040106,0,0,0,9,6,9,8,74,0,0,0,0,0,0,0,2,1,1,1,21,0,0,0,0,0,0,0,1,0,1,1,5,0,0,0,0,0.0,0.0,70.0,6.0,37.7,1.1,0.09090909090909091,0.0,0.0,90.0,10.0,38.4,1.9,0.2,0.0,0.0,60.0,8.0,43.7,4.1,0.2727272727272727,1.0,12.0,-200.0,0.0,0.0,3,6,28.6,9.0,1704,1366,1712,0.0,0.0,60.0,8.0,34.5,0.8,0.25,0.0,0.0,120.0,9.0,36.8,0.7,0.125,0.4,0.0,52.0,20.0,16.0,11.0,496.0,0.0,0.0,0.36363636363636365,0.125,-0.0625,0.570000000000001,0.0,2.2408,2.483399999999996,5.0294000000000025,-0.9592000000000027,1.7252999999999972,0.07008849188144138,3.039342034059347,-2.0,1.0,0.0
502,202307040106,0,1,0,3,8,3,8,43,0,0,0,0,0,0,0,0,2,3,2,11,0,0,0,0,0,0,0,0,0,1,1,3,0,0,0,0,0.0,0.0,90.0,12.0,37.5,2.2,0.125,0.0,0.0,30.0,5.0,35.4,0.9,0.25,0.0,0.0,60.0,4.0,36.0,0.8,0.375,-4.0,-2.0,-200.0,0.0,0.2,1,1,13.8,5.0,1600,1014,680,0.0,0.0,70.0,2.0,36.4,0.0,0.3,0.0,0.0,40.0,4.0,35.8,0.7,0.2857142857142857,-1.9,0.2,57.0,112.0,16.0,16.0,474.0,0.1875,0.0,0.0,-0.1,-0.14285714285714285,0.24000000000000057,0.0,2.0407999999999973,-0.516600000000004,0.5407999999999973,0.48339999999999606,0.34079999999999444,0.08192206351036281,0.7166589146867572,2.0,0.0,
503,202307040106,9,12,11,109,1,1,0,0,0,0,0,0,4,2,3,27,0,1,0,0,0,0,0,0,1,0,2,11,0,0,0,0,0,0,0,0,0.0,0.0,70.0,5.0,41.2,1.5,0.7777777777777778,0.0,0.0,80.0,14.0,41.0,2.9,0.7333333333333333,0.0,0.0,60.0,10.0,35.7,0.6,0.5,2.5,11.0,200.0,0.08888888888888889,0.24444444444444444,6,12,17.0,6.0,1736,998,1482,0.0,0.0,60.0,7.0,34.4,0.9,0.875,0.0,0.0,,,,,,0.2,0.0,55.0,-314.0,16.0,9.0,441.0,-0.2222222222222222,0.13333333333333333,-0.0625,-0.1875,,2.570000000000001,0.0,2.920500000000004,1.3740999999999985,0.6253000000000029,-0.6747000000000014,,0.137778547824909,3.0605350839354877,1.0,2.0,0.0
504,202307040106,17,26,23,177,6,4,3,20,0,0,0,0,5,5,8,48,2,0,3,4,0,0,0,0,1,0,4,17,0,0,0,1,0,0,0,0,0.0,0.0,50.0,16.0,34.3,1.0,0.6470588235294118,0.0,0.0,60.0,10.0,37.1,2.1,0.08333333333333333,0.0,0.0,10.0,1.0,34.2,0.0,0.26666666666666666,-7.5,6.0,200.0,0.2222222222222222,0.2222222222222222,7,13,28.3,8.0,1393,1170,1263,,,,,,,,,,,,,,,-7.5,0.3333333333333333,57.0,27.0,16.0,17.0,474.0,0.058823529411764705,0.0,-0.06666666666666667,,,0.04999999999999716,0.0,-0.8064999999999998,2.0253000000000014,-0.8746999999999971,,,0.23478021221053424,1.3441230102437307,0.0,2.0,0.5
505,202307040106,25,27,16,168,3,1,0,4,0,0,0,0,11,10,5,51,0,0,0,0,0,0,0,0,4,3,4,21,0,0,0,0,0,0,0,0,0.0,0.0,40.0,80.0,43.4,2.9,0.25,0.0,0.0,130.0,110.0,35.2,1.2,1.0,0.0,0.0,140.0,120.0,34.8,1.6,0.7333333333333333,20.0,18.0,200.0,0.0,0.02040816326530612,8,15,436.6,15.0,1098,707,1294,0.0,0.0,130.0,130.0,37.4,2.3,0.7857142857142857,0.0,0.0,140.0,110.0,34.4,0.7,0.8125,8.0,0.0,58.0,-322.0,16.0,12.0,506.0,0.0,0.0,-0.13333333333333333,-0.14285714285714285,-0.1875,1.5800000000000005,0.0,5.246200000000002,0.04690000000000083,-0.3064999999999998,1.0383999999999958,-0.6747000000000014,0.2499137039268372,3.345205524328811,2.0,1.0,0.0
506,202307040106,70,50,54,378,6,5,4,30,1,2,0,9,14,10,16,91,2,0,1,5,0,0,0,1,9,2,5,39,1,0,0,0,0,0,0,0,0.0,0.0,18.0,12.0,36.3,0.6,0.4444444444444444,0.0,0.0,14.0,10.0,35.8,1.2,0.375,0.0,0.0,10.0,11.0,34.6,1.3,0.8181818181818182,-0.5,2.0,200.0,0.0,0.06896551724137931,2,3,280.2,14.0,1428,1589,1263,0.0,0.0,15.0,12.0,36.1,0.7,0.7222222222222222,0.0,0.0,11.0,11.0,32.1,1.1,0.8333333333333334,0.0,0.0,56.0,-98.0,16.0,18.0,418.0,0.0,0.0,-0.09090909090909091,-0.05555555555555555,,0.8099999999999987,0.0,1.1935000000000002,0.7252999999999972,-0.8592000000000013,-0.2616000000000014,-1.443399999999997,0.19201286921636146,1.5561490931141517,0.0,1.0,0.0
507,202307040106,17,26,23,177,1,0,0,3,0,0,0,0,5,5,8,48,0,0,0,0,0,0,0,0,1,0,4,17,0,0,0,0,0,0,0,0,0.0,0.0,,,,,,0.0,0.0,30.0,1.0,36.2,0.0,0.11764705882352941,0.0,0.0,110.0,5.0,35.7,0.3,0.16666666666666666,4.0,10.0,0.0,0.03125,0.15625,8,16,23.0,7.0,1393,969,1263,0.0,0.0,40.0,9.0,37.5,1.0,0.5,0.0,0.0,50.0,4.0,38.6,0.9,0.1875,1.3,0.25,54.0,14.0,16.0,14.0,502.0,,0.0,0.0,0.0,0.0,-0.8999999999999992,0.0,,1.093500000000006,0.5935000000000059,-0.36829999999999785,0.9357000000000042,0.15055678244836831,1.1335784048754625,-3.0,1.0,0.0
508,202307040106,7,2,7,99,9,5,3,71,0,0,0,5,3,0,2,29,3,2,1,22,0,0,0,3,1,0,1,8,1,1,0,4,0,0,0,0,0.0,0.0,6.0,9.0,42.2,2.4,0.8,0.0,0.0,14.0,14.0,40.6,3.5,0.5714285714285714,0.0,0.0,9.0,10.0,40.8,3.7,0.6363636363636364,0.5,-15.0,200.0,0.08974358974358974,0.2948717948717949,4,8,78.0,13.0,1090,1482,1169,0.0,0.0,14.0,11.0,36.4,0.8,0.6875,0.0,0.0,13.0,12.0,35.5,1.8,0.6875,0.3,0.0,55.0,-312.0,16.0,10.0,431.0,-0.2,0.0,-0.09090909090909091,-0.25,-0.0625,1.760000000000001,0.0,4.535700000000006,2.3205000000000027,1.2532999999999959,0.6625999999999976,0.4253,0.0750268827966516,2.645751311064591,1.0,1.0,0.0
509,202307040106,3,1,3,15,1,2,2,12,1,1,2,2,1,1,2,3,1,1,2,3,1,1,2,2,0,0,0,0,0,0,0,0,0,0,0,0,0.0,0.0,8.0,8.0,35.3,2.0,0.5,0.0,0.0,4.0,13.0,34.6,1.8,0.75,0.0,0.0,6.0,12.0,34.3,0.7,0.8571428571428571,2.0,-4.0,-200.0,0.058823529411764705,0.2647058823529412,1,2,12.2,4.0,1698,1412,1366,0.0,0.0,6.0,3.0,35.2,0.3,0.875,0.0,0.0,12.0,4.0,33.6,0.1,1.0,-1.8,0.2,56.0,-14.0,16.0,10.0,430.0,0.2,0.1875,0.0,0.0625,0.0,0.279999999999999,0.0,-0.4374000000000038,-0.47469999999999857,-0.9634,0.12530000000000285,-1.4746999999999986,0.16812288994199742,0.6228964600958973,0.0,4.0,0.25
510,202307040106,6,7,8,80,1,2,0,38,1,0,0,1,1,1,1,10,1,0,0,8,1,0,0,0,0,0,0,4,0,0,0,3,0,0,0,0,0.0,0.0,50.0,9.0,39.4,1.8,0.1875,0.0,0.0,110.0,12.0,35.9,1.4,0.8125,0.0,0.0,70.0,5.0,35.5,0.6,0.42857142857142855,-2.0,-8.0,-200.0,0.24,0.36,2,4,47.6,11.0,1222,1186,1328,0.0,0.0,70.0,7.0,35.9,0.8,0.7142857142857143,0.0,0.0,20.0,9.0,35.2,0.6,0.7857142857142857,-0.5,0.0,57.0,14.0,16.0,16.0,496.0,0.125,0.0625,-0.14285714285714285,-0.21428571428571427,-0.14285714285714285,0.8399999999999992,0.0,3.0683000000000007,0.8252999999999986,0.04079999999999728,-0.022500000000000853,-1.4968000000000004,0.24134244025738147,1.532840500508777,1.0,1.0,0.0
511,202307040106,17,26,23,177,0,2,2,27,0,0,0,0,5,5,8,48,0,0,0,3,0,0,0,0,1,0,4,17,0,0,0,1,0,0,0,0,0.0,0.0,9.0,7.0,40.7,1.8,0.5833333333333334,0.0,0.0,12.0,10.0,35.2,0.9,0.6923076923076923,0.0,0.0,12.0,12.0,37.3,1.5,0.46153846153846156,2.5,12.0,200.0,0.0,0.0,3,5,46.8,10.0,1393,1313,1263,0.0,0.0,12.0,12.0,35.0,0.9,0.4375,0.0,0.0,12.0,11.0,34.7,1.5,0.21428571428571427,1.0,0.0,56.0,-316.0,16.0,12.0,504.0,0.16666666666666666,0.0,-0.07692307692307693,0.0,0.0,1.2200000000000002,0.0,2.420500000000004,0.09350000000000591,0.9251000000000005,-0.10649999999999693,-0.37469999999999715,0.16029918319821518,2.2551274908527903,1.0,2.0,0.0
512,202307040106,16,14,16,128,10,10,9,121,0,0,0,2,0,3,4,37,3,1,0,28,0,0,0,0,0,1,1,15,1,0,0,7,0,0,0,0,0.0,0.0,9.0,10.0,42.7,3.7,0.18181818181818182,0.0,0.0,14.0,15.0,38.9,4.0,0.9333333333333333,0.0,0.0,14.0,15.0,37.1,2.8,0.13333333333333333,2.5,19.0,200.0,0.0,0.5,6,11,453.3,16.0,1127,1558,1328,0.0,0.0,16.0,16.0,37.6,2.5,0.25,0.0,0.0,16.0,15.0,38.4,2.8,0.125,1.1,0.0,53.0,-98.0,16.0,11.0,447.0,0.45454545454545453,0.0,0.0,0.0,0.0,0.9900000000000005,0.0,5.035700000000006,-0.13870000000000005,1.9468999999999994,2.5253000000000014,3.0345999999999975,0.3075487374308612,1.9805049861083417,-1.0,1.0,0.0
513,202307040110,41,32,27,271,5,3,7,67,1,0,3,5,17,5,16,84,0,2,3,19,0,0,3,2,1,1,1,1,0,1,0,3,0,0,0,0,0.0,0.0,30.0,5.0,33.9,0.9,0.8,0.0,0.0,100.0,3.0,32.8,0.2,0.9090909090909091,0.0,0.0,70.0,4.0,34.5,0.7,0.75,-0.5,4.0,0.0,0.03571428571428571,0.07142857142857142,3,3,9.7,5.0,1716,1306,1167,0.0,0.0,60.0,4.0,33.6,1.0,0.18181818181818182,0.0,0.0,50.0,9.0,34.1,1.0,0.3333333333333333,0.9,0.2,56.0,28.0,13.0,10.0,450.0,-0.2,0.0,-0.08333333333333333,0.09090909090909091,0.0,-0.120000000000001,0.0,-1.1747000000000014,-2.274700000000003,-1.1499000000000024,-1.4746999999999986,-1.3592000000000013,0.2842152859048315,0.5706137047074852,-2.0,4.0,0.25
514,202307040110,4,3,3,34,1,1,1,1,0,1,1,0,1,3,3,9,0,1,1,0,0,1,1,0,0,0,0,0,0,0,0,0,0,0,0,0,0.0,0.0,30.0,2.0,33.3,0.6,0.5833333333333334,0.0,0.0,20.0,5.0,33.9,0.2,0.6666666666666666,0.0,0.0,10.0,3.0,33.1,0.3,1.0,0.5,0.0,200.0,0.039473684210526314,0.15789473684210525,4,5,2.1,1.0,1064,670,1556,0.0,0.0,60.0,1.0,33.2,0.0,0.46153846153846156,0.0,0.0,50.0,9.0,35.2,0.7,0.07692307692307693,1.0,0.6,56.0,27.0,13.0,12.0,470.0,0.08333333333333333,-0.1111111111111111,-0.15384615384615385,-0.07692307692307693,0.0,-0.31000000000000155,0.0,-1.8064999999999998,-1.2064999999999984,-2.0064999999999955,-1.906499999999994,0.12530000000000285,0.2995174730024837,0.7812809993849851,-1.0,1.0,0.0
515,202307040110,6,0,1,11,9,10,8,83,1,0,0,0,4,0,0,2,4,3,2,24,1,0,0,0,1,0,0,0,0,0,0,3,0,0,0,0,0.0,0.0,3.0,7.0,13.7,5.8,0.7,0.0,0.0,4.0,8.0,13.3,4.2,0.75,0.0,0.0,12.0,16.0,35.0,1.0,0.2777777777777778,4.5,-2.0,-1400.0,0.06060606060606061,0.24242424242424243,1,1,6.2,3.0,1426,1618,306,0.0,0.0,4.0,1.0,34.5,0.0,0.14285714285714285,0.0,0.0,6.0,6.0,34.8,0.6,0.2,-0.9,0.2,54.0,-288.0,13.0,10.0,444.0,0.0,0.08333333333333333,0.0,0.0,0.0,-6.34,0.0,,,-0.10649999999999693,-1.8748999999999967,-0.27470000000000283,0.25790031492106,10.420479835401053,-6.0,2.0,0.5
516,202307040110,31,34,23,265,2,4,3,28,1,0,0,2,4,3,7,51,1,1,1,8,0,0,0,1,1,1,1,6,1,1,0,0,0,0,0,0,0.0,0.0,100.0,13.0,34.5,1.5,0.7692307692307693,0.0,0.0,60.0,3.0,33.4,0.8,0.6,0.0,0.0,130.0,15.0,34.5,1.4,0.23529411764705882,1.0,12.0,0.0,0.09210526315789473,0.23684210526315788,2,2,21.6,7.0,1503,1079,1263,0.0,0.0,60.0,10.0,35.8,1.5,0.25,0.0,0.0,100.0,3.0,35.1,0.2,0.21428571428571427,-1.3,0.4,55.0,14.0,13.0,13.0,464.0,0.15384615384615385,-0.1,0.058823529411764705,0.0,-0.07142857142857142,-0.36000000000000015,0.0,-1.1499000000000024,-1.6747000000000014,-0.5747,0.1500999999999948,0.025300000000001432,0.22781668278696193,0.7914543574963749,-3.0,5.0,0.4
517,202307040110,8,6,5,44,18,20,26,184,1,2,1,4,2,1,1,10,4,4,5,52,0,0,0,0,0,0,0,0,0,0,1,6,0,0,0,0,0.0,0.0,7.0,8.0,37.1,2.7,0.3,0.0,0.0,12.0,13.0,37.4,2.9,0.21428571428571427,0.0,0.0,9.0,9.0,34.8,1.9,0.6666666666666666,0.5,-2.0,-600.0,0.2222222222222222,0.2222222222222222,6,8,8.9,4.0,1154,1167,1561,0.0,0.0,7.0,11.0,34.0,1.0,0.8333333333333334,0.0,0.0,4.0,5.0,34.5,0.2,0.38461538461538464,-0.8,0.0,54.0,-288.0,13.0,10.0,512.0,0.0,0.35714285714285715,0.1111111111111111,-0.25,0.38461538461538464,0.8600000000000001,0.0,0.8155000000000001,1.9407999999999959,-0.27470000000000283,-1.4592000000000027,-0.5747,0.2331484307718531,1.4065560778013797,1.0,2.0,0.0
518,202307040110,4,3,3,34,7,8,8,52,0,0,0,0,1,3,3,9,3,3,2,13,0,0,0,0,0,0,0,0,0,0,0,1,0,0,0,0,0.0,0.0,70.0,6.0,34.5,0.3,0.6428571428571429,0.0,0.0,50.0,4.0,34.6,0.2,0.7272727272727273,0.0,0.0,10.0,1.0,35.2,0.0,0.21428571428571427,-2.5,0.0,0.0,0.09090909090909091,0.2987012987012987,7,11,5.3,2.0,1064,1503,1556,0.0,0.0,40.0,11.0,35.1,0.9,0.3125,0.0,0.0,50.0,2.0,34.4,0.0,0.25,-0.1,0.4,53.0,48.0,13.0,14.0,458.0,-0.07142857142857142,0.09090909090909091,0.0,0.0625,0.0,-0.029999999999999714,0.0,-1.8748999999999967,-1.322499999999998,-0.7224999999999966,-0.006499999999995509,-1.2499000000000038,0.2127986080700701,0.32619012860600305,1.0,2.0,0.5
519,202307040110,41,32,27,271,42,32,27,236,6,4,4,35,17,5,16,84,13,10,6,66,3,1,3,16,1,1,1,1,2,0,0,1,0,0,0,0,0.0,0.0,70.0,11.0,39.3,1.6,0.6923076923076923,0.0,0.0,70.0,7.0,35.4,1.9,0.1111111111111111,0.0,0.0,50.0,8.0,38.0,2.4,0.1,-1.5,4.0,200.0,0.25,0.375,8,13,26.3,9.0,1716,1428,1167,0.0,0.0,80.0,8.0,35.7,0.6,0.2727272727272727,0.0,0.0,20.0,5.0,35.4,1.0,0.625,-1.1,0.0,52.0,54.0,13.0,13.0,454.0,0.0,0.0,0.0,0.0,-0.125,0.7499999999999993,0.0,1.6357,-0.516600000000004,2.9253,0.6253000000000029,0.29350000000000165,0.252117174189591,1.6007498243010985,-4.0,2.0,0.0
520,202307040110,17,26,23,177,2,0,0,1,2,0,0,1,5,5,8,48,0,0,0,0,0,0,0,0,0,2,0,9,0,0,0,0,0,0,0,0,0.0,0.0,100.0,13.0,34.1,1.1,0.7777777777777778,0.0,0.0,11.0,11.0,37.8,2.5,0.7272727272727273,0.0,0.0,12.0,8.0,34.3,1.3,0.5384615384615384,-2.5,-10.0,400.0,0.0,0.05714285714285714,6,9,79.2,11.0,1393,117,1263,0.0,0.0,10.0,8.0,38.9,1.8,0.4,0.0,0.0,17.0,16.0,34.7,2.2,1.0,0.3,0.0,52.0,-379.0,13.0,18.0,500.0,0.0,0.0,0.07692307692307693,0.1,-0.05555555555555555,-0.23000000000000043,0.0,-1.0531000000000006,-0.4795000000000016,-0.8064999999999998,3.1625999999999976,-1.6616,0.2060338229900702,1.9915822855207352,2.0,0.0,
521,202307040110,0,1,0,0,4,2,0,9,0,1,0,0,0,0,0,0,1,0,0,2,0,0,0,0,0,0,0,0,0,0,0,0,0,0,0,0,0.0,0.0,70.0,15.0,34.2,1.0,0.2222222222222222,0.0,0.0,30.0,9.0,35.4,0.8,0.36363636363636365,0.0,0.0,40.0,5.0,34.2,0.5,0.4117647058823529,-5.0,-8.0,200.0,0.03225806451612903,0.16129032258064516,7,10,17.8,6.0,1475,1736,1645,0.0,0.0,20.0,1.0,35.3,0.0,0.16666666666666666,0.0,0.0,40.0,3.0,36.2,1.0,0.1111111111111111,-3.2,0.4,52.0,13.0,13.0,18.0,468.0,0.0,0.0,0.0,0.0,0.0,-0.38999999999999985,0.0,-0.9064999999999941,0.29350000000000165,-0.9064999999999941,0.19350000000000023,0.6379000000000019,0.1148548415894317,0.7683749084919411,-3.0,0.0,
522,202307040110,7,18,16,114,5,0,1,12,0,0,0,0,2,9,5,30,2,0,0,2,0,0,0,0,0,1,0,0,0,0,0,0,0,0,0,0,0.0,0.0,40.0,10.0,39.0,1.9,0.3,0.0,0.0,40.0,3.0,36.2,1.3,0.4,0.0,0.0,70.0,5.0,34.1,0.4,0.3,-2.5,8.0,-200.0,0.09090909090909091,0.25,8,12,24.4,8.0,1463,548,1167,0.0,0.0,50.0,9.0,37.4,1.5,0.2727272727272727,0.0,0.0,30.0,3.0,33.9,0.1,0.18181818181818182,-0.8,0.4,55.0,91.0,13.0,10.0,496.0,0.0,-0.2,0.0,0.09090909090909091,0.0,0.9000000000000007,0.0,2.668300000000002,0.7408000000000001,-1.816600000000001,0.45870000000000033,-2.016600000000004,0.06971014368247569,1.9466894975830118,-3.0,0.0,
523,202307040110,1,2,0,18,9,10,8,83,1,0,0,0,1,0,0,6,4,3,2,24,1,0,0,0,0,0,0,0,0,0,0,3,0,0,0,0,0.0,0.0,120.0,10.0,33.6,0.8,0.4444444444444444,0.0,0.0,110.0,4.0,33.5,0.7,0.6666666666666666,0.0,0.0,160.0,6.0,32.9,0.8,0.7777777777777778,-2.0,6.0,200.0,,,5,6,96.3,12.0,1333,1618,1294,0.0,0.0,150.0,15.0,32.4,1.1,0.9411764705882353,0.0,0.0,120.0,11.0,34.9,1.9,0.7857142857142857,1.3,0.0,54.0,13.0,13.0,18.0,514.0,0.0,-0.16666666666666666,,,0.0,-0.1499999999999993,0.0,-1.5064999999999955,-1.606499999999997,-0.6433999999999997,-1.1433999999999997,-0.1747000000000014,0.16449995701838194,0.8404760555780278,-4.0,1.0,0.0
524,202307040110,3,3,3,30,19,11,14,115,0,0,0,2,1,2,2,12,6,0,3,24,0,0,0,2,0,0,0,0,1,0,0,0,0,0,0,0,0.0,0.0,90.0,12.0,39.3,2.0,0.125,0.0,0.0,60.0,15.0,39.9,2.7,0.0625,0.0,0.0,50.0,8.0,37.1,0.4,0.07142857142857142,-2.0,-2.0,0.0,0.0,0.0,4,4,51.7,10.0,1467,1294,336,0.0,0.0,40.0,4.0,37.5,0.2,0.07142857142857142,0.0,0.0,80.0,1.0,37.1,0.0,0.07142857142857142,-3.3,0.2,53.0,21.0,13.0,16.0,438.0,0.0,0.0625,0.07142857142857142,0.0,0.0,0.679999999999999,0.0,1.2273999999999958,0.2740999999999971,-1.4775999999999954,-1.8926000000000016,-1.4775999999999954,0.02258769757263128,1.1838918869558979,-2.0,0.0,
525,202307040110,1,2,3,24,3,4,6,69,0,0,0,5,1,1,2,10,0,2,0,20,0,0,0,1,1,0,1,0,0,0,0,0,0,0,0,0,0.0,0.0,9.0,9.0,35.6,2.8,1.0,0.0,0.0,13.0,13.0,35.4,1.8,0.9230769230769231,0.0,0.0,15.0,16.0,37.5,2.7,0.058823529411764705,3.5,2.0,-600.0,0.0,0.0,5,7,268.2,13.0,1507,1328,593,0.0,0.0,10.0,12.0,13.7,7.8,1.0,0.0,0.0,6.0,10.0,13.8,7.0,0.4,0.1,0.0,51.0,-15.0,13.0,9.0,514.0,0.0,0.07692307692307693,0.17647058823529413,0.0,0.6,6.530000000000001,0.0,-0.4299999999999997,0.3252999999999986,1.5833999999999975,,,0.38159692855707794,11.006361796706486,-7.0,1.0,0.0
526,202307040204,17,16,19,234,12,11,10,126,2,2,3,26,3,3,3,42,2,4,1,29,0,0,0,5,0,1,0,10,1,0,0,5,0,0,0,1,0.0,0.0,30.0,2.0,34.1,0.0,0.3076923076923077,,,,,,,,,,,,,,,,,0.0,,,2,4,1.8,1.0,1691,1556,1167,,,,,,,,,,,,,,,,1.0,56.0,14.0,16.0,13.0,522.0,0.0,,,,,,,-1.549900000000001,,,,,,,0.0,1.0,1.0
527,202307040204,0,0,0,0,1,0,0,0,0,0,0,0,0,0,0,0,0,0,0,0,0,0,0,0,0,0,0,0,0,0,0,0,0,0,0,0,0.0,0.0,30.0,11.0,41.5,3.6,0.23076923076923078,0.0,0.0,10.0,3.0,37.8,1.1,0.38461538461538464,,,,,,,,-8.0,-2.0,200.0,0.0,0.14285714285714285,3,5,6.3,3.0,1479,248,857,,,,,,,,,,,,,,,-8.0,0.5,56.0,133.0,16.0,13.0,514.0,0.07692307692307693,-0.15384615384615385,,,,3.700000000000003,0.0,3.2205000000000013,-0.11110000000000042,,,,0.07692307692307693,1.8500000000000014,1.0,0.0,
528,202307040204,3,4,4,61,0,0,0,2,0,0,0,0,2,2,1,12,0,0,0,1,0,0,0,0,1,0,0,5,0,0,0,0,0,0,0,0,0.0,0.0,40.0,8.0,35.2,1.5,0.6111111111111112,,,,,,,,,,,,,,,,,200.0,0.1,0.22857142857142856,1,2,37.6,7.0,1036,534,1108,,,,,,,,,,,,,,,,0.0,55.0,50.0,16.0,18.0,468.0,-0.2222222222222222,,,,,,,0.09350000000000591,,,,,,,0.0,0.0,
529,202307040204,2,0,1,3,10,10,9,121,0,0,0,0,1,0,1,1,3,1,0,28,0,0,0,0,0,0,1,1,0,0,0,9,0,0,0,0,0.0,0.0,20.0,8.0,36.8,2.1,0.3,0.0,0.0,30.0,2.0,34.8,0.2,0.5,0.0,0.0,10.0,4.0,36.1,1.6,0.8571428571428571,-2.0,6.0,-400.0,0.1724137931034483,0.3620689655172414,5,10,10.6,5.0,1248,1558,1428,0.0,0.0,70.0,2.0,34.5,0.2,0.5555555555555556,,,,,,,,-1.6,0.5,55.0,84.0,16.0,10.0,454.0,0.2,0.0,-0.14285714285714285,0.1111111111111111,,0.5599999999999987,0.0,0.8833999999999946,-1.1166000000000054,0.6407999999999987,-1.8316999999999979,,0.19957911117533292,0.9394147114027966,0.0,0.0,
530,202307040204,6,0,1,11,0,0,0,0,0,0,0,0,4,0,0,2,0,0,0,0,0,0,0,0,0,0,0,0,0,0,0,0,0,0,0,0,0.0,0.0,60.0,3.0,34.1,0.1,0.46153846153846156,,,,,,,,,,,,,,,,,0.0,0.08333333333333333,0.19791666666666666,7,14,9.1,4.0,1426,1431,306,,,,,,,,,,,,,,,,1.0,55.0,14.0,16.0,13.0,454.0,0.0,,,,,,,-1.549900000000001,,,,,,,0.0,1.0,1.0
531,202307040204,0,0,0,0,9,10,8,83,0,0,0,0,0,0,0,0,4,3,2,24,0,0,0,0,0,0,0,0,1,0,1,11,0,0,0,0,0.0,0.0,90.0,6.0,34.4,1.1,0.5454545454545454,,,,,,,,,,,,,,,,,-200.0,0.0,0.16666666666666666,3,6,211.3,10.0,1261,1618,387,,,,,,,,,,,,,,,,0.0,55.0,22.0,16.0,11.0,460.0,-0.09090909090909091,,,,,,,-1.9316999999999993,,,,,,,0.0,0.0,
532,202307040204,1,1,3,25,0,1,3,7,0,0,1,1,1,1,1,12,0,1,0,1,0,0,0,0,1,1,0,6,0,0,0,0,0,0,0,0,0.0,0.0,20.0,7.0,37.2,0.7,0.11764705882352941,,,,,,,,,,,,,,,,,200.0,,,6,11,5.2,2.0,1674,825,1428,,,,,,,,,,,,,,,,0.0,56.0,55.0,16.0,17.0,492.0,0.0,,,,,,,0.8384,,,,,,,0.0,0.0,
533,202307040204,17,26,23,177,18,20,26,184,1,1,0,6,5,5,8,48,4,4,5,52,1,0,0,2,2,2,4,11,0,0,0,18,0,0,0,1,0.0,0.0,15.0,18.0,37.6,3.7,0.7222222222222222,0.0,0.0,11.0,16.0,35.9,2.4,0.8125,0.0,0.0,12.0,8.0,35.1,1.3,0.1875,-5.0,2.0,0.0,0.029411764705882353,0.14705882352941177,2,3,261.8,12.0,1393,1167,1263,0.0,0.0,8.0,9.0,34.7,1.2,0.8,0.0,0.0,8.0,9.0,41.7,3.3,0.3333333333333333,-2.5,0.0,52.0,-112.0,16.0,18.0,402.0,0.0,0.0625,0.0,0.0,0.16666666666666666,-0.7000000000000007,0.0,1.2251000000000047,0.5345999999999975,0.025300000000001432,-0.45309999999999917,3.420500000000004,0.259687906229719,2.5518620652378536,0.0,2.0,0.0
534,202307040204,16,14,16,128,7,10,10,152,0,0,0,0,0,3,4,37,2,4,2,44,0,0,0,0,0,1,1,7,0,0,0,13,0,0,0,0,0.0,0.0,60.0,2.0,41.4,0.2,0.6666666666666666,0.0,0.0,80.0,8.0,35.4,1.1,0.3888888888888889,0.0,0.0,30.0,4.0,35.6,0.8,0.5625,1.0,-1.0,200.0,0.08860759493670886,0.2911392405063291,8,15,35.2,6.0,1127,1013,1328,0.0,0.0,70.0,3.0,34.7,0.4,0.25,0.0,0.0,70.0,7.0,35.9,1.1,0.25,0.5,0.4,55.0,-312.0,16.0,12.0,441.0,-0.4166666666666667,0.0,-0.125,0.0,-0.0625,1.1699999999999995,0.0,3.7357000000000014,0.24689999999999657,0.4468999999999994,-0.45309999999999917,0.8252999999999986,0.16724436914989296,2.4322828782853354,1.0,1.0,0.0
535,202307040204,2,4,1,26,19,11,14,115,0,0,1,0,1,1,0,4,6,0,3,24,0,0,0,0,0,1,0,4,2,0,2,10,0,0,0,0,0.0,0.0,80.0,8.0,39.7,2.4,0.9,0.0,0.0,140.0,10.0,34.8,1.4,0.4375,0.0,0.0,100.0,15.0,36.4,2.5,0.9444444444444444,3.5,12.0,200.0,0.0,0.0,4,8,471.3,14.0,1455,1294,1428,0.0,0.0,160.0,7.0,35.1,1.4,0.6111111111111112,,,,,,,,0.2,0.0,52.0,-238.0,16.0,10.0,410.0,-0.1,0.0,0.0,0.0,,1.2200000000000002,0.0,1.420500000000004,-0.27470000000000283,1.3252999999999986,-0.006499999999995509,,0.20880357808399502,1.9429359227725462,-2.0,2.0,0.0
536,202307040204,0,0,1,6,0,0,0,0,0,0,0,0,0,0,0,3,0,0,0,0,0,0,0,0,0,0,0,3,0,0,0,0,0,0,0,0,0.0,0.0,3.0,3.0,38.7,0.6,1.0,0.0,0.0,8.0,11.0,45.2,5.6,0.08333333333333333,0.0,0.0,16.0,8.0,39.2,1.7,0.75,2.5,5.0,200.0,,,4,7,263.1,13.0,1397,1018,1428,0.0,0.0,16.0,11.0,40.3,2.2,0.8125,0.0,0.0,16.0,14.0,36.2,1.8,1.0,2.2,0.2,56.0,-323.0,16.0,9.0,435.0,-0.6666666666666666,0.3333333333333333,-0.0625,-0.0625,-0.25,0.9900000000000005,0.0,1.0357000000000056,5.574100000000001,1.1274000000000015,0.6740999999999957,1.1253000000000029,0.3379883298445541,2.9620263334413486,0.0,1.0,0.0
537,202307040204,2,0,2,13,7,3,3,77,0,0,0,0,0,0,0,2,3,0,1,19,0,0,0,0,0,0,0,1,0,0,0,5,0,0,0,0,0.0,0.0,10.0,4.0,39.2,2.4,0.7272727272727273,0.0,0.0,14.0,8.0,37.2,1.8,0.875,0.0,0.0,16.0,12.0,35.0,1.8,0.625,4.0,17.0,200.0,,,5,9,939.3,16.0,1733,1393,1428,0.0,0.0,16.0,13.0,35.3,1.4,0.75,0.0,0.0,14.0,13.0,36.2,2.8,1.0,2.3,0.0,52.0,-231.0,16.0,11.0,419.0,-0.18181818181818182,-0.125,0.0625,0.0625,0.0,0.7900000000000006,0.0,1.046200000000006,-0.7110999999999947,-0.07469999999999999,0.19350000000000023,1.0469000000000008,0.12956538921581112,1.518420231688186,-2.0,1.0,0.0
538,202307040204,3,3,3,30,18,20,26,184,0,0,0,0,1,2,2,12,4,4,5,52,0,0,0,0,0,1,0,7,0,0,0,18,0,0,0,0,0.0,0.0,15.0,13.0,35.6,1.3,0.2222222222222222,0.0,0.0,15.0,16.0,40.6,5.3,0.5,0.0,0.0,9.0,13.0,35.1,1.8,0.5625,0.0,-4.0,200.0,0.0,0.125,6,12,94.7,9.0,1467,1167,336,0.0,0.0,9.0,8.0,35.0,0.6,0.5,0.0,0.0,8.0,2.0,33.8,0.8,0.4444444444444444,-3.0,0.2,54.0,-147.0,16.0,18.0,416.0,0.0,0.5,0.0625,0.0625,0.0,0.920000000000001,0.0,0.4935000000000045,2.3205000000000027,0.025300000000001432,-0.10649999999999693,-1.3064999999999998,0.1178838620773497,2.365079279855118,2.0,1.0,0.0
539,202307040204,4,3,3,34,7,10,10,152,0,0,0,0,1,3,3,9,2,4,2,44,0,0,0,0,0,2,2,5,0,0,0,13,0,0,0,0,0.0,0.0,2.0,4.0,41.5,0.3,0.16666666666666666,0.0,0.0,12.0,15.0,42.7,4.0,0.3125,0.0,0.0,13.0,12.0,39.9,2.6,0.1875,4.0,21.0,0.0,0.12745098039215685,0.45098039215686275,7,13,71.2,8.0,1064,1013,1556,0.0,0.0,8.0,14.0,35.0,1.9,0.625,0.0,0.0,7.0,8.0,37.5,1.6,0.0625,0.7,0.0,55.0,-316.0,16.0,12.0,445.0,0.0,0.5,0.125,0.25,0.0625,1.5700000000000003,0.0,3.4273999999999987,3.0741000000000014,1.6204999999999998,-0.07469999999999999,2.0407999999999973,0.19409691164753526,2.774454901417575,4.0,1.0,0.0
540,202307040204,16,14,16,128,19,11,14,115,3,2,1,7,0,3,4,37,6,0,3,24,0,0,0,2,0,1,1,7,2,0,2,10,0,0,0,0,0.0,0.0,3.0,7.0,40.1,2.2,0.3333333333333333,0.0,0.0,11.0,15.0,35.0,2.0,0.875,0.0,0.0,13.0,11.0,34.2,1.3,1.0,2.0,8.0,200.0,0.0,0.06666666666666667,1,1,218.2,11.0,1127,1294,1328,0.0,0.0,12.0,9.0,34.5,1.8,1.0,0.0,0.0,14.0,14.0,41.0,5.2,0.75,0.8,0.0,55.0,-230.0,16.0,9.0,416.0,0.3333333333333333,0.0625,0.0,0.0,0.0625,-0.12999999999999973,0.0,1.8205000000000027,-0.07469999999999999,-1.2591999999999999,-0.5747,3.0833000000000013,0.24720661623652207,2.9560784833965417,1.0,2.0,0.0
541,202307040204,0,0,1,5,19,11,14,115,0,0,0,1,0,0,0,1,6,0,3,24,0,0,0,0,0,0,0,0,2,0,2,10,0,0,0,0,0.0,0.0,160.0,16.0,40.1,4.3,0.625,0.0,0.0,160.0,16.0,36.8,2.6,0.5625,0.0,0.0,7.0,12.0,42.6,3.2,0.6666666666666666,-2.0,2.0,-200.0,0.06896551724137931,0.10344827586206896,8,16,779.9,15.0,1699,1294,1313,0.0,0.0,15.0,16.0,35.5,2.3,0.875,0.0,0.0,13.0,13.0,39.3,2.2,0.625,-0.6,0.0,54.0,-377.0,16.0,16.0,472.0,0.25,0.0625,0.3333333333333333,-0.1875,0.0625,0.2900000000000006,0.0,0.47409999999999997,0.769999999999996,,0.4253,3.562599999999996,0.10736748938937606,2.5000799987200417,-1.0,1.0,0.0
542,202307040208,22,20,29,184,19,11,14,115,1,0,1,8,8,4,7,54,6,0,3,24,0,0,0,1,3,1,2,21,2,0,0,6,0,0,0,0,0.0,0.0,60.0,4.0,35.4,0.2,0.42857142857142855,0.0,0.0,50.0,4.0,34.6,0.4,0.6666666666666666,0.0,0.0,90.0,10.0,33.1,1.5,1.0,3.0,2.0,-400.0,0.1188118811881188,0.44554455445544555,6,6,8.9,4.0,1152,1294,1428,0.0,0.0,20.0,1.0,35.0,0.0,0.4444444444444444,,,,,,,,-0.3,0.25,56.0,21.0,7.0,7.0,478.0,0.0,0.0,0.0,-0.1111111111111111,,0.2699999999999996,0.0,-0.516600000000004,-0.5064999999999955,-1.9746999999999986,-0.10649999999999693,,0.23084189797220617,0.8699856320652648,0.0,1.0,0.0
543,202307040208,41,32,27,271,9,10,8,83,2,2,1,8,17,5,16,84,4,3,2,24,1,1,1,2,5,2,8,29,2,2,1,6,0,0,0,0,0.0,0.0,10.0,1.0,36.1,0.0,0.2222222222222222,0.0,0.0,20.0,3.0,33.7,0.3,0.6923076923076923,,,,,,,,2.0,16.0,-200.0,0.125,0.20833333333333334,5,5,1.5,1.0,1716,1618,1167,,,,,,,,,,,,,,,2.0,1.0,56.0,127.0,7.0,9.0,506.0,-0.1111111111111111,0.0,,,,2.3999999999999986,0.0,0.6407999999999987,-1.3746999999999971,,,,0.23504273504273504,1.1999999999999993,1.0,1.0,1.0
544,202307040208,0,0,0,0,8,6,6,43,0,0,0,0,0,0,0,0,0,3,1,8,0,0,0,0,0,0,0,0,0,1,0,0,0,0,0,0,0.0,0.0,10.0,1.0,36.0,0.0,0.3076923076923077,0.0,0.0,10.0,2.0,34.9,0.2,0.7142857142857143,,,,,,,,1.0,12.0,0.0,0.2804878048780488,0.524390243902439,2,2,3.8,2.0,281,460,666,,,,,,,,,,,,,,,1.0,1.0,56.0,21.0,7.0,13.0,442.0,-0.07692307692307693,0.0,,,,1.1000000000000014,0.0,0.9253,-0.1747000000000014,,,,0.2032967032967033,0.5500000000000007,0.0,2.0,1.0
545,202307040208,17,26,23,177,0,0,1,3,0,0,0,0,5,5,8,48,0,0,0,1,0,0,0,0,1,0,4,17,0,0,0,1,0,0,0,0,0.0,0.0,10.0,1.0,34.3,0.0,0.7272727272727273,0.0,0.0,20.0,2.0,34.7,0.2,0.3333333333333333,,,,,,,,1.0,-4.0,0.0,0.030303030303030304,0.15151515151515152,3,3,8.0,3.0,1393,703,1263,,,,,,,,,,,,,,,1.0,1.0,55.0,42.0,7.0,11.0,454.0,-0.09090909090909091,0.0,,,,-0.4000000000000057,0.0,-2.0748999999999995,-0.4064999999999941,,,,0.196969696969697,0.20000000000000284,3.0,1.0,1.0
546,202307040208,0,0,0,1,0,0,0,0,0,0,0,0,0,0,0,1,0,0,0,0,0,0,0,0,0,0,0,1,0,0,0,0,0,0,0,0,0.0,0.0,90.0,9.0,35.4,1.4,0.5,0.0,0.0,50.0,1.0,34.1,0.0,0.7142857142857143,,,,,,,,-8.0,2.0,-200.0,0.0,0.16666666666666666,4,4,15.3,5.0,171,159,882,,,,,,,,,,,,,,,-8.0,0.5,56.0,15.0,7.0,10.0,484.0,0.1,-0.2857142857142857,,,,1.2999999999999972,0.0,-0.05920000000000414,-1.3592000000000013,,,,0.10714285714285715,0.6499999999999986,0.0,0.0,
547,202307040208,3,1,4,20,7,8,8,52,0,0,0,2,0,0,0,4,3,3,2,13,0,0,0,1,0,0,0,0,2,2,0,3,0,0,0,0,0.0,0.0,10.0,10.0,35.2,1.0,0.75,0.0,0.0,15.0,8.0,34.8,0.9,0.2777777777777778,0.0,0.0,10.0,6.0,35.0,0.5,0.36363636363636365,-2.0,2.0,400.0,0.0,0.09523809523809523,7,7,132.4,7.0,1534,1503,1235,0.0,0.0,7.0,6.0,36.0,1.6,1.0,0.0,0.0,5.0,5.0,34.2,1.2,1.0,-1.2,0.0,56.0,-342.0,7.0,16.0,438.0,0.0,0.0,0.0,-0.2857142857142857,0.0,0.07999999999999971,0.0,0.04690000000000083,-0.35310000000000485,-0.153100000000002,0.9253,-2.1616,0.30710060992094257,0.5851495535331113,0.0,1.0,0.0
548,202307040208,0,0,1,5,9,16,19,144,0,0,0,0,0,0,0,1,3,2,4,28,0,0,0,0,0,0,0,0,0,2,1,12,0,0,0,0,0.0,0.0,90.0,8.0,35.8,1.7,0.2222222222222222,0.0,0.0,100.0,9.0,35.3,1.2,1.0,0.0,0.0,50.0,5.0,35.4,1.9,0.875,-1.5,-4.0,0.0,0.08974358974358974,0.24358974358974358,1,1,104.8,6.0,1699,1183,1313,0.0,0.0,60.0,1.0,35.3,0.0,0.8181818181818182,,,,,,,,-2.5,0.25,56.0,57.0,7.0,9.0,436.0,0.0,0.0,0.0,-0.18181818181818182,,0.13999999999999985,0.0,0.7252999999999972,-0.5162000000000049,0.29350000000000165,0.14689999999999515,,0.2998057804444561,0.20615528128088292,0.0,1.0,0.0
549,202307040305,3,10,1,44,4,13,6,97,0,0,0,2,0,1,0,11,1,3,2,22,0,0,0,0,0,1,0,9,1,2,0,7,0,0,0,0,0.0,0.0,20.0,2.0,33.7,0.2,0.2857142857142857,0.0,0.0,40.0,2.0,37.1,0.1,0.4,0.0,0.0,70.0,3.0,36.0,1.0,0.125,0.5,6.0,0.0,0.02857142857142857,0.14285714285714285,2,4,6.9,2.0,1629,1235,1428,0.0,0.0,60.0,8.0,35.4,1.6,1.0,,,,,,,,1.9,0.75,52.0,90.0,16.0,7.0,418.0,0.0,0.0,0.0,0.0,,-0.3999999999999986,0.0,-1.3746999999999971,1.6407999999999987,0.9253,0.24689999999999657,,0.3307514538663343,1.2298373876248836,0.0,2.0,1.0
550,202307040305,41,32,27,271,42,32,27,236,6,4,4,35,17,5,16,84,13,10,6,66,3,1,3,16,5,1,2,19,4,2,2,15,1,0,0,2,0.0,0.0,30.0,2.0,34.9,0.3,0.15384615384615385,0.0,0.0,10.0,3.0,35.7,0.2,0.16666666666666666,,,,,,,,1.0,-4.0,0.0,0.0,0.25,6,12,1.5,1.0,1716,1428,1167,,,,,,,,,,,,,,,1.0,1.0,55.0,35.0,16.0,13.0,446.0,0.0,0.0,,,,-0.8000000000000043,0.0,-0.1747000000000014,0.5935000000000059,,,,0.006410256410256401,0.40000000000000213,0.0,1.0,1.0
551,202307040305,9,12,10,109,0,0,0,4,0,0,0,0,3,2,3,29,0,0,0,1,0,0,0,0,0,0,1,7,0,0,0,0,0,0,0,0,0.0,0.0,70.0,8.0,35.4,1.1,0.9,0.0,0.0,80.0,3.0,34.6,0.4,0.09090909090909091,0.0,0.0,80.0,5.0,35.2,0.7,0.6,-1.5,18.0,-200.0,0.04081632653061224,0.10204081632653061,5,10,61.7,9.0,1304,1691,1503,,,,,,,,,,,,,,,-1.5,0.3333333333333333,55.0,42.0,16.0,10.0,470.0,-0.2,0.0,0.0,,,0.09999999999999787,0.0,-0.05920000000000414,-0.47469999999999857,-0.4498999999999995,,,0.3339663411005104,0.33993463423951825,0.0,2.0,0.5
552,202307040305,1,1,3,25,2,4,3,28,0,0,0,1,1,1,1,12,1,1,1,8,0,0,0,1,1,1,0,6,0,0,0,3,0,0,0,1,0.0,0.0,30.0,5.0,35.3,0.4,0.75,0.0,0.0,50.0,3.0,36.1,0.3,0.5833333333333334,0.0,0.0,30.0,3.0,33.5,0.7,0.5454545454545454,-1.0,4.0,-200.0,0.18181818181818182,0.3181818181818182,7,13,9.4,4.0,1674,1079,1428,,,,,,,,,,,,,,,-1.0,0.6666666666666666,52.0,20.0,16.0,12.0,406.0,-0.08333333333333333,0.0,0.09090909090909091,,,0.8999999999999986,0.0,-1.0317000000000007,1.0253000000000014,-1.5747,,,0.08885157619070294,1.0873004286866728,-3.0,2.0,1.0
553,202307040305,0,0,0,9,0,0,0,2,0,0,0,0,0,0,0,2,0,0,0,0,0,0,0,0,0,0,0,0,0,0,0,0,0,0,0,0,0.0,0.0,2.0,3.0,40.4,1.1,0.3333333333333333,0.0,0.0,9.0,11.0,35.3,1.3,0.5555555555555556,0.0,0.0,6.0,6.0,34.4,0.7,0.05555555555555555,1.5,8.0,200.0,0.18181818181818182,0.2727272727272727,8,16,145.7,13.0,1704,1068,1712,0.0,0.0,8.0,6.0,34.5,1.1,0.6875,0.0,0.0,6.0,8.0,34.2,0.7,0.6,0.5,0.2,54.0,-303.0,16.0,9.0,442.0,0.0,0.05555555555555555,0.05555555555555555,0.1875,0.06666666666666667,1.319999999999999,0.0,2.7357000000000014,-0.15920000000000556,-1.0592000000000041,-0.9592000000000027,-1.2591999999999999,0.22767545127024807,2.349978723307936,0.0,0.0,
554,202307040305,0,0,0,0,9,5,3,71,0,0,0,0,0,0,0,0,3,2,1,22,0,0,0,0,0,0,0,0,1,0,0,9,0,0,0,0,0.0,0.0,120.0,7.0,38.8,1.0,0.8461538461538461,0.0,0.0,90.0,6.0,39.2,0.7,0.38461538461538464,0.0,0.0,100.0,10.0,40.6,2.6,0.5625,1.5,8.0,200.0,0.05,0.1,5,9,61.5,8.0,1479,1482,857,0.0,0.0,80.0,6.0,38.6,2.3,0.4444444444444444,0.0,0.0,60.0,6.0,35.2,0.5,0.25,-0.2,0.0,55.0,63.0,16.0,13.0,450.0,-0.23076923076923078,-0.07692307692307693,0.0,0.0,0.0,0.779999999999999,0.0,0.5204999999999984,0.9205000000000041,1.323599999999999,3.5253000000000014,0.09350000000000591,0.20129509366712922,1.7825823964125749,0.0,1.0,0.0
555,202307040305,17,16,19,234,7,10,10,152,0,2,0,18,3,3,3,42,2,4,2,44,0,0,0,3,0,1,0,10,0,0,0,13,0,0,0,0,0.0,0.0,6.0,6.0,39.6,1.3,0.36363636363636365,0.0,0.0,12.0,14.0,36.0,1.5,0.8125,0.0,0.0,14.0,7.0,34.9,1.0,0.875,0.5,30.0,400.0,0.06666666666666667,0.06666666666666667,4,7,241.1,14.0,1691,1013,1167,0.0,0.0,9.0,9.0,34.8,1.0,0.6428571428571429,,,,,,,,0.2,0.0,55.0,-299.0,16.0,11.0,418.0,-0.09090909090909091,0.125,-0.0625,0.0,,1.5500000000000014,0.0,1.6889000000000038,0.5407999999999973,-0.1747000000000014,-0.27470000000000283,,0.19803895312780764,1.9485571585149883,0.0,2.0,0.0
556,202307040305,0,0,0,0,0,0,0,3,0,0,0,0,0,0,0,0,0,0,0,0,0,0,0,0,0,0,0,0,0,0,0,0,0,0,0,0,0.0,0.0,6.0,3.0,40.4,1.3,0.09090909090909091,0.0,0.0,7.0,6.0,35.6,0.3,0.25,0.0,0.0,7.0,5.0,35.3,0.9,0.1875,1.0,6.0,200.0,,,2,3,28.0,6.0,1286,1034,1503,0.0,0.0,6.0,8.0,35.5,1.1,0.5625,0.0,0.0,1.0,10.0,37.6,1.7,0.125,1.6,0.2,55.0,-310.0,16.0,11.0,458.0,0.09090909090909091,-0.0625,0.0,-0.125,0.0,0.5699999999999996,0.0,2.1205,0.4468999999999994,0.14689999999999515,0.4253,2.1407999999999987,0.1686801584886871,1.9466894975830118,1.0,1.0,0.0
557,202307040305,6,7,8,80,0,1,0,7,0,0,0,0,1,1,1,10,0,0,0,1,0,0,0,0,1,1,0,5,0,0,0,1,0,0,0,0,0.0,0.0,70.0,6.0,35.4,1.2,0.6363636363636364,,,,,,,,,,,,,,,,,-400.0,0.08411214953271028,0.2897196261682243,7,14,102.9,12.0,1222,1645,1328,,,,,,,,,,,,,,,,0.0,55.0,42.0,16.0,11.0,440.0,-0.18181818181818182,,,,,,,-0.516600000000004,,,,,,,0.0,0.0,
558,202307040305,3,10,1,44,0,0,1,10,0,0,0,0,0,1,0,11,0,0,0,3,0,0,0,0,0,1,0,9,0,0,0,2,0,0,0,0,0.0,0.0,11.0,10.0,36.2,0.5,0.125,0.0,0.0,5.0,12.0,36.8,1.0,0.125,0.0,0.0,14.0,2.0,35.9,0.1,0.0625,-4.0,6.0,400.0,,,3,6,97.5,11.0,1629,118,1428,0.0,0.0,2.0,9.0,36.8,1.2,0.35714285714285715,0.0,0.0,11.0,2.0,35.2,0.2,0.1111111111111111,-1.9,0.4,55.0,-267.0,16.0,16.0,404.0,0.0,0.0625,0.0,0.07142857142857142,0.0,0.2,0.0,0.8346000000000018,1.6468999999999951,0.7468999999999966,0.9022999999999968,0.04690000000000083,0.10308986141386092,0.6013318551349144,2.0,0.0,
559,202307040305,0,0,0,0,2,1,1,34,0,0,0,0,0,0,0,0,0,1,0,6,0,0,0,0,0,0,0,0,0,1,0,3,0,0,0,0,0.0,0.0,16.0,15.0,36.2,1.6,0.6111111111111112,0.0,0.0,13.0,9.0,34.9,0.7,0.875,0.0,0.0,15.0,9.0,35.3,0.9,0.9375,-3.0,0.0,200.0,0.0,0.0,4,8,335.3,15.0,1591,1713,464,0.0,0.0,15.0,11.0,34.8,1.2,0.875,0.0,0.0,11.0,7.0,34.9,1.0,0.6428571428571429,-1.4,0.0,52.0,-253.0,16.0,18.0,438.0,0.0,-0.0625,-0.0625,0.125,-0.14285714285714285,0.270000000000001,0.0,1.093500000000006,-0.25310000000000343,0.19350000000000023,-0.27470000000000283,-0.1747000000000014,0.13404771302636567,0.5192301994298886,-3.0,2.0,0.0
560,202307040305,0,0,0,0,5,3,7,67,0,0,0,0,0,0,0,0,0,2,3,19,0,0,0,0,0,0,0,0,0,0,0,3,0,0,0,0,0.0,0.0,40.0,8.0,35.8,1.1,0.25,0.0,0.0,60.0,6.0,33.9,0.7,0.7272727272727273,0.0,0.0,30.0,11.0,36.5,3.0,1.0,1.5,16.0,-200.0,0.0,0.0,8,15,53.4,7.0,1261,1306,387,,,,,,,,,,,,,,,1.5,0.0,55.0,20.0,16.0,16.0,460.0,-0.0625,0.0,0.0,,,-0.3500000000000014,0.0,0.34079999999999444,-1.1747000000000014,1.346899999999998,,,0.3099586749314967,1.0984838035522724,0.0,1.0,0.0
561,202307040305,0,0,0,0,9,10,8,83,0,0,0,0,0,0,0,0,4,3,2,24,0,0,0,0,0,0,0,0,1,0,1,11,0,0,0,0,0.0,0.0,13.0,12.0,39.4,2.7,0.6428571428571429,0.0,0.0,5.0,14.0,42.6,3.8,0.42857142857142855,0.0,0.0,5.0,8.0,39.1,1.7,0.4375,-2.0,2.0,-100.0,0.08247422680412371,0.1958762886597938,1,1,61.9,10.0,1656,1618,1576,0.0,0.0,4.0,7.0,37.4,0.9,1.0,0.0,0.0,10.0,13.0,36.3,1.6,0.375,-0.5,0.0,55.0,-267.0,16.0,14.0,466.0,0.21428571428571427,0.5714285714285714,-0.125,0.0,-0.25,1.1400000000000006,0.0,0.8224000000000018,3.2074,0.8205000000000027,-0.8795000000000002,1.2252999999999972,0.23046094007002396,2.1434551546510145,0.0,1.0,0.0
562,202307040305,25,27,16,168,7,8,8,52,2,0,0,2,11,10,5,51,3,3,2,13,1,0,0,0,3,1,1,14,0,1,1,6,0,0,0,0,0.0,0.0,7.0,9.0,43.3,3.8,0.5,0.0,0.0,11.0,15.0,37.4,2.1,0.1111111111111111,0.0,0.0,11.0,12.0,36.5,1.6,0.5555555555555556,1.5,4.0,200.0,0.0875,0.2875,1,2,18.7,5.0,1098,1503,1294,0.0,0.0,5.0,9.0,39.4,1.2,0.25,0.0,0.0,9.0,6.0,35.0,0.5,0.5,-1.2,0.0,55.0,-310.0,16.0,12.0,474.0,-0.08333333333333333,0.0,0.2222222222222222,0.0,0.05555555555555555,1.4599999999999995,0.0,5.1462,1.483399999999996,1.346899999999998,1.488900000000001,-0.153100000000002,0.17249082995844472,2.86872794109166,1.0,0.0,
563,202307040305,3,3,3,30,11,13,14,131,0,0,0,1,1,2,2,12,3,3,4,29,0,0,0,1,0,1,0,7,1,0,1,9,0,0,0,1,0.0,0.0,60.0,2.0,34.3,0.0,0.5454545454545454,0.0,0.0,90.0,9.0,36.2,1.5,0.6428571428571429,,,,,,,,7.0,-2.0,0.0,0.038461538461538464,0.16666666666666666,6,11,7.2,3.0,1467,1405,336,,,,,,,,,,,,,,,7.0,0.5,55.0,56.0,16.0,11.0,438.0,-0.18181818181818182,0.14285714285714285,,,,-1.9000000000000057,0.0,-0.7747000000000028,1.093500000000006,,,,0.048701298701298745,0.9500000000000028,0.0,1.0,1.0
564,202307040305,1,2,3,24,0,0,0,0,0,0,0,0,1,1,2,10,0,0,0,0,0,0,0,0,0,0,0,6,0,0,0,0,0,0,0,0,0.0,0.0,10.0,10.0,38.4,1.5,0.75,0.0,0.0,13.0,14.0,43.5,6.7,0.07142857142857142,0.0,0.0,16.0,16.0,37.1,3.1,0.6875,3.0,10.0,780.0,0.046511627906976744,0.20930232558139536,3,5,423.3,16.0,1507,1191,593,0.0,0.0,7.0,14.0,42.4,5.3,0.8,0.0,0.0,15.0,12.0,36.9,1.5,0.0625,0.4,0.0,55.0,-299.0,16.0,12.0,476.0,0.0,0.9285714285714286,0.0625,0.2,0.0,0.41000000000000014,0.0,,7.5833999999999975,2.0253000000000014,3.1905999999999963,1.8252999999999986,0.3344936014152664,2.7572450018088706,4.0,2.0,0.0
565,202307040412,22,20,29,184,6,4,3,20,0,0,0,2,8,4,7,54,2,0,3,4,0,0,0,0,3,1,2,21,0,0,0,1,0,0,0,0,0.0,0.0,10.0,11.0,38.9,1.3,0.125,0.0,0.0,20.0,5.0,35.3,0.3,0.2,0.0,0.0,20.0,4.0,35.1,0.6,0.3333333333333333,-3.5,-16.0,-400.0,0.04,0.12,8,13,5.7,3.0,1152,1170,1428,0.0,0.0,40.0,14.0,37.4,2.6,0.06666666666666667,0.0,0.0,10.0,1.0,37.5,0.0,0.05555555555555555,-1.1,0.2,57.0,22.0,13.0,16.0,506.0,-0.0625,-0.1,0.0,0.0,0.0,0.06999999999999958,0.0,2.216799999999999,-0.6166000000000054,-1.583199999999998,1.9531999999999954,0.8168000000000006,0.10238513588105803,1.4416657032752078,2.0,0.0,
566,202307040412,7,18,16,114,6,5,4,30,0,0,0,0,2,9,5,30,2,0,1,5,0,0,0,0,0,1,0,10,1,0,0,0,0,0,0,0,0.0,0.0,30.0,2.0,34.2,0.5,0.36363636363636365,0.0,0.0,40.0,2.0,34.5,1.1,0.4,0.0,0.0,20.0,1.0,33.6,0.0,0.6,-0.5,0.0,-200.0,0.08641975308641975,0.2839506172839506,6,8,2.5,1.0,1463,1589,1167,0.0,0.0,30.0,3.0,36.7,0.4,0.4444444444444444,0.0,0.0,60.0,2.0,35.2,0.1,0.35294117647058826,0.1,1.0,57.0,28.0,13.0,11.0,440.0,0.0,0.0,-0.06666666666666667,-0.2222222222222222,-0.11764705882352941,-0.42000000000000026,0.0,-1.2591999999999999,-1.4166000000000025,-1.8592000000000013,-0.7446999999999946,-0.7165999999999997,0.08980705947948676,1.0632027088001617,1.0,0.0,
567,202307040412,0,0,4,59,0,0,2,9,0,0,0,2,0,0,0,6,0,0,1,6,0,0,0,1,0,0,0,0,0,0,1,5,0,0,0,0,0.0,0.0,10.0,13.0,35.0,0.9,0.9444444444444444,0.0,0.0,10.0,12.0,35.2,1.1,0.7777777777777778,0.0,0.0,9.0,3.0,34.0,0.1,0.5,-5.0,10.0,200.0,0.11764705882352941,0.29411764705882354,2,2,31.8,9.0,1611,388,1263,0.0,0.0,14.0,5.0,34.2,1.0,1.0,0.0,0.0,14.0,13.0,34.1,1.2,0.9375,-0.7,0.2,57.0,-48.0,13.0,18.0,534.0,-0.16666666666666666,0.05555555555555555,0.08333333333333333,-0.14285714285714285,-0.0625,0.2799999999999997,0.0,-0.10649999999999693,0.12530000000000285,-1.0747,-1.0633999999999943,-1.1633999999999958,0.18174819781061766,0.4979959839195495,0.0,4.0,0.25
568,202307040412,0,0,0,9,7,10,10,152,0,0,0,1,0,0,0,2,2,4,2,44,0,0,0,0,0,0,0,1,0,3,0,18,0,0,0,0,0.0,0.0,10.0,1.0,35.5,0.0,0.25,0.0,0.0,40.0,6.0,34.4,0.7,0.8888888888888888,0.0,0.0,70.0,2.0,35.1,0.2,0.35714285714285715,0.5,0.0,0.0,0.08860759493670886,0.24050632911392406,5,6,23.6,7.0,1704,1013,1712,0.0,0.0,100.0,8.0,36.4,1.1,0.2,,,,,,,,1.7,0.5,55.0,154.0,13.0,16.0,432.0,-0.0625,-0.16666666666666666,0.0,0.0,,-0.33999999999999986,0.0,-0.14990000000000236,-0.6747000000000014,0.025300000000001432,1.2935000000000016,,0.2743371813623763,0.7228416147400478,1.0,3.0,0.6666666666666666
569,202307040412,25,27,16,168,18,20,26,184,1,2,0,12,11,10,5,51,4,4,5,52,0,1,0,4,4,3,4,21,1,2,2,14,0,1,0,1,0.0,0.0,2.0,,,,0.45454545454545453,0.0,0.0,3.0,16.0,37.6,2.2,0.0625,0.0,0.0,4.0,5.0,34.9,0.3,0.16666666666666666,-11.0,-4.0,-200.0,0.045454545454545456,0.20454545454545456,7,11,7.8,4.0,1098,1167,1294,0.0,0.0,2.0,7.0,35.5,1.0,0.75,0.0,0.0,2.0,6.0,34.3,0.6,0.7692307692307693,-2.8,0.0,57.0,-146.0,13.0,11.0,498.0,0.5454545454545454,0.0625,0.0,0.0625,-0.07692307692307693,0.9300000000000012,0.0,,2.1407999999999987,-0.1747000000000014,0.04079999999999728,-0.7747000000000028,0.2904892764445866,1.2437342963832765,0.0,2.0,0.0
570,202307040412,22,20,29,184,2,1,3,23,0,0,2,6,8,4,7,54,0,0,0,2,0,0,0,2,3,1,2,21,0,0,0,1,0,0,0,1,0.0,0.0,100.0,16.0,36.0,2.1,0.5294117647058824,0.0,0.0,40.0,8.0,36.8,1.2,0.36363636363636365,0.0,0.0,50.0,6.0,34.6,0.5,0.3333333333333333,-5.0,2.0,0.0,0.0,0.10810810810810811,3,3,11.1,5.0,1152,1721,1428,0.0,0.0,80.0,4.0,34.4,0.8,0.5,0.0,0.0,70.0,9.0,34.8,0.8,0.0625,-1.8,0.0,55.0,-76.0,13.0,17.0,482.0,0.11764705882352941,-0.09090909090909091,0.08333333333333333,0.0,0.0,0.4800000000000004,0.0,0.7366000000000028,1.7252999999999972,-0.47469999999999857,-0.8633999999999986,-0.46340000000000003,0.1658349817701162,0.9260669522232176,0.0,5.0,0.0
571,202307040412,17,26,23,177,2,0,1,11,0,0,0,0,5,5,8,48,1,0,0,3,0,0,0,0,1,0,4,17,0,0,0,2,0,0,0,0,0.0,0.0,50.0,4.0,34.7,0.6,0.5333333333333333,0.0,0.0,100.0,1.0,33.9,0.0,0.6666666666666666,0.0,0.0,30.0,3.0,35.7,0.7,0.8125,-0.5,14.0,0.0,0.23076923076923078,0.34615384615384615,4,5,3.8,2.0,1393,1507,1263,0.0,0.0,80.0,2.0,35.3,0.1,0.8571428571428571,0.0,0.0,50.0,9.0,35.8,1.1,0.3076923076923077,1.1,0.6,57.0,22.0,13.0,15.0,460.0,0.0,-0.05555555555555555,-0.0625,-0.35714285714285715,0.07692307692307693,-0.3599999999999987,0.0,-0.37469999999999715,-1.1747000000000014,0.5469000000000008,-0.6225000000000023,0.6468999999999951,0.19966062341548782,0.7054076835419358,0.0,2.0,0.5
572,202307040412,8,5,10,88,18,20,26,184,0,0,2,3,1,2,2,20,4,4,5,52,0,0,0,0,0,0,0,6,1,2,2,14,0,0,0,0,0.0,0.0,40.0,11.0,38.7,2.2,0.18181818181818182,0.0,0.0,20.0,1.0,34.4,0.0,0.5,0.0,0.0,30.0,2.0,34.9,0.4,0.16666666666666666,-4.5,10.0,-200.0,0.17391304347826086,0.30434782608695654,4,4,26.7,8.0,1172,1167,1556,0.0,0.0,60.0,9.0,36.3,1.1,0.5625,0.0,0.0,50.0,3.0,36.8,1.3,0.25,-0.8,0.6,54.0,28.0,13.0,11.0,470.0,0.18181818181818182,0.0,0.0,-0.125,-0.125,0.19000000000000128,0.0,3.2408,-1.0592000000000041,-0.5592000000000041,1.2252999999999972,1.7252999999999972,0.16611306127947928,1.519736819321031,-1.0,2.0,0.5
573,202307040412,70,50,54,378,1,0,0,7,1,0,0,6,14,10,16,91,0,0,0,1,0,0,0,1,9,2,5,39,0,0,0,0,0,0,0,0,0.0,0.0,50.0,2.0,35.9,0.1,0.7272727272727273,0.0,0.0,90.0,8.0,34.4,0.3,0.4375,0.0,0.0,10.0,8.0,37.8,1.2,0.4375,3.0,6.0,-200.0,0.0,0.18181818181818182,8,12,14.0,6.0,1428,332,1263,0.0,0.0,10.0,4.0,37.3,0.4,0.125,0.0,0.0,30.0,2.0,37.1,0.3,0.1875,-0.4,0.4,56.0,28.0,13.0,11.0,452.0,-0.18181818181818182,0.0,0.0,0.0,0.125,-0.5300000000000005,0.0,0.44079999999999586,-0.6747000000000014,-0.4795000000000016,-0.5984000000000052,-1.1794999999999973,0.21412540737297997,1.2214745187681975,1.0,1.0,0.0
574,202307040412,41,32,27,271,42,32,27,236,6,4,4,35,17,5,16,84,13,10,6,66,3,1,3,16,5,2,8,29,5,3,2,23,1,1,2,9,0.0,0.0,100.0,11.0,40.5,3.0,0.4166666666666667,0.0,0.0,130.0,14.0,35.1,1.2,0.7222222222222222,0.0,0.0,90.0,11.0,36.3,1.9,0.7692307692307693,0.0,-16.0,-200.0,0.0,0.4,5,7,116.3,11.0,1716,1428,1167,0.0,0.0,100.0,11.0,37.1,1.6,0.7857142857142857,0.0,0.0,20.0,1.0,36.3,0.0,0.45454545454545453,-2.3,0.2,54.0,70.0,13.0,12.0,482.0,0.5833333333333334,-0.1111111111111111,0.07692307692307693,-0.21428571428571427,0.0,0.6400000000000006,0.0,1.4162000000000035,0.025300000000001432,1.2252999999999972,1.6407999999999987,-0.03170000000000073,0.16026975229877696,1.8347751905887546,2.0,2.0,0.0
575,202307040412,18,19,13,126,0,0,0,1,0,0,0,1,7,10,2,41,0,0,0,0,0,0,0,0,4,2,1,8,0,0,0,0,0,0,0,0,0.0,0.0,100.0,16.0,34.4,1.5,0.8888888888888888,0.0,0.0,120.0,11.0,34.4,0.7,0.75,0.0,0.0,90.0,9.0,34.6,1.1,0.8125,-3.5,-4.0,0.0,0.05263157894736842,0.13157894736842105,1,1,147.2,12.0,1657,244,1317,0.0,0.0,80.0,4.0,35.0,0.7,0.2727272727272727,0.0,0.0,140.0,14.0,37.5,2.1,0.6,-1.1,0.0,56.0,57.0,13.0,18.0,476.0,-0.05555555555555555,0.1875,0.0,0.0,-0.06666666666666667,-0.6800000000000004,0.0,-0.6747000000000014,-1.9616000000000042,-0.5531000000000006,-0.07469999999999999,-0.45239999999999725,0.21781194682378052,1.1805083650698966,1.0,2.0,0.0
576,202307040412,6,5,4,34,1,0,1,5,1,0,0,1,0,2,1,10,0,0,0,1,0,0,0,0,0,0,0,1,0,0,0,0,0,0,0,0,0.0,0.0,9.0,10.0,14.3,9.9,0.36363636363636365,0.0,0.0,13.0,13.0,44.8,7.4,0.21428571428571427,0.0,0.0,9.0,8.0,41.4,2.3,0.6,-1.0,-2.0,-1400.0,0.0,0.05555555555555555,6,9,85.0,10.0,1289,1145,1428,0.0,0.0,14.0,15.0,35.2,1.1,0.6470588235294118,0.0,0.0,10.0,12.0,36.3,1.9,0.16666666666666666,0.6,0.0,54.0,-181.0,13.0,11.0,444.0,0.36363636363636365,0.7142857142857143,0.1,0.17647058823529413,0.08333333333333333,-3.44,0.0,,5.174099999999996,1.7740999999999971,0.04690000000000083,1.2252999999999972,0.19559175037432813,10.63409610639287,-4.0,1.0,0.0
577,202307040412,1,2,3,24,0,1,0,1,0,1,0,0,1,1,2,10,0,1,0,0,0,1,0,0,0,0,0,2,0,0,0,0,0,0,0,0,0.0,0.0,30.0,12.0,36.4,1.3,0.375,0.0,0.0,50.0,4.0,35.1,0.3,0.42857142857142855,0.0,0.0,120.0,13.0,36.5,1.2,0.5294117647058824,0.5,4.0,0.0,,,7,10,,,1507,1303,593,0.0,0.0,40.0,5.0,34.9,0.6,0.14285714285714285,0.0,0.0,40.0,3.0,34.0,0.3,0.14285714285714285,-1.7,0.2,57.0,49.0,13.0,16.0,498.0,0.0,0.14285714285714285,0.0,0.0,0.0,0.5,0.0,1.3252999999999986,0.025300000000001432,1.4253,-0.5592000000000041,-1.4592000000000027,0.15579172431718818,0.9495261976375373,1.0,3.0,0.0
578,202307040506,9,5,4,41,1,2,0,3,0,0,0,0,3,1,2,9,0,1,0,1,0,0,0,0,0,0,1,4,0,0,0,0,0,0,0,0,0.0,0.0,40.0,8.0,34.9,0.8,0.3076923076923077,,,,,,,,,,,,,,,,,0.0,0.08695652173913043,0.2391304347826087,2,2,18.5,7.0,1716,199,1167,,,,,,,,,,,,,,,,0.0,56.0,27.0,15.0,13.0,482.0,0.0,,,,,,,-0.7499000000000038,,,,,,,0.0,1.0,0.0
579,202307040506,1,2,2,12,0,0,0,9,0,0,0,0,0,1,0,1,0,0,0,4,0,0,0,0,0,0,0,0,0,0,0,1,0,0,0,0,0.0,0.0,10.0,3.0,35.5,0.2,0.125,,,,,,,,,,,,,,,,,0.0,0.1044776119402985,0.2835820895522388,5,9,5.7,3.0,1463,848,1167,,,,,,,,,,,,,,,,1.0,55.0,77.0,15.0,16.0,456.0,0.0,,,,,,,0.4253,,,,,,,0.0,1.0,1.0
580,202307040506,0,0,0,1,6,3,4,26,0,0,0,0,0,0,0,1,3,2,2,7,0,0,0,0,0,0,0,0,1,0,0,2,0,0,0,0,0.0,0.0,4.0,7.0,39.9,1.8,0.25,0.0,0.0,3.0,13.0,38.4,1.2,0.5625,0.0,0.0,2.0,3.0,38.4,0.2,0.3125,-2.0,10.0,200.0,0.0,0.0,6,10,2.8,1.0,1467,1428,336,0.0,0.0,5.0,5.0,34.9,0.3,0.2222222222222222,0.0,0.0,3.0,6.0,37.3,1.5,0.25,-1.0,0.2,55.0,-239.0,15.0,16.0,428.0,0.0,-0.0625,-0.0625,0.0,0.0,0.8700000000000003,0.0,1.6204999999999998,0.24620000000000175,0.12049999999999983,-0.20649999999999835,1.5625999999999962,0.1250771366935492,1.6606023003717658,3.0,0.0,
581,202307040506,0,5,3,24,2,0,1,8,0,0,0,1,0,1,2,7,0,0,0,3,0,0,0,1,0,0,0,2,0,0,0,1,0,0,0,0,0.0,0.0,9.0,12.0,37.0,1.2,0.2,0.0,0.0,7.0,12.0,41.1,3.6,0.05555555555555555,0.0,0.0,8.0,9.0,35.7,0.9,0.7647058823529411,-1.5,2.0,-400.0,0.0,0.0,6,11,4.0,2.0,1393,324,1263,0.0,0.0,5.0,10.0,37.6,1.1,0.1875,0.0,0.0,7.0,3.0,36.7,0.2,0.125,-2.0,0.2,51.0,-253.0,15.0,15.0,438.0,0.13333333333333333,0.2222222222222222,0.0,0.0625,0.0,0.4099999999999994,0.0,1.0833999999999975,4.934200000000004,0.24080000000000013,2.1407999999999987,0.32510000000000616,0.25431954159407094,1.8454267799075634,-4.0,1.0,1.0
582,202307040506,4,4,1,35,2,2,3,21,0,0,0,1,1,0,0,6,0,1,1,2,0,0,0,0,0,0,0,0,0,0,1,1,0,0,0,0,0.0,0.0,80.0,9.0,34.8,0.7,0.7333333333333333,0.0,0.0,70.0,3.0,36.8,0.7,0.5555555555555556,0.0,0.0,70.0,5.0,36.8,0.8,0.2222222222222222,-2.0,2.0,-400.0,0.017857142857142856,0.17857142857142858,4,6,9.2,4.0,1506,1183,199,,,,,,,,,,,,,,,-2.0,0.3333333333333333,55.0,20.0,15.0,15.0,476.0,0.2,0.1111111111111111,0.2222222222222222,,,-1.0,0.0,-1.1166000000000054,0.8833999999999946,0.1167999999999978,,,0.21185703179370508,0.9428090415820634,0.0,0.0,
583,202307040506,0,0,0,0,0,0,0,0,0,0,0,0,0,0,0,0,0,0,0,0,0,0,0,0,0,0,0,0,0,0,0,0,0,0,0,0,0.0,0.0,9.0,7.0,39.1,1.1,0.42857142857142855,0.0,0.0,5.0,9.0,40.3,2.0,0.25,0.0,0.0,9.0,4.0,38.8,0.5,0.21428571428571427,-1.5,-4.0,-100.0,0.14634146341463414,0.43902439024390244,3,5,102.7,11.0,1704,569,1712,0.0,0.0,6.0,5.0,38.5,0.9,0.5,0.0,0.0,10.0,10.0,34.7,1.2,0.9375,0.2,0.0,55.0,-211.0,15.0,14.0,412.0,0.07142857142857142,0.0,0.0,0.0625,-0.1875,1.0599999999999994,0.0,-0.2926000000000002,0.9073999999999955,-0.5926000000000045,-1.1259000000000015,-0.37469999999999715,0.2587992287784616,1.8914544668059008,0.0,1.0,0.0
584,202307040506,0,0,0,2,1,1,2,18,0,0,0,0,0,0,0,1,0,0,1,5,0,0,0,0,0,0,0,0,0,0,0,4,0,0,0,0,0.0,0.0,80.0,12.0,40.9,4.9,0.6875,0.0,0.0,,,,,,0.0,0.0,80.0,13.0,37.2,2.0,0.5,1.0,,200.0,0.0,0.08333333333333333,7,13,13.3,5.0,1248,1235,1428,0.0,0.0,40.0,5.0,35.9,1.0,0.3888888888888889,0.0,0.0,50.0,7.0,35.5,0.8,0.4666666666666667,-2.3,0.0,55.0,-252.0,15.0,16.0,454.0,0.0625,,0.0625,0.05555555555555555,0.13333333333333333,1.75,0.0,2.6205,,2.125300000000003,0.8252999999999986,0.2366000000000028,0.10971507976049533,2.1299941314473143,0.0,3.0,0.0
585,202307040506,0,2,3,16,0,1,0,4,0,0,0,0,0,0,1,2,0,0,0,0,0,0,0,0,0,0,0,0,0,0,0,0,0,0,0,0,0.0,0.0,100.0,6.0,35.1,1.1,0.5714285714285714,0.0,0.0,110.0,8.0,36.4,1.8,0.9230769230769231,0.0,0.0,130.0,11.0,35.0,2.5,0.8461538461538461,2.5,-4.0,-200.0,,,3,4,117.7,13.0,1304,1713,1503,,,,,,,,,,,,,,,2.5,0.0,56.0,21.0,15.0,14.0,432.0,0.0,0.0,0.0,,,0.05000000000000071,0.0,-0.3592000000000013,1.3252999999999986,-0.07469999999999999,,,0.1509406430625386,0.6377042156569653,2.0,2.0,0.0
586,202307040506,0,0,0,0,0,0,1,2,0,0,0,0,0,0,0,0,0,0,0,1,0,0,0,0,0,0,0,0,0,0,0,0,0,0,0,0,0.0,0.0,3.0,6.0,42.7,1.2,0.375,0.0,0.0,13.0,13.0,37.6,1.6,0.1875,0.0,0.0,7.0,14.0,38.9,3.7,0.9375,4.0,7.0,0.0,0.2222222222222222,0.3333333333333333,4,7,16.0,6.0,891,239,324,0.0,0.0,6.0,9.0,35.6,1.0,0.6666666666666666,0.0,0.0,2.0,6.0,37.7,1.4,1.0,-0.4,0.0,55.0,-292.0,15.0,8.0,493.0,0.0,-0.0625,-0.125,-0.06666666666666667,-0.6,1.2,0.0,4.6274000000000015,2.1407999999999987,0.8273999999999972,0.33660000000000423,1.7834000000000003,0.3141898753584809,2.3520204080747265,1.0,1.0,0.0
587,202307040506,0,0,0,0,3,0,0,9,0,0,0,0,0,0,0,0,0,0,0,3,0,0,0,0,0,0,0,0,0,0,0,1,0,0,0,0,0.0,0.0,2.0,12.0,43.1,3.9,0.3333333333333333,0.0,0.0,8.0,7.0,37.5,1.6,0.4666666666666667,0.0,0.0,4.0,7.0,36.2,1.2,0.875,-2.5,26.0,100.0,0.08536585365853659,0.2926829268292683,2,3,44.2,9.0,1699,1503,1313,0.0,0.0,6.0,5.0,37.9,0.7,0.1875,0.0,0.0,5.0,4.0,38.2,0.4,0.375,-1.8,0.0,55.0,-310.0,15.0,12.0,452.0,-0.08333333333333333,0.0,-0.125,0.0625,0.0,0.9399999999999998,0.0,,-0.4110999999999976,-2.079499999999996,-0.17260000000000275,-0.07949999999999591,0.23195425794276292,2.3608473055240147,3.0,0.0,
588,202307040506,0,2,3,16,0,0,0,0,0,0,0,0,0,0,1,2,0,0,0,0,0,0,0,0,0,0,0,0,0,0,0,0,0,0,0,0,0.0,0.0,8.0,4.0,38.8,1.2,0.5833333333333334,0.0,0.0,8.0,6.0,38.8,0.7,0.5714285714285714,0.0,0.0,10.0,10.0,38.1,0.7,0.375,3.0,6.0,-100.0,0.012987012987012988,0.16883116883116883,7,12,22.7,8.0,1304,944,1503,0.0,0.0,8.0,11.0,36.2,1.1,0.2,0.0,0.0,7.0,4.0,34.9,0.9,0.23076923076923078,0.5,0.0,55.0,-189.0,15.0,12.0,446.0,0.0,-0.21428571428571427,-0.0625,0.0,0.0,1.0399999999999991,0.0,-0.5926000000000045,-0.5926000000000045,0.4357000000000042,0.9366000000000057,-0.1747000000000014,0.1624508302318566,1.5551205741034995,0.0,2.0,0.0
589,202307040506,0,2,3,8,1,6,3,15,0,0,0,0,0,1,1,4,0,0,1,7,0,0,0,0,0,1,0,2,0,0,1,3,0,0,0,0,0.0,0.0,8.0,7.0,41.1,3.4,0.8333333333333334,0.0,0.0,8.0,10.0,35.7,0.9,0.75,0.0,0.0,7.0,7.0,35.1,0.8,0.6875,0.0,0.0,-100.0,0.05555555555555555,0.16666666666666666,8,14,71.7,10.0,1677,1558,1167,0.0,0.0,11.0,6.0,34.7,0.8,0.6666666666666666,0.0,0.0,6.0,11.0,38.2,2.1,0.26666666666666666,0.4,0.0,52.0,-252.0,15.0,12.0,440.0,0.0,-0.0625,-0.0625,-0.05555555555555555,0.0,0.6799999999999997,0.0,1.7073999999999998,-0.21659999999999968,-0.8166000000000011,-1.2165999999999997,2.2834000000000003,0.19586701837953444,2.4013329631685814,2.0,0.0,
590,202307040506,1,4,4,30,0,0,0,0,0,0,0,0,0,0,1,6,0,0,0,0,0,0,0,0,0,0,1,3,0,0,0,0,0,0,0,0,0.0,0.0,80.0,7.0,37.7,2.3,0.8888888888888888,,,,,,,,,,,,,,,,,-400.0,0.0,0.16129032258064516,8,15,115.9,12.0,1152,42,1428,,,,,,,,,,,,,,,,0.0,56.0,90.0,15.0,9.0,466.0,0.0,,,,,,,1.7834000000000003,,,,,,,1.0,0.0,
591,202307040506,0,0,0,0,1,1,2,18,0,0,0,0,0,0,0,0,0,0,1,5,0,0,0,0,0,0,0,0,0,0,0,4,0,0,0,0,0.0,0.0,1.0,1.0,38.1,0.0,0.18181818181818182,0.0,0.0,13.0,6.0,37.1,0.8,0.0625,0.0,0.0,13.0,7.0,37.8,1.4,0.5,3.0,16.0,600.0,0.0,0.0,1,1,336.0,15.0,1286,1235,1503,0.0,0.0,18.0,12.0,35.6,1.1,0.7222222222222222,0.0,0.0,15.0,14.0,36.4,1.5,0.6,3.2,0.2,55.0,-306.0,15.0,11.0,456.0,-0.09090909090909091,0.0,0.0,-0.1111111111111111,-0.2,0.49000000000000055,0.0,1.825800000000001,0.27190000000000225,-0.023300000000006094,-0.4947999999999979,1.1366000000000014,0.2507792619835137,0.9143303560529965,0.0,1.0,0.0
592,202307040506,0,0,1,1,2,1,1,22,0,0,0,0,0,0,0,0,2,0,0,4,0,0,0,0,0,0,0,0,0,0,0,1,0,0,0,0,0.0,0.0,6.0,9.0,41.5,2.2,0.18181818181818182,0.0,0.0,14.0,15.0,36.2,1.7,0.8,0.0,0.0,13.0,12.0,35.3,1.2,0.9375,1.5,31.0,300.0,0.0,0.1111111111111111,5,8,184.9,14.0,1246,1556,533,0.0,0.0,8.0,9.0,35.7,1.5,0.9230769230769231,0.0,0.0,9.0,6.0,35.6,1.1,0.6666666666666666,-1.2,0.0,54.0,-217.0,15.0,11.0,439.0,0.2727272727272727,0.0,-0.0625,-0.15384615384615385,-0.16666666666666666,1.2299999999999998,0.0,3.9086,0.9366000000000057,0.14689999999999515,0.5469000000000008,0.4468999999999994,0.2777684821120013,2.3380333616097095,0.0,1.0,0.0
593,202307040606,22,14,22,201,42,32,27,236,3,4,3,31,3,2,2,39,13,10,6,66,0,1,0,7,1,1,1,8,5,3,2,23,0,0,0,1,0.0,0.0,20.0,4.0,34.3,0.2,0.3333333333333333,0.0,0.0,20.0,2.0,35.1,0.1,0.5,0.0,0.0,70.0,2.0,34.5,0.0,1.0,-1.0,0.0,0.0,0.10144927536231885,0.2898550724637681,7,13,2.9,1.0,1506,1428,199,0.0,0.0,70.0,3.0,35.1,0.2,0.38461538461538464,0.0,0.0,60.0,1.0,36.2,0.0,0.6875,-0.5,0.8,55.0,64.0,16.0,18.0,420.0,-0.05555555555555555,-0.14285714285714285,-0.21428571428571427,-0.07692307692307693,-0.1875,-0.3800000000000011,0.0,-0.7747000000000028,-0.822499999999998,-1.4224999999999994,0.025300000000001432,0.5501000000000005,0.2422271267500738,0.6621178142898756,1.0,3.0,0.6666666666666666
594,202307040606,41,32,27,271,11,13,14,131,0,0,1,14,17,5,16,84,3,3,4,29,0,0,1,7,5,2,8,29,1,1,2,12,0,0,0,3,0.0,0.0,70.0,7.0,35.7,1.2,0.2,0.0,0.0,40.0,13.0,34.1,1.0,0.6470588235294118,0.0,0.0,50.0,5.0,35.8,0.4,0.3333333333333333,-1.0,4.0,-200.0,0.0,0.3333333333333333,4,7,15.8,7.0,1716,1405,1167,0.0,0.0,120.0,5.0,34.5,0.6,0.1111111111111111,0.0,0.0,60.0,13.0,39.0,1.2,0.125,0.4,0.0,53.0,50.0,16.0,10.0,484.0,0.0,0.17647058823529413,0.0,0.0,0.0,-0.6999999999999993,0.0,0.24080000000000013,-1.0064999999999955,0.34079999999999444,-0.5747,0.7205000000000013,0.19822744996321795,1.7220917513303404,-1.0,1.0,0.0
595,202307040606,6,0,1,11,42,32,27,236,4,0,0,1,4,0,0,2,13,10,6,66,3,0,0,1,2,0,0,1,5,3,2,23,1,0,0,0,0.0,0.0,15.0,16.0,38.4,4.7,0.125,0.0,0.0,14.0,17.0,37.7,2.0,0.1111111111111111,0.0,0.0,7.0,13.0,36.8,3.9,0.6923076923076923,-1.5,-2.0,0.0,0.06451612903225806,0.0967741935483871,6,12,28.5,10.0,1426,1428,306,0.0,0.0,7.0,3.0,36.2,0.2,0.0625,0.0,0.0,5.0,4.0,34.0,0.3,0.1,-3.8,0.2,55.0,-314.0,16.0,16.0,472.0,0.0,0.0,0.0,0.0,0.0,1.0299999999999998,0.0,3.3252999999999986,2.593500000000006,1.7252999999999972,1.093500000000006,-1.0747,0.2379689486929777,1.5104966070799364,-1.0,3.0,0.0
596,202307040606,1,0,1,36,42,32,27,236,1,0,1,7,1,0,0,12,13,10,6,66,1,0,0,2,0,0,0,1,5,3,2,23,0,0,0,0,0.0,0.0,140.0,11.0,36.5,1.2,0.1875,0.0,0.0,50.0,12.0,37.3,1.5,0.125,0.0,0.0,50.0,1.0,35.7,0.0,0.05555555555555555,-5.0,14.0,0.0,0.0875,0.2375,6,11,19.0,8.0,1672,1428,1167,0.0,0.0,30.0,4.0,34.9,0.5,0.8181818181818182,0.0,0.0,60.0,4.0,34.3,0.9,0.3333333333333333,-2.2,0.2,55.0,56.0,16.0,16.0,466.0,0.0625,0.0,0.0,-0.36363636363636365,0.0,0.6800000000000004,0.0,1.4253,2.225299999999997,0.05010000000000048,-1.9502999999999986,-0.7747000000000028,0.27297664431596697,1.076289923765897,1.0,4.0,0.25
597,202307040606,1,1,1,15,1,2,3,12,0,0,0,0,0,0,0,4,0,1,0,2,0,0,0,0,0,0,0,0,0,0,0,1,0,0,0,0,0.0,0.0,110.0,14.0,36.8,2.4,0.14285714285714285,0.0,0.0,120.0,16.0,40.5,4.9,0.1875,0.0,0.0,40.0,5.0,35.6,0.2,0.21428571428571427,-4.5,8.0,400.0,0.16666666666666666,0.2916666666666667,4,8,224.2,16.0,1243,239,1428,0.0,0.0,30.0,1.0,35.0,0.0,0.25,0.0,0.0,70.0,9.0,39.3,2.5,0.0625,-2.5,0.2,52.0,8.0,16.0,14.0,432.0,0.0,0.4375,0.0,-0.0625,0.0,0.05,0.0,1.6468999999999951,5.346899999999998,-0.21620000000000061,-0.153100000000002,1.4015999999999948,0.06473060342997092,2.1247117451550923,-3.0,0.0,
598,202307040606,25,27,16,168,2,4,3,28,0,1,0,3,11,10,5,51,1,1,1,8,0,0,0,1,4,3,4,21,0,0,1,3,0,0,0,1,0.0,0.0,6.0,10.0,38.3,1.4,0.8,0.0,0.0,4.0,12.0,36.5,0.8,0.3125,0.0,0.0,3.0,6.0,36.0,0.2,0.4444444444444444,-2.0,21.0,400.0,0.23076923076923078,0.3076923076923077,8,15,8.1,4.0,1098,1079,1294,0.0,0.0,4.0,6.0,35.8,0.3,0.1875,0.0,0.0,1.0,7.0,35.3,0.6,0.3333333333333333,-1.2,0.0,55.0,-304.0,16.0,15.0,483.0,-0.13333333333333333,0.0,-0.1111111111111111,0.0,0.0,0.6700000000000003,0.0,0.3888999999999996,1.393500000000003,0.8935000000000031,0.7252999999999972,0.19350000000000023,0.2088168463238586,1.0342146779078316,1.0,1.0,0.0
599,202307040606,7,18,16,114,2,0,1,6,1,0,0,2,2,9,5,30,1,0,0,1,1,0,0,1,0,1,0,10,0,0,0,1,0,0,0,1,0.0,0.0,3.0,9.0,35.7,0.7,0.6428571428571429,0.0,0.0,6.0,6.0,34.6,0.4,0.7,0.0,0.0,3.0,7.0,35.1,0.3,0.625,-1.0,0.0,0.0,0.0,0.3333333333333333,2,4,5.7,3.0,1463,382,1167,0.0,0.0,10.0,5.0,35.1,0.7,0.3333333333333333,0.0,0.0,4.0,2.0,35.4,0.2,0.6153846153846154,-1.5,0.2,56.0,-97.0,16.0,14.0,464.0,0.0,-0.1,0.125,0.0,-0.15384615384615385,0.010000000000000852,0.0,-0.6748999999999938,-0.47469999999999857,0.025300000000001432,0.025300000000001432,-0.33740000000000236,0.1283881529786766,0.3655133376499414,0.0,4.0,0.0
600,202307040606,0,1,2,25,9,16,19,144,0,0,0,1,0,1,0,6,3,2,4,28,0,0,0,0,0,0,0,1,0,2,1,12,0,0,0,0,0.0,0.0,140.0,7.0,35.2,0.5,0.7333333333333333,0.0,0.0,80.0,13.0,38.8,2.2,0.5333333333333333,0.0,0.0,160.0,10.0,34.4,0.7,0.7777777777777778,1.5,2.0,200.0,0.0,0.06451612903225806,3,5,179.1,15.0,1440,1183,1167,0.0,0.0,70.0,10.0,34.5,0.7,0.35714285714285715,0.0,0.0,40.0,11.0,34.6,0.9,0.8461538461538461,0.5,0.0,56.0,14.0,16.0,15.0,486.0,-0.06666666666666667,-0.06666666666666667,0.05555555555555555,0.0,-0.07692307692307693,0.55,0.0,0.09350000000000591,0.8888999999999996,-0.7531000000000034,-0.653100000000002,-1.2162000000000006,0.17951230211329416,1.6733200530681498,0.0,0.0,
601,202307040606,41,32,27,271,42,32,27,236,6,4,4,35,17,5,16,84,13,10,6,66,3,1,3,16,5,2,8,29,5,3,2,23,1,1,2,9,0.0,0.0,5.0,8.0,35.2,2.0,0.625,0.0,0.0,6.0,5.0,33.7,0.3,0.7,0.0,0.0,5.0,9.0,36.0,0.6,0.1875,0.5,14.0,-200.0,0.10638297872340426,0.2553191489361702,1,1,10.0,5.0,1716,1428,1167,0.0,0.0,7.0,7.0,34.9,0.5,0.8125,0.0,0.0,3.0,10.0,36.1,0.9,0.625,0.6,0.0,55.0,-181.0,16.0,8.0,442.0,0.25,-0.1,0.0625,0.0,-0.0625,-0.29999999999999927,0.0,-0.2591999999999999,-1.3746999999999971,0.9253,-0.1747000000000014,1.0253000000000014,0.2126323117496492,0.8704022058795571,-1.0,4.0,0.0
602,202307040606,9,12,11,109,1,1,0,0,0,0,0,0,4,2,3,27,0,1,0,0,0,0,0,0,1,0,2,11,0,0,0,0,0,0,0,0,0.0,0.0,70.0,5.0,41.2,1.5,0.7777777777777778,0.0,0.0,80.0,14.0,41.0,2.9,0.7333333333333333,0.0,0.0,60.0,10.0,35.7,0.6,0.5,2.5,11.0,200.0,0.0,0.0,1,2,15.1,6.0,1736,998,1482,0.0,0.0,60.0,7.0,34.4,0.9,0.875,0.0,0.0,,,,,,0.2,0.0,55.0,-299.0,16.0,9.0,441.0,-0.2222222222222222,0.13333333333333333,-0.0625,-0.1875,,2.570000000000001,0.0,2.920500000000004,1.3740999999999985,0.6253000000000029,-0.6747000000000014,,0.137778547824909,3.0605350839354877,1.0,2.0,0.0
603,202307040606,2,8,8,110,0,1,0,31,0,0,0,4,0,0,0,21,0,0,0,4,0,0,0,2,0,0,0,10,0,0,0,2,0,0,0,2,0.0,0.0,90.0,9.0,33.1,0.7,1.0,0.0,0.0,120.0,7.0,33.4,0.5,0.8333333333333334,0.0,0.0,140.0,6.0,35.2,1.0,0.5625,-1.5,22.0,400.0,0.0,0.13333333333333333,2,3,72.0,13.0,1561,1124,1263,0.0,0.0,150.0,5.0,36.2,1.0,0.8333333333333334,0.0,0.0,160.0,11.0,34.9,1.1,0.75,0.2,0.0,56.0,8.0,16.0,15.0,460.0,0.0,0.0,-0.0625,-0.05555555555555555,-0.0625,-0.6399999999999999,0.0,-2.0531000000000006,-1.7064999999999984,0.04690000000000083,-0.7323999999999984,-0.7499000000000038,0.1421560175769332,1.1568923891183667,3.0,1.0,0.0
604,202307040606,2,0,1,3,0,0,1,13,0,0,0,0,1,0,1,1,0,0,1,2,0,0,0,0,0,0,0,0,0,0,0,2,0,0,0,0,0.0,0.0,90.0,12.0,35.9,1.0,0.4666666666666667,0.0,0.0,60.0,5.0,36.4,0.4,0.3125,0.0,0.0,40.0,7.0,36.2,1.1,0.5,-2.5,4.0,200.0,0.0,0.10256410256410256,7,14,73.8,14.0,1248,1665,1428,0.0,0.0,30.0,1.0,35.0,0.0,0.1875,0.0,0.0,10.0,5.0,36.5,0.3,0.125,-1.8,0.2,54.0,14.0,16.0,15.0,438.0,0.06666666666666667,-0.0625,-0.0625,-0.0625,0.0,0.019999999999999574,0.0,0.7935000000000016,1.2468999999999966,1.0469000000000008,-0.816200000000002,0.683799999999998,0.14800994711317358,0.5403702434442519,-1.0,0.0,
605,202307040606,22,14,22,201,42,32,27,236,3,4,3,31,3,2,2,39,13,10,6,66,0,1,0,7,1,1,1,8,5,3,2,23,0,0,0,1,0.0,0.0,12.0,13.0,40.4,3.7,0.5384615384615384,0.0,0.0,11.0,12.0,35.3,1.6,0.9285714285714286,0.0,0.0,8.0,8.0,38.7,3.6,0.1111111111111111,-2.5,2.0,-200.0,0.05405405405405406,0.16216216216216217,3,6,71.3,12.0,1506,1428,199,0.0,0.0,6.0,6.0,37.1,1.6,0.75,0.0,0.0,6.0,10.0,37.0,1.5,0.1,-1.2,0.0,52.0,-300.0,16.0,13.0,472.0,0.07692307692307693,-0.07142857142857142,0.6666666666666666,0.0,0.0,0.4999999999999993,0.0,0.7740999999999971,-0.6225000000000023,2.7834000000000003,1.6407999999999987,0.9699999999999989,0.334022356296301,1.7262676501632075,-1.0,0.0,
606,202307040606,0,0,0,0,0,3,1,11,0,0,0,0,0,0,0,0,0,0,0,3,0,0,0,0,0,0,0,0,0,0,0,1,0,0,0,0,0.0,0.0,40.0,2.0,35.4,0.2,0.2,0.0,0.0,20.0,11.0,37.2,1.3,0.875,0.0,0.0,10.0,1.0,37.4,0.0,0.3125,-0.5,-6.0,0.0,0.08333333333333333,0.2976190476190476,5,9,5.6,2.0,445,882,760,,,,,,,,,,,,,,,-0.5,0.6666666666666666,55.0,211.0,16.0,10.0,446.0,0.0,0.0625,0.0625,,,-1.0,0.0,-0.24990000000000379,-1.079499999999996,-0.511099999999999,,,0.2952752952754429,0.8993825042154703,1.0,1.0,1.0
607,202307040606,22,14,22,201,11,8,11,134,1,1,0,11,3,2,2,39,6,3,2,44,0,0,0,2,1,1,1,8,3,3,0,11,0,0,0,2,0.0,0.0,110.0,5.0,36.1,1.1,0.2222222222222222,0.0,0.0,60.0,4.0,35.0,0.4,0.5,0.0,0.0,40.0,4.0,34.6,0.1,0.4166666666666667,-0.5,-2.0,200.0,0.012658227848101266,0.16455696202531644,5,10,22.8,9.0,1506,1345,199,0.0,0.0,50.0,5.0,36.6,0.6,0.3333333333333333,0.0,0.0,30.0,5.0,36.6,0.7,0.4166666666666667,0.1,0.0,56.0,161.0,16.0,18.0,466.0,0.0,0.0,0.0,-0.06666666666666667,0.0,-0.2600000000000001,0.0,0.5379000000000005,-0.10649999999999693,-1.049900000000001,-0.08319999999999794,-0.7453000000000003,0.09395296958493202,0.830421579681068,0.0,1.0,0.0
608,202307040606,0,0,0,9,6,9,8,74,0,0,0,0,0,0,0,2,1,1,1,21,0,0,0,0,0,0,0,1,0,1,1,5,0,0,0,0,0.0,0.0,90.0,5.0,36.3,0.9,0.0625,0.0,0.0,70.0,6.0,37.7,1.1,0.09090909090909091,0.0,0.0,90.0,10.0,38.4,1.9,0.2,2.5,12.0,0.0,0.0,0.0,8,16,32.7,11.0,1704,1366,1712,0.0,0.0,60.0,8.0,43.7,4.1,0.2727272727272727,0.0,0.0,60.0,8.0,34.5,0.8,0.25,0.8,0.0,52.0,15.0,16.0,16.0,508.0,0.125,0.0,0.0,0.36363636363636365,0.125,-0.24000000000000057,0.0,1.2252999999999972,2.2408,2.483399999999996,5.0294000000000025,-0.9592000000000027,0.08429459361309415,3.0921836944140315,0.0,1.0,0.0
609,202307040608,2,8,8,110,6,9,12,102,0,0,1,4,0,0,0,21,2,1,2,27,0,0,0,0,0,0,0,10,0,0,0,5,0,0,0,0,0.0,0.0,10.0,7.0,38.4,1.1,0.4666666666666667,0.0,0.0,10.0,2.0,35.4,0.1,0.125,0.0,0.0,30.0,2.0,35.9,0.5,0.13333333333333333,-2.5,4.0,-400.0,0.16666666666666666,0.25,4,8,5.2,3.0,1561,1559,1263,0.0,0.0,10.0,2.0,35.7,0.1,0.07692307692307693,0.0,0.0,40.0,2.0,36.6,0.1,0.125,-1.0,0.8,57.0,106.0,16.0,15.0,476.0,-0.26666666666666666,0.0,0.0,0.0,0.0,0.329999999999999,0.0,1.7167999999999992,-0.516600000000004,-0.016600000000003945,0.24080000000000013,-0.7453000000000003,0.14204607506887357,1.0751744044572484,-1.0,0.0,
610,202307040608,6,5,4,34,5,2,4,51,0,0,0,3,0,2,1,10,1,0,1,11,0,0,0,1,0,0,0,1,0,0,1,1,0,0,0,0,0.0,0.0,10.0,2.0,34.3,0.5,0.21428571428571427,0.0,0.0,30.0,2.0,33.7,0.0,0.6428571428571429,0.0,0.0,40.0,10.0,37.2,2.1,0.5625,4.0,-2.0,0.0,0.08433734939759036,0.2891566265060241,5,9,2.5,1.0,1289,1708,1428,0.0,0.0,10.0,3.0,34.4,0.4,0.625,0.0,0.0,10.0,2.0,34.1,0.3,0.125,0.1,0.8,57.0,29.0,16.0,14.0,456.0,0.0,0.0,-0.1875,0.0,0.0,-0.030000000000000426,0.0,-1.3499000000000052,-1.9498999999999995,1.7408000000000001,-0.6747000000000014,-0.9746999999999986,0.21925779254529754,1.2531560158256438,0.0,4.0,1.0
611,202307040608,0,1,0,3,8,3,8,43,0,0,0,0,0,0,0,0,2,3,2,11,0,0,0,0,0,0,0,0,0,1,1,3,0,0,0,0,0.0,0.0,50.0,6.0,36.0,0.9,0.25,0.0,0.0,90.0,12.0,37.5,2.2,0.125,0.0,0.0,30.0,5.0,35.4,0.9,0.25,-0.5,22.0,0.0,0.0,0.1875,7,13,58.6,13.0,1600,1014,680,0.0,0.0,60.0,4.0,36.0,0.8,0.375,0.0,0.0,70.0,2.0,36.4,0.0,0.3,-1.6,0.2,57.0,15.0,16.0,16.0,496.0,0.0,0.1875,0.0,0.0,-0.1,0.07000000000000028,0.0,0.9253,2.0407999999999973,-0.516600000000004,0.5407999999999973,0.48339999999999606,0.08154753215150044,0.6974238309665082,0.0,1.0,0.0
612,202307040608,0,2,1,4,1,2,0,38,0,0,0,0,0,0,0,0,1,0,0,8,0,0,0,0,0,0,0,0,0,0,0,3,0,0,0,0,0.0,0.0,130.0,7.0,33.3,0.4,0.9375,0.0,0.0,50.0,8.0,34.1,0.8,0.375,0.0,0.0,80.0,12.0,34.4,1.2,0.25,2.5,0.0,0.0,0.01282051282051282,0.16666666666666666,6,11,14.7,4.0,1676,1186,1428,0.0,0.0,100.0,17.0,36.9,1.7,0.5882352941176471,0.0,0.0,60.0,1.0,34.2,0.0,0.7692307692307693,-0.3,0.2,57.0,77.0,16.0,16.0,444.0,-0.0625,0.0,0.08333333333333333,0.058823529411764705,-0.3076923076923077,-0.46000000000000085,0.0,-2.349900000000005,-1.0531000000000006,-1.0592000000000041,1.8252999999999986,-0.8746999999999971,0.25080973878848734,1.218851918815407,1.0,3.0,0.3333333333333333
613,202307040608,2,7,6,25,4,7,3,52,0,0,0,1,0,0,2,7,4,3,0,12,0,0,0,0,0,0,0,0,1,2,0,5,0,0,0,0,0.0,0.0,10.0,1.0,35.4,0.0,0.2777777777777778,0.0,0.0,30.0,2.0,35.6,0.1,0.1111111111111111,0.0,0.0,20.0,10.0,35.1,0.7,0.3333333333333333,4.5,0.0,400.0,0.06666666666666667,0.1,2,3,28.4,10.0,314,1376,324,0.0,0.0,40.0,6.0,34.4,0.2,0.3888888888888889,0.0,0.0,30.0,6.0,34.6,0.9,0.3333333333333333,1.4,0.4,56.0,126.0,16.0,18.0,472.0,0.0,0.0,0.0,-0.1111111111111111,0.0,0.2799999999999997,0.0,0.24689999999999657,0.4935000000000045,-0.006499999999995509,-0.6747000000000014,-0.47469999999999857,0.09558139185602918,0.4578209256903842,0.0,2.0,0.0
614,202307040608,18,19,13,126,7,10,10,152,1,0,0,11,7,10,2,41,2,4,2,44,0,0,0,5,4,2,1,8,0,3,0,18,0,0,0,1,0.0,0.0,90.0,7.0,34.7,0.4,0.21428571428571427,0.0,0.0,60.0,8.0,37.4,1.3,0.8,0.0,0.0,30.0,5.0,35.2,0.2,0.7777777777777778,-1.0,14.0,-400.0,0.0,0.0,8,15,27.7,9.0,1657,1013,1317,0.0,0.0,70.0,4.0,34.0,0.3,0.7777777777777778,0.0,0.0,30.0,6.0,35.2,0.4,0.3,-0.6,0.0,58.0,21.0,16.0,14.0,484.0,0.21428571428571427,-0.13333333333333333,-0.2222222222222222,0.0,0.1,0.23999999999999985,0.0,-1.2165999999999997,0.7167999999999992,-0.2591999999999999,-1.4592000000000027,-0.7165999999999997,0.26022956317066853,1.1384199576606158,0.0,0.0,
615,202307040608,18,19,13,126,42,32,27,236,6,5,3,21,7,10,2,41,13,10,6,66,3,4,0,8,4,2,1,8,5,3,2,23,2,0,0,2,0.0,0.0,60.0,7.0,34.3,0.6,0.7777777777777778,0.0,0.0,30.0,8.0,36.1,0.8,0.42857142857142855,0.0,0.0,20.0,5.0,34.9,0.8,0.45454545454545453,-1.0,-6.0,0.0,0.0,0.10526315789473684,6,12,16.0,5.0,1657,1428,1317,0.0,0.0,80.0,2.0,33.8,0.1,0.08333333333333333,0.0,0.0,70.0,3.0,35.6,0.6,0.625,-1.4,0.4,56.0,92.0,16.0,18.0,442.0,0.0,-0.07142857142857142,-0.09090909090909091,0.0,-0.125,-0.030000000000000426,0.0,-0.7747000000000028,0.177500000000002,-1.016600000000004,-2.1166000000000054,0.1407999999999987,0.23244117447575885,0.835703296631049,0.0,1.0,0.0
616,202307040608,0,0,0,0,1,1,1,4,0,0,0,0,0,0,0,0,0,0,1,1,0,0,0,0,0,0,0,0,0,0,0,0,0,0,0,0,0.0,0.0,8.0,6.0,34.8,0.7,0.5294117647058824,0.0,0.0,2.0,8.0,34.7,0.7,0.4375,0.0,0.0,2.0,12.0,38.9,4.0,0.21428571428571427,3.0,-2.0,0.0,0.10294117647058823,0.29411764705882354,1,2,4.1,2.0,731,599,464,0.0,0.0,1.0,1.0,36.0,0.0,0.2222222222222222,0.0,0.0,1.0,2.0,35.4,0.2,0.5,-1.5,0.4,55.0,-69.0,16.0,17.0,448.0,-0.058823529411764705,0.125,-0.14285714285714285,-0.05555555555555555,0.07142857142857142,-0.25,0.0,-0.46340000000000003,-0.37469999999999715,2.983399999999996,0.08339999999999748,-0.516600000000004,0.13592853873380478,1.5422062118925597,-1.0,2.0,0.0
617,202307040608,41,32,27,271,10,9,8,83,2,1,2,6,17,5,16,84,4,2,4,24,1,0,2,3,5,2,8,29,0,0,3,9,0,0,2,1,0.0,0.0,30.0,5.0,37.3,0.9,0.45454545454545453,0.0,0.0,50.0,3.0,34.2,0.0,0.14285714285714285,0.0,0.0,110.0,11.0,36.4,1.1,0.4375,3.0,-2.0,-200.0,0.125,0.125,4,7,25.5,8.0,1716,1362,1167,0.0,0.0,50.0,5.0,37.6,0.6,0.1,0.0,0.0,70.0,4.0,34.7,0.2,0.3333333333333333,0.0,0.2,58.0,35.0,16.0,11.0,504.0,-0.2727272727272727,0.14285714285714285,-0.1875,0.0,0.0,0.179999999999999,0.0,1.8407999999999944,-1.4498999999999995,0.36999999999999744,0.9168000000000021,-1.631699999999995,0.147237050339614,1.3661625086350437,0.0,1.0,1.0
618,202307040608,7,18,16,114,19,11,14,115,0,0,0,0,2,9,5,30,6,0,3,24,0,0,0,0,0,1,0,10,2,0,0,6,0,0,0,0,0.0,0.0,60.0,14.0,38.8,2.6,0.125,0.0,0.0,60.0,2.0,34.6,0.0,0.1111111111111111,0.0,0.0,40.0,11.0,40.0,1.6,0.375,-1.5,12.0,0.0,0.058823529411764705,0.13725490196078433,7,14,16.9,6.0,1463,1294,1167,0.0,0.0,40.0,1.0,36.1,0.0,0.125,,,,,,,,-3.0,0.5,58.0,28.0,16.0,16.0,504.0,0.0,0.0,0.0,-0.0625,,0.26999999999999885,0.0,0.8475999999999999,-0.4917000000000016,0.37409999999999854,-1.1550999999999974,,0.11040356316378226,2.13585462988472,0.0,0.0,
619,202307040608,25,27,16,168,42,32,27,236,2,5,3,24,11,10,5,51,13,10,6,66,0,0,1,6,4,3,4,21,5,3,2,23,0,0,0,2,0.0,0.0,110.0,7.0,34.6,0.8,0.8666666666666667,0.0,0.0,20.0,4.0,34.1,0.1,0.4,0.0,0.0,50.0,3.0,33.7,0.2,0.5555555555555556,-2.0,6.0,0.0,0.0,0.05405405405405406,8,16,20.7,7.0,1098,1428,1294,0.0,0.0,80.0,4.0,34.8,0.2,0.36363636363636365,0.0,0.0,20.0,1.0,35.0,0.0,0.625,-1.2,0.4,56.0,29.0,16.0,15.0,438.0,0.0,0.0,-0.1111111111111111,0.0,0.0,-0.1499999999999993,0.0,-0.47469999999999857,-1.4620999999999995,-2.116199999999999,-0.7621000000000038,-0.153100000000002,0.18023556443690295,0.4758150901348114,-1.0,1.0,0.0
620,202307040608,8,10,9,71,0,0,0,2,0,0,0,0,2,6,3,24,0,0,0,0,0,0,0,0,1,4,1,4,0,0,0,0,0,0,0,0,0.0,0.0,130.0,11.0,35.5,2.1,0.7142857142857143,0.0,0.0,170.0,9.0,34.7,0.8,0.8333333333333334,0.0,0.0,140.0,6.0,36.8,0.7,1.0,-2.5,12.0,0.0,0.034482758620689655,0.13793103448275862,5,10,336.0,16.0,1677,1323,1167,0.0,0.0,130.0,11.0,35.6,1.8,0.8666666666666667,0.0,0.0,130.0,14.0,37.5,1.3,0.75,0.8,0.0,58.0,29.0,16.0,14.0,484.0,0.07142857142857142,0.0,-0.21428571428571427,0.06666666666666667,-0.125,-0.4899999999999999,0.0,-0.14990000000000236,-0.4064999999999941,-2.4321000000000055,0.4935000000000045,-0.09140000000000015,0.10000453504455914,0.9987992791347005,0.0,1.0,0.0
621,202307040608,0,2,1,4,1,0,0,10,0,0,0,0,0,0,0,0,0,0,0,2,0,0,0,0,0,0,0,0,0,0,0,0,0,0,0,0,0.0,0.0,70.0,5.0,35.0,0.4,0.6666666666666666,0.0,0.0,40.0,10.0,36.6,1.1,0.1875,0.0,0.0,20.0,1.0,34.4,0.0,0.125,-2.0,-2.0,200.0,0.0,0.5,1,1,37.7,11.0,1676,779,1428,0.0,0.0,30.0,3.0,36.3,0.2,0.125,0.0,0.0,10.0,3.0,38.6,0.2,0.1875,-1.1,0.6,55.0,14.0,16.0,15.0,500.0,0.0,0.0625,0.0,0.0,0.0,-0.6899999999999998,0.0,-0.10649999999999693,0.7837999999999994,-0.7531000000000034,0.4837999999999951,0.32050000000000267,0.20607105031463732,1.4565713164826506,0.0,0.0,
622,202307040608,0,0,1,13,0,0,0,0,0,0,0,0,0,0,0,4,0,0,0,0,0,0,0,0,0,0,0,1,0,0,0,0,0,0,0,0,0.0,0.0,20.0,16.0,37.5,2.1,0.3125,0.0,0.0,70.0,5.0,34.3,0.4,0.14285714285714285,0.0,0.0,10.0,1.0,34.7,0.0,0.14285714285714285,-7.5,-2.0,400.0,0.0,0.0,2,4,45.8,12.0,1399,1389,1428,0.0,0.0,20.0,2.0,35.1,0.0,0.15384615384615385,0.0,0.0,10.0,4.0,35.8,0.5,0.07142857142857142,-2.7,0.4,54.0,28.0,16.0,16.0,436.0,0.0625,0.0,0.0,0.0,0.0,0.2600000000000001,0.0,2.346899999999998,-0.7747000000000028,-1.2224999999999966,-0.3592000000000013,0.34079999999999444,0.07951908721339969,1.1249888888340185,-2.0,1.0,0.0
623,202307040608,1,1,0,17,7,3,3,77,0,0,0,0,0,0,0,2,3,0,1,19,0,0,0,0,0,0,0,0,0,0,0,7,0,0,0,0,0.0,0.0,60.0,8.0,38.5,1.5,0.9090909090909091,0.0,0.0,50.0,5.0,38.4,0.4,0.36363636363636365,0.0,0.0,70.0,11.0,36.1,1.1,1.0,1.5,-2.0,-200.0,0.21428571428571427,0.32142857142857145,3,6,255.8,14.0,1576,1393,1577,0.0,0.0,80.0,8.0,36.2,0.8,0.875,0.0,0.0,50.0,4.0,36.3,0.4,0.8125,-0.5,0.0,58.0,64.0,16.0,11.0,484.0,-0.09090909090909091,0.0,-0.0625,0.0,0.0,0.6600000000000001,0.0,-1.1259000000000015,-0.6387,-1.7682999999999964,-2.079499999999996,-1.9795000000000016,0.22261128705428873,1.1045361017187254,1.0,0.0,
624,202307040608,9,12,10,109,0,1,1,9,0,0,0,1,3,2,3,29,0,0,0,2,0,0,0,0,1,1,1,12,0,0,0,1,0,0,0,0,0.0,0.0,3.0,2.0,39.9,1.0,0.5,0.0,0.0,15.0,16.0,35.3,3.1,0.9375,0.0,0.0,4.0,14.0,41.3,4.5,0.6,6.0,7.0,-600.0,0.05128205128205128,0.1282051282051282,3,5,259.5,15.0,1304,857,1503,0.0,0.0,2.0,10.0,39.3,1.6,0.21428571428571427,0.0,0.0,6.0,1.0,38.0,0.0,0.18181818181818182,-0.8,0.4,57.0,-193.0,16.0,8.0,503.0,0.125,0.0625,0.26666666666666666,0.0,-0.09090909090909091,-0.020000000000000285,0.0,,0.22529999999999717,2.090599999999995,0.26129999999999853,-1.2094000000000023,0.2769104129353736,2.029384143034531,1.0,1.0,0.0
