,race_id,f_course1,f_course2,f_course3,f_courseout,mf_course1,mf_course2,mf_course3,mf_courseout,f_mf_course1,f_mf_course2,f_mf_course3,f_mf_courseout,f_len1,f_len2,f_len3,f_lenout,mf_len1,mf_len2,mf_len3,mf_classout,f_mf_len1,f_mf_len2,f_mf_len3,f_mf_classout,f_class1,f_class2,f_class3,f_classout,mf_class1,mf_class2,mf_class3,mf_classout,f_mf_class1,f_mf_class2,f_mf_class3,f_mf_classout,time_df_course1,time_df_class1,ninki_1,result_1,agari_1,margin_1,corner_ratio_1,time_df_course2,time_df_class2,ninki_2,result_2,agari_2,margin_2,corner_ratio_2,time_df_course3,time_df_class3,ninki_3,result_3,agari_3,margin_3,corner_ratio_3,rank_trend,weight_change,dist_change,jockey_win_rate,jockey_place_rate,waku,umaban,current_odds,current_popularity,father_cat,mother_father_cat,paternal_gf_cat,time_df_course4,time_df_class4,ninki_4,result_4,agari_4,margin_4,corner_ratio_4,time_df_course5,time_df_class5,ninki_5,result_5,agari_5,margin_5,corner_ratio_5,rank_trend_5,win_rate_recent5
0,202507010108,24,21,22,189,40,32,33,338,2,1,0,11,6,5,6,45,8,5,7,63,0,0,0,0,1,0,0,2,0,0,1,9,0,0,0,0,0.0,0.0,40.0,1.0,36.8,0.0,0.4666666666666667,0.0,0.0,60.0,4.0,37.1,0.1,0.7857142857142857,0.0,0.0,70.0,5.0,37.4,0.8,0.5833333333333334,2.0,2.0,-200.0,0.034482758620689655,0.13793103448275862,5,9,48.8,12.0,1278,1167,625,0.0,0.0,150.0,5.0,36.5,1.4,0.875,0.0,0.0,100.0,9.0,36.6,0.8,0.9375,1.7,0.2
1,202507010108,6,9,5,54,1,2,3,14,0,0,1,0,0,2,3,9,0,0,1,2,0,0,1,0,0,0,1,0,0,0,1,0,0,0,1,0,0.0,0.0,40.0,4.0,36.5,0.9,0.7142857142857143,0.0,0.0,60.0,3.0,36.7,0.7,0.1,0.0,0.0,20.0,9.0,37.1,1.2,0.6,2.5,4.0,0.0,0.10465116279069768,0.22093023255813954,7,14,15.6,8.0,1243,275,1428,0.0,0.0,30.0,2.0,36.2,0.0,0.5333333333333333,0.0,0.0,120.0,4.0,35.6,0.6,0.05555555555555555,-0.1,0.4
2,202507010108,24,21,22,189,0,0,3,13,0,0,0,0,6,5,6,45,0,0,2,6,0,0,0,0,1,0,0,2,0,0,0,0,0,0,0,0,0.0,0.0,20.0,6.0,37.6,1.1,0.25,0.0,0.0,30.0,7.0,37.4,1.4,0.6923076923076923,0.0,0.0,20.0,5.0,36.0,0.7,0.5625,-0.5,-6.0,0.0,0.08943089430894309,0.2682926829268293,2,4,7.1,5.0,1278,1641,625,0.0,0.0,30.0,4.0,37.2,0.2,0.5714285714285714,0.0,0.0,70.0,5.0,37.4,1.0,0.4,-0.5,0.0
3,202507010108,8,7,7,102,1,1,1,17,0,0,1,1,3,2,4,17,0,0,1,9,0,0,1,1,0,1,1,2,0,0,1,4,0,0,1,1,0.0,0.0,30.0,3.0,35.7,0.4,0.8571428571428571,0.0,0.0,40.0,4.0,36.8,1.0,0.4,0.0,0.0,90.0,3.0,35.8,0.3,0.8666666666666667,0.0,4.0,0.0,0.10294117647058823,0.35294117647058826,4,7,7.8,6.0,1677,1278,1167,0.0,0.0,160.0,7.0,34.9,1.0,0.9375,0.0,0.0,90.0,11.0,38.2,1.0,0.25,1.9,0.4
4,202507010108,2,1,2,8,1,0,1,6,0,0,0,1,1,0,0,2,0,0,0,1,0,0,0,1,0,0,0,1,0,0,0,1,0,0,0,1,0.0,0.0,30.0,4.0,37.0,0.4,0.2,0.0,0.0,30.0,5.0,37.5,0.6,0.23076923076923078,0.0,0.0,10.0,4.0,36.8,0.4,0.2,0.0,-8.0,0.0,0.08333333333333333,0.25,4,8,5.6,2.0,445,1605,760,0.0,0.0,20.0,4.0,35.5,0.6,0.25,0.0,0.0,20.0,3.0,36.5,0.3,0.06666666666666667,-0.3,0.2
5,202507010108,15,16,19,150,0,1,0,3,0,1,0,1,1,2,3,28,0,1,0,2,0,1,0,1,0,0,1,1,0,0,0,1,0,0,0,0,0.0,0.0,10.0,1.0,37.0,0.0,0.3,0.0,0.0,10.0,2.0,37.3,0.3,0.26666666666666666,0.0,0.0,20.0,2.0,35.9,0.3,0.3333333333333333,0.5,6.0,0.0,0.06666666666666667,0.2,6,11,5.6,1.0,1586,1324,1167,0.0,0.0,70.0,6.0,36.9,0.8,0.4375,0.0,0.0,80.0,12.0,37.9,1.9,0.4666666666666667,2.6,0.6
6,202507010108,27,19,19,153,3,2,3,24,1,0,0,0,8,7,2,30,1,1,0,5,1,0,0,0,3,2,0,3,0,0,0,0,0,0,0,0,0.0,0.0,30.0,3.0,36.9,0.1,0.2,0.0,0.0,20.0,1.0,36.8,0.0,0.0625,0.0,0.0,30.0,10.0,37.7,1.3,0.4375,3.5,2.0,0.0,0.0625,0.15625,2,3,6.7,4.0,1467,1665,336,0.0,0.0,50.0,2.0,36.1,0.4,0.375,0.0,0.0,20.0,4.0,39.4,1.1,0.45454545454545453,0.3,0.6
7,202507010108,1,0,0,9,6,7,8,83,1,0,0,0,1,0,0,4,1,0,2,25,1,0,0,0,0,0,0,0,0,0,0,2,0,0,0,0,0.0,0.0,10.0,1.0,36.4,0.0,0.0625,0.0,0.0,20.0,5.0,38.4,0.5,0.13333333333333333,0.0,0.0,10.0,4.0,36.1,0.4,0.14285714285714285,1.5,8.0,0.0,0.125,0.3125,1,1,11.3,7.0,1656,1306,1576,0.0,0.0,130.0,2.0,37.6,0.3,0.0625,0.0,0.0,80.0,15.0,41.3,3.0,0.0625,2.5,0.4
8,202507010108,35,37,29,283,0,2,0,7,0,0,0,0,11,7,6,73,0,0,0,0,0,0,0,0,1,1,3,18,0,0,0,0,0,0,0,0,0.0,0.0,70.0,12.0,36.5,1.4,0.6666666666666666,0.0,0.0,30.0,1.0,34.8,0.0,0.9166666666666666,0.0,0.0,60.0,4.0,37.0,0.7,0.625,-4.0,4.0,0.0,0.02857142857142857,0.05714285714285714,8,16,47.9,11.0,1576,1050,1577,0.0,0.0,110.0,4.0,35.7,0.1,1.0,0.0,0.0,30.0,10.0,36.1,2.3,0.9285714285714286,-0.1,0.2
9,202507010108,8,7,7,102,12,7,9,129,1,0,0,5,3,2,4,17,2,2,3,37,1,0,0,0,0,1,1,2,0,1,1,3,0,0,0,0,0.0,0.0,40.0,1.0,35.9,0.0,0.6,0.0,0.0,80.0,8.0,37.1,1.2,0.75,0.0,0.0,60.0,5.0,36.3,0.6,0.8181818181818182,2.0,4.0,0.0,0.10344827586206896,0.3103448275862069,3,5,23.5,10.0,1677,1362,1167,0.0,0.0,80.0,6.0,37.6,1.6,0.7272727272727273,0.0,0.0,60.0,9.0,38.0,1.9,0.6153846153846154,1.4,0.2
10,202507010108,0,1,3,35,0,0,0,0,0,0,0,0,0,0,1,10,0,0,0,0,0,0,0,0,0,0,0,0,0,0,0,0,0,0,0,0,0.0,0.0,120.0,12.0,34.2,1.3,0.6428571428571429,0.0,0.0,110.0,7.0,34.2,0.6,0.25,0.0,0.0,100.0,9.0,36.4,1.6,0.18181818181818182,-1.5,0.0,0.0,0.043478260869565216,0.17391304347826086,8,15,176.1,15.0,1089,879,1428,0.0,0.0,120.0,10.0,36.6,1.2,0.9375,0.0,0.0,120.0,12.0,36.0,2.6,0.875,0.3,0.0
11,202507010108,9,7,3,102,12,7,9,129,0,0,0,2,0,0,0,21,2,2,3,37,0,0,0,1,0,0,0,0,0,1,1,3,0,0,0,0,0.0,0.0,90.0,7.0,37.2,0.8,0.3333333333333333,0.0,0.0,100.0,10.0,13.8,7.9,0.9090909090909091,0.0,0.0,140.0,10.0,36.6,0.9,0.26666666666666666,1.5,-2.0,0.0,0.09523809523809523,0.09523809523809523,1,2,211.6,16.0,1601,1362,239,0.0,0.0,130.0,15.0,42.1,3.6,0.125,0.0,0.0,150.0,16.0,40.3,3.6,0.5625,2.3,0.0
12,202507010108,38,22,32,235,4,4,2,32,2,1,1,1,13,5,8,59,2,1,0,6,2,0,0,1,2,0,1,13,0,0,0,1,0,0,0,1,0.0,0.0,130.0,13.0,39.3,1.6,0.125,0.0,0.0,90.0,15.0,37.0,2.0,0.75,0.0,0.0,80.0,14.0,38.3,2.4,0.06666666666666667,0.5,8.0,0.0,0.15517241379310345,0.46551724137931033,3,6,75.5,13.0,1716,1708,1167,0.0,0.0,30.0,9.0,37.8,1.7,0.6153846153846154,0.0,0.0,10.0,6.0,37.5,0.6,0.125,-2.0,0.0
13,202507010108,4,10,8,59,0,1,1,3,0,1,1,1,2,5,6,18,0,1,1,1,0,1,1,1,0,2,1,3,0,1,0,1,0,1,0,1,0.0,0.0,70.0,14.0,38.0,1.6,0.0625,0.0,0.0,30.0,12.0,38.3,2.0,0.125,0.0,0.0,30.0,2.0,37.0,0.4,0.09090909090909091,-6.0,-6.0,0.0,0.15384615384615385,0.37606837606837606,5,10,17.9,9.0,1148,1435,1393,0.0,0.0,10.0,15.0,40.3,3.1,0.06666666666666667,0.0,0.0,30.0,1.0,36.2,0.0,0.06666666666666667,-2.3,0.4
14,202507010108,0,3,3,22,20,23,26,240,0,0,0,0,0,0,1,4,6,5,7,56,0,0,0,0,0,0,0,0,2,0,0,3,0,0,0,0,0.0,0.0,140.0,15.0,38.3,2.4,0.875,0.0,0.0,100.0,13.0,34.2,1.6,0.9230769230769231,0.0,0.0,120.0,10.0,34.9,0.5,1.0,-2.5,10.0,0.0,0.03333333333333333,0.13333333333333333,7,13,144.8,14.0,1146,1428,512,0.0,0.0,90.0,12.0,37.6,2.0,0.3076923076923077,0.0,0.0,70.0,11.0,36.3,2.1,0.9090909090909091,-0.9,0.0
15,202507010108,10,15,8,117,12,13,9,129,1,0,1,4,2,4,3,32,3,1,5,34,1,0,1,1,0,0,0,2,1,0,2,2,0,0,0,0,0.0,0.0,10.0,1.0,36.9,0.0,0.0625,0.0,0.0,30.0,4.0,37.3,0.9,0.08333333333333333,0.0,0.0,50.0,6.0,35.1,0.6,0.2857142857142857,2.5,2.0,0.0,0.0625,0.1875,6,12,6.3,3.0,1020,1503,1576,0.0,0.0,80.0,10.0,40.4,2.7,0.08333333333333333,0.0,0.0,40.0,1.0,40.0,0.0,0.09090909090909091,0.6,0.4
16,202507010110,34,30,26,203,5,1,4,30,1,1,0,10,1,3,0,32,4,1,0,11,0,1,0,4,0,0,0,1,0,0,0,0,0,0,0,0,0.0,0.0,10.0,1.0,37.6,0.0,0.0625,0.0,0.0,20.0,4.0,38.6,1.0,0.2222222222222222,0.0,0.0,10.0,1.0,39.1,0.0,0.08333333333333333,0.0,-2.0,-200.0,0.15254237288135594,0.3728813559322034,5,10,4.7,2.0,1152,1199,1428,0.0,0.0,10.0,2.0,39.0,0.3,0.15384615384615385,0.0,0.0,40.0,2.0,38.0,0.4,0.07142857142857142,0.0,0.8
17,202507010110,35,37,29,283,4,2,2,19,0,1,1,1,11,7,6,73,0,0,0,4,0,0,0,0,0,0,0,7,0,0,0,0,0,0,0,0,0.0,0.0,40.0,13.0,38.0,2.1,0.125,0.0,0.0,50.0,3.0,37.8,0.4,0.0625,0.0,0.0,40.0,1.0,37.1,0.0,0.125,-6.0,6.0,50.0,0.19444444444444445,0.3888888888888889,2,3,11.7,4.0,1576,577,1577,0.0,0.0,20.0,9.0,41.7,2.9,0.25,0.0,0.0,30.0,9.0,37.1,1.2,0.75,-0.2,0.4
18,202507010110,27,19,19,153,15,12,22,231,1,0,0,4,8,7,2,30,3,2,4,40,1,0,0,1,0,1,0,3,0,0,0,4,0,0,0,1,0.0,0.0,150.0,6.0,36.1,0.7,0.75,0.0,0.0,80.0,7.0,36.0,1.3,0.9285714285714286,0.0,0.0,140.0,9.0,35.4,0.6,0.8,1.5,-2.0,0.0,0.047619047619047616,0.14285714285714285,1,2,63.1,12.0,1467,1263,336,0.0,0.0,160.0,10.0,36.2,1.3,0.75,0.0,0.0,120.0,14.0,35.4,1.9,1.0,1.9,0.0
19,202507010110,2,5,6,78,40,32,33,338,0,0,1,1,0,1,1,19,8,5,7,63,0,0,0,0,0,0,0,0,0,0,0,0,0,0,0,0,0.0,0.0,80.0,7.0,36.9,0.8,0.5,0.0,0.0,60.0,5.0,37.0,0.7,0.5625,0.0,0.0,90.0,16.0,39.1,3.6,0.1875,4.5,4.0,0.0,0.0,0.14285714285714285,1,1,27.0,8.0,1431,1167,1428,0.0,0.0,60.0,5.0,37.5,0.5,0.3125,0.0,0.0,10.0,13.0,37.8,1.3,0.375,1.2,0.0
20,202507010110,1,2,4,18,3,2,0,15,0,0,0,2,1,1,3,8,0,0,0,5,0,0,0,2,0,0,0,1,0,0,0,1,0,0,0,1,0.0,0.0,80.0,2.0,36.6,0.9,0.3125,0.0,0.0,90.0,15.0,40.5,3.1,0.0625,0.0,0.0,120.0,13.0,37.6,1.1,0.125,5.5,0.0,50.0,,,4,8,20.8,6.0,1579,962,1605,0.0,0.0,90.0,14.0,39.1,2.1,0.13333333333333333,0.0,0.0,60.0,15.0,39.1,1.9,0.0625,2.5,0.2
21,202507010110,12,25,18,150,0,1,0,0,0,0,0,0,1,1,2,15,0,0,0,0,0,0,0,0,0,0,0,0,0,0,0,0,0,0,0,0,0.0,0.0,50.0,5.0,35.6,0.6,1.0,0.0,0.0,100.0,1.0,36.0,0.0,0.8125,0.0,0.0,80.0,4.0,36.3,0.5,0.6923076923076923,-0.5,-4.0,0.0,0.10144927536231885,0.34782608695652173,3,6,13.4,5.0,1304,497,1503,0.0,0.0,110.0,11.0,35.0,1.7,1.0,0.0,0.0,80.0,5.0,34.4,0.6,0.625,1.0,0.2
22,202507010110,24,21,22,189,0,0,1,1,0,0,1,1,6,5,6,45,0,0,1,1,0,0,1,1,0,0,1,4,0,0,0,0,0,0,0,0,0.0,0.0,70.0,7.0,37.5,1.6,0.18181818181818182,0.0,0.0,140.0,14.0,37.3,1.4,0.4375,0.0,0.0,70.0,1.0,36.5,0.0,0.5625,-3.0,0.0,-200.0,0.05970149253731343,0.19402985074626866,7,14,41.4,10.0,1278,1510,625,0.0,0.0,70.0,8.0,36.1,0.8,0.75,0.0,0.0,70.0,3.0,35.6,0.2,0.5833333333333334,-1.4,0.4
23,202507010110,5,7,3,84,3,2,2,34,1,0,0,2,3,2,0,30,2,1,2,12,1,0,0,2,0,0,0,1,0,0,1,1,0,0,0,1,0.0,0.0,130.0,15.0,37.4,2.7,0.5,0.0,0.0,140.0,7.0,35.9,0.6,0.6875,0.0,0.0,90.0,9.0,37.2,0.8,0.8125,-3.0,-4.0,0.0,0.029411764705882353,0.1323529411764706,3,5,127.3,14.0,1095,1551,1221,0.0,0.0,60.0,6.0,36.5,0.8,0.5625,0.0,0.0,20.0,1.0,36.1,0.0,0.6923076923076923,-2.9,0.2
24,202507010110,9,8,5,102,3,1,1,30,0,0,0,1,7,6,5,66,0,0,0,13,0,0,0,1,1,1,0,4,0,0,0,1,0,0,0,1,0.0,0.0,30.0,4.0,36.3,1.2,0.625,0.0,0.0,90.0,5.0,35.3,0.3,0.75,0.0,0.0,50.0,7.0,36.1,1.1,0.875,1.5,14.0,50.0,0.10344827586206896,0.22988505747126436,8,15,27.8,9.0,1228,1322,1108,0.0,0.0,100.0,8.0,35.3,0.6,0.8125,0.0,0.0,120.0,2.0,35.8,0.2,0.875,-0.1,0.2
25,202507010110,1,2,4,29,3,2,3,24,0,0,0,1,1,1,1,8,1,1,0,5,0,0,0,0,0,0,0,0,0,0,0,0,0,0,0,0,0.0,0.0,20.0,6.0,37.9,1.1,0.3333333333333333,0.0,0.0,40.0,4.0,36.7,0.3,0.26666666666666666,0.0,0.0,20.0,8.0,36.4,1.4,0.75,1.0,-2.0,-200.0,,,4,7,5.0,3.0,1432,1665,1428,0.0,0.0,20.0,2.0,36.6,0.2,0.4,0.0,0.0,30.0,3.0,37.2,1.0,0.36363636363636365,-0.8,0.4
26,202507010110,3,2,1,11,1,3,2,9,1,1,0,0,1,2,1,5,1,2,1,0,1,1,0,0,0,0,0,0,0,0,0,0,0,0,0,0,0.0,0.0,30.0,1.0,36.3,0.0,0.125,0.0,0.0,10.0,1.0,35.7,0.0,0.07692307692307693,0.0,0.0,50.0,2.0,37.1,0.4,0.26666666666666666,0.5,4.0,0.0,0.10256410256410256,0.3076923076923077,2,4,2.3,1.0,832,464,351,0.0,0.0,100.0,7.0,37.8,0.6,0.4666666666666667,0.0,0.0,30.0,8.0,37.6,1.0,0.4375,2.0,0.6
27,202507010110,35,37,29,283,18,14,17,156,1,0,0,6,11,7,6,73,2,4,6,36,0,0,0,3,0,0,0,7,0,0,0,3,0,0,0,2,0.0,0.0,80.0,13.0,35.5,1.0,0.8,0.0,0.0,30.0,9.0,37.4,1.1,0.625,0.0,0.0,40.0,4.0,35.1,0.3,0.8125,-4.5,-6.0,-100.0,0.057692307692307696,0.15384615384615385,6,11,23.7,7.0,1576,1618,1577,0.0,0.0,100.0,5.0,35.5,0.9,0.9375,0.0,0.0,50.0,13.0,37.7,1.5,0.5,-0.4,0.0
28,202507010110,3,3,5,32,40,32,33,338,1,0,0,0,1,1,2,10,8,5,7,63,1,0,0,0,0,0,0,0,0,0,0,0,0,0,0,0,0.0,0.0,130.0,13.0,35.3,1.1,0.625,0.0,0.0,70.0,8.0,37.3,0.8,0.375,0.0,0.0,30.0,10.0,37.0,1.1,0.4375,-1.5,6.0,0.0,0.08870967741935484,0.27419354838709675,8,16,61.5,11.0,1289,1167,1428,0.0,0.0,20.0,10.0,35.8,1.3,0.8125,0.0,0.0,30.0,8.0,37.7,1.1,0.3076923076923077,-0.8,0.0
29,202507010110,35,37,29,283,0,2,0,3,0,1,0,3,11,7,6,73,0,0,0,0,0,0,0,0,0,0,0,7,0,0,0,0,0,0,0,0,0.0,0.0,100.0,12.0,37.8,2.3,0.5,0.0,0.0,80.0,1.0,36.3,0.0,0.4666666666666667,0.0,0.0,90.0,12.0,39.5,1.5,0.2,0.0,-2.0,-200.0,0.0625,0.1875,6,12,85.6,13.0,1576,1314,1577,0.0,0.0,140.0,15.0,35.8,2.3,0.25,0.0,0.0,80.0,15.0,39.6,3.2,0.0625,2.0,0.2
30,202507010110,15,16,19,150,1,0,0,20,0,0,0,5,1,2,3,28,0,0,0,7,0,0,0,3,0,0,0,3,0,0,0,3,0,0,0,3,0.0,0.0,160.0,15.0,35.4,1.4,0.9375,0.0,0.0,140.0,10.0,35.5,1.8,1.0,0.0,0.0,150.0,13.0,36.2,1.7,0.9333333333333333,-1.0,0.0,0.0,0.034482758620689655,0.3103448275862069,7,13,299.0,16.0,1586,1029,1167,0.0,0.0,120.0,15.0,36.9,1.3,0.8,0.0,0.0,160.0,10.0,36.4,0.7,0.75,-0.5,0.0
31,202507010110,2,2,2,40,27,24,14,272,2,0,0,1,0,0,0,1,5,3,4,71,0,0,0,0,0,0,0,0,0,1,0,0,0,0,0,0,0.0,0.0,140.0,14.0,37.8,1.6,0.4375,0.0,0.0,110.0,8.0,36.0,1.5,1.0,0.0,0.0,130.0,7.0,36.6,0.6,0.5333333333333333,-3.5,4.0,0.0,0.06666666666666667,0.2,5,9,142.0,15.0,1175,1013,882,0.0,0.0,140.0,3.0,36.6,0.7,0.1875,0.0,0.0,130.0,12.0,36.9,1.5,0.6875,-0.9,0.2
32,202507010202,24,15,26,160,18,14,17,156,6,1,3,11,5,4,5,37,2,4,6,36,2,0,0,0,0,3,4,14,0,0,2,11,0,0,0,0,0.0,0.0,40.0,2.0,37.2,0.1,0.13333333333333333,0.0,0.0,10.0,3.0,39.2,1.1,0.3333333333333333,0.0,0.0,50.0,6.0,37.3,1.1,0.6428571428571429,2.0,2.0,0.0,0.1016949152542373,0.3050847457627119,5,9,2.8,1.0,1520,1618,695,,,,,,,,,,,,,,,2.0,0.6666666666666666
33,202507010202,0,0,0,3,0,0,0,2,0,0,0,1,0,0,0,0,0,0,0,0,0,0,0,0,0,0,0,0,0,0,0,0,0,0,0,0,0.0,0.0,70.0,4.0,37.8,0.6,0.0625,,,,,,,,,,,,,,,,,-200.0,0.0,0.0975609756097561,3,6,5.4,2.0,153,944,699,,,,,,,,,,,,,,,,0.0
34,202507010202,0,1,2,2,12,13,21,183,0,0,0,1,0,1,0,1,2,3,2,23,0,0,0,0,0,1,0,0,1,0,1,6,0,0,0,0,0.0,0.0,60.0,3.0,37.3,0.3,0.13333333333333333,,,,,,,,,,,,,,,,,-200.0,0.0,0.125,8,15,9.6,6.0,1550,1345,32,,,,,,,,,,,,,,,,1.0
35,202507010202,16,14,16,207,1,4,4,32,0,0,0,0,1,1,1,29,0,1,1,7,0,0,0,0,0,0,0,13,0,1,0,3,0,0,0,0,0.0,0.0,40.0,5.0,39.1,1.2,0.8181818181818182,0.0,0.0,40.0,6.0,39.4,1.4,1.0,0.0,0.0,80.0,4.0,39.1,1.5,0.5714285714285714,-0.5,-6.0,-600.0,0.10227272727272728,0.22727272727272727,4,8,8.4,4.0,1605,1430,1,0.0,0.0,60.0,7.0,40.6,4.2,0.5,,,,,,,,0.4,0.0
36,202507010202,6,6,8,67,20,12,12,149,0,0,0,2,5,2,2,23,3,2,3,40,0,0,0,0,2,0,0,8,2,1,0,9,0,0,0,0,0.0,0.0,110.0,3.0,35.7,0.5,0.875,0.0,0.0,40.0,10.0,38.8,2.2,0.4375,,,,,,,,7.0,-6.0,0.0,0.07142857142857142,0.07142857142857142,4,7,5.5,3.0,1333,1221,1294,,,,,,,,,,,,,,,7.0,0.5
37,202507010202,0,0,1,0,2,0,3,23,0,0,0,0,0,0,1,0,1,0,2,7,0,0,0,0,0,0,1,0,0,0,2,2,0,0,0,0,0.0,0.0,120.0,11.0,38.9,2.5,0.3125,0.0,0.0,130.0,6.0,34.4,1.1,0.35714285714285715,0.0,0.0,90.0,10.0,38.1,3.1,0.1,-0.5,4.0,0.0,0.0,0.2727272727272727,1,2,183.2,15.0,1566,1172,1393,0.0,0.0,80.0,11.0,37.3,4.2,1.0,0.0,0.0,,,,,,0.4,0.0
38,202507010202,3,2,3,45,20,12,12,149,0,0,0,0,0,0,0,3,3,2,3,40,0,0,0,0,0,0,0,1,2,1,0,9,0,0,0,0,0.0,0.0,60.0,8.0,37.9,1.8,0.5,0.0,0.0,60.0,2.0,37.1,2.4,0.7272727272727273,0.0,0.0,150.0,5.0,37.0,3.0,0.6875,-1.5,-2.0,0.0,0.034482758620689655,0.1724137931034483,3,5,29.2,8.0,1434,1221,969,,,,,,,,,,,,,,,-1.5,0.3333333333333333
39,202507010202,0,1,2,11,15,9,6,130,0,0,0,0,0,0,0,3,3,2,0,38,0,0,0,0,0,0,0,2,2,0,0,11,0,0,0,0,0.0,0.0,120.0,9.0,36.4,1.0,0.23076923076923078,,,,,,,,,,,,,,,,,-200.0,0.088,0.272,2,3,70.1,11.0,1564,1393,334,,,,,,,,,,,,,,,,0.0
40,202507010202,0,2,1,5,0,1,0,8,0,0,0,0,0,0,0,1,0,0,0,1,0,0,0,0,0,0,0,0,0,0,0,0,0,0,0,0,0.0,0.0,50.0,6.0,36.1,1.0,0.07142857142857142,0.0,0.0,70.0,5.0,34.2,0.3,0.36363636363636365,,,,,,,,-1.0,-4.0,-400.0,0.09090909090909091,0.22727272727272727,5,10,9.0,5.0,1352,779,1503,,,,,,,,,,,,,,,-1.0,0.0
41,202507010202,0,0,0,12,0,0,0,0,0,0,0,0,0,0,0,4,0,0,0,0,0,0,0,0,0,0,0,3,0,0,0,0,0,0,0,0,0.0,0.0,140.0,13.0,38.7,3.2,0.75,0.0,0.0,90.0,7.0,38.2,1.8,0.25,0.0,0.0,90.0,8.0,38.3,2.1,0.42857142857142855,-2.5,4.0,0.0,0.058823529411764705,0.17647058823529413,1,1,139.3,14.0,1286,397,1503,0.0,0.0,50.0,5.0,37.4,1.6,0.4444444444444444,0.0,0.0,80.0,9.0,39.2,3.3,0.8888888888888888,-1.0,0.0
42,202507010202,5,3,3,20,3,1,0,22,0,0,0,1,1,1,0,5,1,0,0,6,0,0,0,1,1,0,0,1,0,0,0,4,0,0,0,1,0.0,0.0,90.0,8.0,40.4,1.7,0.0625,0.0,0.0,60.0,5.0,37.4,1.2,0.5,0.0,0.0,60.0,16.0,42.4,4.5,0.1875,4.0,4.0,-200.0,0.05660377358490566,0.1509433962264151,8,16,14.8,7.0,1479,79,857,,,,,,,,,,,,,,,4.0,0.0
43,202507010202,4,7,7,101,0,0,0,0,0,0,0,0,3,1,2,36,0,0,0,0,0,0,0,0,1,1,1,15,0,0,0,0,0,0,0,0,0.0,0.0,160.0,12.0,38.3,2.0,0.5,0.0,0.0,150.0,12.0,38.4,1.8,0.4375,0.0,0.0,110.0,12.0,40.1,2.5,0.15384615384615385,0.0,8.0,0.0,0.08333333333333333,0.1388888888888889,2,4,470.5,16.0,1204,1203,1221,0.0,0.0,80.0,6.0,38.0,1.7,0.4166666666666667,0.0,0.0,120.0,11.0,38.6,2.2,0.25,-0.8,0.0
44,202507010202,4,1,5,27,2,1,0,7,0,0,0,0,0,0,0,2,1,1,0,1,0,0,0,0,0,0,0,2,1,1,0,1,0,0,0,0,0.0,0.0,10.0,9.0,38.7,1.9,0.3076923076923077,0.0,0.0,10.0,2.0,38.0,0.8,0.13333333333333333,,,,,,,,-7.0,0.0,0.0,0.06451612903225806,0.1774193548387097,7,14,40.7,9.0,1248,1576,1428,,,,,,,,,,,,,,,-7.0,0.5
45,202507010202,24,21,22,189,2,1,0,7,0,0,0,0,6,5,6,45,1,1,0,1,0,0,0,0,3,1,3,14,1,1,0,1,0,0,0,0,0.0,0.0,60.0,8.0,39.1,2.5,0.6,,,,,,,,,,,,,,,,,0.0,0.08,0.17333333333333334,6,11,112.1,12.0,1278,1576,625,,,,,,,,,,,,,,,,0.0
46,202507010202,5,6,6,73,0,0,0,3,0,0,0,0,2,2,2,36,0,0,0,0,0,0,0,0,0,1,1,19,0,0,0,0,0,0,0,0,0.0,0.0,120.0,15.0,37.7,2.6,0.75,0.0,0.0,70.0,6.0,34.5,0.6,0.5625,,,,,,,,-9.0,-6.0,0.0,0.15966386554621848,0.37815126050420167,7,13,127.1,13.0,1629,1005,1428,,,,,,,,,,,,,,,-9.0,0.0
47,202507010202,0,0,0,6,0,0,1,6,0,0,0,0,0,0,0,2,0,0,0,3,0,0,0,0,0,0,0,1,0,0,0,1,0,0,0,0,,,,,,,,,,,,,,,,,,,,,,,,,0.08,0.28,6,12,42.0,10.0,1382,1396,707,,,,,,,,,,,,,,,,
48,202507010302,22,24,19,197,0,0,0,1,0,0,0,0,8,8,3,63,0,0,0,0,0,0,0,0,3,4,1,19,0,0,0,0,0,0,0,0,0.0,0.0,10.0,4.0,37.8,1.1,0.125,0.0,0.0,30.0,2.0,37.4,0.3,0.3333333333333333,0.0,0.0,10.0,4.0,38.4,0.6,0.3076923076923077,0.0,-6.0,0.0,0.11764705882352941,0.29411764705882354,4,7,3.3,1.0,1172,884,1556,0.0,0.0,30.0,4.0,36.0,0.9,0.2857142857142857,,,,,,,,0.2,0.25
49,202507010302,5,6,6,73,25,24,24,231,0,1,1,1,2,2,2,36,3,3,4,50,0,0,1,0,0,1,1,19,1,1,2,16,0,0,0,0,,,,,,,,,,,,,,,,,,,,,,,,,0.06060606060606061,0.15151515151515152,8,16,33.7,9.0,1629,1558,1428,,,,,,,,,,,,,,,,
50,202507010302,0,0,0,1,2,1,0,8,0,0,0,0,0,0,0,0,0,0,0,0,0,0,0,0,0,0,0,0,0,0,0,0,0,0,0,0,0.0,0.0,110.0,13.0,36.2,2.3,0.2857142857142857,,,,,,,,,,,,,,,,,-400.0,0.09523809523809523,0.09523809523809523,5,9,76.1,12.0,1347,115,1396,,,,,,,,,,,,,,,,0.0
51,202507010302,2,0,2,3,10,10,7,118,0,0,0,1,1,0,0,2,3,0,0,26,0,0,0,1,1,0,0,1,3,0,0,15,0,0,0,1,0.0,0.0,60.0,6.0,37.1,1.1,0.75,0.0,0.0,70.0,3.0,37.4,0.4,0.23076923076923078,0.0,0.0,90.0,7.0,38.4,1.1,0.7692307692307693,0.5,4.0,0.0,0.028985507246376812,0.13043478260869565,3,5,39.4,10.0,1652,1366,314,0.0,0.0,130.0,5.0,37.1,1.0,0.7333333333333333,0.0,0.0,60.0,5.0,37.3,2.0,0.6666666666666666,0.0,0.2
52,202507010302,24,15,26,160,6,10,9,77,0,0,0,1,5,4,5,37,2,5,1,20,0,0,0,0,0,3,4,14,1,0,1,6,0,0,0,0,0.0,0.0,100.0,10.0,39.6,4.7,0.75,0.0,0.0,120.0,15.0,39.4,2.9,0.9375,0.0,0.0,90.0,6.0,37.9,2.2,1.0,-2.0,8.0,0.0,0.04411764705882353,0.10294117647058823,4,8,244.2,16.0,1520,1228,695,,,,,,,,,,,,,,,-2.0,0.0
53,202507010302,7,13,9,103,1,1,1,17,0,0,0,0,2,1,1,18,0,0,1,9,0,0,0,0,0,1,1,12,0,0,0,3,0,0,0,0,,,,,,,,,,,,,,,,,,,,,,,,,0.05555555555555555,0.14814814814814814,6,12,71.0,11.0,1098,1278,1294,,,,,,,,,,,,,,,,
54,202507010302,4,7,7,101,0,0,0,0,0,0,0,0,3,1,2,36,0,0,0,0,0,0,0,0,1,1,1,15,0,0,0,0,0,0,0,0,,,,,,,,,,,,,,,,,,,,,,,,,0.05555555555555555,0.16666666666666666,1,2,139.5,15.0,1204,1674,1221,,,,,,,,,,,,,,,,
55,202507010302,1,0,0,9,20,12,12,149,0,0,0,0,0,0,0,1,3,2,3,40,0,0,0,0,0,0,0,0,2,1,0,9,0,0,0,0,0.0,0.0,60.0,2.0,37.0,0.0,0.5625,,,,,,,,,,,,,,,,,0.0,0.0,0.0,7,13,4.2,2.0,1689,1221,1294,,,,,,,,,,,,,,,,1.0
56,202507010302,15,16,19,150,1,1,1,9,0,0,0,0,1,2,3,28,0,0,0,7,0,0,0,0,1,0,0,8,0,0,0,3,0,0,0,0,0.0,0.0,70.0,6.0,40.0,2.2,0.6923076923076923,0.0,0.0,30.0,3.0,37.3,2.4,0.75,0.0,0.0,90.0,4.0,35.6,1.1,0.7777777777777778,-1.0,4.0,-200.0,0.06666666666666667,0.16666666666666666,8,15,24.0,7.0,1586,1031,1167,0.0,0.0,160.0,15.0,38.0,4.1,1.0,,,,,,,,2.8,0.25
57,202507010302,10,15,8,117,18,16,30,221,0,0,0,2,2,4,3,32,4,3,7,39,0,0,0,0,0,1,1,16,3,2,3,13,0,0,0,0,0.0,0.0,90.0,9.0,39.0,2.0,0.25,,,,,,,,,,,,,,,,,-200.0,0.07692307692307693,0.23076923076923078,7,14,19.3,6.0,1020,1294,1576,,,,,,,,,,,,,,,,0.0
58,202507010302,5,0,1,3,0,0,1,5,0,0,0,0,0,0,0,0,0,0,1,3,0,0,0,0,0,0,0,0,0,0,1,1,0,0,0,0,0.0,0.0,20.0,9.0,37.1,1.3,0.75,,,,,,,,,,,,,,,,,0.0,0.07692307692307693,0.2692307692307692,5,10,26.0,8.0,1469,432,88,,,,,,,,,,,,,,,,0.0
59,202507010302,0,0,0,5,0,0,0,3,0,0,0,1,0,0,0,1,0,0,0,0,0,0,0,0,0,0,0,1,0,0,0,0,0,0,0,0,0.0,0.0,90.0,12.0,41.9,3.2,0.4666666666666667,0.0,0.0,80.0,9.0,38.4,2.4,0.6363636363636364,,,,,,,,-3.0,8.0,-500.0,0.1092436974789916,0.31092436974789917,2,4,121.2,14.0,1097,1005,1221,,,,,,,,,,,,,,,-3.0,0.0
60,202507010302,10,15,8,117,3,1,1,30,0,0,0,1,2,4,3,32,0,0,0,13,0,0,0,1,0,1,1,16,0,0,0,4,0,0,0,0,0.0,0.0,70.0,7.0,38.9,3.4,0.5,0.0,0.0,80.0,5.0,38.0,0.8,0.5,,,,,,,,-2.0,0.0,0.0,0.012987012987012988,0.11688311688311688,3,6,86.9,13.0,1020,1322,1576,,,,,,,,,,,,,,,-2.0,0.0
61,202507010302,11,18,23,142,7,15,11,139,0,0,1,7,1,3,4,15,2,8,5,39,0,0,0,2,0,2,1,2,1,5,2,18,0,0,0,0,0.0,0.0,70.0,3.0,35.7,0.5,0.3333333333333333,,,,,,,,,,,,,,,,,-200.0,0.10112359550561797,0.2247191011235955,6,11,9.6,5.0,1127,1235,1328,,,,,,,,,,,,,,,,1.0
62,202507010302,24,21,22,189,15,9,6,130,1,1,0,2,6,5,6,45,3,2,0,38,0,0,0,1,3,1,3,14,2,0,0,11,0,0,0,0,,,,,,,,,,,,,,,,,,,,,,,,,0.15254237288135594,0.4576271186440678,2,3,4.6,3.0,1278,1393,625,,,,,,,,,,,,,,,,
63,202507010302,4,1,5,27,3,2,1,14,0,0,0,1,0,0,0,2,0,0,0,4,0,0,0,1,0,0,0,2,0,0,0,4,0,0,0,1,0.0,0.0,20.0,6.0,38.4,1.0,0.08333333333333333,0.0,0.0,20.0,2.0,36.0,0.2,0.23076923076923078,0.0,0.0,30.0,4.0,36.3,1.6,0.375,-1.0,6.0,0.0,0.03278688524590164,0.13114754098360656,1,1,6.6,4.0,1248,666,1428,,,,,,,,,,,,,,,-1.0,0.3333333333333333
64,202507010403,27,19,19,153,18,14,17,156,0,0,0,1,8,7,2,30,2,4,6,36,0,0,0,0,0,1,1,13,0,0,2,11,0,0,0,0,0.0,0.0,40.0,6.0,38.9,3.4,0.125,,,,,,,,,,,,,,,,,0.0,0.08695652173913043,0.21739130434782608,2,3,24.2,7.0,1467,1618,336,,,,,,,,,,,,,,,,0.0
65,202507010403,27,19,19,153,1,0,0,7,0,0,0,0,8,7,2,30,0,0,0,1,0,0,0,0,0,1,1,13,0,0,0,1,0,0,0,0,0.0,0.0,20.0,2.0,38.8,0.2,0.15384615384615385,0.0,0.0,10.0,2.0,35.8,0.0,0.23076923076923078,0.0,0.0,30.0,3.0,33.9,0.1,0.3333333333333333,0.5,6.0,-200.0,0.26666666666666666,0.5333333333333333,3,6,2.8,1.0,1467,525,336,,,,,,,,,,,,,,,0.5,1.0
66,202507010403,2,0,2,3,0,0,0,8,0,0,0,0,1,0,0,2,0,0,0,0,0,0,0,0,1,0,0,1,0,0,0,0,0,0,0,0,0.0,0.0,20.0,3.0,36.7,0.3,0.25,0.0,0.0,50.0,5.0,39.6,2.3,0.0625,,,,,,,,2.0,-10.0,0.0,0.15,0.45,4,7,6.8,3.0,1652,1009,314,,,,,,,,,,,,,,,2.0,0.5
67,202507010403,0,1,3,13,2,2,3,17,0,0,1,0,0,1,1,2,0,2,1,5,0,0,0,0,0,1,0,0,0,0,0,1,0,0,0,0,0.0,0.0,40.0,3.0,37.9,0.6,0.4375,0.0,0.0,50.0,6.0,37.6,1.4,0.8125,,,,,,,,3.0,-8.0,-200.0,0.15702479338842976,0.371900826446281,5,9,11.2,5.0,1261,1520,387,,,,,,,,,,,,,,,3.0,0.5
68,202507010403,4,10,8,59,0,0,0,0,0,0,0,0,2,5,6,18,0,0,0,0,0,0,0,0,0,1,0,4,0,0,0,0,0,0,0,0,0.0,0.0,50.0,14.0,37.7,5.1,0.7857142857142857,,,,,,,,,,,,,,,,,0.0,0.06666666666666667,0.06666666666666667,1,1,11.6,6.0,1148,1389,1393,,,,,,,,,,,,,,,,0.0
69,202507010403,4,10,8,59,10,10,7,118,0,1,0,1,2,5,6,18,3,0,0,26,0,0,0,0,0,1,0,4,3,0,0,15,0,0,0,0,0.0,0.0,10.0,5.0,39.0,0.4,0.15384615384615385,0.0,0.0,30.0,2.0,38.1,0.3,0.2727272727272727,0.0,0.0,40.0,2.0,36.8,0.3,0.18181818181818182,-1.5,-4.0,-200.0,0.07792207792207792,0.16883116883116883,6,11,3.1,2.0,1148,1366,1393,,,,,,,,,,,,,,,-1.5,0.6666666666666666
70,202507010403,23,16,21,209,0,3,4,41,0,0,0,1,1,2,3,22,0,1,2,10,0,0,0,0,0,1,2,7,0,1,0,1,0,0,0,0,0.0,0.0,60.0,11.0,35.0,1.1,0.625,,,,,,,,,,,,,,,,,0.0,0.02857142857142857,0.14285714285714285,7,13,160.4,15.0,1691,1313,1167,,,,,,,,,,,,,,,,0.0
71,202507010403,0,2,3,39,20,12,12,149,0,1,0,3,0,1,1,23,3,2,3,40,0,0,0,1,0,0,0,13,2,1,0,9,0,0,0,1,0.0,0.0,70.0,4.0,37.7,0.8,0.42857142857142855,,,,,,,,,,,,,,,,,0.0,0.1,0.34285714285714286,2,4,7.6,4.0,1534,1221,1235,,,,,,,,,,,,,,,,0.0
72,202507010403,15,16,19,150,12,13,9,129,1,1,2,6,1,2,3,28,3,1,5,34,0,0,1,1,1,0,0,8,0,1,1,15,0,0,0,0,0.0,0.0,50.0,8.0,37.6,1.8,0.75,0.0,0.0,50.0,4.0,38.2,2.5,0.4166666666666667,0.0,0.0,80.0,3.0,36.9,1.0,0.3333333333333333,-2.5,-4.0,0.0,0.07407407407407407,0.2345679012345679,6,12,47.2,9.0,1586,1503,1167,0.0,0.0,140.0,12.0,39.6,3.1,0.5,,,,,,,,1.1,0.25
73,202507010403,0,2,1,5,2,0,3,23,0,0,0,0,0,0,0,1,1,0,2,7,0,0,0,0,0,0,0,0,0,0,2,2,0,0,0,0,0.0,0.0,60.0,11.0,35.9,1.6,0.29411764705882354,0.0,0.0,60.0,2.0,35.0,0.5,0.875,0.0,0.0,70.0,8.0,35.2,0.8,1.0,-1.5,2.0,0.0,0.1891891891891892,0.40540540540540543,3,5,35.2,8.0,1352,1172,1503,0.0,0.0,60.0,5.0,35.7,2.2,0.2727272727272727,,,,,,,,-1.2,0.25
74,202507010403,27,19,19,153,7,15,11,139,0,0,1,1,8,7,2,30,2,8,5,39,0,0,0,1,0,1,1,13,1,5,2,18,0,0,0,1,0.0,0.0,140.0,11.0,38.7,1.4,0.375,0.0,0.0,60.0,9.0,34.3,1.5,0.875,,,,,,,,-2.0,4.0,0.0,0.041666666666666664,0.16666666666666666,7,14,154.0,14.0,1467,1235,336,,,,,,,,,,,,,,,-2.0,0.0
75,202507010403,24,21,22,189,15,9,6,130,1,1,0,2,6,5,6,45,3,2,0,38,0,0,0,1,3,1,3,14,2,0,0,11,0,0,0,0,0.0,0.0,120.0,13.0,38.5,2.3,0.6,0.0,0.0,50.0,6.0,39.1,1.8,0.3,0.0,0.0,30.0,7.0,36.3,1.8,0.875,-3.0,-2.0,0.0,0.05,0.15,5,10,127.6,11.0,1278,1393,625,,,,,,,,,,,,,,,-3.0,0.0
76,202507010403,1,0,0,4,0,0,0,0,0,0,0,0,0,0,0,0,0,0,0,0,0,0,0,0,0,0,0,0,0,0,0,0,0,0,0,0,0.0,0.0,40.0,14.0,39.9,4.5,0.5,,,,,,,,,,,,,,,,,-200.0,0.012658227848101266,0.11392405063291139,1,2,108.2,10.0,615,330,941,,,,,,,,,,,,,,,,0.0
77,202507010403,3,2,3,45,18,16,30,221,0,0,0,3,0,0,0,3,4,3,7,39,0,0,0,0,0,0,0,1,3,2,3,13,0,0,0,0,0.0,0.0,60.0,10.0,37.6,1.9,0.9230769230769231,0.0,0.0,70.0,6.0,36.2,1.4,0.7777777777777778,0.0,0.0,50.0,11.0,35.3,1.5,0.4444444444444444,0.5,0.0,0.0,0.0,0.3,8,16,144.1,13.0,1434,1294,969,,,,,,,,,,,,,,,0.5,0.0
78,202507010403,0,2,3,39,3,1,0,3,0,0,0,0,0,1,1,23,0,0,0,0,0,0,0,0,0,0,0,13,0,0,0,0,0,0,0,0,0.0,0.0,120.0,10.0,37.8,1.3,0.06666666666666667,0.0,0.0,100.0,8.0,36.6,1.6,0.4,0.0,0.0,110.0,9.0,37.8,2.8,0.5714285714285714,-0.5,4.0,0.0,0.0873015873015873,0.2698412698412698,4,8,129.6,12.0,1534,38,1235,,,,,,,,,,,,,,,-0.5,0.0
79,202507010403,0,0,0,1,0,0,0,0,0,0,0,0,0,0,0,1,0,0,0,0,0,0,0,0,0,0,0,1,0,0,0,0,0,0,0,0,0.0,0.0,160.0,16.0,40.2,3.1,0.4375,0.0,0.0,110.0,11.0,36.2,2.3,0.36363636363636365,,,,,,,,-5.0,8.0,0.0,0.06896551724137931,0.13793103448275862,8,15,349.6,16.0,1492,1147,324,,,,,,,,,,,,,,,-5.0,0.0
80,202507010408,10,15,8,117,10,14,14,142,0,3,1,5,2,4,3,32,1,6,3,29,0,2,0,1,2,3,1,8,0,4,1,12,0,2,0,1,0.0,0.0,20.0,3.0,37.1,0.6,0.09090909090909091,0.0,0.0,10.0,2.0,37.4,0.2,0.2,0.0,0.0,20.0,2.0,36.4,0.1,0.14285714285714285,-0.5,2.0,0.0,0.2413793103448276,0.5172413793103449,7,13,3.3,1.0,1020,1482,1576,0.0,0.0,70.0,16.0,42.0,5.5,0.3125,0.0,0.0,10.0,11.0,37.1,1.3,0.4,3.0,0.6
81,202507010408,7,9,9,76,0,1,0,3,0,1,0,0,0,5,4,29,0,1,0,0,0,1,0,0,0,3,1,11,0,1,0,0,0,1,0,0,0.0,0.0,40.0,2.0,36.5,0.3,0.125,0.0,0.0,50.0,4.0,35.7,0.9,0.6666666666666666,0.0,0.0,60.0,1.0,35.6,0.0,0.16666666666666666,-0.5,0.0,0.0,0.0,0.2222222222222222,6,12,8.5,5.0,1426,1227,306,0.0,0.0,120.0,7.0,39.8,1.7,0.14285714285714285,0.0,0.0,90.0,15.0,45.1,6.3,0.0625,2.8999999999999995,0.4
82,202507010408,5,3,3,20,12,13,9,129,0,0,0,0,1,1,0,5,3,1,5,34,0,0,0,0,0,1,0,4,2,0,2,14,0,0,0,0,0.0,0.0,30.0,2.0,36.9,0.6,0.4375,0.0,0.0,50.0,5.0,36.7,0.5,0.8571428571428571,0.0,0.0,130.0,15.0,35.5,2.6,0.8666666666666667,6.5,-2.0,0.0,0.07142857142857142,0.21428571428571427,2,3,7.9,3.0,1479,1503,857,0.0,0.0,40.0,8.0,37.5,1.6,0.4666666666666667,0.0,0.0,10.0,3.0,37.7,1.4,1.0,0.5,0.4
83,202507010408,1,0,1,23,1,1,1,14,0,0,1,1,0,0,1,10,0,0,1,4,0,0,1,1,0,0,1,5,0,0,1,2,0,0,1,1,0.0,0.0,10.0,4.0,36.3,0.2,0.4666666666666667,0.0,0.0,10.0,2.0,36.8,0.0,0.25,0.0,0.0,50.0,3.0,36.3,0.3,0.25,-0.5,-2.0,0.0,0.01282051282051282,0.11538461538461539,5,9,10.7,6.0,1540,1414,1036,0.0,0.0,40.0,4.0,36.0,1.0,0.25,0.0,0.0,90.0,1.0,34.9,0.0,0.5,-0.4,0.6
84,202507010408,22,24,19,197,25,11,20,184,0,0,0,0,8,8,3,63,9,2,3,33,0,0,0,0,3,4,1,29,5,1,0,9,0,0,0,0,0.0,0.0,60.0,14.0,40.1,3.3,0.6,0.0,0.0,70.0,3.0,37.7,0.8,0.8125,,,,,,,,-11.0,-6.0,-500.0,0.09090909090909091,0.42424242424242425,1,1,66.0,13.0,1172,1559,1556,,,,,,,,,,,,,,,-11.0,0.5
85,202507010408,9,8,5,102,2,4,2,59,1,2,1,2,7,6,5,66,1,2,1,13,1,2,1,1,2,4,3,22,1,2,1,4,1,2,1,1,0.0,0.0,20.0,2.0,37.0,0.4,0.1875,0.0,0.0,60.0,2.0,36.8,0.1,0.06666666666666667,0.0,0.0,30.0,4.0,36.0,0.3,0.5,1.0,4.0,0.0,0.0,0.25,4,7,7.9,4.0,1228,1328,1108,0.0,0.0,20.0,2.0,35.4,0.2,0.36363636363636365,0.0,0.0,30.0,3.0,35.8,0.5,0.3333333333333333,0.2,0.8
86,202507010408,38,22,32,235,27,20,21,216,4,1,2,14,13,5,8,59,7,5,2,55,0,0,0,0,7,2,2,22,2,4,2,25,0,0,0,0,0.0,0.0,40.0,6.0,43.1,3.0,0.125,0.0,0.0,90.0,8.0,39.2,1.1,0.9285714285714286,0.0,0.0,40.0,6.0,38.6,1.6,0.5,0.0,6.0,-500.0,0.1,0.2222222222222222,8,16,17.4,8.0,1716,1556,1167,0.0,0.0,70.0,7.0,38.8,1.7,0.6,0.0,0.0,30.0,10.0,36.2,1.1,0.6923076923076923,0.7,0.0
87,202507010408,38,22,32,235,25,26,37,308,2,0,2,19,13,5,8,59,5,5,5,57,1,0,0,3,7,2,2,22,2,0,1,21,1,0,0,2,0.0,0.0,20.0,9.0,34.9,1.5,0.8125,0.0,0.0,10.0,4.0,36.3,0.5,1.0,0.0,0.0,40.0,2.0,35.3,0.1,1.0,-3.5,0.0,0.0,0.05263157894736842,0.15789473684210525,4,8,11.0,7.0,1716,1183,1167,0.0,0.0,80.0,3.0,36.1,0.6,0.9333333333333333,0.0,0.0,80.0,6.0,34.9,0.8,0.8461538461538461,-0.7,0.4
88,202507010408,0,1,0,7,0,0,0,3,0,0,0,3,0,1,0,4,0,0,0,2,0,0,0,2,0,1,0,3,0,0,0,2,0,0,0,2,0.0,0.0,80.0,5.0,36.7,1.0,0.25,0.0,0.0,140.0,5.0,37.7,0.6,0.3125,0.0,0.0,80.0,11.0,39.5,2.7,0.2727272727272727,3.0,2.0,0.0,0.07894736842105263,0.17105263157894737,8,15,87.6,14.0,1516,1458,1039,0.0,0.0,30.0,1.0,38.5,0.0,0.375,0.0,0.0,60.0,3.0,37.2,1.0,0.375,-0.8,0.4
89,202507010408,5,3,3,20,27,24,14,272,0,0,0,3,1,1,0,5,5,3,4,71,0,0,0,3,0,1,0,4,3,2,2,40,0,0,0,3,0.0,0.0,110.0,10.0,36.6,1.2,0.4375,0.0,0.0,50.0,12.0,37.8,2.3,0.6875,0.0,0.0,80.0,10.0,38.5,1.1,0.2857142857142857,0.0,-8.0,0.0,0.09090909090909091,0.13636363636363635,1,2,60.5,11.0,1479,1013,857,0.0,0.0,60.0,5.0,37.4,1.0,0.38461538461538464,0.0,0.0,140.0,6.0,37.8,1.3,0.26666666666666666,-1.5,0.0
90,202507010408,23,16,21,209,7,15,11,139,1,1,2,1,1,2,3,22,2,8,5,39,0,1,2,0,1,1,1,8,1,3,3,13,0,0,1,0,0.0,0.0,60.0,3.0,35.8,0.5,0.4375,0.0,0.0,70.0,8.0,35.8,1.2,0.8125,0.0,0.0,70.0,5.0,36.7,0.4,0.7333333333333333,1.0,2.0,0.0,0.0,0.11904761904761904,3,6,23.2,9.0,1691,1235,1167,0.0,0.0,90.0,7.0,38.1,0.9,0.5714285714285714,0.0,0.0,40.0,6.0,38.6,1.4,0.6,0.5,0.2
91,202507010408,8,7,7,102,20,23,26,240,0,0,0,5,3,2,4,17,6,5,7,56,0,0,0,1,2,1,2,11,1,3,3,20,0,0,0,0,0.0,0.0,20.0,2.0,36.9,0.6,0.15384615384615385,0.0,0.0,40.0,6.0,35.4,0.5,0.16666666666666666,0.0,0.0,40.0,2.0,34.4,0.1,0.16666666666666666,0.0,-6.0,0.0,0.15833333333333333,0.375,2,4,4.8,2.0,1677,1428,1167,0.0,0.0,70.0,6.0,35.2,1.3,0.4,0.0,0.0,20.0,6.0,34.6,0.4,0.3333333333333333,0.8,0.4
92,202507010408,5,6,6,73,0,0,1,6,0,0,0,0,2,2,2,36,0,0,0,3,0,0,0,0,1,0,0,11,0,0,0,2,0,0,0,0,0.0,0.0,100.0,12.0,38.3,0.8,0.2857142857142857,0.0,0.0,50.0,18.0,37.2,3.7,0.6666666666666666,0.0,0.0,10.0,1.0,38.7,0.0,0.125,-5.5,10.0,-200.0,0.0,0.10526315789473684,5,10,62.1,12.0,1629,1396,1428,0.0,0.0,30.0,3.0,38.1,0.5,0.0625,0.0,0.0,20.0,8.0,40.4,1.7,0.0625,-2.3,0.4
93,202507010408,8,7,7,102,0,0,1,12,0,0,0,2,3,2,4,17,0,0,0,7,0,0,0,2,2,1,2,11,0,0,0,5,0,0,0,1,0.0,0.0,110.0,9.0,36.8,1.7,1.0,0.0,0.0,100.0,10.0,33.5,1.0,0.8333333333333334,0.0,0.0,100.0,6.0,34.0,0.2,0.8,-1.5,20.0,0.0,0.03225806451612903,0.12903225806451613,6,11,92.3,15.0,1677,1323,1167,0.0,0.0,40.0,4.0,35.3,0.3,0.6666666666666666,0.0,0.0,50.0,3.0,34.8,0.1,0.5714285714285714,-1.8,0.2
94,202507010408,1,2,3,45,4,3,4,39,0,0,0,0,0,2,1,7,1,2,0,16,0,0,0,0,0,2,1,3,0,1,0,11,0,0,0,0,0.0,0.0,110.0,8.0,37.3,1.1,0.5,0.0,0.0,140.0,10.0,37.6,1.4,0.4,0.0,0.0,110.0,10.0,39.0,1.7,0.4,1.0,-10.0,50.0,0.043478260869565216,0.10144927536231885,3,5,296.7,16.0,1489,1541,565,0.0,0.0,150.0,14.0,38.4,2.5,0.6,0.0,0.0,70.0,1.0,37.0,0.0,0.125,-1.0,0.2
95,202507010408,34,30,26,203,0,0,1,4,0,0,0,0,1,3,0,32,0,0,0,0,0,0,0,0,1,2,0,16,0,0,0,0,0,0,0,0,0.0,0.0,100.0,8.0,34.4,0.9,0.6666666666666666,0.0,0.0,130.0,10.0,34.5,0.4,0.6,0.0,0.0,80.0,11.0,35.8,1.6,0.9166666666666666,1.5,-8.0,0.0,0.0425531914893617,0.1702127659574468,7,14,59.3,10.0,1152,514,1428,0.0,0.0,60.0,5.0,34.9,1.5,0.8,0.0,0.0,70.0,10.0,35.2,1.3,0.35714285714285715,-0.1,0.0
96,202507010504,5,5,5,61,0,0,0,2,0,0,0,0,2,0,1,17,0,0,0,0,0,0,0,0,0,0,1,1,0,0,0,0,0,0,0,0,,,,,,,,,,,,,,,,,,,,,,,,,0.25806451612903225,0.5483870967741935,3,4,3.1,1.0,1401,1090,517,,,,,,,,,,,,,,,,
97,202507010504,0,0,0,4,20,12,12,149,0,0,0,0,0,0,0,1,3,2,3,40,0,0,0,0,0,0,0,0,0,0,0,3,0,0,0,0,,,,,,,,,,,,,,,,,,,,,,,,,0.0975609756097561,0.12195121951219512,4,7,32.9,9.0,1694,1221,1328,,,,,,,,,,,,,,,,
98,202507010504,0,0,0,1,0,0,0,2,0,0,0,0,0,0,0,0,0,0,0,0,0,0,0,0,0,0,0,0,0,0,0,0,0,0,0,0,,,,,,,,,,,,,,,,,,,,,,,,,0.016666666666666666,0.21666666666666667,5,9,100.4,14.0,1545,4,1428,,,,,,,,,,,,,,,,
99,202507010504,5,0,1,3,3,0,4,15,0,0,0,0,0,0,0,0,0,0,1,2,0,0,0,0,0,0,0,0,0,0,0,0,0,0,0,0,,,,,,,,,,,,,,,,,,,,,,,,,0.06666666666666667,0.26666666666666666,7,12,8.1,5.0,1469,857,88,,,,,,,,,,,,,,,,
100,202507010504,0,1,2,2,27,20,21,216,0,0,0,0,0,1,0,1,7,5,2,55,0,0,0,0,0,0,0,1,0,0,0,0,0,0,0,0,,,,,,,,,,,,,,,,,,,,,,,,,0.1557377049180328,0.36885245901639346,8,14,11.8,6.0,1550,1556,32,,,,,,,,,,,,,,,,
101,202507010504,0,0,0,6,1,4,1,13,0,0,0,0,0,0,0,2,0,1,0,1,0,0,0,0,0,0,0,1,0,0,0,0,0,0,0,0,,,,,,,,,,,,,,,,,,,,,,,,,0.08661417322834646,0.2677165354330709,3,5,5.4,3.0,1382,1225,707,,,,,,,,,,,,,,,,
102,202507010504,24,21,22,189,1,1,5,30,0,0,0,1,6,5,6,45,0,0,0,10,0,0,0,0,1,0,1,1,0,0,0,2,0,0,0,0,,,,,,,,,,,,,,,,,,,,,,,,,0.08695652173913043,0.13043478260869565,8,15,38.2,11.0,1278,1691,625,,,,,,,,,,,,,,,,
103,202507010504,17,11,10,154,1,0,1,14,0,0,0,0,2,2,2,40,0,0,0,1,0,0,0,0,0,0,0,0,0,0,0,0,0,0,0,0,,,,,,,,,,,,,,,,,,,,,,,,,0.1111111111111111,0.25,5,8,31.1,8.0,1393,197,1263,,,,,,,,,,,,,,,,
104,202507010504,5,5,5,61,3,2,3,24,0,0,0,0,2,0,1,17,1,1,0,5,0,0,0,0,0,0,1,1,0,0,0,1,0,0,0,0,,,,,,,,,,,,,,,,,,,,,,,,,0.0125,0.1125,2,2,24.7,7.0,1401,1665,517,,,,,,,,,,,,,,,,
105,202507010504,0,1,3,13,6,2,4,50,0,0,0,0,0,1,1,2,2,0,0,4,0,0,0,0,0,0,0,0,1,0,0,0,0,0,0,0,,,,,,,,,,,,,,,,,,,,,,,,,0.045454545454545456,0.18181818181818182,7,13,35.6,10.0,1261,460,387,,,,,,,,,,,,,,,,
106,202507010504,2,2,7,52,0,2,3,44,0,0,0,0,0,0,2,8,0,0,1,9,0,0,0,0,0,0,0,0,0,0,0,0,0,0,0,0,,,,,,,,,,,,,,,,,,,,,,,,,0.0,0.2727272727272727,2,3,5.0,2.0,1557,1186,1559,,,,,,,,,,,,,,,,
107,202507010504,7,9,9,76,1,1,0,7,0,0,0,0,0,5,4,29,0,0,0,1,0,0,0,0,0,0,0,2,0,0,0,0,0,0,0,0,,,,,,,,,,,,,,,,,,,,,,,,,0.058823529411764705,0.17647058823529413,1,1,59.7,13.0,1426,1266,306,,,,,,,,,,,,,,,,
108,202507010504,5,0,1,3,1,1,1,17,0,0,0,0,0,0,0,0,1,0,0,5,0,0,0,0,0,0,0,0,0,0,0,0,0,0,0,0,,,,,,,,,,,,,,,,,,,,,,,,,0.03333333333333333,0.16666666666666666,4,6,44.2,12.0,1469,1716,88,,,,,,,,,,,,,,,,
109,202507010504,5,5,5,61,2,4,2,35,0,0,0,2,2,0,1,17,0,0,0,3,0,0,0,1,0,0,1,1,0,0,0,1,0,0,0,0,,,,,,,,,,,,,,,,,,,,,,,,,0.14754098360655737,0.45901639344262296,6,10,7.3,4.0,1401,1736,517,,,,,,,,,,,,,,,,
110,202507010504,4,1,5,27,25,24,24,231,0,0,0,0,0,0,0,2,3,3,4,50,0,0,0,0,0,0,0,0,1,0,0,1,0,0,0,0,,,,,,,,,,,,,,,,,,,,,,,,,,,6,11,216.0,15.0,1248,1558,1428,,,,,,,,,,,,,,,,
111,202507010601,0,0,0,3,5,1,2,15,0,0,0,0,0,0,0,0,0,0,1,2,0,0,0,0,0,0,0,0,0,0,1,2,0,0,0,0,0.0,0.0,10.0,8.0,35.1,1.3,0.5625,,,,,,,,,,,,,,,,,0.0,0.15789473684210525,0.3157894736842105,1,1,3.1,1.0,1267,239,1716,,,,,,,,,,,,,,,,0.0
112,202507010601,24,21,22,189,18,14,17,156,3,3,4,10,6,5,6,45,2,4,6,36,0,1,1,3,3,1,3,14,0,0,2,11,0,0,0,0,0.0,0.0,10.0,2.0,38.7,0.2,0.1875,0.0,0.0,20.0,2.0,37.7,0.2,0.14285714285714285,,,,,,,,0.0,-4.0,-200.0,0.15447154471544716,0.36585365853658536,8,15,3.8,2.0,1278,1618,625,,,,,,,,,,,,,,,0.0,1.0
113,202507010601,0,0,0,2,3,2,0,15,0,0,0,0,0,0,0,0,0,0,0,5,0,0,0,0,0,0,0,0,0,0,0,1,0,0,0,0,0.0,0.0,80.0,10.0,39.3,3.7,0.18181818181818182,0.0,0.0,60.0,7.0,39.0,3.7,0.1875,,,,,,,,-3.0,-6.0,0.0,0.07692307692307693,0.16666666666666666,2,3,41.8,11.0,1043,962,477,,,,,,,,,,,,,,,-3.0,0.0
114,202507010601,16,14,16,207,1,4,4,32,0,0,0,0,1,1,1,29,0,1,1,7,0,0,0,0,0,0,0,13,0,1,0,3,0,0,0,0,0.0,0.0,40.0,4.0,37.5,1.1,0.5,0.0,0.0,40.0,5.0,39.1,1.2,0.8181818181818182,0.0,0.0,40.0,6.0,39.4,1.4,1.0,1.0,-2.0,0.0,0.09782608695652174,0.22826086956521738,3,6,9.8,5.0,1605,1430,1,0.0,0.0,80.0,4.0,39.1,1.5,0.5714285714285714,0.0,0.0,60.0,7.0,40.6,4.2,0.5,0.5,0.0
115,202507010601,0,0,0,0,0,0,0,2,0,0,0,0,0,0,0,0,0,0,0,0,0,0,0,0,0,0,0,0,0,0,0,0,0,0,0,0,0.0,0.0,40.0,10.0,40.8,2.3,0.15384615384615385,0.0,0.0,20.0,3.0,37.6,0.9,0.2,0.0,0.0,10.0,4.0,39.1,2.2,0.375,-3.0,-6.0,-200.0,0.0,0.11363636363636363,8,16,6.4,4.0,952,296,115,,,,,,,,,,,,,,,-3.0,0.3333333333333333
116,202507010601,0,1,0,3,0,0,0,1,0,0,0,1,0,0,0,1,0,0,0,1,0,0,0,1,0,0,0,0,0,0,0,0,0,0,0,0,0.0,0.0,70.0,3.0,37.7,0.9,0.9230769230769231,0.0,0.0,40.0,5.0,38.6,0.8,0.14285714285714285,0.0,0.0,50.0,3.0,40.2,1.2,0.35714285714285715,0.0,18.0,-200.0,0.2692307692307692,0.38461538461538464,6,12,12.9,6.0,759,125,1428,0.0,0.0,40.0,4.0,35.4,0.8,0.3333333333333333,,,,,,,,0.1,0.5
117,202507010601,5,6,6,73,2,1,0,1,0,0,0,1,2,2,2,36,0,0,0,1,0,0,0,1,0,1,1,19,0,0,0,1,0,0,0,1,0.0,0.0,10.0,6.0,38.6,2.0,0.2222222222222222,0.0,0.0,30.0,2.0,37.0,0.9,0.2222222222222222,0.0,0.0,80.0,13.0,35.0,3.7,0.9285714285714286,3.5,-4.0,0.0,0.08527131782945736,0.26356589147286824,5,10,36.4,10.0,1629,635,1428,,,,,,,,,,,,,,,3.5,0.3333333333333333
118,202507010601,15,16,19,150,5,1,4,30,0,0,0,0,1,2,3,28,4,1,0,11,0,0,0,0,1,0,0,8,3,0,0,1,0,0,0,0,0.0,0.0,70.0,11.0,38.1,2.5,0.875,,,,,,,,,,,,,,,,,-200.0,0.04285714285714286,0.1,1,2,34.2,8.0,1586,1199,1167,,,,,,,,,,,,,,,,0.0
119,202507010601,0,2,1,5,40,32,33,338,0,0,0,0,0,0,0,1,8,5,7,63,0,0,0,0,0,0,0,0,4,2,1,19,0,0,0,0,,,,,,,,,,,,,,,,,,,,,,,,,0.0,0.0,5,9,35.7,9.0,1352,1167,1503,,,,,,,,,,,,,,,,
120,202507010601,0,0,0,6,4,6,5,48,0,0,0,0,0,0,0,2,0,1,0,3,0,0,0,0,0,0,0,1,0,0,0,1,0,0,0,0,,,,,,,,,,,,,,,,,,,,,,,,,0.0,0.1,4,8,6.3,3.0,1382,334,707,,,,,,,,,,,,,,,,
121,202507010601,5,3,3,20,20,12,12,149,1,0,0,1,1,1,0,5,3,2,3,40,0,0,0,0,1,0,0,1,2,1,0,9,0,0,0,0,,,,,,,,,,,,,,,,,,,,,,,,,0.0,0.10869565217391304,4,7,128.6,13.0,1479,1221,857,,,,,,,,,,,,,,,,
122,202507010601,0,0,0,1,3,2,3,24,0,0,0,0,0,0,0,1,1,1,0,5,0,0,0,0,0,0,0,1,0,1,0,2,0,0,0,0,,,,,,,,,,,,,,,,,,,,,,,,,0.047619047619047616,0.14285714285714285,7,14,105.0,12.0,1492,1665,324,,,,,,,,,,,,,,,,
123,202507010601,4,7,7,101,0,0,2,8,0,0,0,1,3,1,2,36,0,0,1,1,0,0,0,0,1,1,1,15,0,0,1,1,0,0,0,0,0.0,0.0,90.0,12.0,38.7,2.1,0.9375,0.0,0.0,40.0,7.0,42.5,2.9,0.3333333333333333,,,,,,,,-5.0,16.0,-200.0,0.04,0.08,7,13,258.3,15.0,1204,1431,1221,,,,,,,,,,,,,,,-5.0,0.0
124,202507010601,1,5,2,27,10,10,7,118,0,0,0,2,0,3,0,5,3,0,0,26,0,0,0,0,0,1,0,4,3,0,0,15,0,0,0,0,,,,,,,,,,,,,,,,,,,,,,,,,0.125,0.25,6,11,21.4,7.0,1282,1366,377,,,,,,,,,,,,,,,,
125,202507010601,0,0,0,12,9,15,9,96,0,0,0,0,0,0,0,4,0,1,0,21,0,0,0,0,0,0,0,3,0,1,0,10,0,0,0,0,0.0,0.0,100.0,12.0,39.3,5.4,0.8125,,,,,,,,,,,,,,,,,0.0,0.03225806451612903,0.16129032258064516,3,5,426.0,16.0,1286,1110,1503,,,,,,,,,,,,,,,,0.0
126,202507010601,1,2,1,22,20,23,26,240,0,0,0,5,0,0,0,3,6,5,7,56,0,0,0,1,0,0,0,2,2,2,3,25,0,0,0,1,,,,,,,,,,,,,,,,,,,,,,,,,0.012195121951219513,0.10975609756097561,2,4,140.1,14.0,1246,1428,533,,,,,,,,,,,,,,,,
127,202507010608,22,24,19,197,25,11,20,184,0,0,0,0,8,8,3,63,9,2,3,33,0,0,0,0,3,4,1,29,5,1,0,9,0,0,0,0,0.0,0.0,130.0,5.0,35.9,0.3,0.3125,0.0,0.0,60.0,14.0,40.1,3.3,0.6,0.0,0.0,70.0,3.0,37.7,0.8,0.8125,-1.0,24.0,0.0,0.08823529411764706,0.4117647058823529,1,2,3.8,2.0,1172,1559,1556,,,,,,,,,,,,,,,-1.0,0.3333333333333333
128,202507010608,0,1,1,2,2,0,0,8,0,0,0,1,0,1,0,1,0,0,0,2,0,0,0,1,0,0,0,1,0,0,0,1,0,0,0,1,0.0,0.0,30.0,10.0,37.7,1.0,0.13333333333333333,0.0,0.0,110.0,11.0,39.9,2.9,0.18181818181818182,0.0,0.0,10.0,1.0,37.4,0.0,0.1875,-4.5,18.0,0.0,0.09859154929577464,0.3380281690140845,8,15,10.3,4.0,932,168,115,0.0,0.0,60.0,8.0,35.5,0.9,0.0625,0.0,0.0,70.0,5.0,35.6,0.6,0.2777777777777778,-1.3,0.2
129,202507010608,0,0,1,2,3,3,2,12,0,0,0,0,0,0,0,1,0,2,0,1,0,0,0,0,0,0,0,0,0,0,0,0,0,0,0,0,0.0,0.0,40.0,6.0,39.3,0.8,0.0625,0.0,0.0,40.0,14.0,48.5,10.6,0.07142857142857142,0.0,0.0,40.0,12.0,41.1,3.3,0.0625,3.0,-12.0,-200.0,0.0989010989010989,0.21978021978021978,2,4,4.3,3.0,1368,1034,1167,0.0,0.0,30.0,2.0,37.8,0.1,0.06666666666666667,0.0,0.0,40.0,3.0,38.9,1.3,0.2,-1.8,0.4
130,202507010608,2,2,2,24,0,0,3,7,0,0,0,1,0,0,1,5,0,0,1,2,0,0,0,1,0,0,1,3,0,0,1,2,0,0,0,1,0.0,0.0,100.0,9.0,36.9,0.6,0.3333333333333333,0.0,0.0,30.0,4.0,36.4,0.4,0.08333333333333333,0.0,0.0,10.0,1.0,35.5,0.0,0.16666666666666666,-4.0,-6.0,0.0,0.0859375,0.265625,3,6,12.0,5.0,1381,1127,548,0.0,0.0,20.0,5.0,36.4,0.8,0.4166666666666667,0.0,0.0,10.0,3.0,36.1,0.4,0.2727272727272727,-1.1,0.4
131,202507010608,15,16,19,150,10,14,14,142,0,0,1,2,1,2,3,28,1,6,3,29,0,0,1,1,0,2,2,10,0,4,1,12,0,0,1,1,0.0,0.0,40.0,11.0,38.8,1.7,0.375,0.0,0.0,80.0,4.0,37.2,0.6,0.5,0.0,0.0,40.0,5.0,37.2,0.9,0.15384615384615385,-3.0,10.0,0.0,0.012345679012345678,0.1111111111111111,4,7,33.9,10.0,1586,1482,1167,0.0,0.0,90.0,8.0,37.8,1.6,0.6,0.0,0.0,60.0,14.0,38.7,1.3,0.25,1.0,0.0
132,202507010608,1,0,1,23,6,4,3,35,0,0,0,2,0,0,1,10,0,1,0,9,0,0,0,1,0,0,1,5,0,0,0,4,0,0,0,1,0.0,0.0,90.0,6.0,36.6,0.5,0.5625,0.0,0.0,80.0,8.0,38.1,0.9,0.5625,0.0,0.0,110.0,5.0,37.8,0.3,0.4375,-0.5,0.0,0.0,0.0,0.11627906976744186,5,10,24.6,9.0,1540,1124,1036,0.0,0.0,70.0,5.0,36.8,1.4,0.6666666666666666,0.0,0.0,120.0,15.0,35.5,1.0,0.2222222222222222,1.5,0.0
133,202507010608,8,7,7,102,3,3,2,24,0,0,0,1,3,2,4,17,0,0,0,5,0,0,0,0,2,1,2,11,0,0,0,1,0,0,0,0,0.0,0.0,70.0,7.0,36.2,0.5,0.6875,0.0,0.0,110.0,13.0,38.4,1.5,0.75,0.0,0.0,110.0,4.0,38.0,0.7,0.875,-1.5,2.0,0.0,0.14516129032258066,0.45161290322580644,8,16,20.9,7.0,1677,1506,1167,0.0,0.0,100.0,8.0,35.6,1.1,0.8125,0.0,0.0,120.0,11.0,36.8,1.1,0.5625,0.3,0.0
134,202507010608,24,15,26,160,0,0,0,1,0,0,0,0,5,4,5,37,0,0,0,0,0,0,0,0,2,0,0,18,0,0,0,0,0,0,0,0,0.0,0.0,20.0,1.0,36.8,0.0,0.4375,0.0,0.0,40.0,3.0,36.1,0.4,0.8125,0.0,0.0,90.0,6.0,36.5,1.2,1.0,2.5,-2.0,0.0,0.16666666666666666,0.3333333333333333,6,11,3.3,1.0,1520,1144,695,0.0,0.0,50.0,9.0,38.8,1.8,0.6666666666666666,,,,,,,,2.7,0.5
135,202507010608,22,24,19,197,3,0,2,38,0,0,0,3,8,8,3,63,0,0,1,16,0,0,0,3,3,4,1,29,0,0,1,10,0,0,0,2,0.0,0.0,130.0,9.0,37.9,0.9,0.3125,0.0,0.0,150.0,6.0,37.1,0.9,0.6875,0.0,0.0,160.0,8.0,38.8,1.9,0.25,-0.5,10.0,0.0,0.05454545454545454,0.14545454545454545,7,14,89.2,13.0,1172,1108,1556,0.0,0.0,140.0,13.0,38.3,2.0,0.375,0.0,0.0,,,,,,1.4,0.0
136,202507010608,3,2,3,45,15,9,6,130,0,0,0,4,0,0,0,3,3,2,0,38,0,0,0,1,0,0,0,1,1,2,0,20,0,0,0,1,0.0,0.0,80.0,10.0,37.4,1.9,0.6875,0.0,0.0,140.0,5.0,36.7,0.9,0.875,0.0,0.0,140.0,11.0,38.3,1.3,0.5,0.5,8.0,0.0,0.07317073170731707,0.23170731707317074,5,9,49.6,12.0,1434,1393,969,0.0,0.0,80.0,13.0,40.5,3.0,0.1875,0.0,0.0,70.0,5.0,37.7,0.5,0.7,-0.2,0.0
137,202507010608,17,11,10,154,3,7,3,75,0,0,0,2,2,2,2,40,1,3,1,16,0,0,0,1,1,0,1,12,1,1,1,9,0,0,0,0,0.0,0.0,110.0,6.0,37.2,1.4,0.875,0.0,0.0,90.0,7.0,36.8,1.6,0.7692307692307693,0.0,0.0,160.0,8.0,35.0,0.9,0.9444444444444444,1.0,-6.0,-200.0,0.01639344262295082,0.22950819672131148,3,5,39.2,11.0,1393,1170,1263,0.0,0.0,140.0,13.0,36.5,1.7,0.75,0.0,0.0,140.0,8.0,37.6,1.3,0.6666666666666666,1.0,0.0
138,202507010608,12,11,4,98,25,24,24,231,0,1,0,8,3,2,1,26,3,3,4,50,0,0,0,6,1,0,0,13,1,1,0,21,0,0,0,5,0.0,0.0,120.0,12.0,35.5,1.4,0.9375,0.0,0.0,120.0,4.0,36.0,0.6,0.9333333333333333,0.0,0.0,110.0,7.0,36.9,1.0,0.9285714285714286,-2.5,2.0,0.0,0.0625,0.0625,2,3,24.6,8.0,1657,1558,1317,0.0,0.0,90.0,8.0,35.9,1.3,1.0,0.0,0.0,120.0,6.0,35.7,1.5,0.6875,-0.8,0.0
139,202507010608,24,15,26,160,11,11,8,95,1,0,0,8,5,4,5,37,1,0,1,17,1,0,0,2,2,0,0,18,0,0,1,7,0,0,0,2,0.0,0.0,140.0,13.0,36.6,1.3,0.875,0.0,0.0,160.0,12.0,39.4,2.5,0.75,0.0,0.0,120.0,8.0,37.0,2.4,0.9166666666666666,-2.5,2.0,0.0,0.05714285714285714,0.17142857142857143,4,8,340.3,14.0,1520,1039,695,0.0,0.0,130.0,10.0,38.3,1.9,0.7692307692307693,0.0,0.0,120.0,10.0,38.6,3.2,0.9166666666666666,-0.8,0.0
140,202507010608,4,2,1,48,10,10,7,118,0,0,0,0,2,0,0,20,3,0,0,26,0,0,0,0,1,0,0,6,0,0,0,5,0,0,0,0,0.0,0.0,70.0,8.0,35.3,1.1,0.3,0.0,0.0,50.0,8.0,35.9,0.7,0.23076923076923078,0.0,0.0,10.0,1.0,34.9,0.0,0.07142857142857142,-3.5,-2.0,0.0,0.058823529411764705,0.19117647058823528,6,12,17.0,6.0,1064,1366,1556,0.0,0.0,10.0,2.0,34.6,0.2,0.16666666666666666,0.0,0.0,30.0,3.0,36.8,0.2,0.16666666666666666,-1.6,0.6
141,202507010608,7,9,9,76,12,13,21,183,3,2,1,6,0,5,4,29,2,3,2,23,0,0,0,3,0,3,1,11,1,1,0,11,0,0,0,3,0.0,0.0,160.0,14.0,37.5,2.0,0.875,0.0,0.0,110.0,,,,1.0,0.0,0.0,140.0,14.0,37.3,2.6,0.9285714285714286,0.0,-2.0,0.0,0.03571428571428571,0.03571428571428571,7,13,391.7,16.0,1426,1345,306,0.0,0.0,160.0,11.0,36.4,2.7,0.875,0.0,0.0,150.0,14.0,38.8,3.1,0.5333333333333333,-0.3,0.0
142,202507010608,3,1,1,20,20,12,12,149,2,0,0,1,0,0,0,2,3,2,3,40,0,0,0,0,0,0,0,0,1,0,2,17,0,0,0,0,,,,,,,,,,,,,,,,,,,,,,,,,0.0,0.05405405405405406,1,1,346.9,15.0,1537,1221,488,,,,,,,,,,,,,,,,
143,202507010701,7,4,3,34,3,2,3,24,0,0,0,1,1,0,0,8,1,1,0,5,0,0,0,1,1,0,0,3,0,1,0,2,0,0,0,0,,,,,,,,,,,,,,,,,,,,,,,,,0.09574468085106383,0.22340425531914893,1,2,3.9,2.0,1676,1665,1428,,,,,,,,,,,,,,,,
144,202507010701,15,16,19,150,9,15,9,96,1,1,0,3,1,2,3,28,0,1,0,21,0,0,0,0,1,0,0,8,0,1,0,10,0,0,0,0,0.0,0.0,90.0,6.0,39.1,1.2,0.14285714285714285,,,,,,,,,,,,,,,,,-200.0,0.07228915662650602,0.2289156626506024,6,11,10.1,5.0,1586,1110,1167,,,,,,,,,,,,,,,,0.0
145,202507010701,1,0,0,9,0,1,0,9,0,0,0,0,0,0,0,1,0,0,0,0,0,0,0,0,0,0,0,0,0,0,0,0,0,0,0,0,0.0,0.0,40.0,7.0,40.9,1.4,0.06666666666666667,,,,,,,,,,,,,,,,,-600.0,0.140625,0.4375,8,15,10.1,4.0,1689,1137,1294,,,,,,,,,,,,,,,,0.0
146,202507010701,5,0,1,3,2,4,2,59,0,0,0,0,0,0,0,0,1,2,1,13,0,0,0,0,0,0,0,0,0,0,0,8,0,0,0,0,0.0,0.0,10.0,7.0,39.0,1.2,0.21428571428571427,,,,,,,,,,,,,,,,,-200.0,0.19047619047619047,0.3333333333333333,5,10,3.2,1.0,1469,1328,88,,,,,,,,,,,,,,,,0.0
147,202507010701,5,3,3,20,20,12,12,149,1,0,0,1,1,1,0,5,3,2,3,40,0,0,0,0,1,0,0,1,2,1,0,9,0,0,0,0,0.0,0.0,80.0,9.0,38.9,1.7,0.6428571428571429,,,,,,,,,,,,,,,,,-200.0,0.012048192771084338,0.10843373493975904,2,4,42.5,9.0,1479,1221,857,,,,,,,,,,,,,,,,0.0
148,202507010701,34,30,26,203,1,2,5,10,1,0,0,0,1,3,0,32,0,0,1,0,0,0,0,0,0,1,0,8,0,0,0,0,0,0,0,0,0.0,0.0,90.0,13.0,36.3,1.4,0.6666666666666666,0.0,0.0,80.0,16.0,36.3,2.6,0.7058823529411765,,,,,,,,3.0,-2.0,-200.0,0.0,0.0,4,7,23.6,8.0,1152,910,1428,,,,,,,,,,,,,,,3.0,0.0
149,202507010701,2,0,2,3,0,2,5,22,0,0,0,1,1,0,0,2,0,1,1,8,0,0,0,1,1,0,0,1,0,0,0,1,0,0,0,0,0.0,0.0,30.0,7.0,39.0,1.6,0.5384615384615384,0.0,0.0,10.0,4.0,38.9,0.5,0.2,,,,,,,,-3.0,6.0,0.0,0.027777777777777776,0.125,4,8,10.6,7.0,1652,1505,314,,,,,,,,,,,,,,,-3.0,0.0
150,202507010701,2,6,2,47,3,3,2,12,0,0,0,1,1,2,0,10,0,2,0,1,0,0,0,0,1,1,0,4,0,0,0,0,0,0,0,0,0.0,0.0,140.0,5.0,38.7,0.7,0.125,0.0,0.0,70.0,9.0,37.9,1.9,0.6666666666666666,0.0,0.0,60.0,5.0,39.8,1.5,0.1111111111111111,0.0,16.0,-200.0,0.038461538461538464,0.07692307692307693,5,9,10.2,6.0,1045,1034,969,0.0,0.0,90.0,14.0,43.1,6.5,0.2857142857142857,0.0,0.0,70.0,6.0,35.7,0.9,0.2857142857142857,0.7,0.0
151,202507010701,0,1,3,13,1,4,4,32,0,0,0,1,0,1,1,2,0,1,1,7,0,0,0,0,0,1,0,0,0,1,0,3,0,0,0,0,,,,,,,,,,,,,,,,,,,,,,,,,0.04225352112676056,0.09859154929577464,7,13,68.2,13.0,1261,1430,387,,,,,,,,,,,,,,,,
152,202507010701,3,2,3,45,40,32,33,338,0,0,1,5,0,0,0,3,8,5,7,63,0,0,0,0,0,0,0,1,4,2,1,19,0,0,0,0,0.0,0.0,100.0,4.0,38.8,0.7,0.0625,0.0,0.0,70.0,11.0,42.9,4.7,0.09090909090909091,0.0,0.0,20.0,4.0,37.8,1.4,0.2727272727272727,0.0,0.0,-200.0,0.05714285714285714,0.18571428571428572,3,5,6.7,3.0,1434,1167,969,,,,,,,,,,,,,,,0.0,0.0
153,202507010701,0,0,1,10,1,4,4,32,0,0,0,1,0,0,0,0,0,1,1,7,0,0,0,0,0,0,0,0,0,1,0,3,0,0,0,0,0.0,0.0,100.0,11.0,38.6,2.4,0.625,0.0,0.0,110.0,13.0,39.1,2.5,0.6,0.0,0.0,80.0,11.0,41.4,3.9,0.625,0.0,4.0,0.0,0.016129032258064516,0.22580645161290322,7,14,52.1,10.0,1038,1430,489,,,,,,,,,,,,,,,0.0,0.0
154,202507010701,4,2,1,48,9,15,9,96,0,0,0,0,2,0,0,20,0,1,0,21,0,0,0,0,1,0,0,12,0,1,0,10,0,0,0,0,0.0,0.0,140.0,12.0,37.9,2.4,0.9375,,,,,,,,,,,,,,,,,0.0,0.0,0.1111111111111111,6,12,110.4,14.0,1064,1110,1556,,,,,,,,,,,,,,,,0.0
155,202507010701,1,0,0,17,15,12,22,231,0,0,0,0,0,0,0,2,3,2,4,40,0,0,0,0,0,0,0,1,1,1,0,8,0,0,0,0,,,,,,,,,,,,,,,,,,,,,,,,,0.034482758620689655,0.034482758620689655,3,6,58.0,12.0,1693,1263,1167,,,,,,,,,,,,,,,,
156,202507010701,0,1,2,2,3,2,3,24,0,0,0,0,0,1,0,1,1,1,0,5,0,0,0,0,0,1,0,0,0,1,0,2,0,0,0,0,0.0,0.0,100.0,16.0,36.7,2.1,0.6666666666666666,0.0,0.0,140.0,10.0,35.3,0.7,0.42857142857142855,0.0,0.0,110.0,9.0,34.7,0.9,0.3333333333333333,-3.5,-4.0,0.0,0.0,0.25,2,3,57.8,11.0,1550,1665,32,,,,,,,,,,,,,,,-3.5,0.0
157,202507010701,7,4,3,34,2,2,2,11,0,0,0,0,1,0,0,8,0,2,0,3,0,0,0,0,1,0,0,3,0,2,0,3,0,0,0,0,0.0,0.0,100.0,10.0,38.9,2.1,0.26666666666666666,0.0,0.0,70.0,11.0,36.3,2.0,0.18181818181818182,,,,,,,,1.0,6.0,0.0,0.08396946564885496,0.26717557251908397,1,1,155.9,15.0,1676,1489,1428,,,,,,,,,,,,,,,1.0,0.0
158,202507010701,2,2,5,39,40,32,33,338,0,0,0,2,0,2,3,15,8,5,7,63,0,0,0,1,0,2,1,6,4,2,1,19,0,0,0,0,0.0,0.0,160.0,16.0,39.1,3.5,0.875,0.0,0.0,180.0,14.0,36.6,2.2,0.3888888888888889,,,,,,,,-2.0,-4.0,0.0,0.08333333333333333,0.125,8,16,240.1,16.0,1036,1167,1108,,,,,,,,,,,,,,,-2.0,0.0
159,202507010706,1,5,2,27,2,4,2,35,0,1,0,0,0,3,0,5,0,0,0,3,0,0,0,0,0,1,0,1,0,0,0,1,0,0,0,0,0.0,0.0,30.0,9.0,39.4,2.1,0.9375,0.0,0.0,70.0,3.0,35.6,0.6,0.9375,,,,,,,,-6.0,0.0,-200.0,0.011904761904761904,0.10714285714285714,1,1,9.4,4.0,1282,1736,377,,,,,,,,,,,,,,,-6.0,0.5
160,202507010706,0,0,1,23,4,4,2,18,0,0,0,0,0,0,0,13,0,1,0,1,0,0,0,0,0,0,0,10,0,0,0,1,0,0,0,0,0.0,0.0,110.0,9.0,37.4,1.4,0.08333333333333333,0.0,0.0,30.0,1.0,37.6,0.0,0.07142857142857142,,,,,,,,-8.0,0.0,-200.0,0.058823529411764705,0.17647058823529413,7,8,28.2,7.0,1310,568,1618,,,,,,,,,,,,,,,-8.0,0.5
161,202507010706,7,13,9,103,7,15,11,139,0,1,0,0,2,1,1,18,2,8,5,39,0,0,0,0,2,0,0,4,1,3,3,13,0,0,0,0,0.0,0.0,40.0,5.0,37.8,0.9,0.0625,0.0,0.0,10.0,5.0,40.4,1.5,0.2727272727272727,0.0,0.0,60.0,2.0,36.5,0.4,0.2,-1.5,6.0,-200.0,0.0958904109589041,0.3424657534246575,2,2,11.6,5.0,1098,1235,1294,0.0,0.0,30.0,1.0,36.9,0.0,0.1111111111111111,0.0,0.0,50.0,5.0,37.9,1.2,0.1111111111111111,-0.3999999999999999,0.4
162,202507010706,5,5,3,11,1,0,1,6,0,0,0,1,2,2,1,4,0,0,0,1,0,0,0,0,2,0,0,2,0,0,0,0,0,0,0,0,0.0,0.0,60.0,4.0,37.6,1.4,0.3125,0.0,0.0,20.0,1.0,37.6,0.0,0.46153846153846156,0.0,0.0,30.0,13.0,41.0,2.6,0.125,4.5,-2.0,0.0,0.0,0.16666666666666666,8,10,53.8,9.0,429,1605,377,0.0,0.0,10.0,4.0,37.1,0.2,0.5,,,,,,,,1.2,0.25
163,202507010706,1,1,1,5,0,0,0,0,0,0,0,0,0,0,1,0,0,0,0,0,0,0,0,0,0,0,1,0,0,0,0,0,0,0,0,0,0.0,0.0,40.0,9.0,38.2,1.5,0.125,0.0,0.0,20.0,1.0,37.2,0.0,0.125,,,,,,,,-8.0,2.0,-400.0,0.041666666666666664,0.16666666666666666,3,3,2.5,1.0,321,1094,882,,,,,,,,,,,,,,,-8.0,0.5
164,202507010706,5,0,1,3,18,16,30,221,1,0,0,0,0,0,0,0,4,3,7,39,0,0,0,0,0,0,0,0,0,0,3,19,0,0,0,0,0.0,0.0,40.0,1.0,36.8,0.0,0.3125,,,,,,,,,,,,,,,,,-200.0,0.0,0.0,5,5,16.1,6.0,1469,1294,88,,,,,,,,,,,,,,,,1.0
165,202507010706,2,1,1,8,1,0,0,0,1,0,0,0,1,1,0,0,1,0,0,0,1,0,0,0,0,1,0,0,0,0,0,0,0,0,0,0,0.0,0.0,10.0,2.0,37.1,0.4,0.0625,0.0,0.0,50.0,1.0,37.2,0.0,0.1111111111111111,0.0,0.0,50.0,4.0,40.0,3.7,0.42857142857142855,1.0,-4.0,0.0,0.10344827586206896,0.13793103448275862,8,9,2.6,2.0,699,150,260,,,,,,,,,,,,,,,1.0,0.6666666666666666
166,202507010706,0,3,0,8,0,0,0,3,0,0,0,0,0,0,0,0,0,0,0,1,0,0,0,0,0,0,0,0,0,0,0,1,0,0,0,0,0.0,0.0,60.0,1.0,37.3,0.0,0.06666666666666667,0.0,0.0,50.0,4.0,37.2,1.6,0.7142857142857143,0.0,0.0,50.0,4.0,37.0,0.9,0.2727272727272727,1.5,14.0,0.0,0.10526315789473684,0.23157894736842105,4,4,99.9,10.0,1706,1509,1428,,,,,,,,,,,,,,,1.5,0.3333333333333333
167,202507010706,24,21,22,189,12,13,21,183,0,2,1,1,6,5,6,45,2,3,2,23,0,0,0,0,1,3,1,23,1,1,0,11,0,0,0,0,0.0,0.0,10.0,1.0,37.2,0.0,0.2222222222222222,0.0,0.0,20.0,2.0,38.5,1.9,0.16666666666666666,0.0,0.0,40.0,9.0,41.0,4.2,0.07142857142857142,4.0,6.0,0.0,0.2,0.35,7,7,45.2,8.0,1278,1345,625,,,,,,,,,,,,,,,4.0,0.6666666666666666
168,202507010706,0,0,0,0,6,10,9,77,0,0,0,0,0,0,0,0,2,5,1,20,0,0,0,0,0,0,0,0,0,3,0,10,0,0,0,0,,,,,,,,,,,,,,,,,,,,,,,,,0.028169014084507043,0.1267605633802817,6,6,6.6,3.0,1134,1228,1576,,,,,,,,,,,,,,,,
169,202507010710,0,1,1,2,1,4,5,21,0,1,1,1,0,1,0,1,0,1,0,7,0,1,0,0,0,1,0,0,0,1,0,3,0,1,0,0,0.0,0.0,10.0,2.0,36.4,0.1,0.125,0.0,0.0,10.0,1.0,36.8,0.0,0.15384615384615385,0.0,0.0,20.0,1.0,36.9,0.0,0.3333333333333333,-0.5,0.0,0.0,0.1532258064516129,0.3709677419354839,1,2,1.8,1.0,932,882,115,0.0,0.0,40.0,3.0,37.8,0.5,0.3076923076923077,0.0,0.0,20.0,3.0,36.0,0.7,0.75,0.4,1.0
170,202507010710,4,1,5,27,1,1,1,17,0,0,0,0,0,0,0,2,0,0,1,9,0,0,0,0,0,0,0,0,0,0,1,4,0,0,0,0,0.0,0.0,30.0,3.0,36.3,0.5,0.4375,0.0,0.0,70.0,11.0,38.1,1.3,0.125,0.0,0.0,100.0,14.0,38.7,1.9,0.3333333333333333,5.5,2.0,0.0,0.0,0.0,1,1,24.2,9.0,1248,1278,1428,0.0,0.0,40.0,13.0,39.8,1.9,0.5,0.0,0.0,30.0,4.0,38.1,1.3,0.625,0.4,0.2
171,202507010710,15,16,19,150,0,1,0,3,0,1,0,1,1,2,3,28,0,1,0,2,0,1,0,1,0,0,1,1,0,0,0,1,0,0,0,0,0.0,0.0,10.0,6.0,37.1,0.3,0.5,0.0,0.0,10.0,1.0,37.0,0.0,0.3,0.0,0.0,10.0,2.0,37.3,0.3,0.26666666666666666,-2.0,10.0,0.0,0.08461538461538462,0.26153846153846155,2,4,8.9,3.0,1586,1324,1167,0.0,0.0,20.0,2.0,35.9,0.3,0.3333333333333333,0.0,0.0,70.0,6.0,36.9,0.8,0.4375,0.1,0.6
172,202507010710,24,15,26,160,20,12,12,149,3,2,1,6,5,4,5,37,3,2,3,40,0,0,0,0,1,0,0,0,0,1,1,10,0,0,0,0,0.0,0.0,10.0,1.0,36.4,0.0,0.625,0.0,0.0,10.0,2.0,36.8,0.0,0.5,0.0,0.0,40.0,3.0,36.3,0.5,0.9230769230769231,1.0,-4.0,-200.0,0.18421052631578946,0.39473684210526316,7,14,6.6,2.0,1520,1221,695,0.0,0.0,20.0,2.0,37.4,0.0,0.875,0.0,0.0,60.0,9.0,38.9,2.1,0.3333333333333333,1.5999999999999999,0.8
173,202507010710,27,19,19,153,4,5,4,39,0,2,0,4,8,7,2,30,0,4,0,9,0,2,0,3,3,2,0,3,0,3,0,1,0,2,0,0,0.0,0.0,20.0,5.0,36.5,0.4,0.6666666666666666,0.0,0.0,30.0,2.0,36.4,0.6,0.4,0.0,0.0,50.0,2.0,36.6,0.2,0.2,-1.5,8.0,0.0,0.057971014492753624,0.18840579710144928,4,7,28.8,11.0,1467,324,336,0.0,0.0,150.0,3.0,35.7,0.6,0.1875,0.0,0.0,140.0,4.0,35.5,0.3,0.6666666666666666,-0.1,0.6
174,202507010710,1,2,4,18,1,3,4,4,1,0,3,0,1,1,3,8,1,0,3,1,1,0,3,0,0,0,1,0,0,0,1,0,0,0,1,0,0.0,0.0,50.0,3.0,36.5,0.4,0.25,0.0,0.0,10.0,1.0,37.5,0.0,0.3333333333333333,0.0,0.0,30.0,6.0,38.1,0.5,0.2857142857142857,1.5,2.0,0.0,0.046511627906976744,0.2558139534883721,3,5,15.6,5.0,1579,1611,1605,0.0,0.0,20.0,1.0,36.7,0.0,0.26666666666666666,0.0,0.0,40.0,3.0,38.1,0.6,0.0625,0.0,0.8
175,202507010710,11,10,13,100,3,2,0,15,0,0,0,1,1,1,1,14,0,0,0,5,0,0,0,1,1,0,1,7,0,0,0,1,0,0,0,1,0.0,0.0,100.0,7.0,36.0,0.7,0.4375,0.0,0.0,80.0,4.0,35.6,0.4,0.6875,0.0,0.0,70.0,4.0,35.6,0.4,0.5454545454545454,-1.5,2.0,0.0,0.043478260869565216,0.17391304347826086,8,16,24.5,10.0,1428,962,1263,0.0,0.0,130.0,4.0,36.2,0.1,0.6,0.0,0.0,70.0,15.0,39.7,2.8,0.06666666666666667,1.5999999999999999,0.0
176,202507010710,6,9,5,54,1,2,3,14,0,0,1,0,0,2,3,9,0,0,1,2,0,0,1,0,0,0,1,0,0,0,1,0,0,0,1,0,0.0,0.0,80.0,2.0,36.3,0.0,0.625,0.0,0.0,40.0,4.0,36.5,0.9,0.7142857142857143,0.0,0.0,60.0,3.0,36.7,0.7,0.1,0.5,6.0,0.0,0.0967741935483871,0.22580645161290322,5,9,20.1,7.0,1243,275,1428,0.0,0.0,20.0,9.0,37.1,1.2,0.6,0.0,0.0,30.0,2.0,36.2,0.0,0.5333333333333333,0.5,0.6
177,202507010710,8,7,7,102,1,1,1,17,0,0,1,1,3,2,4,17,0,0,1,9,0,0,1,1,0,1,1,2,0,0,1,4,0,0,1,1,0.0,0.0,60.0,4.0,35.4,0.2,0.9375,0.0,0.0,30.0,3.0,35.7,0.4,0.8571428571428571,0.0,0.0,40.0,4.0,36.8,1.0,0.4,0.0,10.0,0.0,0.09722222222222222,0.3472222222222222,4,8,24.2,8.0,1677,1278,1167,0.0,0.0,90.0,3.0,35.8,0.3,0.8666666666666667,0.0,0.0,160.0,7.0,34.9,1.0,0.9375,0.6,0.4
178,202507010710,12,11,4,98,7,3,2,33,1,1,0,3,3,2,1,26,4,2,0,4,1,1,0,1,0,0,0,2,2,0,0,1,0,0,0,0,0.0,0.0,60.0,5.0,37.8,0.2,0.15384615384615385,0.0,0.0,40.0,10.0,38.9,1.5,0.07692307692307693,0.0,0.0,70.0,5.0,38.7,0.5,0.13333333333333333,0.0,14.0,-200.0,0.14285714285714285,0.4444444444444444,3,6,12.7,4.0,1657,1208,1317,0.0,0.0,20.0,12.0,38.4,1.3,0.125,0.0,0.0,10.0,1.0,38.5,0.0,0.07142857142857142,-0.6,0.2
179,202507010710,3,3,6,29,15,12,22,231,0,0,0,4,2,2,2,7,3,2,4,40,0,0,0,1,1,1,0,3,2,0,0,6,0,0,0,1,0.0,0.0,60.0,6.0,36.9,0.9,0.6,0.0,0.0,90.0,3.0,38.0,1.0,0.42857142857142855,0.0,0.0,120.0,7.0,36.9,0.9,0.5625,0.5,10.0,-200.0,0.02857142857142857,0.12857142857142856,5,10,89.7,12.0,1319,1263,334,0.0,0.0,60.0,6.0,37.9,1.1,0.1875,0.0,0.0,110.0,10.0,38.3,1.7,0.75,1.1,0.2
180,202507010710,4,7,7,101,25,26,37,308,0,1,2,8,3,1,2,36,5,5,5,57,0,0,1,4,1,0,0,6,0,0,1,7,0,0,0,1,0.0,0.0,90.0,8.0,37.9,0.8,0.6875,0.0,0.0,150.0,9.0,36.0,0.7,0.9375,0.0,0.0,120.0,7.0,36.4,0.7,0.8461538461538461,-0.5,-4.0,0.0,0.058823529411764705,0.058823529411764705,6,12,198.9,15.0,1204,1183,1221,0.0,0.0,110.0,11.0,35.9,0.9,0.7333333333333333,0.0,0.0,110.0,10.0,37.3,0.4,0.9375,0.6,0.0
181,202507010710,16,14,16,207,10,14,14,142,0,0,1,4,1,1,1,29,1,6,3,29,0,0,0,0,0,0,0,2,1,0,0,2,0,0,0,0,0.0,0.0,140.0,13.0,39.5,1.9,0.3125,0.0,0.0,150.0,15.0,39.4,3.0,0.26666666666666666,0.0,0.0,80.0,9.0,39.6,1.1,0.07142857142857142,-2.0,28.0,-600.0,0.0625,0.25,2,3,182.3,14.0,1605,1482,1,0.0,0.0,20.0,9.0,39.3,1.1,0.21428571428571427,0.0,0.0,30.0,1.0,37.8,0.0,0.1,-3.0,0.2
182,202507010710,11,18,23,142,6,10,9,77,0,0,0,0,1,3,4,15,2,5,1,20,0,0,0,0,0,0,0,2,1,1,0,2,0,0,0,0,0.0,0.0,70.0,5.0,36.5,0.5,0.625,0.0,0.0,40.0,13.0,37.3,1.2,0.6666666666666666,0.0,0.0,30.0,1.0,35.3,0.0,0.9090909090909091,-2.0,2.0,0.0,0.05357142857142857,0.14285714285714285,8,15,105.5,13.0,1127,1228,1328,0.0,0.0,50.0,10.0,38.1,1.2,0.8125,0.0,0.0,50.0,1.0,35.5,0.0,0.4375,-1.1,0.4
183,202507010710,35,37,29,283,1,2,1,31,0,0,1,4,11,7,6,73,1,0,0,17,0,0,0,4,1,1,3,18,0,0,0,6,0,0,0,2,0.0,0.0,90.0,10.0,38.0,1.7,0.2727272727272727,0.0,0.0,120.0,8.0,36.4,1.2,0.125,0.0,0.0,80.0,12.0,37.0,1.3,0.6923076923076923,1.0,0.0,0.0,0.027777777777777776,0.1388888888888889,7,13,262.8,16.0,1576,1543,1577,0.0,0.0,80.0,8.0,38.1,0.4,0.4375,0.0,0.0,80.0,1.0,36.3,0.0,0.13333333333333333,-1.8,0.2
184,202507010710,11,18,23,142,5,1,2,15,0,0,0,1,1,3,4,15,0,0,1,2,0,0,0,0,0,0,0,2,0,0,0,0,0,0,0,0,0.0,0.0,20.0,16.0,40.2,2.2,0.0625,0.0,0.0,10.0,1.0,35.9,0.0,0.08333333333333333,0.0,0.0,20.0,2.0,35.9,0.0,0.1,-7.0,6.0,0.0,0.10833333333333334,0.30833333333333335,6,11,18.8,6.0,1127,239,1328,0.0,0.0,180.0,18.0,37.9,3.8,0.16666666666666666,0.0,0.0,80.0,3.0,38.4,0.6,0.1875,-0.9,0.6
185,202507010801,0,0,0,3,0,0,0,2,0,0,0,1,0,0,0,0,0,0,0,0,0,0,0,0,0,0,0,0,0,0,0,0,0,0,0,0,0.0,0.0,20.0,2.0,37.3,0.1,0.0625,0.0,0.0,70.0,4.0,37.8,0.6,0.0625,,,,,,,,2.0,2.0,0.0,0.045454545454545456,0.25,1,1,1.2,1.0,153,944,699,,,,,,,,,,,,,,,2.0,0.5
186,202507010801,0,1,2,2,27,20,21,216,0,0,0,0,0,1,0,1,7,5,2,55,0,0,0,0,0,1,0,0,3,0,0,18,0,0,0,0,0.0,0.0,60.0,5.0,37.7,0.5,0.2,,,,,,,,,,,,,,,,,0.0,0.18181818181818182,0.3181818181818182,2,4,13.5,3.0,1550,1556,32,,,,,,,,,,,,,,,,0.0
187,202507010801,6,9,5,54,7,15,11,139,1,0,0,1,0,2,3,9,2,8,5,39,0,0,0,0,0,2,2,5,1,5,2,18,0,0,0,0,0.0,0.0,100.0,8.0,39.6,2.1,0.5,0.0,0.0,50.0,8.0,40.0,1.5,0.2857142857142857,0.0,0.0,50.0,4.0,40.5,2.3,0.7,-2.0,4.0,-200.0,0.0273972602739726,0.1232876712328767,7,13,18.8,4.0,1243,1235,1428,0.0,0.0,40.0,9.0,35.8,2.8,0.6666666666666666,,,,,,,,-0.1,0.0
188,202507010801,24,15,26,160,6,10,9,77,0,0,0,1,5,4,5,37,2,5,1,20,0,0,0,0,0,3,4,14,1,0,1,6,0,0,0,0,0.0,0.0,160.0,5.0,37.9,0.3,0.75,0.0,0.0,100.0,10.0,39.6,4.7,0.75,0.0,0.0,120.0,15.0,39.4,2.9,0.9375,5.0,8.0,0.0,0.041666666666666664,0.09722222222222222,4,7,30.9,7.0,1520,1228,695,0.0,0.0,90.0,6.0,37.9,2.2,1.0,,,,,,,,0.8,0.0
189,202507010801,3,1,3,29,10,14,14,142,0,0,2,2,2,0,3,4,1,6,3,29,0,0,2,0,1,0,2,3,0,2,2,8,0,0,2,0,0.0,0.0,80.0,14.0,40.3,3.4,0.5,0.0,0.0,50.0,3.0,37.3,0.6,0.5833333333333334,0.0,0.0,70.0,3.0,37.2,1.5,0.5555555555555556,-5.5,-4.0,-600.0,0.03125,0.15625,8,16,36.4,8.0,1507,1482,593,0.0,0.0,40.0,8.0,38.9,2.3,0.8,0.0,0.0,70.0,5.0,35.2,1.0,0.5,-1.3,0.4
190,202507010801,0,0,0,1,2,1,0,8,0,0,0,0,0,0,0,0,0,0,0,0,0,0,0,0,0,0,0,0,0,0,0,0,0,0,0,0,0.0,0.0,120.0,3.0,37.5,0.2,0.875,0.0,0.0,110.0,13.0,36.2,2.3,0.2857142857142857,,,,,,,,10.0,12.0,0.0,0.08333333333333333,0.26515151515151514,5,10,8.0,2.0,1347,115,1396,,,,,,,,,,,,,,,10.0,0.5
191,202507010801,4,1,5,27,2,1,0,7,0,0,0,0,0,0,0,2,1,1,0,1,0,0,0,0,0,0,0,2,1,1,0,1,0,0,0,0,0.0,0.0,90.0,13.0,39.3,2.6,0.25,0.0,0.0,10.0,9.0,38.7,1.9,0.3076923076923077,0.0,0.0,10.0,2.0,38.0,0.8,0.13333333333333333,-5.5,-2.0,0.0,0.045454545454545456,0.13636363636363635,7,14,36.9,9.0,1248,1576,1428,,,,,,,,,,,,,,,-5.5,0.3333333333333333
192,202507010801,3,3,5,32,18,16,30,221,0,0,0,0,1,1,2,10,4,3,7,39,0,0,0,0,0,0,2,5,3,2,3,13,0,0,0,0,0.0,0.0,130.0,9.0,36.0,1.6,0.5625,,,,,,,,,,,,,,,,,-400.0,0.13846153846153847,0.4461538461538462,1,2,23.0,5.0,1289,1294,1428,,,,,,,,,,,,,,,,0.0
193,202507010801,1,5,2,27,20,23,26,240,0,0,0,0,0,3,0,5,6,5,7,56,0,0,0,0,0,1,0,4,2,2,3,25,0,0,0,0,0.0,0.0,20.0,6.0,38.9,1.7,0.5625,0.0,0.0,80.0,6.0,34.4,0.4,0.5,,,,,,,,0.0,0.0,0.0,0.06451612903225806,0.16129032258064516,3,5,59.3,10.0,1282,1428,377,,,,,,,,,,,,,,,0.0,0.0
194,202507010801,0,1,2,2,12,13,9,129,0,0,0,0,0,1,0,1,3,1,5,34,0,0,0,0,0,1,0,0,0,1,1,15,0,0,0,0,0.0,0.0,90.0,9.0,36.2,1.2,0.6,0.0,0.0,110.0,8.0,35.0,0.6,0.6428571428571429,0.0,0.0,50.0,6.0,36.1,0.9,0.6153846153846154,-1.5,2.0,-400.0,0.04081632653061224,0.16326530612244897,5,9,114.2,11.0,1550,1503,32,0.0,0.0,50.0,4.0,35.6,1.0,0.2857142857142857,0.0,0.0,80.0,3.0,34.7,1.2,0.6666666666666666,-1.6,0.2
195,202507010801,9,6,3,43,1,3,2,37,0,0,0,0,2,0,0,3,0,0,0,9,0,0,0,0,1,0,0,0,0,0,0,4,0,0,0,0,0.0,0.0,50.0,8.0,39.2,1.3,0.5625,0.0,0.0,100.0,2.0,38.2,0.2,0.375,0.0,0.0,90.0,11.0,38.2,2.0,0.7333333333333333,1.5,6.0,0.0,0.09090909090909091,0.09090909090909091,2,3,26.3,6.0,1154,1511,1561,0.0,0.0,90.0,3.0,38.6,0.7,0.16666666666666666,0.0,0.0,80.0,9.0,36.4,1.8,0.8888888888888888,0.3,0.4
196,202507010801,4,7,7,101,0,0,2,8,0,0,0,1,3,1,2,36,0,0,1,1,0,0,0,0,1,1,1,15,0,0,1,1,0,0,0,0,0.0,0.0,150.0,13.0,38.3,1.8,0.4375,0.0,0.0,90.0,12.0,38.7,2.1,0.9375,0.0,0.0,40.0,7.0,42.5,2.9,0.3333333333333333,-3.0,4.0,0.0,0.0,0.23076923076923078,8,15,271.8,14.0,1204,1431,1221,,,,,,,,,,,,,,,-3.0,0.0
197,202507010801,3,3,5,32,40,32,33,338,1,0,0,0,1,1,2,10,8,5,7,63,1,0,0,0,0,0,2,5,4,2,1,19,0,0,0,0,0.0,0.0,150.0,14.0,40.5,3.8,0.5,,,,,,,,,,,,,,,,,-600.0,0.0,0.05263157894736842,3,6,362.5,15.0,1289,1167,1428,,,,,,,,,,,,,,,,0.0
198,202507010801,3,1,3,29,0,1,3,27,0,0,0,1,2,0,3,4,0,1,1,12,0,0,0,1,1,0,2,3,0,0,0,1,0,0,0,0,0.0,0.0,150.0,9.0,38.8,2.1,0.5,0.0,0.0,120.0,10.0,37.7,1.8,0.4375,0.0,0.0,100.0,9.0,38.4,3.2,0.375,0.0,2.0,0.0,0.0,0.0,6,12,200.4,12.0,1507,1592,593,0.0,0.0,110.0,10.0,37.3,1.2,0.7692307692307693,0.0,0.0,80.0,5.0,37.4,1.5,0.6666666666666666,-0.8,0.0
199,202507010801,1,1,3,14,0,0,3,7,0,0,0,0,0,0,1,3,0,0,1,2,0,0,0,0,0,0,0,2,0,0,0,0,0,0,0,0,,,,,,,,,,,,,,,,,,,,,,,,,0.06779661016949153,0.13559322033898305,6,11,231.2,13.0,1699,1127,1313,,,,,,,,,,,,,,,,
200,202507010801,0,3,3,22,0,0,0,2,0,0,0,1,0,0,1,4,0,0,0,0,0,0,0,0,0,0,0,3,0,0,0,0,0,0,0,0,0.0,0.0,,,,,,0.0,0.0,100.0,9.0,45.1,6.2,0.2,0.0,0.0,60.0,7.0,39.0,2.0,0.6666666666666666,-2.0,12.0,0.0,,,4,8,,,1146,1583,512,0.0,0.0,150.0,7.0,39.1,1.7,0.3125,,,,,,,,-1.0,0.0
201,202507010907,5,3,3,20,12,13,9,129,0,0,0,0,1,1,0,5,3,1,5,34,0,0,0,0,0,1,0,4,2,0,2,14,0,0,0,0,0.0,0.0,30.0,3.0,35.4,0.2,0.625,0.0,0.0,30.0,2.0,36.9,0.6,0.4375,0.0,0.0,50.0,5.0,36.7,0.5,0.8571428571428571,1.0,4.0,0.0,0.058823529411764705,0.23529411764705882,2,3,3.8,2.0,1479,1503,857,0.0,0.0,130.0,15.0,35.5,2.6,0.8666666666666667,0.0,0.0,40.0,8.0,37.5,1.6,0.4666666666666667,2.3,0.4
202,202507010907,6,9,5,54,2,2,0,3,0,1,0,1,0,2,3,9,0,1,0,2,0,0,0,0,0,0,0,4,0,1,0,1,0,0,0,0,0.0,0.0,10.0,2.0,37.3,0.3,0.1875,0.0,0.0,20.0,5.0,37.9,1.0,0.1875,0.0,0.0,,,,,,3.0,-4.0,-200.0,0.13636363636363635,0.4393939393939394,7,14,4.5,3.0,1243,908,1428,0.0,0.0,20.0,1.0,37.6,0.0,0.25,0.0,0.0,10.0,4.0,35.2,0.2,0.05555555555555555,0.2,0.5
203,202507010907,5,6,6,73,0,0,1,6,0,0,0,0,2,2,2,36,0,0,0,3,0,0,0,0,1,0,0,11,0,0,0,2,0,0,0,0,0.0,0.0,120.0,13.0,36.9,1.6,0.4375,0.0,0.0,100.0,12.0,38.3,0.8,0.2857142857142857,0.0,0.0,50.0,18.0,37.2,3.7,0.6666666666666666,2.5,2.0,0.0,0.08695652173913043,0.08695652173913043,3,6,69.6,9.0,1629,1396,1428,0.0,0.0,10.0,1.0,38.7,0.0,0.125,0.0,0.0,30.0,3.0,38.1,0.5,0.0625,-3.1,0.4
204,202507010907,12,11,4,98,27,20,21,216,1,3,1,3,3,2,1,26,7,5,2,55,0,0,0,1,1,0,0,13,2,4,2,25,0,0,0,0,0.0,0.0,20.0,2.0,35.8,0.3,0.25,0.0,0.0,10.0,5.0,38.0,0.9,0.3125,0.0,0.0,10.0,2.0,36.4,0.2,0.14285714285714285,0.0,10.0,0.0,0.28125,0.5625,5,10,2.1,1.0,1657,1556,1317,0.0,0.0,30.0,5.0,38.6,1.0,0.16666666666666666,0.0,0.0,10.0,13.0,37.7,1.5,0.4666666666666667,2.2,0.4
205,202507010907,27,19,19,153,15,9,6,130,4,2,1,9,8,7,2,30,3,2,0,38,1,1,0,1,5,3,1,9,1,2,0,20,1,1,0,1,0.0,0.0,100.0,10.0,36.1,0.6,0.875,0.0,0.0,120.0,7.0,36.4,0.7,0.9375,0.0,0.0,80.0,6.0,37.2,1.1,0.5333333333333333,-2.0,8.0,0.0,0.08270676691729323,0.2631578947368421,5,9,59.5,8.0,1467,1393,336,0.0,0.0,140.0,10.0,35.4,0.9,0.75,0.0,0.0,80.0,12.0,37.2,1.6,1.0,0.7,0.0
206,202507010907,5,4,3,56,25,26,37,308,1,0,0,0,0,0,0,11,5,5,5,57,0,0,0,0,0,0,0,0,2,0,1,21,0,0,0,0,0.0,0.0,100.0,10.0,38.8,1.3,0.375,0.0,0.0,110.0,7.0,38.8,2.1,0.14285714285714285,0.0,0.0,70.0,5.0,38.9,1.9,0.3333333333333333,-2.5,-14.0,-200.0,0.04,0.16,8,15,73.8,10.0,1600,1183,680,0.0,0.0,100.0,11.0,39.8,1.7,0.3076923076923077,0.0,0.0,90.0,14.0,38.3,2.4,0.9375,1.2,0.0
207,202507010907,35,37,29,283,20,23,26,240,2,3,0,13,11,7,6,73,6,5,7,56,0,0,0,5,5,4,1,34,1,3,3,20,0,0,0,5,0.0,0.0,80.0,6.0,36.5,1.2,0.8461538461538461,0.0,0.0,80.0,4.0,35.9,0.8,0.8571428571428571,0.0,0.0,140.0,12.0,38.6,2.2,0.25,3.0,-2.0,0.0,0.0,0.23076923076923078,4,8,36.8,5.0,1576,1428,1577,0.0,0.0,90.0,16.0,39.0,4.7,1.0,0.0,0.0,50.0,8.0,36.2,1.2,0.9375,1.6,0.0
208,202507010907,35,37,29,283,20,12,12,149,1,1,0,1,11,7,6,73,3,2,3,40,0,0,0,1,5,4,1,34,1,0,2,17,0,0,0,1,0.0,0.0,100.0,12.0,36.8,1.6,0.9375,0.0,0.0,90.0,5.0,36.7,0.8,0.75,0.0,0.0,70.0,8.0,36.4,1.1,0.75,-2.0,-2.0,0.0,0.07142857142857142,0.23809523809523808,1,1,188.9,12.0,1576,1221,1577,0.0,0.0,90.0,13.0,38.3,1.7,0.125,0.0,0.0,90.0,10.0,34.7,1.8,1.0,0.4,0.0
209,202507010907,0,0,1,10,12,13,21,183,0,0,0,0,0,0,0,0,2,3,2,23,0,0,0,0,0,0,0,0,1,1,0,11,0,0,0,0,0.0,0.0,150.0,16.0,40.6,1.9,0.125,0.0,0.0,100.0,10.0,37.4,2.1,0.5,0.0,0.0,50.0,6.0,36.7,1.0,0.45454545454545453,-5.0,6.0,-200.0,0.11428571428571428,0.42857142857142855,6,11,148.1,11.0,1038,1345,489,0.0,0.0,70.0,9.0,37.1,1.6,0.5454545454545454,0.0,0.0,40.0,1.0,38.4,0.0,0.1875,-3.0999999999999996,0.2
210,202507010907,0,1,0,7,0,0,0,3,0,0,0,3,0,1,0,4,0,0,0,2,0,0,0,2,0,1,0,3,0,0,0,2,0,0,0,2,0.0,0.0,140.0,9.0,36.6,1.0,0.3125,0.0,0.0,80.0,5.0,36.7,1.0,0.25,0.0,0.0,140.0,5.0,37.7,0.6,0.3125,-2.0,2.0,0.0,0.05263157894736842,0.14035087719298245,6,12,43.0,7.0,1516,1458,1039,0.0,0.0,80.0,11.0,39.5,2.7,0.2727272727272727,0.0,0.0,30.0,1.0,38.5,0.0,0.375,-1.0,0.2
211,202507010907,22,24,19,197,1,1,5,30,0,0,0,1,8,8,3,63,0,0,0,10,0,0,0,1,3,4,1,29,0,0,0,4,0,0,0,1,0.0,0.0,120.0,12.0,36.8,1.3,0.7333333333333333,0.0,0.0,100.0,7.0,37.0,1.0,0.375,0.0,0.0,100.0,10.0,36.8,1.1,0.8181818181818182,-1.0,-8.0,0.0,0.10416666666666667,0.22916666666666666,4,7,201.6,14.0,1172,1691,1556,0.0,0.0,100.0,4.0,36.8,0.4,0.7333333333333333,0.0,0.0,80.0,13.0,34.6,1.3,0.75,-0.1,0.0
212,202507010907,22,24,19,197,1,0,1,4,0,0,0,0,8,8,3,63,0,0,0,0,0,0,0,0,3,4,1,29,0,0,0,0,0,0,0,0,0.0,0.0,150.0,12.0,37.5,2.1,0.75,0.0,0.0,120.0,15.0,39.1,2.3,0.625,0.0,0.0,130.0,12.0,38.3,1.3,0.21428571428571427,0.0,-4.0,0.0,0.0625,0.1875,3,5,358.5,15.0,1172,1349,1556,0.0,0.0,120.0,5.0,37.9,0.7,0.5,0.0,0.0,80.0,13.0,37.9,1.8,0.5625,-0.8,0.0
213,202507010907,0,1,0,8,0,0,0,2,0,0,0,2,0,1,0,4,0,0,0,0,0,0,0,0,0,0,0,1,0,0,0,0,0,0,0,0,0.0,0.0,40.0,11.0,36.4,1.2,0.4375,0.0,0.0,30.0,2.0,38.0,0.3,0.16666666666666666,0.0,0.0,120.0,2.0,36.0,0.3,0.15384615384615385,-4.5,4.0,0.0,0.06666666666666667,0.26666666666666666,7,13,6.1,4.0,1485,1343,1665,0.0,0.0,150.0,15.0,37.7,1.5,0.25,0.0,0.0,90.0,6.0,36.7,1.1,0.9090909090909091,0.3,0.4
214,202507010907,16,14,16,207,2,3,5,35,0,0,0,1,1,1,1,29,1,0,1,11,0,0,0,1,0,1,1,13,1,0,0,4,0,0,0,1,0.0,0.0,60.0,14.0,37.9,2.4,0.5625,0.0,0.0,150.0,13.0,35.8,1.4,0.5,0.0,0.0,80.0,8.0,35.1,1.3,0.625,-3.0,8.0,0.0,0.056338028169014086,0.18309859154929578,2,4,42.9,6.0,1605,1507,1,0.0,0.0,90.0,7.0,35.0,1.1,0.6666666666666666,0.0,0.0,120.0,14.0,38.1,2.4,0.6875,-0.6,0.0
215,202507010907,1,2,4,18,4,5,1,24,0,0,0,0,1,1,3,8,0,0,0,2,0,0,0,0,0,0,0,0,0,0,0,0,0,0,0,0,0.0,0.0,160.0,15.0,39.4,1.7,0.9375,0.0,0.0,100.0,11.0,38.1,2.8,0.6875,0.0,0.0,100.0,11.0,38.1,1.3,0.875,-2.0,10.0,-200.0,0.06666666666666667,0.13333333333333333,8,16,515.7,16.0,1579,1728,1605,0.0,0.0,80.0,13.0,40.2,4.0,0.5625,0.0,0.0,110.0,5.0,36.7,0.5,0.9375,-1.8,0.0
216,202507010907,4,10,8,59,9,15,9,96,0,0,0,1,2,5,6,18,0,1,0,21,0,0,0,1,2,1,4,10,0,0,0,7,0,0,0,1,0.0,0.0,100.0,14.0,37.6,2.4,0.875,0.0,0.0,60.0,10.0,37.0,1.3,0.4375,0.0,0.0,70.0,14.0,38.9,2.5,0.5714285714285714,0.0,-2.0,0.0,0.04,0.16,1,2,197.1,13.0,1148,1110,1393,0.0,0.0,10.0,1.0,38.2,0.0,0.1875,0.0,0.0,10.0,2.0,36.5,0.1,0.375,-3.3,0.4
217,202507020102,5,6,6,73,5,1,4,30,0,0,0,0,2,2,2,36,4,1,0,11,0,0,0,0,0,1,1,19,3,0,0,1,0,0,0,0,0.0,0.0,80.0,2.0,36.9,0.0,0.42857142857142855,,,,,,,,,,,,,,,,,0.0,0.06666666666666667,0.21666666666666667,2,4,3.5,1.0,1629,1199,1428,,,,,,,,,,,,,,,,1.0
218,202507020102,0,1,0,7,20,12,12,149,0,0,0,0,0,1,0,4,3,2,3,40,0,0,0,0,0,0,0,1,2,1,0,9,0,0,0,0,0.0,0.0,80.0,7.0,38.7,0.5,0.25,0.0,0.0,50.0,4.0,38.5,0.6,0.3125,,,,,,,,-3.0,-8.0,-200.0,0.11224489795918367,0.23469387755102042,5,10,16.8,9.0,1516,1221,1039,,,,,,,,,,,,,,,-3.0,0.0
219,202507020102,8,7,7,102,27,20,21,216,0,1,1,7,3,2,4,17,7,5,2,55,0,1,0,5,0,0,1,4,3,0,0,18,0,0,0,0,0.0,0.0,60.0,4.0,37.9,0.6,0.06666666666666667,0.0,0.0,160.0,18.0,39.4,4.0,0.05555555555555555,0.0,0.0,80.0,10.0,37.0,2.7,0.1,3.0,22.0,0.0,,,3,6,7.2,4.0,1677,1556,1167,,,,,,,,,,,,,,,3.0,0.0
220,202507020102,1,2,4,18,0,0,0,2,0,0,0,0,1,1,3,8,0,0,0,1,0,0,0,0,1,0,2,6,0,0,0,0,0,0,0,0,0.0,0.0,60.0,5.0,36.9,0.5,0.1875,,,,,,,,,,,,,,,,,-200.0,0.0,0.0,5,9,9.8,5.0,1579,1450,1605,,,,,,,,,,,,,,,,0.0
221,202507020102,24,15,26,160,20,12,12,149,3,2,1,6,5,4,5,37,3,2,3,40,0,0,0,0,0,3,4,14,2,1,0,9,0,0,0,0,0.0,0.0,40.0,14.0,40.2,2.7,0.3125,0.0,0.0,60.0,2.0,38.1,0.1,0.1875,,,,,,,,-12.0,-2.0,0.0,0.5,0.5,4,7,13.6,7.0,1520,1221,695,,,,,,,,,,,,,,,-12.0,0.5
222,202507020102,0,2,1,5,2,0,3,23,0,0,0,0,0,0,0,1,1,0,2,7,0,0,0,0,0,0,0,0,0,0,2,2,0,0,0,0,0.0,0.0,50.0,7.0,39.9,0.6,0.0625,0.0,0.0,10.0,13.0,37.0,1.4,0.0625,0.0,0.0,20.0,7.0,35.2,0.9,0.3333333333333333,0.0,4.0,-200.0,0.0,0.10869565217391304,1,1,7.1,3.0,1352,1172,1503,,,,,,,,,,,,,,,0.0,0.0
223,202507020102,7,9,9,76,1,4,4,32,0,1,0,1,0,5,4,29,0,1,1,7,0,0,0,1,0,1,3,15,0,1,0,3,0,0,0,1,0.0,0.0,80.0,5.0,37.5,1.2,0.4375,0.0,0.0,70.0,6.0,37.5,0.3,0.6875,0.0,0.0,50.0,6.0,37.8,0.9,0.6875,0.5,-2.0,0.0,0.05263157894736842,0.21052631578947367,7,14,15.9,8.0,1426,1430,306,0.0,0.0,90.0,4.0,36.9,0.6,0.8333333333333334,0.0,0.0,150.0,7.0,37.6,1.3,0.8125,0.2,0.0
224,202507020102,35,37,29,283,25,24,24,231,1,0,2,4,11,7,6,73,3,3,4,50,0,0,0,1,5,2,2,10,1,1,2,16,0,0,0,0,0.0,0.0,20.0,3.0,37.6,0.5,0.125,,,,,,,,,,,,,,,,,-200.0,0.034482758620689655,0.13793103448275862,4,8,3.8,2.0,1576,1558,1577,,,,,,,,,,,,,,,,1.0
225,202507020102,2,8,8,66,27,20,21,216,0,0,0,0,1,1,1,16,7,5,2,55,0,0,0,0,0,1,0,4,3,0,0,18,0,0,0,0,0.0,0.0,50.0,7.0,35.0,0.5,0.2777777777777778,0.0,0.0,60.0,2.0,36.0,0.3,0.16666666666666666,0.0,0.0,70.0,4.0,38.6,0.8,0.125,-1.5,0.0,0.0,0.019230769230769232,0.17307692307692307,8,16,12.1,6.0,1317,1556,1186,0.0,0.0,110.0,3.0,38.1,0.8,0.1875,0.0,0.0,130.0,12.0,38.1,1.6,0.75,1.1,0.4
226,202507020102,5,5,5,61,4,2,3,9,0,0,0,0,2,0,1,17,2,1,2,2,0,0,0,0,2,0,0,6,0,0,1,1,0,0,0,0,0.0,0.0,140.0,11.0,38.7,2.2,0.625,0.0,0.0,130.0,7.0,37.8,2.0,0.6428571428571429,0.0,0.0,110.0,10.0,39.5,2.5,0.6428571428571429,-0.5,12.0,-100.0,0.045454545454545456,0.045454545454545456,6,12,387.6,14.0,1401,1465,517,0.0,0.0,100.0,8.0,35.6,1.7,0.2,0.0,0.0,120.0,11.0,38.7,3.4,0.8571428571428571,0.1,0.0
227,202507020102,24,15,26,160,6,10,9,77,0,0,0,1,5,4,5,37,2,5,1,20,0,0,0,0,0,3,4,14,1,0,1,6,0,0,0,0,0.0,0.0,100.0,11.0,37.7,1.7,0.625,0.0,0.0,70.0,4.0,38.1,1.9,0.4666666666666667,0.0,0.0,160.0,5.0,37.9,0.3,0.75,-3.0,4.0,0.0,0.06976744186046512,0.23255813953488372,8,15,54.9,10.0,1520,1228,695,0.0,0.0,100.0,10.0,39.6,4.7,0.75,0.0,0.0,120.0,15.0,39.4,2.9,0.9375,1.4,0.0
228,202507020102,6,6,8,67,1,4,4,32,0,0,0,1,5,2,2,23,0,1,1,7,0,0,0,0,2,0,0,8,0,1,0,3,0,0,0,0,0.0,0.0,130.0,12.0,39.8,2.3,0.6153846153846154,0.0,0.0,140.0,12.0,38.0,2.2,0.8666666666666667,0.0,0.0,130.0,14.0,44.6,7.2,0.0625,1.0,0.0,-200.0,0.0,0.05128205128205128,7,13,537.7,16.0,1333,1430,1294,,,,,,,,,,,,,,,1.0,0.0
229,202507020102,7,2,7,64,0,1,3,27,0,0,0,0,3,1,1,21,0,1,1,12,0,0,0,0,1,0,0,8,0,0,0,1,0,0,0,0,0.0,0.0,130.0,13.0,37.9,2.9,0.9375,0.0,0.0,50.0,13.0,39.2,3.0,0.8666666666666667,0.0,0.0,70.0,16.0,40.0,4.9,0.875,1.5,-4.0,0.0,,,2,3,184.0,13.0,1674,1592,1428,,,,,,,,,,,,,,,1.5,0.0
230,202507020102,5,6,6,73,1,1,5,30,0,0,0,0,2,2,2,36,0,0,0,10,0,0,0,0,0,1,1,19,0,0,0,4,0,0,0,0,0.0,0.0,110.0,14.0,40.2,3.1,0.3125,0.0,0.0,100.0,14.0,37.3,2.1,0.0625,0.0,0.0,70.0,10.0,34.7,1.2,0.75,-2.0,-16.0,0.0,0.03333333333333333,0.3,6,11,110.5,11.0,1629,1691,1428,,,,,,,,,,,,,,,-2.0,0.0
231,202507020102,1,1,3,14,0,0,3,7,0,0,0,0,0,0,1,3,0,0,1,2,0,0,0,0,0,0,0,2,0,0,0,0,0,0,0,0,0.0,0.0,150.0,15.0,40.4,3.3,0.3125,0.0,0.0,130.0,15.0,39.5,4.8,1.0,,,,,,,,0.0,4.0,0.0,0.05405405405405406,0.16216216216216217,3,5,479.9,15.0,1699,1127,1313,,,,,,,,,,,,,,,0.0,0.0
232,202507020102,0,0,0,2,2,2,3,17,0,0,0,0,0,0,0,1,0,2,1,5,0,0,0,0,0,0,0,1,0,0,0,1,0,0,0,0,0.0,0.0,80.0,9.0,40.2,3.4,0.5625,,,,,,,,,,,,,,,,,0.0,0.0,0.2857142857142857,1,2,120.1,12.0,1223,1520,1221,,,,,,,,,,,,,,,,0.0
233,202507020109,4,2,1,48,0,3,4,41,0,0,0,0,2,0,0,20,0,1,2,10,0,0,0,0,0,0,0,1,0,0,1,5,0,0,0,0,0.0,0.0,30.0,3.0,37.3,0.3,0.125,0.0,0.0,20.0,3.0,36.6,0.0,0.5384615384615384,0.0,0.0,30.0,11.0,37.3,1.6,0.05555555555555555,4.0,8.0,0.0,0.10309278350515463,0.2268041237113402,2,3,2.2,1.0,1064,1313,1556,0.0,0.0,20.0,3.0,37.0,0.6,0.125,0.0,0.0,50.0,3.0,33.6,0.2,0.4444444444444444,0.0,0.8
234,202507020109,0,1,1,0,3,2,1,7,0,0,0,0,0,1,0,0,0,0,0,5,0,0,0,0,0,1,0,0,0,0,0,0,0,0,0,0,0.0,0.0,40.0,3.0,37.6,0.5,0.3333333333333333,0.0,0.0,20.0,3.0,36.8,0.8,0.1875,0.0,0.0,30.0,4.0,37.1,0.3,0.625,0.5,-2.0,-200.0,0.0,0.23076923076923078,5,9,4.7,2.0,451,488,494,0.0,0.0,30.0,2.0,37.0,0.2,0.125,0.0,0.0,60.0,2.0,35.9,0.0,0.5833333333333334,-0.3,0.8
235,202507020109,38,22,32,235,7,15,11,139,1,0,0,4,13,5,8,59,2,8,5,39,0,0,0,3,2,0,1,13,0,0,0,3,0,0,0,0,0.0,0.0,140.0,16.0,36.0,1.5,0.2222222222222222,0.0,0.0,90.0,13.0,37.6,1.6,0.3125,0.0,0.0,140.0,16.0,38.4,2.6,0.125,0.0,-2.0,0.0,0.13043478260869565,0.2463768115942029,8,16,184.4,16.0,1716,1235,1167,0.0,0.0,40.0,3.0,32.2,0.0,0.6111111111111112,0.0,0.0,40.0,5.0,37.1,0.5,0.75,-3.2,0.2
236,202507020109,22,24,19,197,1,1,0,10,0,1,0,1,8,8,3,63,0,1,0,1,0,1,0,0,1,0,1,10,0,0,0,0,0,0,0,0,0.0,0.0,120.0,6.0,35.7,0.4,0.6875,0.0,0.0,10.0,1.0,37.8,0.0,0.4375,0.0,0.0,60.0,2.0,36.5,0.3,0.875,-2.0,-10.0,-100.0,0.05555555555555555,0.18055555555555555,4,8,28.7,6.0,1172,377,1556,0.0,0.0,20.0,10.0,35.1,1.1,0.7857142857142857,0.0,0.0,40.0,5.0,35.3,0.5,0.6363636363636364,0.7,0.4
237,202507020109,7,2,7,64,2,2,3,17,0,0,0,1,3,1,1,21,0,2,1,5,0,0,0,1,0,0,1,1,0,1,0,0,0,0,0,0,0.0,0.0,70.0,13.0,37.5,1.4,0.5625,0.0,0.0,20.0,1.0,36.1,0.0,0.6363636363636364,0.0,0.0,20.0,8.0,37.3,0.8,0.5,-2.5,-16.0,0.0,0.05555555555555555,0.2222222222222222,8,15,88.5,13.0,1674,1520,1428,0.0,0.0,10.0,5.0,37.1,0.8,0.3125,0.0,0.0,10.0,2.0,37.7,0.0,0.2,-1.8,0.4
238,202507020109,5,3,3,20,12,13,9,129,0,0,0,0,1,1,0,5,3,1,5,34,0,0,0,0,0,0,0,0,1,0,2,2,0,0,0,0,0.0,0.0,20.0,1.0,35.9,0.0,0.375,0.0,0.0,30.0,3.0,35.4,0.2,0.625,0.0,0.0,30.0,2.0,36.9,0.6,0.4375,0.5,4.0,0.0,1.0,1.0,6,11,5.3,3.0,1479,1503,857,0.0,0.0,50.0,5.0,36.7,0.5,0.8571428571428571,0.0,0.0,130.0,15.0,35.5,2.6,0.8666666666666667,3.0000000000000004,0.6
239,202507020109,12,25,18,150,1,1,1,17,0,0,0,1,1,1,2,15,1,0,0,5,0,0,0,1,0,0,0,1,0,0,0,1,0,0,0,1,0.0,0.0,60.0,6.0,35.3,0.7,0.9375,0.0,0.0,80.0,2.0,36.3,0.2,0.6666666666666666,0.0,0.0,20.0,6.0,36.9,0.6,0.6,0.0,4.0,0.0,0.08108108108108109,0.13513513513513514,4,7,15.2,5.0,1304,1716,1503,0.0,0.0,20.0,1.0,36.9,0.0,0.36363636363636365,0.0,0.0,60.0,9.0,35.8,1.3,0.14285714285714285,0.5,0.4
240,202507020109,1,5,2,27,0,1,0,3,0,0,0,0,0,3,0,5,0,0,0,1,0,0,0,0,0,0,0,0,0,0,0,0,0,0,0,0,0.0,0.0,90.0,15.0,37.7,1.5,0.0625,0.0,0.0,60.0,15.0,38.2,2.2,0.0625,0.0,0.0,70.0,1.0,36.2,0.0,0.0625,-7.0,-4.0,-100.0,0.02702702702702703,0.13513513513513514,7,13,63.8,11.0,1282,733,377,0.0,0.0,40.0,13.0,38.9,2.2,0.2857142857142857,0.0,0.0,30.0,14.0,39.2,2.6,0.26666666666666666,-0.4,0.2
241,202507020109,27,19,19,153,3,2,3,24,1,0,0,0,8,7,2,30,1,1,0,5,1,0,0,0,3,2,0,3,0,0,0,0,0,0,0,0,0.0,0.0,40.0,7.0,36.9,0.4,0.5625,0.0,0.0,30.0,3.0,36.9,0.1,0.2,0.0,0.0,20.0,1.0,36.8,0.0,0.0625,-3.0,-6.0,0.0,0.05555555555555555,0.16666666666666666,2,4,6.8,4.0,1467,1665,336,0.0,0.0,30.0,10.0,37.7,1.3,0.4375,0.0,0.0,50.0,2.0,36.1,0.4,0.375,-0.3,0.6
242,202507020109,2,6,2,47,0,3,0,15,0,1,0,3,1,2,0,10,0,2,0,4,0,1,0,2,0,1,0,3,0,1,0,2,0,1,0,2,0.0,0.0,110.0,7.0,36.1,0.7,0.9375,0.0,0.0,110.0,7.0,35.8,0.9,0.8125,0.0,0.0,70.0,9.0,37.1,1.1,0.7692307692307693,1.0,4.0,-200.0,0.015873015873015872,0.2222222222222222,3,6,30.4,7.0,1045,1205,969,0.0,0.0,60.0,7.0,36.4,0.6,0.7333333333333333,0.0,0.0,100.0,13.0,36.8,1.5,0.5333333333333333,1.2,0.0
243,202507020109,15,16,19,150,4,3,4,39,1,0,0,7,1,2,3,28,1,2,0,16,1,0,0,4,0,0,1,1,0,0,0,3,0,0,0,0,0.0,0.0,60.0,1.0,36.4,0.0,0.5625,0.0,0.0,40.0,8.0,37.8,1.0,0.5625,0.0,0.0,60.0,5.0,36.3,1.2,0.5625,2.0,-6.0,0.0,0.07058823529411765,0.23529411764705882,7,14,31.2,8.0,1586,1541,1167,0.0,0.0,50.0,5.0,36.6,0.8,0.6666666666666666,0.0,0.0,70.0,7.0,36.9,1.0,0.25,0.9,0.2
244,202507020109,38,22,32,235,2,1,0,2,1,0,0,0,13,5,8,59,1,0,0,0,1,0,0,0,2,0,1,13,0,0,0,0,0,0,0,0,0.0,0.0,60.0,9.0,35.7,1.1,0.6428571428571429,0.0,0.0,20.0,1.0,37.1,0.0,0.3125,0.0,0.0,70.0,5.0,37.2,0.9,0.1875,-2.0,-10.0,200.0,0.06349206349206349,0.1746031746031746,1,2,44.5,9.0,1716,314,1167,0.0,0.0,50.0,4.0,37.4,0.5,0.21428571428571427,0.0,0.0,10.0,5.0,37.0,0.6,0.3125,-0.5,0.2
245,202507020109,23,16,21,209,27,20,21,216,2,1,2,11,1,2,3,22,7,5,2,55,0,0,0,1,0,0,0,5,1,1,0,11,0,0,0,0,0.0,0.0,100.0,9.0,35.1,0.8,0.3888888888888889,0.0,0.0,90.0,5.0,34.7,0.2,0.4444444444444444,0.0,0.0,60.0,13.0,34.9,1.4,0.625,2.0,2.0,0.0,0.0196078431372549,0.17647058823529413,1,1,104.0,14.0,1691,1556,1167,0.0,0.0,40.0,15.0,34.4,1.3,0.625,0.0,0.0,40.0,2.0,33.8,0.1,0.3,-0.4,0.2
246,202507020109,6,6,8,67,20,23,26,240,0,0,1,5,5,2,2,23,6,5,7,56,0,0,1,4,0,0,1,8,2,0,0,3,0,0,0,0,0.0,0.0,10.0,1.0,35.5,0.0,0.38461538461538464,0.0,0.0,60.0,2.0,34.3,0.0,0.5,0.0,0.0,90.0,7.0,36.7,0.6,0.4666666666666667,3.0,0.0,200.0,0.0759493670886076,0.17721518987341772,3,5,75.7,12.0,1333,1428,1294,0.0,0.0,70.0,5.0,37.1,0.7,0.625,0.0,0.0,60.0,3.0,35.8,0.7,0.5,0.7000000000000001,0.6
247,202507020109,7,4,3,34,0,0,0,1,0,0,0,0,1,0,0,8,0,0,0,0,0,0,0,0,0,0,0,3,0,0,0,0,0,0,0,0,0.0,0.0,50.0,12.0,35.8,1.7,0.5,0.0,0.0,20.0,7.0,34.1,0.5,0.9230769230769231,0.0,0.0,30.0,5.0,33.6,0.4,0.5384615384615384,-3.5,6.0,-200.0,0.10810810810810811,0.24324324324324326,5,10,49.7,10.0,1676,750,1428,0.0,0.0,20.0,2.0,33.7,0.5,0.7692307692307693,0.0,0.0,30.0,5.0,33.9,0.6,0.5,-1.9,0.2
248,202507020109,24,21,22,189,27,20,21,216,0,0,0,3,6,5,6,45,7,5,2,55,0,0,0,1,1,0,0,2,1,1,0,11,0,0,0,1,0.0,0.0,90.0,8.0,35.8,1.7,0.5714285714285714,0.0,0.0,110.0,6.0,37.2,1.3,0.5,0.0,0.0,80.0,11.0,38.4,1.6,0.06666666666666667,1.5,-2.0,200.0,0.06779661016949153,0.22033898305084745,6,12,183.2,15.0,1278,1556,625,0.0,0.0,60.0,9.0,37.7,1.4,0.2727272727272727,0.0,0.0,80.0,3.0,35.9,0.2,0.21428571428571427,-0.7,0.2
249,202507020302,24,21,22,189,6,10,9,77,0,1,1,4,6,5,6,45,2,5,1,20,0,1,0,0,3,1,3,14,1,0,1,6,0,0,0,0,0.0,0.0,10.0,3.0,39.0,1.0,0.375,0.0,0.0,20.0,3.0,37.1,0.2,0.4166666666666667,0.0,0.0,10.0,3.0,37.0,0.4,0.125,0.0,-4.0,-200.0,0.038461538461538464,0.15384615384615385,8,16,2.1,1.0,1278,1228,625,0.0,0.0,20.0,3.0,39.1,1.0,0.3125,0.0,0.0,10.0,2.0,38.2,0.5,0.25,-0.2,1.0
250,202507020302,0,0,1,0,2,0,3,23,0,0,0,0,0,0,1,0,1,0,2,7,0,0,0,0,0,0,1,0,0,0,2,2,0,0,0,0,0.0,0.0,40.0,5.0,37.0,1.5,0.5714285714285714,0.0,0.0,60.0,5.0,36.4,1.1,0.21428571428571427,0.0,0.0,150.0,6.0,37.8,1.2,0.3125,0.5,2.0,200.0,0.0,0.26666666666666666,4,8,56.3,11.0,1566,1172,1393,0.0,0.0,120.0,11.0,38.9,2.5,0.3125,0.0,0.0,130.0,6.0,34.4,1.1,0.35714285714285715,0.8,0.0
251,202507020302,7,9,9,76,2,2,2,11,0,0,0,3,0,5,4,29,0,2,0,3,0,0,0,2,0,1,3,15,0,2,0,3,0,0,0,2,0.0,0.0,70.0,10.0,38.6,1.4,0.14285714285714285,0.0,0.0,30.0,4.0,38.8,0.5,0.0625,0.0,0.0,10.0,7.0,39.7,0.8,0.125,-1.5,2.0,0.0,0.09333333333333334,0.3466666666666667,5,10,13.5,4.0,1426,1489,306,0.0,0.0,10.0,3.0,38.9,0.3,0.0625,0.0,0.0,20.0,2.0,38.3,0.4,0.09090909090909091,-1.7,0.4
252,202507020302,15,15,17,124,0,0,1,5,0,0,0,2,5,0,2,24,0,0,1,3,0,0,0,2,2,0,0,11,0,0,1,1,0,0,0,1,0.0,0.0,50.0,2.0,37.1,0.4,0.25,0.0,0.0,90.0,8.0,36.0,1.7,0.2777777777777778,0.0,0.0,20.0,13.0,35.3,1.3,0.7222222222222222,5.5,-8.0,0.0,0.03571428571428571,0.07142857142857142,5,9,4.8,3.0,1463,432,1167,,,,,,,,,,,,,,,5.5,0.3333333333333333
253,202507020302,11,18,23,142,5,1,2,8,1,0,1,1,1,3,4,15,3,1,1,2,0,0,0,0,0,2,1,2,0,1,1,2,0,0,0,0,0.0,0.0,110.0,7.0,38.8,1.2,0.4375,0.0,0.0,110.0,9.0,38.1,2.4,0.7333333333333333,0.0,0.0,40.0,9.0,43.3,5.6,0.4,1.0,-2.0,-200.0,0.0,0.10638297872340426,7,13,44.2,8.0,1127,1337,1328,0.0,0.0,30.0,5.0,40.1,0.5,0.1,0.0,0.0,20.0,5.0,39.9,1.8,0.9090909090909091,-0.8,0.0
254,202507020302,0,0,0,6,1,4,1,13,0,0,0,0,0,0,0,2,0,1,0,1,0,0,0,0,0,0,0,1,0,0,0,0,0,0,0,0,0.0,0.0,30.0,8.0,37.5,1.8,0.21428571428571427,0.0,0.0,30.0,6.0,38.1,0.8,0.13333333333333333,,,,,,,,-2.0,-2.0,200.0,,,6,11,47.6,9.0,1382,1225,707,,,,,,,,,,,,,,,-2.0,0.0
255,202507020302,0,2,3,39,7,3,2,33,0,0,0,0,0,1,1,23,4,2,0,4,0,0,0,0,0,0,0,13,1,1,0,2,0,0,0,0,0.0,0.0,60.0,7.0,37.7,1.4,0.8125,0.0,0.0,120.0,4.0,38.1,0.8,0.3125,,,,,,,,-3.0,6.0,-100.0,0.0,0.3333333333333333,3,6,18.1,5.0,1534,1208,1235,,,,,,,,,,,,,,,-3.0,0.0
256,202507020302,1,0,0,9,12,13,9,129,0,0,0,0,1,0,0,4,3,1,5,34,0,0,0,0,0,0,0,3,0,1,1,15,0,0,0,0,0.0,0.0,70.0,9.0,38.0,1.4,0.875,0.0,0.0,70.0,11.0,35.8,1.5,0.6875,,,,,,,,2.0,10.0,0.0,0.0,0.0,8,15,92.4,12.0,1656,1503,1576,,,,,,,,,,,,,,,2.0,0.0
257,202507020302,2,6,2,47,2,4,2,35,0,0,0,1,1,2,0,10,0,0,0,3,0,0,0,0,1,1,0,4,0,0,0,1,0,0,0,0,0.0,0.0,80.0,5.0,36.9,1.1,0.6875,0.0,0.0,70.0,6.0,38.2,2.4,0.625,0.0,0.0,110.0,9.0,42.1,2.7,0.4375,2.0,-2.0,0.0,0.0,0.0,7,14,22.6,7.0,1045,1736,969,0.0,0.0,60.0,6.0,42.4,3.2,0.6153846153846154,,,,,,,,0.6,0.0
258,202507020302,5,3,3,20,20,23,26,240,1,0,0,4,1,1,0,5,6,5,7,56,0,0,0,0,1,0,0,1,2,2,3,25,0,0,0,0,0.0,0.0,30.0,2.0,37.2,1.1,0.23076923076923078,0.0,0.0,60.0,5.0,36.6,0.5,0.5833333333333334,0.0,0.0,40.0,9.0,40.4,1.4,0.06666666666666667,3.5,0.0,0.0,0.10743801652892562,0.30578512396694213,2,3,4.0,2.0,1479,1428,857,,,,,,,,,,,,,,,3.5,0.3333333333333333
259,202507020302,5,4,3,56,25,26,37,308,1,0,0,0,0,0,0,11,5,5,5,57,0,0,0,0,0,0,0,10,1,4,3,25,0,0,0,0,,,,,,,,,,,,,,,,,,,,,,,,,0.0,0.25,6,12,407.5,15.0,1600,1183,680,,,,,,,,,,,,,,,,
260,202507020302,0,1,3,13,1,1,1,17,0,0,0,0,0,1,1,2,0,0,1,9,0,0,0,0,0,1,0,0,0,0,0,3,0,0,0,0,0.0,0.0,140.0,12.0,37.3,2.4,1.0,0.0,0.0,150.0,10.0,37.3,1.8,0.8666666666666667,0.0,0.0,140.0,12.0,38.5,3.4,0.9375,0.0,6.0,0.0,0.0,0.0,3,5,374.3,14.0,1261,1278,387,,,,,,,,,,,,,,,0.0,0.0
261,202507020302,5,3,3,20,12,7,9,129,0,0,0,0,1,1,0,5,2,2,3,37,0,0,0,0,1,0,0,1,1,0,0,12,0,0,0,0,0.0,0.0,60.0,13.0,37.8,2.4,0.8125,,,,,,,,,,,,,,,,,0.0,0.06896551724137931,0.22988505747126436,1,2,18.4,6.0,1479,1362,857,,,,,,,,,,,,,,,,0.0
262,202507020302,3,3,5,32,0,3,0,15,0,0,0,0,1,1,2,10,0,2,0,4,0,0,0,0,0,0,2,5,0,1,0,1,0,0,0,0,0.0,0.0,140.0,16.0,37.0,2.7,0.8125,0.0,0.0,80.0,12.0,40.4,3.3,0.6666666666666666,0.0,0.0,100.0,9.0,36.9,1.7,0.09090909090909091,-3.5,-2.0,-400.0,0.05555555555555555,0.05555555555555555,2,4,298.8,13.0,1289,1205,1428,,,,,,,,,,,,,,,-3.5,0.0
263,202507020302,5,5,5,61,2,4,2,35,0,0,0,2,2,0,1,17,0,0,0,3,0,0,0,1,2,0,0,6,0,0,0,1,0,0,0,0,0.0,0.0,70.0,10.0,38.4,1.8,0.25,0.0,0.0,50.0,8.0,40.6,1.9,0.6666666666666666,,,,,,,,-2.0,0.0,-400.0,0.09090909090909091,0.45454545454545453,1,1,55.5,10.0,1401,1736,517,,,,,,,,,,,,,,,-2.0,0.0
264,202507020302,0,0,0,5,0,3,4,41,0,0,0,0,0,0,0,1,0,1,2,10,0,0,0,0,0,0,0,1,0,1,0,1,0,0,0,0,0.0,0.0,160.0,16.0,41.0,4.3,0.3125,0.0,0.0,120.0,14.0,37.8,3.5,0.9285714285714286,,,,,,,,-2.0,-12.0,0.0,0.018518518518518517,0.18518518518518517,4,7,519.9,16.0,1097,1313,1221,,,,,,,,,,,,,,,-2.0,0.0
265,202507020312,1,0,1,23,1,1,1,14,0,0,1,1,0,0,1,10,0,0,1,4,0,0,1,1,0,0,1,5,0,0,1,2,0,0,1,1,0.0,0.0,30.0,6.0,35.7,0.9,0.8571428571428571,0.0,0.0,60.0,4.0,35.9,0.2,0.1875,0.0,0.0,10.0,4.0,36.3,0.2,0.4666666666666667,-1.0,-4.0,200.0,0.0547945205479452,0.1780821917808219,8,16,5.4,3.0,1540,1414,1036,0.0,0.0,10.0,2.0,36.8,0.0,0.25,0.0,0.0,50.0,3.0,36.3,0.3,0.25,-0.8,0.4
266,202507020312,15,16,19,150,11,11,8,95,1,0,0,1,1,2,3,28,1,0,1,17,0,0,0,0,0,2,2,10,0,0,1,7,0,0,0,0,0.0,0.0,110.0,4.0,38.1,0.7,0.0625,0.0,0.0,90.0,15.0,39.3,1.6,0.4375,0.0,0.0,90.0,6.0,39.5,1.1,0.375,1.0,2.0,0.0,0.018867924528301886,0.16981132075471697,2,4,17.5,8.0,1586,1039,1167,0.0,0.0,50.0,7.0,39.1,1.0,0.2857142857142857,0.0,0.0,30.0,4.0,39.7,0.4,0.21428571428571427,-0.8,0.0
267,202507020312,0,1,0,8,0,0,0,2,0,0,0,2,0,1,0,4,0,0,0,0,0,0,0,0,0,0,0,1,0,0,0,0,0,0,0,0,0.0,0.0,40.0,13.0,38.5,2.2,0.1875,0.0,0.0,40.0,11.0,36.4,1.2,0.4375,0.0,0.0,30.0,2.0,38.0,0.3,0.16666666666666666,-5.5,0.0,0.0,0.0,0.21428571428571427,4,8,20.1,10.0,1485,1343,1665,0.0,0.0,120.0,2.0,36.0,0.3,0.15384615384615385,0.0,0.0,150.0,15.0,37.7,1.5,0.25,-0.5,0.4
268,202507020312,2,2,2,24,0,0,3,7,0,0,0,1,0,0,1,5,0,0,1,2,0,0,0,1,0,0,1,3,0,0,1,2,0,0,0,1,0.0,0.0,80.0,3.0,38.0,0.3,0.0625,0.0,0.0,80.0,7.0,38.2,0.9,0.125,0.0,0.0,50.0,4.0,37.4,0.3,0.1875,0.5,0.0,0.0,0.0945945945945946,0.35135135135135137,4,7,4.2,1.0,1381,1127,548,0.0,0.0,100.0,9.0,36.9,0.6,0.3333333333333333,0.0,0.0,30.0,4.0,36.4,0.4,0.08333333333333333,0.4,0.2
269,202507020312,0,1,3,13,0,0,3,7,0,0,1,1,0,1,1,2,0,0,1,2,0,0,1,0,0,0,1,2,0,0,1,2,0,0,1,0,0.0,0.0,20.0,14.0,38.9,2.1,0.3125,0.0,0.0,20.0,2.0,37.9,0.0,0.0625,0.0,0.0,80.0,2.0,38.0,0.2,0.0625,-6.0,2.0,0.0,0.03225806451612903,0.2903225806451613,8,15,6.4,4.0,1261,1127,387,0.0,0.0,40.0,3.0,37.9,0.3,0.125,0.0,0.0,40.0,11.0,43.4,4.7,0.3333333333333333,-0.5,0.6
270,202507020312,9,8,5,102,40,32,33,338,0,2,1,3,7,6,5,66,8,5,7,63,0,2,1,2,2,4,3,22,3,3,3,32,0,2,1,2,0.0,0.0,50.0,9.0,39.5,0.9,0.125,0.0,0.0,50.0,5.0,36.7,0.2,0.2,0.0,0.0,60.0,11.0,38.2,1.2,0.42857142857142855,1.0,-6.0,-200.0,0.015625,0.21875,5,9,10.8,5.0,1228,1167,1108,0.0,0.0,20.0,2.0,37.4,0.7,0.15384615384615385,0.0,0.0,40.0,4.0,37.3,0.6,0.0625,-1.3,0.2
271,202507020312,0,0,0,4,0,0,0,2,0,0,0,2,0,0,0,1,0,0,0,0,0,0,0,0,0,0,0,0,0,0,0,0,0,0,0,0,0.0,0.0,120.0,8.0,34.9,0.8,0.7142857142857143,0.0,0.0,50.0,9.0,36.9,1.9,0.5,0.0,0.0,120.0,5.0,37.2,0.9,0.38461538461538464,-1.5,-4.0,200.0,0.05555555555555555,0.05555555555555555,1,1,62.6,12.0,684,383,429,0.0,0.0,120.0,10.0,37.3,1.5,0.7333333333333333,0.0,0.0,70.0,9.0,38.7,1.7,0.5384615384615384,0.3,0.0
272,202507020312,38,22,32,235,27,20,21,216,4,1,2,14,13,5,8,59,7,5,2,55,0,0,0,0,7,2,2,22,2,4,2,25,0,0,0,0,0.0,0.0,50.0,2.0,34.7,0.2,0.9285714285714286,0.0,0.0,80.0,7.0,36.2,0.8,0.4375,0.0,0.0,40.0,6.0,43.1,3.0,0.125,2.0,-4.0,200.0,0.0,0.10638297872340426,5,10,4.9,2.0,1716,1556,1167,0.0,0.0,90.0,8.0,39.2,1.1,0.9285714285714286,0.0,0.0,40.0,6.0,38.6,1.6,0.5,0.9,0.2
273,202507020312,35,37,29,283,20,23,26,240,2,3,0,13,11,7,6,73,6,5,7,56,0,0,0,5,5,4,1,34,1,3,3,20,0,0,0,5,0.0,0.0,100.0,5.0,36.8,0.6,0.6875,0.0,0.0,50.0,7.0,36.3,1.2,0.875,0.0,0.0,80.0,6.0,36.5,1.2,0.8461538461538461,0.5,6.0,0.0,0.0,0.0,3,5,18.9,9.0,1576,1428,1577,0.0,0.0,80.0,4.0,35.9,0.8,0.8571428571428571,0.0,0.0,140.0,12.0,38.6,2.2,0.25,1.1,0.0
274,202507020312,5,3,3,20,1,1,1,17,1,0,0,1,1,1,0,5,1,0,0,5,1,0,0,0,0,1,0,4,0,0,0,0,0,0,0,0,0.0,0.0,100.0,13.0,40.9,2.0,0.0625,0.0,0.0,110.0,11.0,38.2,2.1,0.6,0.0,0.0,120.0,15.0,37.7,2.1,0.8125,1.0,0.0,-200.0,0.031746031746031744,0.12698412698412698,6,12,25.4,11.0,1479,1716,857,0.0,0.0,20.0,1.0,37.6,0.0,0.3125,0.0,0.0,40.0,7.0,39.8,1.1,0.0625,-2.2,0.2
275,202507020312,0,0,0,1,0,0,0,0,0,0,0,0,0,0,0,0,0,0,0,0,0,0,0,0,0,0,0,0,0,0,0,0,0,0,0,0,0.0,0.0,130.0,9.0,35.6,1.1,0.9285714285714286,0.0,0.0,100.0,16.0,39.8,4.4,0.25,0.0,0.0,40.0,15.0,41.7,4.3,0.4,3.0,4.0,200.0,0.037037037037037035,0.07407407407407407,3,6,223.7,15.0,838,159,664,0.0,0.0,90.0,5.0,35.5,1.0,0.3333333333333333,0.0,0.0,110.0,14.0,38.0,3.9,1.0,-0.1,0.0
276,202507020312,38,22,32,235,3,7,3,75,1,0,0,1,13,5,8,59,1,3,1,16,0,0,0,0,7,2,2,22,1,1,1,9,0,0,0,0,0.0,0.0,80.0,10.0,39.0,1.7,0.125,0.0,0.0,50.0,7.0,37.0,1.2,0.6363636363636364,0.0,0.0,80.0,2.0,36.8,0.5,0.14285714285714285,-4.0,4.0,-200.0,0.02702702702702703,0.13513513513513514,1,2,16.1,7.0,1716,1170,1167,0.0,0.0,100.0,13.0,36.3,2.3,1.0,0.0,0.0,50.0,12.0,34.3,0.9,1.0,1.0,0.2
277,202507020312,24,21,22,189,0,0,0,6,0,0,0,0,6,5,6,45,0,0,0,3,0,0,0,0,1,3,1,23,0,0,0,1,0,0,0,0,0.0,0.0,150.0,16.0,38.5,1.9,0.9375,,,,,,,,,,,,,,,,,0.0,0.0,0.0,7,13,189.9,13.0,1278,1236,625,,,,,,,,,,,,,,,,0.0
278,202507020312,4,2,1,48,40,32,33,338,2,0,0,3,2,0,0,20,8,5,7,63,1,0,0,2,1,0,0,6,3,3,3,32,0,0,0,0,0.0,0.0,140.0,15.0,39.5,2.2,0.125,0.0,0.0,110.0,6.0,37.6,1.2,0.18181818181818182,0.0,0.0,140.0,9.0,38.4,1.1,0.07142857142857142,-3.0,8.0,-100.0,0.0,0.0,6,11,215.7,14.0,1064,1167,1556,0.0,0.0,160.0,14.0,37.4,2.2,0.75,0.0,0.0,140.0,14.0,37.7,1.5,0.9285714285714286,0.6,0.0
279,202507020312,13,11,8,103,4,4,6,110,0,0,0,0,1,2,2,23,0,0,1,32,0,0,0,0,1,1,1,9,0,0,1,14,0,0,0,0,0.0,0.0,160.0,15.0,38.4,4.2,1.0,0.0,0.0,120.0,12.0,37.7,2.3,0.38461538461538464,0.0,0.0,140.0,11.0,35.6,1.4,0.6428571428571429,-2.0,-2.0,0.0,0.0,0.0,7,14,311.0,16.0,1403,1014,939,0.0,0.0,90.0,5.0,38.6,1.0,0.06666666666666667,,,,,,,,-3.1,0.0
280,202507020312,6,9,5,54,1,1,4,4,0,0,0,0,0,2,3,9,0,1,2,1,0,0,0,0,0,0,0,4,0,0,0,0,0,0,0,0,0.0,0.0,20.0,12.0,38.1,2.1,0.7333333333333333,0.0,0.0,80.0,12.0,38.8,2.7,0.1875,0.0,0.0,30.0,8.0,38.1,1.6,0.3333333333333333,-2.0,2.0,-200.0,0.3333333333333333,0.3333333333333333,2,3,11.6,6.0,1243,617,1428,0.0,0.0,10.0,1.0,36.5,0.0,0.06666666666666667,0.0,0.0,30.0,2.0,36.9,0.7,0.0625,-3.1,0.4
281,202507020401,5,0,1,3,1,2,0,42,0,0,0,0,0,0,0,0,1,1,0,12,0,0,0,0,0,0,0,0,1,1,0,6,0,0,0,0,0.0,0.0,60.0,9.0,40.3,3.3,0.2222222222222222,,,,,,,,,,,,,,,,,-800.0,0.09210526315789473,0.35526315789473684,5,9,2.0,1.0,1469,1417,88,,,,,,,,,,,,,,,,0.0
282,202507020401,0,0,0,2,6,7,8,83,0,0,0,1,0,0,0,1,1,0,2,25,0,0,0,0,0,0,0,1,0,0,1,8,0,0,0,0,0.0,0.0,100.0,4.0,35.9,0.7,0.5,0.0,0.0,100.0,15.0,40.2,2.4,0.1875,0.0,0.0,70.0,9.0,41.4,3.6,0.18181818181818182,2.5,0.0,200.0,0.03333333333333333,0.03333333333333333,6,11,16.8,5.0,1223,1306,1221,0.0,0.0,60.0,4.0,38.7,1.5,0.3,0.0,0.0,80.0,8.0,35.5,1.7,0.6,-0.3,0.0
283,202507020401,0,1,3,13,20,23,26,240,0,0,0,1,0,1,1,2,6,5,7,56,0,0,0,0,0,1,0,0,2,2,3,25,0,0,0,0,0.0,0.0,50.0,16.0,44.1,6.1,0.1875,,,,,,,,,,,,,,,,,-600.0,0.030927835051546393,0.1958762886597938,2,3,49.5,10.0,1261,1428,387,,,,,,,,,,,,,,,,0.0
284,202507020401,24,21,22,189,20,23,26,240,0,1,1,6,6,5,6,45,6,5,7,56,0,1,1,3,3,1,3,14,2,2,3,25,0,1,1,3,0.0,0.0,140.0,15.0,40.1,2.0,0.5,0.0,0.0,60.0,10.0,40.8,3.7,0.7272727272727273,0.0,0.0,40.0,5.0,38.2,0.5,0.6666666666666666,-5.0,10.0,-200.0,0.08196721311475409,0.22950819672131148,7,14,47.0,9.0,1278,1428,625,0.0,0.0,60.0,15.0,38.9,3.9,1.0,0.0,0.0,40.0,2.0,37.8,0.1,0.125,-2.1,0.2
285,202507020401,3,3,5,32,2,1,0,2,0,0,0,0,1,1,2,10,1,0,0,0,0,0,0,0,0,0,2,5,0,0,0,0,0,0,0,0,0.0,0.0,60.0,3.0,39.0,0.2,0.3125,0.0,0.0,60.0,6.0,39.6,1.3,0.08333333333333333,0.0,0.0,90.0,9.0,34.9,0.7,0.7142857142857143,3.0,12.0,-200.0,0.0625,0.171875,2,4,4.2,2.0,1289,314,1428,0.0,0.0,40.0,6.0,34.3,3.1,1.0,,,,,,,,1.2,0.25
286,202507020401,0,0,0,1,0,0,0,3,0,0,0,0,0,0,0,0,0,0,0,1,0,0,0,0,0,0,0,0,0,0,0,0,0,0,0,0,,,,,,,,,,,,,,,,,,,,,,,,,0.023529411764705882,0.11764705882352941,4,7,49.8,11.0,1219,1509,348,,,,,,,,,,,,,,,,
287,202507020401,5,3,3,20,7,3,2,33,0,0,0,0,1,1,0,5,4,2,0,4,0,0,0,0,1,0,0,1,1,1,0,2,0,0,0,0,0.0,0.0,80.0,9.0,38.4,1.3,0.1875,,,,,,,,,,,,,,,,,-400.0,0.0,0.0,6,12,13.3,4.0,1479,1208,857,,,,,,,,,,,,,,,,0.0
288,202507020401,3,3,5,32,1,0,1,6,0,0,0,0,1,1,2,10,0,0,0,1,0,0,0,0,0,0,2,5,0,0,0,0,0,0,0,0,0.0,0.0,90.0,5.0,38.3,1.1,0.375,0.0,0.0,120.0,9.0,38.2,1.9,0.5,0.0,0.0,130.0,7.0,39.3,1.3,0.4375,1.0,-6.0,0.0,0.0,0.0,1,2,30.9,6.0,1289,1605,1428,0.0,0.0,50.0,11.0,34.5,1.6,0.5,0.0,0.0,100.0,7.0,37.5,2.3,0.26666666666666666,0.6,0.0
289,202507020401,1,0,0,9,0,2,0,3,0,0,0,0,1,0,0,4,0,0,0,0,0,0,0,0,0,0,0,3,0,0,0,0,0,0,0,0,0.0,0.0,110.0,5.0,36.9,1.1,0.14285714285714285,0.0,0.0,160.0,18.0,35.6,2.3,1.0,0.0,0.0,70.0,16.0,42.3,5.3,0.125,5.5,-2.0,200.0,0.0,0.0,8,16,32.2,7.0,1656,1314,1576,,,,,,,,,,,,,,,5.5,0.0
290,202507020401,17,11,10,154,0,0,0,0,0,0,0,0,2,2,2,40,0,0,0,0,0,0,0,0,0,1,1,14,0,0,0,0,0,0,0,0,0.0,0.0,140.0,13.0,35.8,1.0,0.4117647058823529,0.0,0.0,90.0,7.0,36.2,1.6,0.26666666666666666,0.0,0.0,80.0,4.0,34.2,0.6,1.0,-4.5,-10.0,0.0,0.0,0.0,1,1,38.9,8.0,1393,44,1263,0.0,0.0,50.0,13.0,36.0,2.5,0.7142857142857143,0.0,0.0,50.0,4.0,35.6,1.3,0.2,-1.2,0.0
291,202507020401,4,1,5,27,40,32,33,338,0,0,0,2,0,0,0,2,8,5,7,63,0,0,0,0,0,0,0,2,4,2,1,19,0,0,0,0,0.0,0.0,110.0,13.0,37.7,3.5,0.3333333333333333,,,,,,,,,,,,,,,,,-400.0,0.01818181818181818,0.18181818181818182,4,8,103.3,14.0,1248,1167,1428,,,,,,,,,,,,,,,,0.0
292,202507020401,5,7,3,84,2,0,3,23,0,0,0,1,3,2,0,30,1,0,2,7,0,0,0,1,2,1,0,4,0,0,2,2,0,0,0,0,,,,,,,,,,,,,,,,,,,,,,,,,0.015384615384615385,0.2153846153846154,3,6,79.8,13.0,1095,1172,1221,,,,,,,,,,,,,,,,
293,202507020401,1,0,0,9,15,9,6,130,0,0,0,0,0,0,0,1,3,2,0,38,0,0,0,0,0,0,0,0,2,0,0,11,0,0,0,0,0.0,0.0,110.0,8.0,39.5,1.7,0.4375,,,,,,,,,,,,,,,,,-200.0,0.0,0.10416666666666667,5,10,196.5,15.0,1689,1393,1294,,,,,,,,,,,,,,,,0.0
294,202507020401,0,2,3,39,2,1,0,2,0,0,0,0,0,1,1,23,1,0,0,0,0,0,0,0,0,0,0,13,0,0,0,0,0,0,0,0,0.0,0.0,30.0,7.0,37.9,1.8,0.2857142857142857,0.0,0.0,30.0,2.0,36.8,0.5,0.18181818181818182,0.0,0.0,100.0,3.0,38.1,1.1,0.3,-2.0,6.0,200.0,0.08208955223880597,0.26119402985074625,3,5,4.9,3.0,1534,314,1235,,,,,,,,,,,,,,,-2.0,0.6666666666666666
295,202507020401,0,0,0,0,12,7,9,129,0,0,0,0,0,0,0,0,2,2,3,37,0,0,0,0,0,0,0,0,1,0,0,12,0,0,0,0,0.0,0.0,160.0,15.0,38.5,2.6,0.875,0.0,0.0,120.0,11.0,36.4,2.5,0.6666666666666666,,,,,,,,-4.0,8.0,0.0,0.075,0.175,8,15,309.2,16.0,1052,1362,1031,,,,,,,,,,,,,,,-4.0,0.0
296,202507020401,6,9,5,54,27,24,14,272,0,0,0,1,0,2,3,9,5,3,4,71,0,0,0,0,0,2,2,5,2,0,1,20,0,0,0,0,0.0,0.0,130.0,6.0,37.9,1.4,0.6153846153846154,0.0,0.0,150.0,13.0,39.8,3.3,0.5625,,,,,,,,7.0,0.0,0.0,0.06818181818181818,0.22727272727272727,7,13,61.2,12.0,1243,1013,1428,,,,,,,,,,,,,,,7.0,0.0
297,202507020512,0,0,0,2,1,0,1,8,0,0,0,0,0,0,0,0,1,0,0,2,0,0,0,0,0,0,0,0,0,0,0,0,0,0,0,0,0.0,0.0,20.0,2.0,35.3,0.2,0.14285714285714285,0.0,0.0,30.0,3.0,37.7,0.1,0.125,0.0,0.0,40.0,6.0,39.3,0.8,0.0625,2.0,-2.0,200.0,0.06741573033707865,0.2247191011235955,7,14,3.3,1.0,1368,1034,1167,0.0,0.0,40.0,14.0,48.5,10.6,0.07142857142857142,0.0,0.0,40.0,12.0,41.1,3.3,0.0625,3.1,0.4
298,202507020512,4,2,5,22,0,2,1,2,0,0,0,0,0,0,1,2,0,0,0,0,0,0,0,0,0,0,0,0,0,0,0,0,0,0,0,0,0.0,0.0,50.0,3.0,36.7,0.5,0.3125,0.0,0.0,60.0,4.0,37.4,0.3,0.5625,0.0,0.0,50.0,3.0,37.4,1.2,0.46153846153846156,0.0,0.0,-200.0,0.015151515151515152,0.21212121212121213,6,12,4.1,3.0,1467,910,336,0.0,0.0,80.0,10.0,38.0,2.2,1.0,0.0,0.0,120.0,15.0,37.8,2.7,0.7333333333333333,3.0,0.4
299,202507020512,3,1,4,12,0,0,0,0,0,0,0,0,1,0,1,2,0,0,0,0,0,0,0,0,0,0,0,0,0,0,0,0,0,0,0,0,0.0,0.0,40.0,2.0,38.4,0.1,0.0625,0.0,0.0,10.0,1.0,38.0,0.0,0.0625,0.0,0.0,10.0,2.0,38.8,0.3,0.0625,0.0,-4.0,-200.0,0.0,1.0,5,9,3.5,2.0,1243,21,1428,0.0,0.0,10.0,2.0,38.5,0.1,0.0625,0.0,0.0,80.0,2.0,37.3,0.1,0.0625,0.1,1.0
300,202507020512,0,0,0,0,0,1,0,6,0,0,0,0,0,0,0,0,0,0,0,2,0,0,0,0,0,0,0,0,0,0,0,1,0,0,0,0,0.0,0.0,30.0,10.0,43.1,3.1,0.15384615384615385,0.0,0.0,100.0,8.0,39.0,1.2,0.3125,0.0,0.0,90.0,7.0,37.0,1.0,0.8125,-1.5,-6.0,-600.0,0.1111111111111111,0.24242424242424243,6,11,15.5,6.0,368,568,115,0.0,0.0,50.0,8.0,37.5,1.9,0.5384615384615384,0.0,0.0,30.0,11.0,43.5,4.5,0.18181818181818182,0.2,0.0
301,202507020512,0,0,0,5,1,1,0,6,0,0,0,0,0,0,0,0,1,0,0,1,0,0,0,0,0,0,0,0,1,0,0,1,0,0,0,0,0.0,0.0,60.0,16.0,35.9,1.0,0.5555555555555556,0.0,0.0,70.0,3.0,34.6,0.6,0.5,0.0,0.0,110.0,11.0,39.9,2.4,0.4375,-2.5,4.0,0.0,0.023255813953488372,0.11627906976744186,8,15,22.9,7.0,1381,1561,548,0.0,0.0,90.0,12.0,37.5,1.5,0.5333333333333333,0.0,0.0,50.0,8.0,38.1,1.6,0.23076923076923078,-0.7,0.2
302,202507020512,5,7,6,75,4,4,3,28,0,0,0,0,1,0,0,6,0,2,0,7,0,0,0,0,0,0,0,3,0,0,0,2,0,0,0,0,0.0,0.0,150.0,11.0,36.5,0.6,0.23529411764705882,0.0,0.0,150.0,13.0,35.7,1.8,0.5,0.0,0.0,90.0,8.0,35.3,1.7,0.4375,-1.5,24.0,0.0,0.043478260869565216,0.043478260869565216,5,10,34.3,8.0,1691,1503,1167,0.0,0.0,100.0,11.0,33.9,1.1,0.7272727272727273,0.0,0.0,50.0,7.0,36.3,1.1,0.5,-1.0,0.0
303,202507020512,5,3,4,32,1,1,0,6,0,0,0,0,0,1,1,2,1,0,0,1,0,0,0,0,0,0,0,0,1,0,0,1,0,0,0,0,0.0,0.0,60.0,10.0,37.6,0.5,0.4375,0.0,0.0,20.0,1.0,36.0,0.0,0.09090909090909091,0.0,0.0,70.0,2.0,35.8,0.2,1.0,-4.0,-4.0,0.0,0.10526315789473684,0.23684210526315788,2,3,9.3,5.0,1586,1561,1167,0.0,0.0,40.0,9.0,36.9,0.9,0.1875,0.0,0.0,70.0,5.0,35.3,0.3,0.125,-0.2,0.4
304,202507020512,1,2,1,12,2,6,4,26,0,1,0,0,0,0,0,5,1,1,1,8,0,0,0,0,0,0,0,2,0,0,0,3,0,0,0,0,0.0,0.0,110.0,12.0,38.7,0.8,0.3125,0.0,0.0,70.0,4.0,36.5,0.9,0.25,0.0,0.0,40.0,7.0,37.7,0.9,0.5,-2.5,18.0,0.0,0.06153846153846154,0.16923076923076924,4,8,8.9,4.0,1426,1393,306,0.0,0.0,50.0,13.0,39.0,2.1,0.0625,0.0,0.0,20.0,1.0,37.1,0.0,0.13333333333333333,-1.3,0.2
305,202507020512,0,1,0,9,1,0,2,12,0,0,0,0,0,0,0,1,1,0,1,1,0,0,0,0,0,0,0,0,1,0,0,0,0,0,0,0,0.0,0.0,90.0,9.0,38.0,1.1,0.5,0.0,0.0,150.0,7.0,38.2,0.9,0.375,0.0,0.0,140.0,13.0,37.3,1.7,0.7333333333333333,2.0,2.0,0.0,0.02631578947368421,0.13157894736842105,4,7,57.9,9.0,1089,1417,1428,0.0,0.0,90.0,14.0,37.3,1.1,0.4375,0.0,0.0,20.0,9.0,37.4,1.8,0.9333333333333333,0.7,0.0
306,202507020512,2,2,0,13,2,0,1,17,0,0,0,1,2,0,0,1,0,0,0,8,0,0,0,0,1,0,0,0,0,0,0,1,0,0,0,0,0.0,0.0,140.0,10.0,37.8,2.1,0.6875,0.0,0.0,100.0,7.0,35.3,0.7,0.8181818181818182,0.0,0.0,110.0,6.0,35.3,1.2,0.75,-2.0,10.0,-200.0,0.08064516129032258,0.22580645161290322,3,5,172.4,16.0,1204,1306,1221,0.0,0.0,70.0,8.0,35.4,1.7,1.0,0.0,0.0,90.0,7.0,35.7,0.8,0.1,-0.5,0.0
307,202507020512,1,2,2,10,0,1,2,30,0,0,0,0,1,0,1,3,0,0,0,12,0,0,0,0,1,0,0,1,0,0,0,7,0,0,0,0,0.0,0.0,80.0,7.0,35.8,0.8,0.7692307692307693,0.0,0.0,110.0,11.0,37.0,1.0,0.0625,0.0,0.0,180.0,8.0,33.9,0.8,0.16666666666666666,0.5,22.0,200.0,0.05,0.2,7,13,118.4,12.0,1440,1036,1167,0.0,0.0,160.0,14.0,34.2,1.4,0.16666666666666666,0.0,0.0,130.0,15.0,32.9,1.6,0.7058823529411765,1.9,0.0
308,202507020512,5,3,4,32,0,0,0,6,0,0,0,0,0,1,1,2,0,0,0,0,0,0,0,0,0,0,0,0,0,0,0,0,0,0,0,0,0.0,0.0,130.0,14.0,39.9,2.8,0.4375,0.0,0.0,100.0,12.0,38.8,1.7,0.375,0.0,0.0,80.0,10.0,38.0,1.7,0.7333333333333333,-2.0,-2.0,0.0,0.0,0.10204081632653061,2,4,159.3,14.0,1586,1172,1167,0.0,0.0,80.0,4.0,37.1,0.9,0.5625,0.0,0.0,80.0,5.0,38.2,2.3,0.4375,-2.6,0.0
309,202507020512,2,3,3,25,0,0,0,0,0,0,0,0,0,0,1,2,0,0,0,0,0,0,0,0,0,0,0,0,0,0,0,0,0,0,0,0,0.0,0.0,140.0,14.0,37.9,2.1,0.875,0.0,0.0,130.0,15.0,38.5,2.2,0.5,0.0,0.0,40.0,7.0,36.2,0.8,0.4166666666666667,-3.5,10.0,0.0,0.03125,0.125,1,2,171.9,15.0,1463,206,1167,0.0,0.0,100.0,2.0,36.2,0.0,0.25,0.0,0.0,90.0,8.0,37.4,1.0,0.6,-2.5,0.2
310,202507020512,3,2,1,12,9,8,8,83,0,0,0,1,1,2,0,8,2,1,1,11,0,0,0,1,0,1,0,2,0,0,1,3,0,0,0,0,0.0,0.0,110.0,14.0,39.9,2.5,0.1875,0.0,0.0,120.0,13.0,37.4,1.7,0.14285714285714285,0.0,0.0,100.0,12.0,36.4,1.6,0.42857142857142855,-1.0,-8.0,0.0,0.07407407407407407,0.1728395061728395,3,6,111.6,11.0,1629,1167,1428,0.0,0.0,80.0,6.0,36.5,0.8,0.25,0.0,0.0,60.0,11.0,37.6,1.3,0.08333333333333333,-1.3,0.0
311,202507020512,0,3,2,27,0,0,0,5,0,0,0,0,0,1,1,2,0,0,0,2,0,0,0,0,0,0,0,0,0,0,0,1,0,0,0,0,0.0,0.0,140.0,9.0,37.9,1.3,0.6875,0.0,0.0,160.0,10.0,39.7,1.7,0.625,0.0,0.0,150.0,15.0,37.7,1.9,0.4375,3.0,2.0,0.0,0.0,0.26666666666666666,8,16,122.9,13.0,1736,1313,1482,0.0,0.0,100.0,11.0,38.4,2.6,0.6363636363636364,0.0,0.0,140.0,13.0,39.1,2.6,0.8571428571428571,0.9,0.0
312,202507020512,1,1,1,18,3,8,5,58,0,0,0,1,0,0,0,3,0,0,1,8,0,0,0,0,0,0,0,1,0,0,0,3,0,0,0,0,0.0,0.0,100.0,14.0,37.2,1.2,0.6875,0.0,0.0,90.0,4.0,35.7,0.6,0.625,0.0,0.0,40.0,9.0,36.7,1.0,0.6666666666666666,-2.5,0.0,0.0,0.25,0.25,1,1,72.2,10.0,1672,1428,1167,0.0,0.0,60.0,6.0,38.3,0.9,0.0625,0.0,0.0,80.0,8.0,36.9,0.6,0.26666666666666666,-1.0,0.0
313,202507020602,0,0,0,2,0,0,0,1,0,0,0,0,0,0,0,0,0,0,0,0,0,0,0,0,0,0,0,0,0,0,0,0,0,0,0,0,0.0,0.0,130.0,3.0,36.8,1.3,0.75,0.0,0.0,140.0,6.0,34.8,0.8,0.6111111111111112,0.0,0.0,120.0,14.0,35.8,1.6,0.7857142857142857,5.5,-8.0,0.0,0.030303030303030304,0.15151515151515152,5,10,4.4,2.0,1627,1412,760,0.0,0.0,130.0,12.0,39.3,3.2,0.75,,,,,,,,3.5,0.25
314,202507020602,0,0,0,2,7,5,10,64,0,0,0,0,0,0,0,0,3,0,1,13,0,0,0,0,0,0,0,0,2,0,0,6,0,0,0,0,0.0,0.0,90.0,6.0,38.2,0.8,0.05555555555555555,0.0,0.0,60.0,15.0,44.1,3.4,0.0625,0.0,0.0,90.0,4.0,38.3,1.4,0.0625,-1.0,0.0,-200.0,0.0,0.14285714285714285,4,8,7.3,4.0,1267,1558,1716,,,,,,,,,,,,,,,-1.0,0.0
315,202507020602,0,0,0,3,3,1,1,36,0,0,0,0,0,0,0,2,0,0,0,9,0,0,0,0,0,0,0,1,0,0,0,5,0,0,0,0,0.0,0.0,90.0,2.0,37.1,0.6,0.5625,0.0,0.0,80.0,7.0,38.7,0.5,0.25,0.0,0.0,50.0,4.0,38.5,0.6,0.3125,1.0,-4.0,0.0,,,2,4,2.2,1.0,1516,1221,1039,,,,,,,,,,,,,,,1.0,0.3333333333333333
316,202507020602,3,1,7,54,3,1,1,36,0,0,0,0,0,0,0,11,0,0,0,9,0,0,0,0,0,0,0,5,0,0,0,5,0,0,0,0,0.0,0.0,70.0,5.0,38.2,0.9,0.1875,0.0,0.0,40.0,14.0,40.2,2.7,0.3125,0.0,0.0,60.0,2.0,38.1,0.1,0.1875,-1.5,-10.0,0.0,0.2,0.2,7,14,13.2,5.0,1520,1221,695,,,,,,,,,,,,,,,-1.5,0.3333333333333333
317,202507020602,0,0,0,1,2,0,1,17,0,0,0,1,0,0,0,0,0,0,0,8,0,0,0,0,0,0,0,0,0,0,0,4,0,0,0,0,0.0,0.0,50.0,2.0,37.1,0.3,0.5625,0.0,0.0,100.0,4.0,35.9,0.7,0.5,0.0,0.0,100.0,15.0,40.2,2.4,0.1875,6.5,2.0,0.0,0.07407407407407407,0.18518518518518517,7,13,4.5,3.0,1223,1306,1221,0.0,0.0,70.0,9.0,41.4,3.6,0.18181818181818182,0.0,0.0,60.0,4.0,38.7,1.5,0.3,0.8999999999999998,0.2
318,202507020602,5,3,4,32,7,5,10,64,0,0,0,0,0,1,1,2,3,0,1,13,0,0,0,0,0,1,1,1,2,0,0,6,0,0,0,0,0.0,0.0,120.0,12.0,39.4,2.6,0.6875,0.0,0.0,130.0,10.0,37.6,2.2,1.0,0.0,0.0,90.0,10.0,38.5,1.6,0.625,-1.0,6.0,-600.0,0.047619047619047616,0.19047619047619047,1,1,78.3,10.0,1586,1558,1167,0.0,0.0,90.0,7.0,36.2,1.4,1.0,0.0,0.0,70.0,11.0,39.4,4.9,0.375,-0.5,0.0
319,202507020602,0,1,0,0,0,1,0,8,0,0,0,0,0,0,0,0,0,0,0,1,0,0,0,0,0,0,0,0,0,0,0,0,0,0,0,0,0.0,0.0,70.0,7.0,38.6,1.9,0.3125,0.0,0.0,30.0,7.0,39.0,1.6,0.5384615384615384,0.0,0.0,10.0,4.0,38.9,0.5,0.2,-1.5,4.0,0.0,0.022988505747126436,0.11494252873563218,2,3,44.4,9.0,1652,1505,314,,,,,,,,,,,,,,,-1.5,0.0
320,202507020602,1,1,1,18,1,0,1,25,0,0,0,0,0,0,0,3,0,0,0,3,0,0,0,0,0,0,0,1,0,0,0,1,0,0,0,0,0.0,0.0,70.0,9.0,38.1,2.0,0.5625,0.0,0.0,90.0,8.0,39.5,1.3,0.25,0.0,0.0,130.0,7.0,36.2,1.1,0.4375,-1.0,-2.0,0.0,0.05172413793103448,0.13793103448275862,6,11,42.8,8.0,1672,1170,1167,0.0,0.0,120.0,6.0,35.7,1.0,0.21428571428571427,0.0,0.0,90.0,7.0,35.5,2.0,1.0,-0.6,0.0
321,202507020602,2,2,3,21,1,2,2,19,0,0,0,0,0,0,0,6,1,1,0,1,0,0,0,0,0,0,0,3,0,0,0,1,0,0,0,0,0.0,0.0,110.0,6.0,38.3,1.3,0.375,0.0,0.0,100.0,12.0,43.1,4.5,0.3125,0.0,0.0,60.0,7.0,36.7,2.2,0.6666666666666666,0.5,0.0,0.0,0.0,0.0,3,5,42.5,7.0,1657,1110,1317,,,,,,,,,,,,,,,0.5,0.0
322,202507020602,1,0,0,2,0,0,0,1,0,0,0,0,0,0,0,0,0,0,0,0,0,0,0,0,0,0,0,0,0,0,0,0,0,0,0,0,0.0,0.0,70.0,3.0,37.5,1.1,0.5384615384615384,0.0,0.0,40.0,5.0,39.7,1.3,0.125,,,,,,,,2.0,0.0,0.0,0.06756756756756757,0.1891891891891892,4,7,26.6,6.0,1540,102,1036,,,,,,,,,,,,,,,2.0,0.5
323,202507020602,0,0,0,1,0,0,0,4,0,0,0,0,0,0,0,0,0,0,0,0,0,0,0,0,0,0,0,0,0,0,0,0,0,0,0,0,0.0,0.0,140.0,9.0,38.2,1.1,0.5625,0.0,0.0,60.0,9.0,38.0,1.2,0.4166666666666667,0.0,0.0,130.0,6.0,38.1,1.8,0.5333333333333333,-1.5,6.0,0.0,0.07317073170731707,0.17073170731707318,8,15,218.8,13.0,1223,1576,1221,,,,,,,,,,,,,,,-1.5,0.0
324,202507020602,1,5,1,27,0,1,0,13,0,0,0,0,0,1,0,7,0,0,0,2,0,0,0,0,0,1,0,4,0,0,0,0,0,0,0,0,0.0,0.0,140.0,12.0,38.4,3.0,1.0,0.0,0.0,160.0,13.0,38.7,2.7,0.9375,0.0,0.0,140.0,16.0,43.4,4.3,0.5625,2.0,0.0,0.0,0.0,0.0,5,9,275.6,14.0,1090,1186,1169,0.0,0.0,160.0,13.0,38.4,2.5,0.9375,0.0,0.0,150.0,15.0,38.8,3.8,0.8125,0.6,0.0
325,202507020602,0,1,1,2,4,4,3,28,0,0,0,0,0,0,0,0,0,2,0,7,0,0,0,0,0,0,0,0,0,0,0,3,0,0,0,0,0.0,0.0,150.0,13.0,39.9,3.4,0.7333333333333333,0.0,0.0,130.0,15.0,38.3,3.0,0.9375,,,,,,,,2.0,-6.0,0.0,0.0,0.0,1,2,549.1,15.0,1261,1503,387,,,,,,,,,,,,,,,2.0,0.0
326,202507020602,8,9,7,51,0,0,0,3,0,0,0,0,2,1,1,13,0,0,0,3,0,0,0,0,1,1,1,6,0,0,0,2,0,0,0,0,0.0,0.0,150.0,10.0,39.2,1.4,0.25,0.0,0.0,120.0,16.0,41.8,5.2,0.25,,,,,,,,6.0,-12.0,-200.0,0.014925373134328358,0.22388059701492538,3,6,161.4,12.0,1278,1716,625,,,,,,,,,,,,,,,6.0,0.0
327,202507020602,0,0,1,0,0,0,0,3,0,0,0,0,0,0,0,0,0,0,0,3,0,0,0,0,0,0,0,0,0,0,0,2,0,0,0,0,0.0,0.0,120.0,13.0,40.2,4.8,0.8,,,,,,,,,,,,,,,,,0.0,0.12857142857142856,0.2571428571428571,6,12,148.7,11.0,1469,1716,88,,,,,,,,,,,,,,,,0.0
328,202507020602,0,1,0,0,9,8,8,83,0,0,0,0,0,0,0,0,2,1,1,11,0,0,0,0,0,0,0,0,2,0,0,6,0,0,0,0,0.0,0.0,130.0,13.0,38.8,3.7,0.5,,,,,,,,,,,,,,,,,-400.0,,,8,16,,,1652,1167,314,,,,,,,,,,,,,,,,0.0
329,202507030204,5,3,3,20,3,1,1,30,0,0,0,0,1,1,0,5,0,0,0,13,0,0,0,0,1,0,0,1,0,0,0,4,0,0,0,0,0.0,0.0,70.0,4.0,36.4,1.3,0.5,0.0,0.0,40.0,5.0,37.1,0.9,0.5,0.0,0.0,10.0,7.0,39.2,0.9,0.125,1.5,-4.0,200.0,0.0,0.21428571428571427,5,9,8.6,6.0,1479,1322,857,0.0,0.0,50.0,2.0,38.3,0.1,0.1875,0.0,0.0,30.0,3.0,37.7,0.7,0.125,-0.5,0.4
330,202507030204,0,2,3,39,0,3,0,15,0,0,0,0,0,1,1,23,0,2,0,4,0,0,0,0,0,0,0,13,0,1,0,1,0,0,0,0,0.0,0.0,40.0,7.0,37.2,1.7,0.3125,0.0,0.0,70.0,2.0,36.0,0.3,0.375,0.0,0.0,70.0,6.0,35.9,1.7,0.9333333333333333,-0.5,-4.0,0.0,0.17391304347826086,0.34782608695652173,1,1,6.8,4.0,1534,1205,1235,,,,,,,,,,,,,,,-0.5,0.3333333333333333
331,202507030204,0,0,0,2,6,7,8,83,0,0,0,1,0,0,0,1,1,0,2,25,0,0,0,0,0,0,0,1,0,0,1,8,0,0,0,0,0.0,0.0,60.0,4.0,34.9,0.4,0.5714285714285714,0.0,0.0,60.0,3.0,36.9,0.6,0.5625,0.0,0.0,40.0,6.0,37.7,1.2,0.5333333333333333,1.0,-2.0,200.0,0.027777777777777776,0.05555555555555555,2,3,4.7,1.0,1223,1306,1221,0.0,0.0,30.0,5.0,38.6,1.0,0.2,0.0,0.0,50.0,2.0,37.1,0.3,0.5625,-0.2,0.4
332,202507030204,0,0,0,1,2,1,0,8,0,0,0,0,0,0,0,0,0,0,0,0,0,0,0,0,0,0,0,0,0,0,0,0,0,0,0,0,0.0,0.0,90.0,5.0,36.7,1.0,0.5,0.0,0.0,80.0,9.0,36.5,1.9,0.75,0.0,0.0,110.0,8.0,39.5,1.7,0.1875,1.5,0.0,200.0,0.02564102564102564,0.1282051282051282,7,14,29.6,10.0,1347,115,1396,0.0,0.0,20.0,6.0,37.9,2.0,0.6,0.0,0.0,120.0,3.0,37.5,0.2,0.875,-0.7,0.2
333,202507030204,1,0,0,9,1,1,1,17,0,0,0,1,0,0,0,1,0,0,1,9,0,0,0,0,0,0,0,0,0,0,0,3,0,0,0,0,0.0,0.0,130.0,4.0,37.1,0.7,0.9333333333333333,0.0,0.0,120.0,9.0,37.3,1.4,0.7333333333333333,0.0,0.0,130.0,8.0,38.5,1.6,0.625,2.0,2.0,-200.0,0.1267605633802817,0.2535211267605634,6,12,16.9,8.0,1689,1278,1294,0.0,0.0,110.0,12.0,39.9,2.7,0.75,0.0,0.0,50.0,7.0,40.1,2.9,0.6,0.9,0.0
334,202507030204,0,1,2,2,1,1,1,17,0,0,0,0,0,1,0,1,1,0,0,5,0,0,0,0,0,1,0,0,1,0,0,4,0,0,0,0,0.0,0.0,110.0,9.0,42.7,4.1,0.15384615384615385,0.0,0.0,130.0,16.0,36.5,2.7,1.0,0.0,0.0,100.0,9.0,40.5,3.4,0.25,0.0,2.0,-600.0,0.09523809523809523,0.14285714285714285,4,8,115.3,14.0,1550,1716,32,0.0,0.0,80.0,11.0,39.6,2.5,0.5833333333333334,0.0,0.0,70.0,9.0,39.1,1.7,0.625,-0.5,0.0
335,202507030204,3,0,2,43,6,10,9,77,0,0,0,0,0,0,0,1,2,5,1,20,0,0,0,0,0,0,0,0,1,0,1,6,0,0,0,0,0.0,0.0,60.0,5.0,37.3,0.2,0.3333333333333333,0.0,0.0,20.0,5.0,38.4,1.3,0.4375,0.0,0.0,30.0,2.0,37.3,0.5,0.625,-1.5,2.0,0.0,0.0,0.0,4,7,6.9,5.0,1222,1228,1328,0.0,0.0,130.0,5.0,39.0,0.8,0.125,0.0,0.0,110.0,13.0,38.9,2.4,0.125,1.6,0.2
336,202507030204,8,7,7,102,27,20,21,216,0,1,1,7,3,2,4,17,7,5,2,55,0,1,0,5,0,0,1,4,3,0,0,18,0,0,0,0,0.0,0.0,30.0,3.0,38.1,0.6,0.26666666666666666,0.0,0.0,20.0,9.0,40.2,1.8,0.0625,0.0,0.0,20.0,3.0,38.7,0.2,0.125,0.0,-8.0,0.0,0.030612244897959183,0.20408163265306123,8,15,5.2,2.0,1677,1556,1167,0.0,0.0,40.0,3.0,38.2,0.6,0.125,0.0,0.0,60.0,4.0,37.9,0.6,0.06666666666666667,-0.4,0.6
337,202507030204,0,3,0,8,2,3,1,24,0,0,0,1,0,0,0,0,0,0,0,11,0,0,0,0,0,0,0,0,0,0,0,4,0,0,0,0,0.0,0.0,30.0,9.0,37.4,0.9,0.4375,0.0,0.0,30.0,6.0,37.1,0.6,0.1875,0.0,0.0,20.0,5.0,37.6,0.9,0.6666666666666666,-2.0,-10.0,0.0,0.07228915662650602,0.1686746987951807,5,10,6.4,3.0,1706,1645,1428,0.0,0.0,30.0,2.0,36.4,0.3,0.2,0.0,0.0,100.0,13.0,36.2,1.0,0.1111111111111111,0.4,0.2
338,202507030204,4,10,6,108,0,0,0,4,0,0,0,0,0,5,1,48,0,0,0,3,0,0,0,0,0,1,1,19,0,0,0,1,0,0,0,0,0.0,0.0,80.0,5.0,35.5,1.3,0.9285714285714286,0.0,0.0,70.0,7.0,36.4,0.6,0.5,0.0,0.0,120.0,3.0,37.6,0.3,0.5,-1.0,0.0,200.0,0.0410958904109589,0.0958904109589041,2,4,16.8,7.0,1645,1348,1366,0.0,0.0,70.0,9.0,37.6,1.8,0.7333333333333333,0.0,0.0,60.0,7.0,37.7,1.3,0.3333333333333333,0.6,0.2
339,202507030204,11,18,23,142,5,1,2,8,1,0,1,1,1,3,4,15,3,1,1,2,0,0,0,0,0,2,1,2,0,1,1,2,0,0,0,0,0.0,0.0,130.0,11.0,37.1,1.5,0.8125,0.0,0.0,140.0,17.0,37.6,4.2,0.8333333333333334,0.0,0.0,120.0,11.0,37.3,1.5,0.5625,0.0,2.0,0.0,0.06666666666666667,0.18666666666666668,1,2,68.8,13.0,1127,1337,1328,0.0,0.0,130.0,5.0,37.4,1.5,0.9375,0.0,0.0,80.0,5.0,37.6,1.7,0.5,-2.4,0.0
340,202507030204,10,3,2,29,0,0,1,3,0,0,0,0,0,0,0,2,0,0,1,1,0,0,0,0,0,0,0,1,0,0,0,0,0,0,0,0,0.0,0.0,150.0,12.0,36.7,1.9,1.0,0.0,0.0,120.0,15.0,40.7,3.4,0.625,0.0,0.0,80.0,12.0,39.9,3.2,0.35714285714285715,0.0,6.0,0.0,0.07894736842105263,0.13157894736842105,3,6,126.8,15.0,32,951,664,0.0,0.0,80.0,5.0,40.2,1.6,0.09090909090909091,0.0,0.0,30.0,11.0,40.2,5.1,1.0,-1.2,0.0
341,202507030204,4,2,3,66,40,32,33,338,0,0,0,6,0,1,0,8,8,5,7,63,0,0,0,0,0,0,0,3,4,2,1,19,0,0,0,0,0.0,0.0,160.0,13.0,37.6,2.1,0.875,0.0,0.0,140.0,13.0,39.2,3.3,0.6875,0.0,0.0,160.0,16.0,47.3,8.4,0.25,1.5,8.0,0.0,0.0,0.05,7,13,357.9,16.0,1506,1167,199,0.0,0.0,150.0,14.0,35.8,2.7,0.8,0.0,0.0,90.0,10.0,38.4,3.4,0.8,-0.5,0.0
342,202507030204,0,1,0,3,18,16,30,221,0,0,0,0,0,0,0,0,4,3,7,39,0,0,0,0,0,0,0,0,3,2,3,13,0,0,0,0,0.0,0.0,90.0,14.0,38.7,2.3,0.4375,0.0,0.0,70.0,6.0,39.8,1.3,0.25,0.0,0.0,90.0,12.0,37.6,2.2,0.3125,-1.0,0.0,0.0,0.06521739130434782,0.2608695652173913,3,5,21.4,9.0,1035,1294,1393,0.0,0.0,70.0,8.0,41.4,3.2,0.4,0.0,0.0,20.0,6.0,40.2,1.3,0.08333333333333333,-1.4,0.0
343,202507030204,7,13,9,103,5,1,2,8,0,0,0,0,2,1,1,18,3,1,1,2,0,0,0,0,0,1,1,12,0,1,1,2,0,0,0,0,0.0,0.0,120.0,15.0,39.0,2.3,0.3125,0.0,0.0,140.0,14.0,35.1,1.7,0.5555555555555556,0.0,0.0,100.0,7.0,37.0,1.1,0.4,-4.0,4.0,0.0,0.02666666666666667,0.13333333333333333,6,11,34.6,12.0,1098,1337,1294,0.0,0.0,160.0,15.0,35.6,1.7,0.9444444444444444,0.0,0.0,90.0,14.0,35.8,1.3,0.4666666666666667,-0.1,0.0
344,202507030204,7,2,7,64,2,2,2,11,0,0,0,0,3,1,1,21,0,2,0,3,0,0,0,0,1,0,0,8,0,2,0,3,0,0,0,0,,,,,,,,,,,,,,,,,,,,,,,,,0.08148148148148149,0.25925925925925924,8,16,34.2,11.0,1674,1489,1428,,,,,,,,,,,,,,,,
345,202507030308,0,0,0,0,4,0,0,8,0,0,0,0,0,0,0,0,0,0,0,0,0,0,0,0,0,0,0,0,0,0,0,0,0,0,0,0,0.0,0.0,10.0,1.0,36.4,0.0,0.5625,0.0,0.0,10.0,3.0,36.4,0.1,0.5625,0.0,0.0,70.0,3.0,36.9,0.4,0.25,1.0,0.0,0.0,0.13432835820895522,0.44776119402985076,8,13,1.8,1.0,965,187,964,0.0,0.0,10.0,1.0,36.8,0.0,0.08333333333333333,0.0,0.0,40.0,3.0,34.1,0.1,0.5714285714285714,0.2,1.0
346,202507030308,0,0,1,23,4,4,2,18,0,0,0,0,0,0,0,13,0,1,0,1,0,0,0,0,0,0,0,1,0,0,0,0,0,0,0,0,0.0,0.0,20.0,14.0,35.7,3.5,1.0,0.0,0.0,120.0,11.0,39.4,1.5,0.13333333333333333,0.0,0.0,10.0,1.0,37.4,0.0,0.06666666666666667,-6.5,8.0,200.0,0.043478260869565216,0.13043478260869565,4,5,6.6,3.0,1310,568,1618,0.0,0.0,30.0,2.0,36.9,0.0,0.0625,0.0,0.0,70.0,2.0,36.3,0.4,0.7,-3.3,0.6
347,202507030308,0,0,1,2,0,1,2,18,0,0,1,0,0,0,0,1,0,0,0,3,0,0,0,0,0,0,0,0,0,0,0,0,0,0,0,0,0.0,0.0,70.0,3.0,34.7,0.2,0.9285714285714286,0.0,0.0,40.0,6.0,36.0,0.5,0.3125,0.0,0.0,70.0,14.0,37.7,2.9,0.9285714285714286,5.5,-4.0,200.0,0.125,0.25,1,1,16.2,4.0,79,1332,1,0.0,0.0,30.0,5.0,37.6,0.4,0.3125,0.0,0.0,40.0,1.0,37.2,0.0,0.125,-0.5,0.4
348,202507030308,5,7,3,84,0,0,0,2,0,0,0,0,3,2,0,30,0,0,0,0,0,0,0,0,0,0,0,9,0,0,0,0,0,0,0,0,0.0,0.0,70.0,7.0,37.2,0.6,0.1875,0.0,0.0,140.0,10.0,37.1,0.8,0.0625,0.0,0.0,100.0,11.0,38.1,1.9,0.125,2.0,-12.0,50.0,0.06557377049180328,0.13114754098360656,7,11,137.0,12.0,1095,1583,1221,0.0,0.0,10.0,1.0,36.6,0.0,0.16666666666666666,0.0,0.0,100.0,3.0,37.1,0.3,0.4,-1.7,0.4
349,202507030308,8,7,7,102,1,1,1,17,0,0,1,1,3,2,4,17,0,0,1,9,0,0,1,1,0,1,1,2,0,0,1,4,0,0,1,1,0.0,0.0,90.0,15.0,38.5,4.8,0.6875,0.0,0.0,80.0,9.0,35.2,0.7,0.875,0.0,0.0,60.0,4.0,35.4,0.2,0.9375,-5.5,-12.0,-100.0,0.16666666666666666,0.375,2,2,57.3,8.0,1677,1278,1167,0.0,0.0,30.0,3.0,35.7,0.4,0.8571428571428571,0.0,0.0,40.0,4.0,36.8,1.0,0.4,-2.8,0.2
350,202507030308,12,11,4,98,1,0,0,4,1,0,0,0,3,2,1,26,1,0,0,1,1,0,0,0,0,0,0,2,0,0,0,0,0,0,0,0,0.0,0.0,10.0,2.0,35.6,0.8,0.1875,0.0,0.0,30.0,2.0,35.6,0.5,0.15384615384615385,0.0,0.0,50.0,2.0,35.7,0.0,0.25,0.0,-6.0,0.0,0.02631578947368421,0.13157894736842105,6,10,2.9,2.0,1657,1312,1317,0.0,0.0,10.0,7.0,36.3,0.9,0.6875,0.0,0.0,10.0,1.0,36.2,0.0,0.16666666666666666,0.3,0.8
351,202507030308,7,2,7,64,2,2,3,17,0,0,0,1,3,1,1,21,0,2,1,5,0,0,0,1,0,0,1,1,0,1,0,0,0,0,0,0,0.0,0.0,40.0,11.0,36.4,0.9,0.6875,0.0,0.0,10.0,4.0,35.2,0.7,0.5625,0.0,0.0,60.0,2.0,36.3,0.2,0.25,-4.5,2.0,0.0,0.08088235294117647,0.25735294117647056,5,7,26.2,5.0,1674,1520,1428,0.0,0.0,130.0,5.0,36.4,0.4,0.25,0.0,0.0,70.0,13.0,37.5,1.4,0.5625,0.5,0.2
352,202507030308,27,19,19,153,40,32,33,338,3,1,0,11,8,7,2,30,8,5,7,63,0,0,0,1,3,2,0,3,0,0,1,9,0,0,0,0,0.0,0.0,150.0,15.0,40.2,2.9,0.1875,0.0,0.0,110.0,11.0,38.8,1.6,0.35714285714285715,0.0,0.0,90.0,9.0,37.8,1.4,0.6923076923076923,-3.0,-6.0,-200.0,0.07777777777777778,0.23333333333333334,3,4,82.1,10.0,1467,1167,336,0.0,0.0,40.0,4.0,37.9,0.3,0.2222222222222222,0.0,0.0,110.0,1.0,36.6,0.0,0.45454545454545453,-3.5,0.2
353,202507030308,12,11,4,98,7,3,2,33,1,1,0,3,3,2,1,26,4,2,0,4,1,1,0,1,0,0,0,2,2,0,0,1,0,0,0,0,0.0,0.0,70.0,7.0,37.1,0.9,0.125,0.0,0.0,80.0,9.0,38.2,0.9,0.21428571428571427,0.0,0.0,50.0,14.0,42.2,3.0,0.07142857142857142,3.5,4.0,-200.0,0.07142857142857142,0.16666666666666666,3,3,27.9,6.0,1657,1208,1317,0.0,0.0,40.0,10.0,36.5,0.8,0.25,0.0,0.0,60.0,5.0,37.8,0.2,0.15384615384615385,-0.3,0.0
354,202507030308,35,37,29,283,12,13,9,129,0,1,1,7,11,7,6,73,3,1,5,34,0,0,1,0,1,1,3,18,1,0,2,2,0,0,1,0,0.0,0.0,160.0,14.0,36.5,1.4,0.875,0.0,0.0,160.0,10.0,37.0,0.9,0.5625,0.0,0.0,140.0,11.0,36.7,1.4,0.875,-1.5,2.0,-200.0,0.04054054054054054,0.0945945945945946,7,12,307.2,14.0,1576,1503,1577,0.0,0.0,70.0,8.0,36.5,1.2,0.9166666666666666,0.0,0.0,120.0,5.0,36.0,1.0,1.0,-2.0,0.0
355,202507030308,1,5,2,27,4,5,1,24,0,0,0,0,0,3,0,5,0,0,0,2,0,0,0,0,0,0,0,0,0,0,0,2,0,0,0,0,0.0,0.0,70.0,8.0,37.4,1.8,0.5625,0.0,0.0,90.0,8.0,37.1,1.0,0.625,0.0,0.0,120.0,3.0,36.8,0.3,0.3333333333333333,-2.5,-8.0,50.0,0.030303030303030304,0.20202020202020202,4,6,182.5,13.0,1282,1728,377,0.0,0.0,100.0,7.0,36.5,0.7,0.38461538461538464,0.0,0.0,120.0,1.0,37.1,0.0,0.375,-1.5,0.4
356,202507030308,24,21,22,189,27,20,21,216,0,0,0,3,6,5,6,45,7,5,2,55,0,0,0,1,1,0,0,2,1,1,0,11,0,0,0,1,0.0,0.0,90.0,5.0,35.8,0.3,1.0,0.0,0.0,150.0,8.0,36.0,0.7,0.8125,0.0,0.0,150.0,16.0,37.7,1.4,0.125,5.5,-4.0,200.0,0.06666666666666667,0.26666666666666666,8,14,74.1,9.0,1278,1556,625,0.0,0.0,90.0,8.0,35.8,1.7,0.5714285714285714,0.0,0.0,110.0,6.0,37.2,1.3,0.5,0.2,0.0
357,202507030308,15,20,21,140,0,2,0,11,0,1,0,2,0,0,6,13,0,0,0,2,0,0,0,0,0,0,2,2,0,0,0,0,0,0,0,0,0.0,0.0,140.0,9.0,35.4,1.9,0.9375,0.0,0.0,90.0,1.0,37.3,0.0,0.13333333333333333,0.0,0.0,90.0,6.0,36.6,0.5,0.21428571428571427,-1.5,4.0,0.0,0.03333333333333333,0.13333333333333333,6,9,95.8,11.0,1503,702,1263,0.0,0.0,110.0,8.0,37.3,1.4,0.7333333333333333,0.0,0.0,100.0,16.0,41.0,3.1,0.125,2.1,0.2
358,202507030308,22,24,19,197,5,1,2,8,1,0,0,0,8,8,3,63,3,1,1,2,1,0,0,0,1,0,1,10,1,0,0,0,0,0,0,0,0.0,0.0,120.0,6.0,36.8,0.6,0.125,0.0,0.0,60.0,7.0,35.6,1.7,0.5,0.0,0.0,150.0,8.0,38.2,0.7,0.25,1.0,4.0,0.0,0.07407407407407407,0.25925925925925924,5,8,53.8,7.0,1172,1337,1556,0.0,0.0,80.0,13.0,37.4,2.0,0.8125,0.0,0.0,30.0,1.0,36.4,0.0,0.125,-0.4,0.2
359,202507030410,6,9,5,54,25,24,24,231,1,1,0,5,0,2,3,9,3,3,4,50,0,0,0,0,0,0,0,4,1,1,0,21,0,0,0,0,0.0,0.0,20.0,2.0,35.1,0.2,0.35714285714285715,0.0,0.0,60.0,9.0,39.6,1.5,0.125,0.0,0.0,80.0,7.0,35.9,0.7,0.16666666666666666,2.5,-8.0,200.0,0.14705882352941177,0.45588235294117646,8,15,2.9,1.0,1243,1558,1428,0.0,0.0,30.0,3.0,38.0,0.4,0.25,0.0,0.0,100.0,8.0,37.6,1.4,0.6875,0.6,0.4
360,202507030410,4,10,8,59,10,10,7,118,0,1,0,1,2,5,6,18,3,0,0,26,0,0,0,0,2,1,4,10,0,0,0,5,0,0,0,0,0.0,0.0,40.0,3.0,35.2,0.7,0.6428571428571429,0.0,0.0,110.0,11.0,39.5,1.8,0.1875,0.0,0.0,10.0,1.0,36.6,0.0,0.125,-1.0,0.0,200.0,0.07058823529411765,0.16470588235294117,5,9,12.2,6.0,1148,1366,1393,0.0,0.0,20.0,6.0,37.6,0.5,0.4375,0.0,0.0,10.0,5.0,39.0,0.4,0.15384615384615385,-0.1,0.4
361,202507030410,24,15,26,160,0,0,0,1,0,0,0,0,5,4,5,37,0,0,0,0,0,0,0,0,2,0,0,18,0,0,0,0,0,0,0,0,0.0,0.0,80.0,4.0,35.9,0.3,0.875,0.0,0.0,30.0,13.0,38.5,2.2,0.7333333333333333,0.0,0.0,10.0,6.0,36.6,0.8,0.75,1.0,6.0,0.0,0.06382978723404255,0.2553191489361702,7,14,8.1,4.0,1520,1144,695,0.0,0.0,10.0,8.0,37.4,0.7,0.375,0.0,0.0,20.0,1.0,36.8,0.0,0.4375,-1.1,0.2
362,202507030410,35,37,29,283,27,24,14,272,4,6,1,23,11,7,6,73,5,3,4,71,2,1,0,8,5,4,1,34,3,2,2,40,1,1,0,6,0.0,0.0,20.0,2.0,36.7,0.1,0.25,0.0,0.0,40.0,5.0,37.7,0.4,0.2857142857142857,0.0,0.0,20.0,4.0,40.0,0.9,0.09090909090909091,1.0,6.0,0.0,0.08029197080291971,0.25547445255474455,6,12,4.5,2.0,1576,1013,1577,0.0,0.0,30.0,1.0,37.9,0.0,0.0625,0.0,0.0,40.0,2.0,35.9,0.1,0.25,-0.4,0.6
363,202507030410,5,0,1,3,25,11,20,184,0,0,0,0,0,0,0,0,9,2,3,33,0,0,0,0,0,0,0,0,5,1,0,9,0,0,0,0,0.0,0.0,120.0,10.0,37.5,1.4,0.9375,0.0,0.0,130.0,8.0,37.5,1.4,0.75,0.0,0.0,30.0,1.0,36.1,0.0,0.7692307692307693,-4.5,-10.0,0.0,0.1232876712328767,0.2602739726027397,1,2,127.1,16.0,1469,1559,88,0.0,0.0,40.0,5.0,34.8,0.7,0.7777777777777778,0.0,0.0,60.0,5.0,34.8,0.8,0.5714285714285714,-1.3000000000000003,0.2
364,202507030410,2,0,2,3,0,0,0,8,0,0,0,0,1,0,0,2,0,0,0,0,0,0,0,0,0,0,0,0,0,0,0,0,0,0,0,0,0.0,0.0,20.0,1.0,35.3,0.0,0.14285714285714285,0.0,0.0,40.0,9.0,36.8,1.5,0.1875,0.0,0.0,30.0,5.0,39.3,1.3,0.2,2.0,2.0,200.0,0.03225806451612903,0.12903225806451613,4,7,70.0,14.0,1652,1009,314,0.0,0.0,30.0,2.0,37.8,0.8,0.1875,0.0,0.0,20.0,4.0,38.1,1.6,0.3125,-0.1,0.4
365,202507030410,24,21,22,189,2,1,2,17,0,0,1,7,6,5,6,45,0,0,1,4,0,0,0,2,1,3,1,23,0,0,0,1,0,0,0,0,0.0,0.0,60.0,3.0,35.0,0.7,0.8888888888888888,0.0,0.0,110.0,5.0,35.3,0.9,0.6428571428571429,0.0,0.0,140.0,11.0,37.3,0.8,0.6875,4.0,2.0,200.0,0.03,0.2,2,3,45.0,10.0,1278,1571,625,0.0,0.0,140.0,2.0,36.9,0.0,0.4666666666666667,0.0,0.0,140.0,11.0,39.7,1.9,0.75,1.3,0.4
366,202507030410,7,13,9,103,0,1,0,14,0,0,0,1,2,1,1,18,0,0,0,1,0,0,0,0,2,0,0,4,0,0,0,0,0,0,0,0,0.0,0.0,120.0,8.0,36.8,1.6,0.7142857142857143,0.0,0.0,90.0,9.0,34.9,1.2,0.45454545454545453,0.0,0.0,10.0,1.0,37.2,0.0,0.4375,-3.5,0.0,-200.0,0.08,0.12,3,6,52.4,11.0,1098,1051,1294,0.0,0.0,40.0,2.0,37.3,0.1,0.5625,0.0,0.0,70.0,6.0,35.4,0.4,0.6111111111111112,-1.0999999999999999,0.4
367,202507030410,15,16,19,150,9,15,9,96,1,1,0,3,1,2,3,28,0,1,0,21,0,0,0,0,0,2,2,10,0,0,0,7,0,0,0,0,0.0,0.0,110.0,5.0,36.2,0.6,0.3125,0.0,0.0,80.0,6.0,38.0,0.8,0.2,0.0,0.0,90.0,11.0,40.3,3.1,0.4375,3.0,0.0,0.0,0.07692307692307693,0.23076923076923078,2,4,35.4,8.0,1586,1110,1167,0.0,0.0,20.0,1.0,37.0,0.0,0.15384615384615385,0.0,0.0,50.0,2.0,37.8,0.8,0.25,-1.1,0.4
368,202507030410,0,2,1,5,0,1,0,2,0,1,0,0,0,0,0,1,0,0,0,1,0,0,0,0,0,0,0,1,0,0,0,0,0,0,0,0,0.0,0.0,30.0,4.0,35.7,1.1,0.4444444444444444,0.0,0.0,80.0,12.0,39.7,1.9,0.07142857142857142,0.0,0.0,170.0,13.0,35.8,1.1,0.2222222222222222,4.5,14.0,200.0,0.022727272727272728,0.11363636363636363,5,10,62.2,13.0,1352,1084,1503,0.0,0.0,40.0,1.0,39.3,0.0,0.0625,0.0,0.0,70.0,2.0,37.6,0.1,0.3125,-1.5,0.4
369,202507030410,3,3,5,32,3,2,3,24,0,0,0,0,1,1,2,10,1,1,0,5,0,0,0,0,1,1,0,5,1,0,0,2,0,0,0,0,0.0,0.0,30.0,1.0,37.3,0.0,0.0625,0.0,0.0,50.0,9.0,40.6,1.2,0.13333333333333333,0.0,0.0,100.0,8.0,36.0,1.0,0.18181818181818182,3.5,-4.0,0.0,0.034482758620689655,0.06896551724137931,4,8,84.9,15.0,1289,1665,1428,,,,,,,,,,,,,,,3.5,0.3333333333333333
370,202507030410,7,13,9,103,7,15,11,139,0,1,0,0,2,1,1,18,2,8,5,39,0,0,0,0,2,0,0,4,1,3,3,13,0,0,0,0,0.0,0.0,40.0,9.0,37.5,1.2,0.4375,0.0,0.0,50.0,3.0,36.9,0.8,0.6,0.0,0.0,40.0,5.0,37.8,0.9,0.0625,-2.0,0.0,0.0,0.16,0.36,8,16,14.1,7.0,1098,1235,1294,0.0,0.0,10.0,5.0,40.4,1.5,0.2727272727272727,0.0,0.0,60.0,2.0,36.5,0.4,0.2,-1.2,0.4
371,202507030410,24,15,26,160,18,14,17,156,6,1,3,11,5,4,5,37,2,4,6,36,2,0,0,0,2,0,0,18,1,1,3,11,1,0,0,0,0.0,0.0,50.0,12.0,37.7,1.5,0.6875,0.0,0.0,90.0,3.0,37.5,1.0,0.5625,0.0,0.0,90.0,13.0,37.8,1.8,0.6875,0.5,4.0,0.0,0.025974025974025976,0.12987012987012986,6,11,55.7,12.0,1520,1618,695,0.0,0.0,10.0,1.0,37.0,0.0,0.125,0.0,0.0,40.0,2.0,37.2,0.1,0.13333333333333333,-2.2,0.6
372,202507030410,24,21,22,189,18,14,17,156,3,3,4,10,6,5,6,45,2,4,6,36,0,1,1,3,1,3,1,23,1,1,3,11,0,0,1,2,0.0,0.0,10.0,1.0,37.9,0.0,0.0625,0.0,0.0,30.0,4.0,37.7,0.2,0.08333333333333333,0.0,0.0,20.0,2.0,37.4,0.3,0.0625,0.5,10.0,0.0,0.16,0.376,1,1,9.8,5.0,1278,1618,625,0.0,0.0,10.0,2.0,38.7,0.2,0.1875,0.0,0.0,20.0,2.0,37.7,0.2,0.14285714285714285,0.0,0.8
373,202507030410,27,19,19,153,18,14,17,156,0,0,0,1,8,7,2,30,2,4,6,36,0,0,0,0,5,3,1,9,1,1,3,11,0,0,0,0,0.0,0.0,70.0,1.0,37.4,0.0,0.25,0.0,0.0,40.0,6.0,38.9,3.4,0.125,,,,,,,,5.0,-16.0,0.0,0.06578947368421052,0.18421052631578946,3,5,40.7,9.0,1467,1618,336,,,,,,,,,,,,,,,5.0,0.5
374,202507030410,9,8,5,102,2,4,2,59,1,2,1,2,7,6,5,66,1,2,1,13,1,2,1,1,2,4,3,22,1,2,1,4,1,2,1,1,0.0,0.0,10.0,5.0,36.8,0.5,0.21428571428571427,0.0,0.0,20.0,2.0,37.7,0.0,0.07142857142857142,0.0,0.0,10.0,2.0,37.0,0.0,0.125,-1.5,-4.0,0.0,,,7,13,6.3,3.0,1228,1328,1108,0.0,0.0,40.0,6.0,36.1,0.3,0.1875,0.0,0.0,20.0,2.0,37.0,0.4,0.1875,-0.2,0.6
375,202507030505,0,0,0,12,0,1,3,15,0,0,0,0,0,0,0,4,0,0,0,5,0,0,0,0,0,0,0,3,0,0,0,1,0,0,0,0,0.0,0.0,30.0,2.0,36.2,0.1,0.21428571428571427,0.0,0.0,60.0,2.0,37.2,0.2,0.0625,0.0,0.0,70.0,5.0,36.8,1.5,0.4375,1.5,-6.0,200.0,0.02564102564102564,0.1282051282051282,8,16,4.4,1.0,1286,1686,1503,0.0,0.0,60.0,4.0,38.0,1.0,0.3333333333333333,0.0,0.0,140.0,2.0,36.9,0.1,0.4375,0.2,0.6
376,202507030505,35,37,29,283,25,11,20,184,2,1,2,16,11,7,6,73,9,2,3,33,2,0,0,3,5,2,2,10,2,1,0,10,1,0,0,1,0.0,0.0,10.0,3.0,36.7,0.6,0.21428571428571427,0.0,0.0,10.0,2.0,35.1,0.1,0.14285714285714285,0.0,0.0,30.0,2.0,37.6,0.5,0.0625,-0.5,0.0,200.0,0.15384615384615385,0.34615384615384615,4,7,5.2,3.0,1576,1559,1577,0.0,0.0,30.0,4.0,37.8,1.5,0.5333333333333333,0.0,0.0,40.0,4.0,37.8,1.3,0.5,0.4,0.6
377,202507030505,0,1,3,13,2,2,3,17,0,0,1,0,0,1,1,2,0,2,1,5,0,0,0,0,0,1,0,0,0,0,0,1,0,0,0,0,0.0,0.0,80.0,4.0,36.3,0.6,0.5,0.0,0.0,40.0,7.0,38.2,1.9,0.3333333333333333,0.0,0.0,60.0,3.0,36.1,0.3,0.5625,-0.5,0.0,200.0,0.0,0.0,3,6,15.8,8.0,1261,1520,387,0.0,0.0,50.0,9.0,39.4,2.7,0.3125,0.0,0.0,50.0,4.0,37.0,0.2,0.6875,0.2,0.2
378,202507030505,2,0,2,3,20,23,26,240,0,0,0,0,1,0,0,2,6,5,7,56,0,0,0,0,1,0,0,1,2,2,3,25,0,0,0,0,0.0,0.0,20.0,7.0,38.8,1.2,0.06666666666666667,0.0,0.0,30.0,2.0,38.4,0.5,0.1875,0.0,0.0,130.0,5.0,39.9,0.9,0.125,-1.0,-2.0,-200.0,0.06493506493506493,0.18181818181818182,3,5,6.3,4.0,1652,1428,314,,,,,,,,,,,,,,,-1.0,0.3333333333333333
379,202507030505,5,0,1,3,3,0,4,15,0,0,0,0,0,0,0,0,0,0,1,2,0,0,0,0,0,0,0,0,0,0,0,0,0,0,0,0,0.0,0.0,30.0,10.0,39.3,2.1,0.75,0.0,0.0,10.0,3.0,37.7,0.5,0.1875,0.0,0.0,50.0,4.0,36.1,0.3,0.7333333333333333,-3.0,0.0,-200.0,0.02564102564102564,0.1282051282051282,6,11,7.2,5.0,1469,857,88,,,,,,,,,,,,,,,-3.0,0.3333333333333333
380,202507030505,0,1,0,3,0,1,0,2,0,0,0,0,0,0,0,1,0,0,0,0,0,0,0,0,0,0,0,0,0,0,0,0,0,0,0,0,0.0,0.0,110.0,8.0,38.7,1.9,0.1875,0.0,0.0,70.0,7.0,37.8,1.3,0.375,0.0,0.0,120.0,9.0,38.9,1.3,0.4375,0.5,-2.0,0.0,0.041666666666666664,0.16666666666666666,1,1,71.7,10.0,759,193,1428,0.0,0.0,150.0,8.0,39.0,0.7,0.375,0.0,0.0,100.0,15.0,42.5,4.4,0.5,1.5,0.0
381,202507030505,0,1,0,3,6,10,9,77,0,0,0,0,0,0,0,0,2,5,1,20,0,0,0,0,0,0,0,0,1,0,1,6,0,0,0,0,0.0,0.0,160.0,7.0,37.5,1.2,0.8125,0.0,0.0,150.0,13.0,38.3,3.3,0.8666666666666667,0.0,0.0,160.0,17.0,35.6,2.8,0.5555555555555556,5.0,0.0,0.0,0.014705882352941176,0.22058823529411764,7,14,242.0,16.0,1035,1228,1393,0.0,0.0,160.0,12.0,39.2,2.8,0.875,,,,,,,,1.9,0.0
382,202507030505,0,0,0,1,0,0,0,0,0,0,0,0,0,0,0,0,0,0,0,0,0,0,0,0,0,0,0,0,0,0,0,0,0,0,0,0,0.0,0.0,90.0,8.0,39.0,1.5,0.1875,0.0,0.0,80.0,8.0,39.7,1.7,0.25,0.0,0.0,90.0,6.0,39.1,1.2,0.625,-1.0,8.0,0.0,0.04,0.09333333333333334,2,3,59.3,9.0,1080,1081,1428,0.0,0.0,40.0,3.0,37.8,2.5,0.36363636363636365,0.0,0.0,90.0,7.0,35.8,0.7,0.05555555555555555,-0.7,0.2
383,202507030505,0,2,3,39,0,3,0,15,0,0,0,0,0,1,1,23,0,2,0,4,0,0,0,0,0,0,0,13,0,1,0,1,0,0,0,0,0.0,0.0,40.0,2.0,37.1,0.0,0.125,0.0,0.0,40.0,7.0,37.2,1.7,0.3125,0.0,0.0,70.0,2.0,36.0,0.3,0.375,0.0,2.0,0.0,0.06976744186046512,0.1744186046511628,8,15,5.2,2.0,1534,1205,1235,0.0,0.0,70.0,6.0,35.9,1.7,0.9333333333333333,,,,,,,,0.7,0.5
384,202507030505,0,0,0,1,0,0,0,3,0,0,0,0,0,0,0,0,0,0,0,1,0,0,0,0,0,0,0,0,0,0,0,0,0,0,0,0,0.0,0.0,150.0,18.0,37.2,3.0,0.6666666666666666,0.0,0.0,130.0,8.0,40.5,2.4,0.5333333333333333,0.0,0.0,70.0,15.0,38.8,3.4,0.875,-1.5,-6.0,-400.0,0.08333333333333333,0.125,6,12,158.6,12.0,1219,1509,348,0.0,0.0,110.0,6.0,36.8,1.3,0.9375,,,,,,,,-2.9,0.0
385,202507030505,0,1,2,2,40,32,33,338,0,0,1,0,0,1,0,1,8,5,7,63,0,0,0,0,0,1,0,0,4,2,1,19,0,0,0,0,0.0,0.0,60.0,11.0,38.4,1.7,0.6875,0.0,0.0,40.0,2.0,35.1,0.0,0.21428571428571427,0.0,0.0,40.0,9.0,38.4,2.7,0.6,-1.0,2.0,0.0,0.0625,0.2708333333333333,1,2,7.2,6.0,1550,1167,32,0.0,0.0,40.0,4.0,36.9,0.4,0.3125,0.0,0.0,50.0,6.0,39.7,1.9,0.06666666666666667,-0.8,0.2
386,202507030505,5,3,3,20,0,0,0,4,0,0,0,0,1,1,0,5,0,0,0,1,0,0,0,0,1,0,0,1,0,0,0,1,0,0,0,0,0.0,0.0,70.0,12.0,38.7,2.8,0.875,0.0,0.0,10.0,6.0,38.1,1.2,0.125,0.0,0.0,40.0,2.0,37.3,0.0,0.375,-5.0,2.0,0.0,0.07142857142857142,0.17857142857142858,2,4,11.5,7.0,1479,748,857,0.0,0.0,60.0,4.0,39.6,0.5,0.4,0.0,0.0,110.0,5.0,39.7,1.0,0.1875,-1.6,0.2
387,202507030505,2,0,2,3,6,10,9,77,0,0,0,0,1,0,0,2,2,5,1,20,0,0,0,0,1,0,0,1,1,0,1,6,0,0,0,0,0.0,0.0,130.0,13.0,38.6,2.9,0.9375,0.0,0.0,120.0,16.0,38.3,4.2,0.9375,,,,,,,,3.0,4.0,0.0,0.07692307692307693,0.11538461538461539,4,8,194.7,13.0,1652,1228,314,,,,,,,,,,,,,,,3.0,0.0
388,202507030505,11,18,23,142,27,20,21,216,0,0,0,2,1,3,4,15,7,5,2,55,0,0,0,0,0,2,1,2,3,0,0,18,0,0,0,0,0.0,0.0,160.0,13.0,40.2,2.6,0.4375,0.0,0.0,150.0,10.0,39.8,1.6,0.4375,,,,,,,,-3.0,-2.0,0.0,0.0,0.04878048780487805,5,9,240.4,15.0,1127,1556,1328,,,,,,,,,,,,,,,-3.0,0.0
389,202507030505,3,1,3,29,1,1,1,17,0,0,0,0,2,0,3,4,1,0,0,5,0,0,0,0,1,0,2,3,1,0,0,4,0,0,0,0,0.0,0.0,140.0,15.0,38.8,3.8,1.0,0.0,0.0,110.0,15.0,40.3,5.6,1.0,,,,,,,,0.0,18.0,0.0,0.0625,0.15625,5,10,231.0,14.0,1507,1716,593,,,,,,,,,,,,,,,0.0,0.0
390,202507030505,8,7,7,102,18,14,17,156,0,0,0,3,3,2,4,17,2,4,6,36,0,0,0,1,0,0,1,4,0,0,2,11,0,0,0,0,0.0,0.0,110.0,16.0,47.4,10.1,0.3125,0.0,0.0,140.0,16.0,41.7,6.2,0.5625,,,,,,,,0.0,-10.0,0.0,0.02247191011235955,0.11235955056179775,7,13,131.1,11.0,1677,1618,1167,,,,,,,,,,,,,,,0.0,0.0
391,202507030701,0,0,0,0,4,4,6,110,0,0,0,0,0,0,0,0,0,0,1,32,0,0,0,0,0,0,0,0,0,0,0,12,0,0,0,0,0.0,0.0,20.0,2.0,38.5,0.1,0.125,,,,,,,,,,,,,,,,,0.0,0.038461538461538464,0.15384615384615385,5,5,3.4,2.0,1612,1014,832,,,,,,,,,,,,,,,,1.0
392,202507030701,0,0,0,6,0,0,0,0,0,0,0,0,0,0,0,2,0,0,0,0,0,0,0,0,0,0,0,1,0,0,0,0,0,0,0,0,0.0,0.0,30.0,8.0,36.8,1.7,0.18181818181818182,,,,,,,,,,,,,,,,,-200.0,0.0,0.0,7,7,9.3,4.0,1382,1463,707,,,,,,,,,,,,,,,,0.0
393,202507030701,5,0,1,3,2,1,0,1,0,0,0,0,0,0,0,0,0,0,0,1,0,0,0,0,0,0,0,0,0,0,0,1,0,0,0,0,0.0,0.0,90.0,16.0,41.2,4.0,0.625,,,,,,,,,,,,,,,,,0.0,0.0,0.2,8,8,95.3,8.0,1469,635,88,,,,,,,,,,,,,,,,0.0
394,202507030701,1,0,0,9,4,6,5,48,0,0,0,0,0,0,0,1,0,1,0,3,0,0,0,0,0,0,0,0,0,0,0,1,0,0,0,0,,,,,,,,,,,,,,,,,,,,,,,,,0.06818181818181818,0.17045454545454544,6,6,29.3,7.0,1689,334,1294,,,,,,,,,,,,,,,,
395,202507030701,3,2,1,11,4,4,2,18,0,0,0,0,1,2,1,5,0,1,0,1,0,0,0,0,0,0,1,1,0,1,0,0,0,0,0,0,0.0,0.0,20.0,2.0,36.7,1.2,0.18181818181818182,0.0,0.0,40.0,8.0,36.8,1.8,0.5,,,,,,,,6.0,0.0,200.0,0.025,0.1375,2,2,6.9,3.0,832,568,351,,,,,,,,,,,,,,,6.0,0.5
396,202507030701,0,0,0,6,15,9,6,130,0,0,0,0,0,0,0,2,3,2,0,38,0,0,0,0,0,0,0,1,2,0,0,11,0,0,0,0,0.0,0.0,50.0,6.0,36.7,1.8,0.2,0.0,0.0,50.0,6.0,36.1,1.3,0.75,,,,,,,,0.0,-4.0,0.0,0.058823529411764705,0.23529411764705882,4,4,11.9,5.0,1382,1393,707,,,,,,,,,,,,,,,0.0,0.0
397,202507030701,4,7,7,101,0,0,0,0,0,0,0,0,3,1,2,36,0,0,0,0,0,0,0,0,1,1,1,15,0,0,0,0,0,0,0,0,0.0,0.0,60.0,7.0,38.4,2.0,0.7777777777777778,0.0,0.0,40.0,3.0,37.2,2.0,0.36363636363636365,0.0,0.0,50.0,3.0,38.5,0.5,0.2,-2.0,4.0,0.0,0.14285714285714285,0.39285714285714285,1,1,22.7,6.0,1204,1203,1221,,,,,,,,,,,,,,,-2.0,0.6666666666666666
398,202507030701,0,0,0,0,0,0,0,0,0,0,0,0,0,0,0,0,0,0,0,0,0,0,0,0,0,0,0,0,0,0,0,0,0,0,0,0,0.0,0.0,70.0,2.0,36.1,0.1,0.5555555555555556,,,,,,,,,,,,,,,,,0.0,0.15748031496062992,0.3700787401574803,8,9,1.8,1.0,909,1038,171,,,,,,,,,,,,,,,,1.0
399,202507030701,0,0,1,10,20,23,26,240,0,0,0,1,0,0,0,0,6,5,7,56,0,0,0,0,0,0,0,0,2,2,3,25,0,0,0,0,0.0,0.0,90.0,9.0,43.3,6.9,0.7777777777777778,0.0,0.0,110.0,11.0,33.3,1.9,0.8333333333333334,0.0,0.0,160.0,15.0,36.9,2.0,0.8125,3.0,-4.0,0.0,0.07142857142857142,0.10714285714285714,3,3,208.3,9.0,1038,1428,489,,,,,,,,,,,,,,,3.0,0.0
400,202507030709,17,11,10,154,25,24,24,231,1,0,0,5,2,2,2,40,3,3,4,50,0,0,0,1,1,0,1,12,1,1,0,21,0,0,0,0,0.0,0.0,40.0,7.0,35.5,0.7,0.75,0.0,0.0,70.0,3.0,37.6,0.0,0.0625,0.0,0.0,110.0,3.0,37.3,0.5,0.125,-2.0,-2.0,0.0,0.2727272727272727,0.5454545454545454,2,3,3.4,2.0,1393,1558,1263,0.0,0.0,80.0,10.0,35.3,1.6,0.36363636363636365,0.0,0.0,10.0,1.0,37.6,0.0,0.1111111111111111,-0.5,0.6
401,202507030709,0,1,3,13,2,3,5,35,0,0,0,0,0,1,1,2,1,0,1,11,0,0,0,0,0,0,1,2,1,0,0,4,0,0,0,0,0.0,0.0,10.0,1.0,36.6,0.0,0.06666666666666667,0.0,0.0,30.0,2.0,37.5,0.3,0.26666666666666666,0.0,0.0,110.0,4.0,37.7,0.5,0.5,1.5,-2.0,0.0,0.02531645569620253,0.12658227848101267,5,9,2.5,1.0,1261,1507,387,,,,,,,,,,,,,,,1.5,0.6666666666666666
402,202507030709,15,15,17,124,4,3,4,39,0,0,1,0,5,0,2,24,1,2,0,16,0,0,0,0,1,0,2,9,0,1,0,11,0,0,0,0,0.0,0.0,20.0,2.0,37.3,0.1,0.4375,0.0,0.0,10.0,5.0,38.3,0.8,0.06666666666666667,0.0,0.0,30.0,6.0,37.8,0.4,0.4375,2.0,-6.0,0.0,0.14814814814814814,0.37037037037037035,4,7,11.6,4.0,1463,1541,1167,0.0,0.0,70.0,6.0,39.4,1.0,0.3076923076923077,0.0,0.0,30.0,9.0,39.8,3.0,0.6428571428571429,1.5,0.2
403,202507030709,35,37,29,283,27,24,14,272,4,6,1,23,11,7,6,73,5,3,4,71,2,1,0,8,5,4,1,34,3,2,2,40,1,1,0,6,0.0,0.0,10.0,6.0,37.4,1.4,0.5714285714285714,0.0,0.0,20.0,7.0,38.4,0.9,0.125,0.0,0.0,10.0,7.0,36.6,1.2,0.7142857142857143,0.5,0.0,0.0,0.15942028985507245,0.463768115942029,3,6,13.2,5.0,1576,1013,1577,0.0,0.0,10.0,1.0,35.7,0.0,0.07142857142857142,0.0,0.0,10.0,2.0,38.2,0.1,0.375,-1.4,0.4
404,202507030709,0,0,0,2,0,0,0,0,0,0,0,0,0,0,0,0,0,0,0,0,0,0,0,0,0,0,0,0,0,0,0,0,0,0,0,0,0.0,0.0,30.0,6.0,38.2,0.5,0.375,0.0,0.0,10.0,4.0,38.5,0.8,0.06666666666666667,0.0,0.0,30.0,2.0,37.4,0.4,0.25,-2.0,-4.0,0.0,0.12162162162162163,0.25675675675675674,5,10,24.2,8.0,1185,876,1317,0.0,0.0,60.0,6.0,37.2,1.0,0.4,0.0,0.0,70.0,13.0,39.1,1.3,0.14285714285714285,1.6,0.2
405,202507030709,1,1,0,1,0,0,0,0,0,0,0,0,0,1,0,1,0,0,0,0,0,0,0,0,0,1,0,1,0,0,0,0,0,0,0,0,0.0,0.0,120.0,7.0,37.5,1.1,0.375,0.0,0.0,100.0,10.0,35.4,0.6,0.16666666666666666,0.0,0.0,70.0,12.0,39.5,1.2,0.125,2.5,-4.0,0.0,,,7,13,86.3,13.0,603,136,760,0.0,0.0,80.0,12.0,35.7,1.4,0.9375,0.0,0.0,40.0,7.0,34.4,1.2,0.6363636363636364,0.2,0.0
406,202507030709,5,0,1,3,25,11,20,184,0,0,0,0,0,0,0,0,9,2,3,33,0,0,0,0,0,0,0,0,5,1,0,9,0,0,0,0,0.0,0.0,160.0,5.0,36.6,1.0,0.75,0.0,0.0,120.0,10.0,37.5,1.4,0.9375,0.0,0.0,130.0,8.0,37.5,1.4,0.75,1.5,12.0,0.0,0.05084745762711865,0.13559322033898305,1,2,44.5,9.0,1469,1559,88,0.0,0.0,30.0,1.0,36.1,0.0,0.7692307692307693,0.0,0.0,40.0,5.0,34.8,0.7,0.7777777777777778,-0.9,0.2
407,202507030709,24,15,26,160,0,0,0,1,0,0,0,0,5,4,5,37,0,0,0,0,0,0,0,0,2,0,0,18,0,0,0,0,0,0,0,0,0.0,0.0,40.0,3.0,35.6,0.8,0.9375,0.0,0.0,80.0,4.0,35.9,0.3,0.875,0.0,0.0,30.0,13.0,38.5,2.2,0.7333333333333333,5.0,-8.0,0.0,0.04,0.16,6,12,6.4,3.0,1520,1144,695,0.0,0.0,10.0,6.0,36.6,0.8,0.75,0.0,0.0,10.0,8.0,37.4,0.7,0.375,1.1999999999999997,0.2
408,202507030709,2,0,2,3,10,10,7,118,0,0,0,1,1,0,0,2,3,0,0,26,0,0,0,1,0,0,0,0,0,0,0,5,0,0,0,0,0.0,0.0,60.0,1.0,36.0,0.0,0.1875,0.0,0.0,10.0,5.0,36.7,1.0,0.4666666666666667,0.0,0.0,80.0,5.0,36.9,0.3,0.875,2.0,2.0,0.0,0.06896551724137931,0.1724137931034483,4,8,177.1,15.0,1652,1366,314,0.0,0.0,100.0,4.0,37.8,0.3,0.75,0.0,0.0,60.0,6.0,37.1,1.1,0.75,0.9,0.2
409,202507030709,38,22,32,235,20,23,26,240,2,0,2,20,13,5,8,59,6,5,7,56,2,0,1,7,7,2,2,22,1,3,3,20,0,0,0,4,0.0,0.0,130.0,8.0,36.4,1.1,0.7142857142857143,0.0,0.0,130.0,15.0,39.2,2.0,0.4666666666666667,0.0,0.0,30.0,7.0,36.0,1.3,0.6875,-0.5,-2.0,-200.0,0.07407407407407407,0.1111111111111111,8,15,100.9,14.0,1716,1428,1167,0.0,0.0,120.0,3.0,36.7,0.6,0.625,0.0,0.0,140.0,6.0,36.4,1.2,0.4375,-1.6,0.2
410,202507030709,12,11,4,98,0,2,0,7,0,0,0,1,3,2,1,26,0,0,0,0,0,0,0,0,1,0,0,13,0,0,0,0,0,0,0,0,0.0,0.0,50.0,8.0,38.8,1.2,0.0625,0.0,0.0,10.0,6.0,38.7,0.4,0.25,0.0,0.0,30.0,4.0,38.9,0.6,0.0625,-2.0,-10.0,-200.0,0.039473684210526314,0.09210526315789473,3,5,16.2,6.0,1657,1050,1317,0.0,0.0,30.0,7.0,35.4,0.8,0.7222222222222222,0.0,0.0,10.0,4.0,37.5,0.3,0.09090909090909091,-0.7,0.0
411,202507030709,1,0,1,23,27,20,21,216,0,0,0,1,0,0,1,10,7,5,2,55,0,0,0,1,0,0,1,5,2,4,2,25,0,0,0,1,0.0,0.0,100.0,12.0,36.2,1.4,0.75,0.0,0.0,40.0,1.0,36.1,0.0,0.8125,0.0,0.0,80.0,6.0,37.0,1.1,0.6666666666666666,-3.0,-4.0,0.0,0.0,0.25,6,11,78.5,12.0,1540,1556,1036,,,,,,,,,,,,,,,-3.0,0.3333333333333333
412,202507030709,7,9,9,76,20,12,12,149,1,0,0,2,0,5,4,29,3,2,3,40,0,0,0,0,0,3,1,11,1,0,2,17,0,0,0,0,0.0,0.0,120.0,9.0,38.5,1.7,0.875,0.0,0.0,30.0,1.0,37.6,0.0,0.3125,0.0,0.0,100.0,6.0,38.8,0.9,0.25,-1.5,10.0,-200.0,0.022222222222222223,0.1111111111111111,1,1,77.7,11.0,1426,1221,306,0.0,0.0,90.0,7.0,38.1,1.1,0.75,0.0,0.0,120.0,11.0,40.5,2.5,0.2,1.0,0.2
413,202507030709,0,1,1,2,2,0,0,8,0,0,0,1,0,1,0,1,0,0,0,2,0,0,0,1,0,0,0,1,0,0,0,1,0,0,0,1,0.0,0.0,50.0,13.0,35.0,1.1,0.25,0.0,0.0,40.0,5.0,38.0,0.3,0.3125,0.0,0.0,30.0,13.0,39.3,1.9,0.0625,0.0,8.0,0.0,0.0625,0.25,7,14,18.2,7.0,932,168,115,0.0,0.0,40.0,2.0,37.7,0.1,0.0625,0.0,0.0,30.0,10.0,37.7,1.0,0.13333333333333333,-0.9,0.2
414,202507030709,17,11,10,154,5,0,4,29,0,0,1,2,2,2,2,40,0,0,0,2,0,0,0,1,1,0,1,12,0,0,0,0,0,0,0,0,0.0,0.0,80.0,15.0,39.5,2.7,0.25,0.0,0.0,120.0,3.0,38.2,0.3,0.125,0.0,0.0,140.0,8.0,36.9,1.8,0.1875,-3.5,-6.0,50.0,0.15873015873015872,0.373015873015873,2,4,237.2,16.0,1393,225,1263,0.0,0.0,50.0,5.0,33.6,0.4,0.1111111111111111,0.0,0.0,,,,,,-2.5,0.25
415,202507030709,1,0,0,9,10,10,7,118,0,0,0,2,0,0,0,1,3,0,0,26,0,0,0,0,0,0,0,0,0,0,0,5,0,0,0,0,0.0,0.0,110.0,16.0,94.3,58.1,0.5,0.0,0.0,80.0,10.0,40.0,3.1,0.18181818181818182,0.0,0.0,70.0,3.0,36.2,0.9,0.75,-6.5,2.0,0.0,0.07608695652173914,0.22826086956521738,8,16,72.0,10.0,1689,1366,1294,0.0,0.0,80.0,1.0,37.2,0.0,0.125,0.0,0.0,70.0,14.0,41.0,2.7,0.1875,-1.3,0.4
416,202507030809,6,6,8,67,20,12,12,149,0,0,0,2,5,2,2,23,3,2,3,40,0,0,0,0,2,0,0,8,2,1,0,9,0,0,0,0,0.0,0.0,40.0,6.0,36.2,1.3,0.21428571428571427,0.0,0.0,40.0,6.0,37.3,0.3,0.4,0.0,0.0,30.0,6.0,38.4,0.7,0.25,0.0,0.0,200.0,0.05,0.13333333333333333,2,3,10.6,5.0,1333,1221,1294,0.0,0.0,20.0,3.0,36.1,0.0,0.9285714285714286,0.0,0.0,40.0,2.0,36.5,0.5,0.9230769230769231,-1.1,0.4
417,202507030809,35,37,29,283,25,11,20,184,2,1,2,16,11,7,6,73,9,2,3,33,2,0,0,3,5,2,2,10,2,1,0,10,1,0,0,1,0.0,0.0,10.0,2.0,37.6,0.2,0.4375,0.0,0.0,30.0,2.0,38.0,0.1,0.125,0.0,0.0,10.0,3.0,36.7,0.6,0.21428571428571427,0.5,8.0,0.0,0.13793103448275862,0.3793103448275862,8,16,3.4,1.0,1576,1559,1577,0.0,0.0,10.0,2.0,35.1,0.1,0.14285714285714285,0.0,0.0,30.0,2.0,37.6,0.5,0.0625,0.0,1.0
418,202507030809,0,0,0,2,3,2,0,15,0,0,0,0,0,0,0,0,0,0,0,5,0,0,0,0,0,0,0,0,0,0,0,1,0,0,0,0,0.0,0.0,10.0,3.0,35.1,0.1,0.2857142857142857,0.0,0.0,20.0,3.0,35.1,0.4,0.35714285714285715,0.0,0.0,10.0,3.0,37.0,1.0,0.6875,0.0,-8.0,200.0,0.15714285714285714,0.45714285714285713,8,15,5.2,3.0,1043,962,477,0.0,0.0,10.0,2.0,36.6,0.4,0.4666666666666667,0.0,0.0,40.0,3.0,37.4,0.2,0.5625,-0.1,1.0
419,202507030809,0,0,0,2,6,7,8,83,0,0,0,1,0,0,0,1,1,0,2,25,0,0,0,0,0,0,0,1,0,0,1,8,0,0,0,0,0.0,0.0,10.0,3.0,36.8,0.0,0.25,0.0,0.0,60.0,4.0,34.9,0.4,0.5714285714285714,0.0,0.0,60.0,3.0,36.9,0.6,0.5625,0.0,-2.0,0.0,0.02702702702702703,0.08108108108108109,5,10,4.0,2.0,1223,1306,1221,0.0,0.0,40.0,6.0,37.7,1.2,0.5333333333333333,0.0,0.0,30.0,5.0,38.6,1.0,0.2,0.6,0.4
420,202507030809,0,1,2,11,15,9,6,130,0,0,0,0,0,0,0,3,3,2,0,38,0,0,0,0,0,0,0,2,2,0,0,11,0,0,0,0,0.0,0.0,90.0,13.0,38.2,1.7,0.75,0.0,0.0,40.0,7.0,37.2,0.9,1.0,,,,,,,,-6.0,-10.0,-200.0,0.05555555555555555,0.2222222222222222,4,7,33.9,9.0,1564,1393,334,,,,,,,,,,,,,,,-6.0,0.0
421,202507030809,4,1,5,27,0,1,3,27,0,0,0,0,0,0,0,2,0,1,1,12,0,0,0,0,0,0,0,2,0,0,0,1,0,0,0,0,0.0,0.0,30.0,9.0,38.2,1.9,0.5,0.0,0.0,20.0,4.0,36.5,1.0,0.5625,0.0,0.0,80.0,2.0,38.2,1.2,0.0625,-3.5,-4.0,0.0,0.09302325581395349,0.13953488372093023,7,13,24.9,8.0,1248,1592,1428,0.0,0.0,100.0,5.0,37.1,0.8,0.5333333333333333,0.0,0.0,110.0,12.0,35.7,1.7,0.8125,0.7,0.2
422,202507030809,4,2,1,48,1,1,1,17,0,0,0,0,2,0,0,20,1,0,0,5,0,0,0,0,1,0,0,12,1,0,0,4,0,0,0,0,0.0,0.0,80.0,5.0,39.7,1.9,0.125,0.0,0.0,70.0,9.0,40.1,2.0,0.3125,0.0,0.0,100.0,8.0,34.4,1.2,0.16666666666666666,1.5,16.0,-200.0,0.02197802197802198,0.10989010989010989,5,9,17.1,7.0,1064,1716,1556,0.0,0.0,70.0,5.0,39.4,1.4,0.0625,,,,,,,,-0.1,0.0
423,202507030809,1,0,0,9,0,0,0,2,0,0,0,0,1,0,0,4,0,0,0,0,0,0,0,0,0,0,0,3,0,0,0,0,0,0,0,0,0.0,0.0,40.0,8.0,39.1,0.8,0.0625,0.0,0.0,70.0,2.0,37.4,0.5,0.13333333333333333,0.0,0.0,60.0,2.0,37.8,0.1,0.13333333333333333,-3.0,10.0,0.0,0.06741573033707865,0.16853932584269662,1,1,6.1,4.0,1656,1090,1576,0.0,0.0,70.0,4.0,39.0,1.9,0.3125,0.0,0.0,70.0,10.0,39.7,2.4,0.625,0.6,0.4
424,202507030809,0,0,0,1,2,1,0,8,0,0,0,0,0,0,0,0,0,0,0,0,0,0,0,0,0,0,0,0,0,0,0,0,0,0,0,0,0.0,0.0,100.0,4.0,37.3,0.2,0.125,0.0,0.0,90.0,5.0,36.7,1.0,0.5,0.0,0.0,80.0,9.0,36.5,1.9,0.75,2.5,0.0,0.0,0.025,0.125,4,8,16.2,6.0,1347,115,1396,0.0,0.0,110.0,8.0,39.5,1.7,0.1875,0.0,0.0,20.0,6.0,37.9,2.0,0.6,0.7,0.0
425,202507030809,1,0,0,17,6,10,9,77,0,0,0,0,0,0,0,2,2,5,1,20,0,0,0,0,0,0,0,1,1,0,1,6,0,0,0,0,0.0,0.0,100.0,10.0,38.4,1.3,0.6875,0.0,0.0,80.0,10.0,39.9,1.7,0.4375,0.0,0.0,70.0,4.0,39.0,1.7,0.25,-3.0,12.0,0.0,0.03125,0.125,1,2,41.9,10.0,1693,1228,1167,0.0,0.0,30.0,8.0,39.2,1.6,0.5,,,,,,,,-1.2,0.0
426,202507030809,7,4,3,34,1,1,1,17,0,0,0,4,1,0,0,8,1,0,0,5,0,0,0,0,1,0,0,3,1,0,0,4,0,0,0,0,0.0,0.0,130.0,11.0,39.1,1.7,0.4375,0.0,0.0,120.0,13.0,36.4,2.0,0.4444444444444444,0.0,0.0,150.0,7.0,36.3,1.5,0.29411764705882354,-2.0,4.0,0.0,0.0,0.1,3,5,160.0,13.0,1676,1716,1428,0.0,0.0,90.0,10.0,34.9,1.0,0.5833333333333334,0.0,0.0,160.0,9.0,35.2,0.9,0.7222222222222222,-0.7,0.0
427,202507030809,0,0,0,0,1,0,0,7,0,0,0,0,0,0,0,0,0,0,0,1,0,0,0,0,0,0,0,0,0,0,0,1,0,0,0,0,0.0,0.0,120.0,17.0,38.7,3.9,0.29411764705882354,0.0,0.0,50.0,15.0,40.8,3.5,0.5,0.0,0.0,50.0,9.0,42.8,3.6,0.2222222222222222,-4.0,-8.0,-200.0,0.07407407407407407,0.18518518518518517,3,6,44.2,11.0,1143,525,760,0.0,0.0,80.0,4.0,41.1,2.2,0.0625,,,,,,,,-4.5,0.0
428,202507030809,2,6,2,47,2,2,3,17,0,0,0,0,1,2,0,10,0,2,1,5,0,0,0,0,1,1,0,4,0,0,0,1,0,0,0,0,0.0,0.0,160.0,13.0,39.3,2.4,0.9375,0.0,0.0,130.0,12.0,36.6,2.6,0.7857142857142857,,,,,,,,-1.0,-8.0,0.0,0.05263157894736842,0.15789473684210525,2,4,496.0,16.0,1045,1520,969,,,,,,,,,,,,,,,-1.0,0.0
429,202507030809,1,0,2,3,0,0,1,14,0,0,0,0,1,0,0,0,0,0,0,7,0,0,0,0,1,0,0,0,0,0,0,7,0,0,0,0,0.0,0.0,140.0,14.0,40.4,2.7,0.25,0.0,0.0,160.0,11.0,39.6,3.1,0.25,0.0,0.0,150.0,18.0,38.5,4.3,0.5,2.0,8.0,0.0,0.03896103896103896,0.09090909090909091,6,12,359.5,14.0,1049,1169,1428,,,,,,,,,,,,,,,2.0,0.0
430,202507030809,0,0,1,0,4,8,7,68,0,0,0,0,0,0,1,0,2,5,2,8,0,0,0,0,0,0,1,0,1,1,0,4,0,0,0,0,0.0,0.0,150.0,15.0,40.3,2.7,0.25,0.0,0.0,120.0,13.0,37.8,3.5,0.7142857142857143,0.0,0.0,70.0,11.0,43.1,5.4,0.2727272727272727,-2.0,6.0,0.0,0.06451612903225806,0.12903225806451613,7,14,411.2,15.0,1566,1721,1393,,,,,,,,,,,,,,,-2.0,0.0
431,202507030809,10,15,8,117,3,1,1,30,0,0,0,1,2,4,3,32,0,0,0,13,0,0,0,1,0,1,1,16,0,0,0,4,0,0,0,0,0.0,0.0,120.0,16.0,40.0,2.8,0.6875,0.0,0.0,110.0,12.0,38.7,3.2,0.875,0.0,0.0,50.0,15.0,38.7,3.4,0.8125,-0.5,10.0,0.0,0.024691358024691357,0.13580246913580246,6,11,94.4,12.0,1020,1322,1576,0.0,0.0,100.0,4.0,38.1,1.4,0.2,0.0,0.0,130.0,13.0,39.4,1.4,0.375,-1.4,0.0
432,202507040107,0,1,3,13,2,2,3,17,0,0,1,0,0,1,1,2,0,2,1,5,0,0,0,0,0,1,0,0,0,0,0,1,0,0,0,0,0.0,0.0,80.0,3.0,36.9,0.2,0.6875,0.0,0.0,80.0,4.0,36.3,0.6,0.5,0.0,0.0,40.0,7.0,38.2,1.9,0.3333333333333333,2.0,0.0,0.0,0.0,0.3333333333333333,6,12,5.8,3.0,1261,1520,387,0.0,0.0,60.0,3.0,36.1,0.3,0.5625,0.0,0.0,50.0,9.0,39.4,2.7,0.3125,1.1,0.4
433,202507040107,0,1,2,2,1,1,1,17,0,0,0,0,0,1,0,1,1,0,0,5,0,0,0,0,0,1,0,0,1,0,0,4,0,0,0,0,0.0,0.0,70.0,2.0,37.1,0.2,0.75,0.0,0.0,140.0,6.0,36.7,0.6,0.6875,0.0,0.0,110.0,9.0,42.7,4.1,0.15384615384615385,3.5,6.0,0.0,0.09090909090909091,0.13636363636363635,2,3,31.1,7.0,1550,1716,32,0.0,0.0,130.0,16.0,36.5,2.7,1.0,0.0,0.0,100.0,9.0,40.5,3.4,0.25,2.4,0.2
434,202507040107,5,0,1,3,3,0,4,15,0,0,0,0,0,0,0,0,0,0,1,2,0,0,0,0,0,0,0,0,0,0,0,0,0,0,0,0,0.0,0.0,50.0,5.0,38.3,0.8,0.1875,0.0,0.0,30.0,10.0,39.3,2.1,0.75,0.0,0.0,10.0,3.0,37.7,0.5,0.1875,-1.0,8.0,0.0,0.024390243902439025,0.13414634146341464,1,1,6.9,4.0,1469,857,88,0.0,0.0,50.0,4.0,36.1,0.3,0.7333333333333333,,,,,,,,-1.0,0.25
435,202507040107,0,3,3,22,40,32,33,338,0,0,1,4,0,0,1,4,8,5,7,63,0,0,1,0,0,0,0,3,4,2,1,19,0,0,0,0,0.0,0.0,110.0,8.0,36.0,1.6,0.5714285714285714,0.0,0.0,100.0,13.0,41.6,3.3,0.21428571428571427,0.0,0.0,100.0,14.0,34.9,1.4,0.5,3.0,-10.0,200.0,0.12,0.25333333333333335,4,8,82.4,11.0,1146,1167,512,0.0,0.0,70.0,11.0,38.9,1.9,0.6875,0.0,0.0,60.0,7.0,37.3,2.1,0.75,-0.4,0.0
436,202507040107,15,15,17,124,0,0,1,7,0,0,0,0,5,0,2,24,0,0,0,2,0,0,0,0,2,0,0,11,0,0,0,1,0,0,0,0,0.0,0.0,110.0,12.0,41.6,3.1,0.3125,0.0,0.0,140.0,11.0,35.8,1.4,0.625,,,,,,,,-1.0,-10.0,-500.0,0.07526881720430108,0.22580645161290322,3,6,225.7,14.0,1463,565,1167,,,,,,,,,,,,,,,-1.0,0.0
437,202507040107,0,0,0,3,2,0,3,23,0,0,0,0,0,0,0,0,1,0,2,7,0,0,0,0,0,0,0,0,0,0,2,2,0,0,0,0,0.0,0.0,150.0,6.0,37.0,0.7,1.0,0.0,0.0,140.0,13.0,39.0,3.2,0.6875,,,,,,,,7.0,-6.0,0.0,0.06349206349206349,0.12698412698412698,8,16,287.1,15.0,1627,1172,760,,,,,,,,,,,,,,,7.0,0.0
438,202507040107,0,0,0,6,2,1,0,7,0,0,0,0,0,0,0,2,1,1,0,1,0,0,0,0,0,0,0,1,1,1,0,1,0,0,0,0,0.0,0.0,20.0,7.0,38.5,0.8,0.125,0.0,0.0,10.0,5.0,35.1,0.5,0.1111111111111111,0.0,0.0,10.0,5.0,35.1,0.3,0.2777777777777778,-1.0,-6.0,0.0,0.15625,0.3671875,4,7,3.9,2.0,1382,1576,707,0.0,0.0,10.0,2.0,35.4,0.1,0.06666666666666667,0.0,0.0,60.0,2.0,36.2,0.1,0.1111111111111111,-1.3,0.4
439,202507040107,2,0,2,3,20,23,26,240,0,0,0,0,1,0,0,2,6,5,7,56,0,0,0,0,1,0,0,1,2,2,3,25,0,0,0,0,0.0,0.0,40.0,4.0,37.5,0.5,0.5625,0.0,0.0,20.0,7.0,38.8,1.2,0.06666666666666667,0.0,0.0,30.0,2.0,38.4,0.5,0.1875,-1.0,2.0,0.0,0.0641025641025641,0.1794871794871795,5,9,10.0,5.0,1652,1428,314,0.0,0.0,130.0,5.0,39.9,0.9,0.125,,,,,,,,-0.2,0.25
440,202507040107,5,7,3,84,1,1,5,30,0,0,0,0,3,2,0,30,0,0,0,10,0,0,0,0,2,1,0,4,0,0,0,4,0,0,0,0,0.0,0.0,100.0,9.0,38.1,1.1,0.75,0.0,0.0,70.0,10.0,37.2,1.6,0.6666666666666666,0.0,0.0,110.0,7.0,37.6,1.7,0.625,-1.0,4.0,0.0,0.07692307692307693,0.1282051282051282,6,11,46.1,10.0,1095,1691,1221,0.0,0.0,100.0,4.0,37.3,0.6,0.6428571428571429,0.0,0.0,120.0,8.0,37.6,1.4,0.625,-0.8,0.0
441,202507040107,5,5,5,61,40,32,33,338,0,0,0,11,2,0,1,17,8,5,7,63,0,0,0,4,2,0,0,6,4,2,1,19,0,0,0,1,0.0,0.0,80.0,10.0,38.6,1.1,0.3125,0.0,0.0,50.0,8.0,37.7,1.4,0.07142857142857142,0.0,0.0,20.0,4.0,35.8,0.7,0.5,-3.0,-4.0,0.0,0.07936507936507936,0.2222222222222222,8,15,31.8,8.0,1401,1167,517,0.0,0.0,20.0,9.0,38.9,3.6,0.36363636363636365,0.0,0.0,30.0,2.0,37.1,1.8,0.1875,-1.5,0.2
442,202507040107,0,1,2,2,27,20,21,216,0,0,0,0,0,1,0,1,7,5,2,55,0,0,0,0,0,1,0,0,3,0,0,18,0,0,0,0,0.0,0.0,60.0,11.0,39.0,1.2,0.0625,0.0,0.0,60.0,10.0,37.1,2.0,0.7142857142857143,0.0,0.0,10.0,10.0,39.1,1.2,0.3125,-0.5,-6.0,0.0,0.13333333333333333,0.4,1,2,23.4,6.0,1550,1556,32,0.0,0.0,30.0,2.0,37.9,0.8,0.13333333333333333,0.0,0.0,60.0,5.0,37.7,0.5,0.2,-2.0,0.2
443,202507040107,17,11,10,154,2,0,1,7,0,0,0,0,2,2,2,40,2,0,1,4,0,0,0,0,0,1,1,14,0,0,0,1,0,0,0,0,0.0,0.0,10.0,12.0,40.1,2.4,0.125,0.0,0.0,10.0,6.0,36.4,0.9,0.1111111111111111,0.0,0.0,20.0,2.0,34.9,0.1,0.25,-5.0,2.0,0.0,0.29411764705882354,0.5588235294117647,2,4,2.5,1.0,1393,527,1263,0.0,0.0,10.0,7.0,35.1,0.9,0.5555555555555556,0.0,0.0,10.0,3.0,36.0,0.1,0.17647058823529413,-1.7,0.4
444,202507040107,5,6,6,73,25,26,37,308,0,0,0,6,2,2,2,36,5,5,5,57,0,0,0,4,0,1,1,19,1,4,3,25,0,0,0,3,0.0,0.0,130.0,13.0,41.2,3.9,0.5625,0.0,0.0,110.0,6.0,36.1,1.5,0.8571428571428571,0.0,0.0,90.0,13.0,38.4,2.5,0.1875,0.0,-2.0,0.0,0.06666666666666667,0.16666666666666666,7,14,171.1,13.0,1629,1183,1428,0.0,0.0,60.0,12.0,39.0,2.0,0.8125,,,,,,,,0.4,0.0
445,202507040107,1,2,7,55,1,1,1,17,0,0,0,0,0,1,1,7,1,0,0,5,0,0,0,0,0,0,0,2,1,0,0,4,0,0,0,0,0.0,0.0,160.0,14.0,40.5,3.9,0.875,0.0,0.0,100.0,13.0,37.2,3.5,0.9285714285714286,,,,,,,,-1.0,0.0,0.0,0.06896551724137931,0.10344827586206896,7,13,314.6,16.0,1729,1716,1428,,,,,,,,,,,,,,,-1.0,0.0
446,202507040107,17,11,10,154,1,2,1,31,0,0,0,1,2,2,2,40,1,0,0,17,0,0,0,0,0,1,1,14,1,0,0,5,0,0,0,0,0.0,0.0,120.0,15.0,41.6,4.2,0.5,0.0,0.0,150.0,14.0,36.9,1.5,0.1111111111111111,0.0,0.0,130.0,15.0,36.6,2.1,0.4,0.0,-6.0,0.0,0.06557377049180328,0.18032786885245902,5,10,85.3,12.0,1393,1543,1263,0.0,0.0,110.0,14.0,34.4,2.3,0.8888888888888888,,,,,,,,-0.2,0.0
447,202507040107,5,6,6,73,2,1,0,1,0,0,0,1,2,2,2,36,0,0,0,1,0,0,0,1,0,1,1,19,0,0,0,1,0,0,0,1,0.0,0.0,90.0,16.0,42.8,5.1,0.125,0.0,0.0,70.0,12.0,37.4,2.8,0.6666666666666666,0.0,0.0,30.0,4.0,37.6,0.3,0.0625,-6.0,-14.0,0.0,0.07142857142857142,0.17857142857142858,3,5,41.5,9.0,1629,635,1428,0.0,0.0,70.0,12.0,39.3,2.5,0.14285714285714285,0.0,0.0,100.0,7.0,38.2,1.1,0.125,-1.8,0.0
448,202507040309,24,21,22,189,0,0,3,13,0,0,0,0,6,5,6,45,0,0,2,6,0,0,0,0,1,0,0,2,0,0,0,0,0,0,0,0,0.0,0.0,30.0,13.0,35.4,1.2,0.75,0.0,0.0,30.0,12.0,37.9,1.1,0.4666666666666667,0.0,0.0,50.0,3.0,37.0,0.0,0.375,-5.0,8.0,0.0,0.06557377049180328,0.14754098360655737,7,14,16.5,5.0,1278,1641,625,0.0,0.0,20.0,6.0,37.6,1.1,0.25,0.0,0.0,30.0,7.0,37.4,1.4,0.6923076923076923,-1.8,0.2
449,202507040309,10,3,2,29,3,1,0,22,1,0,0,0,0,0,0,2,1,0,0,6,0,0,0,0,0,0,0,0,0,0,0,0,0,0,0,0,0.0,0.0,20.0,8.0,37.1,1.1,0.06666666666666667,0.0,0.0,30.0,7.0,38.7,0.6,0.06666666666666667,0.0,0.0,60.0,2.0,34.2,0.1,0.125,-3.0,4.0,0.0,0.024096385542168676,0.14457831325301204,7,13,2.8,1.0,32,79,664,0.0,0.0,30.0,8.0,36.4,1.2,0.08333333333333333,0.0,0.0,20.0,1.0,36.3,0.0,0.1,-1.3,0.4
450,202507040309,0,0,1,23,4,4,2,18,0,0,0,0,0,0,0,13,0,1,0,1,0,0,0,0,0,0,0,1,0,0,0,0,0,0,0,0,0.0,0.0,30.0,2.0,36.7,0.2,0.14285714285714285,0.0,0.0,20.0,14.0,35.7,3.5,1.0,0.0,0.0,120.0,11.0,39.4,1.5,0.13333333333333333,4.5,6.0,0.0,0.06896551724137931,0.1724137931034483,6,12,3.8,2.0,1310,568,1618,0.0,0.0,10.0,1.0,37.4,0.0,0.06666666666666667,0.0,0.0,30.0,2.0,36.9,0.0,0.0625,-1.3,0.6
451,202507040309,27,19,19,153,20,12,12,149,2,0,1,4,8,7,2,30,3,2,3,40,1,0,0,3,3,2,0,3,0,1,1,10,0,0,0,1,0.0,0.0,60.0,1.0,37.4,0.0,0.4375,0.0,0.0,70.0,4.0,37.3,0.3,0.7857142857142857,0.0,0.0,10.0,1.0,38.0,0.0,0.1875,0.0,0.0,-200.0,0.06593406593406594,0.16483516483516483,2,3,5.5,3.0,1467,1221,336,0.0,0.0,10.0,2.0,37.0,0.0,0.0625,0.0,0.0,40.0,2.0,36.6,0.2,0.5,0.0,0.8
452,202507040309,5,7,3,84,0,0,0,2,0,0,0,0,3,2,0,30,0,0,0,0,0,0,0,0,0,0,0,9,0,0,0,0,0,0,0,0,0.0,0.0,120.0,4.0,37.2,0.9,0.21428571428571427,0.0,0.0,70.0,7.0,37.2,0.6,0.1875,0.0,0.0,140.0,10.0,37.1,0.8,0.0625,3.0,0.0,0.0,0.0625,0.125,2,4,47.3,11.0,1095,1583,1221,0.0,0.0,100.0,11.0,38.1,1.9,0.125,0.0,0.0,10.0,1.0,36.6,0.0,0.16666666666666666,-0.2,0.2
453,202507040309,22,24,19,197,25,24,24,231,2,0,1,10,8,8,3,63,3,3,4,50,1,0,0,5,1,0,1,10,0,1,1,5,0,0,0,1,0.0,0.0,70.0,9.0,38.0,0.7,0.4,0.0,0.0,120.0,5.0,36.0,0.4,0.3125,0.0,0.0,50.0,7.0,37.6,0.6,0.625,-1.0,-4.0,0.0,0.06896551724137931,0.1724137931034483,5,9,23.1,8.0,1172,1558,1556,0.0,0.0,50.0,8.0,39.0,2.6,0.4166666666666667,0.0,0.0,20.0,9.0,37.1,0.8,0.4666666666666667,0.3,0.0
454,202507040309,38,22,32,235,11,7,13,174,2,1,1,6,13,5,8,59,5,3,1,31,1,1,0,0,2,0,1,13,0,0,0,3,0,0,0,0,0.0,0.0,80.0,6.0,36.8,0.6,0.5625,0.0,0.0,150.0,7.0,36.9,1.9,0.125,0.0,0.0,100.0,12.0,37.2,1.1,0.75,3.0,-18.0,50.0,0.038461538461538464,0.08974358974358974,3,6,39.3,10.0,1716,1405,1167,0.0,0.0,70.0,6.0,37.3,0.6,0.75,0.0,0.0,80.0,3.0,36.5,0.4,0.6875,-0.7,0.2
455,202507040309,4,10,8,59,0,1,1,3,0,1,1,1,2,5,6,18,0,1,1,1,0,1,1,1,0,2,1,3,0,1,0,1,0,1,0,1,0.0,0.0,110.0,4.0,38.0,0.3,0.125,0.0,0.0,90.0,14.0,39.0,2.0,0.375,0.0,0.0,70.0,14.0,38.0,1.6,0.0625,5.0,0.0,50.0,0.08888888888888889,0.15555555555555556,4,8,39.3,9.0,1148,1435,1393,0.0,0.0,30.0,12.0,38.3,2.0,0.125,0.0,0.0,30.0,2.0,37.0,0.4,0.09090909090909091,-0.6,0.2
456,202507040309,1,0,1,23,1,1,1,14,0,0,1,1,0,0,1,10,0,0,1,4,0,0,1,1,0,0,0,0,0,0,0,0,0,0,0,0,0.0,0.0,70.0,6.0,36.3,1.9,0.375,0.0,0.0,60.0,9.0,36.4,0.7,0.875,0.0,0.0,30.0,1.0,36.5,0.0,0.125,-2.5,6.0,0.0,0.06329113924050633,0.17721518987341772,8,15,17.9,6.0,1540,1414,1036,0.0,0.0,30.0,6.0,35.7,0.9,0.8571428571428571,0.0,0.0,60.0,4.0,35.9,0.2,0.1875,-0.7,0.2
457,202507040309,0,2,3,39,11,7,13,174,0,0,0,3,0,1,1,23,5,3,1,31,0,0,0,2,0,0,0,3,0,0,0,3,0,0,0,1,0.0,0.0,130.0,10.0,36.6,2.2,0.5,0.0,0.0,100.0,9.0,37.2,1.0,0.5625,0.0,0.0,10.0,4.0,34.9,0.6,0.7857142857142857,-3.0,4.0,0.0,0.075,0.125,3,5,220.9,12.0,1534,1405,1235,0.0,0.0,80.0,2.0,34.7,0.7,0.5714285714285714,0.0,0.0,90.0,6.0,39.0,1.7,0.5555555555555556,-1.4999999999999998,0.2
458,202507040309,0,1,2,11,7,3,2,33,0,0,0,1,0,0,0,3,4,2,0,4,0,0,0,1,0,0,0,1,2,0,0,1,0,0,0,1,0.0,0.0,150.0,11.0,37.4,1.3,0.25,0.0,0.0,140.0,10.0,36.4,0.9,0.5,0.0,0.0,100.0,9.0,37.6,1.2,0.4375,-1.0,4.0,0.0,0.06060606060606061,0.15151515151515152,5,10,328.8,15.0,1564,1208,334,0.0,0.0,100.0,10.0,37.3,1.2,0.25,0.0,0.0,120.0,14.0,36.3,1.6,0.8125,0.6,0.0
459,202507040309,8,7,7,102,1,1,1,17,0,0,1,1,3,2,4,17,0,0,1,9,0,0,1,1,0,1,1,2,0,0,1,4,0,0,1,1,0.0,0.0,80.0,5.0,35.9,0.9,1.0,0.0,0.0,90.0,15.0,38.5,4.8,0.6875,0.0,0.0,80.0,9.0,35.2,0.7,0.875,2.0,-2.0,0.0,0.061224489795918366,0.2653061224489796,6,11,22.4,7.0,1677,1278,1167,0.0,0.0,60.0,4.0,35.4,0.2,0.9375,0.0,0.0,30.0,3.0,35.7,0.4,0.8571428571428571,-1.5,0.2
460,202507040309,0,0,1,2,0,1,2,18,0,0,1,0,0,0,0,1,0,0,0,3,0,0,0,0,0,0,0,0,0,0,0,0,0,0,0,0,0.0,0.0,40.0,3.0,37.0,0.4,0.07142857142857142,0.0,0.0,70.0,3.0,34.7,0.2,0.9285714285714286,0.0,0.0,40.0,6.0,36.0,0.5,0.3125,1.5,0.0,0.0,0.11842105263157894,0.25,4,7,6.1,4.0,79,1332,1,0.0,0.0,70.0,14.0,37.7,2.9,0.9285714285714286,0.0,0.0,30.0,5.0,37.6,0.4,0.3125,1.5000000000000002,0.4
461,202507040309,12,25,18,150,4,13,8,86,0,0,0,1,1,1,2,15,1,4,2,31,0,0,0,1,0,0,0,1,0,1,0,3,0,0,0,0,0.0,0.0,140.0,14.0,36.7,1.8,0.75,0.0,0.0,70.0,11.0,39.6,2.3,0.5454545454545454,0.0,0.0,90.0,14.0,36.5,1.6,0.5,0.0,0.0,0.0,0.05,0.15,1,2,284.2,14.0,1304,1036,1503,0.0,0.0,70.0,1.0,36.6,0.0,0.07142857142857142,0.0,0.0,50.0,16.0,49.9,12.3,0.1875,-0.6,0.2
462,202507040309,0,0,0,5,10,10,7,118,0,0,0,0,0,0,0,2,3,0,0,26,0,0,0,0,0,0,0,0,0,0,0,4,0,0,0,0,0.0,0.0,140.0,12.0,35.5,1.9,0.7142857142857143,0.0,0.0,120.0,12.0,34.8,1.6,0.5,0.0,0.0,50.0,9.0,34.9,1.9,0.2222222222222222,-1.5,6.0,-200.0,0.014492753623188406,0.21739130434782608,1,1,332.1,16.0,1591,1366,464,,,,,,,,,,,,,,,-1.5,0.0
463,202507040309,17,11,10,154,0,0,0,0,0,0,0,0,2,2,2,40,0,0,0,0,0,0,0,0,1,0,0,5,0,0,0,0,0,0,0,0,0.0,0.0,130.0,16.0,37.6,2.7,0.75,0.0,0.0,120.0,11.0,34.1,1.0,0.9285714285714286,0.0,0.0,80.0,9.0,34.0,0.9,0.6666666666666666,-3.5,4.0,0.0,0.078125,0.21875,8,16,265.0,13.0,1393,708,1263,0.0,0.0,40.0,6.0,34.4,0.2,0.1875,0.0,0.0,70.0,10.0,34.4,1.0,1.0,-1.7,0.0
464,202507040412,15,16,19,150,15,9,6,130,0,0,0,1,1,2,3,28,3,2,0,38,0,0,0,1,0,2,2,10,1,2,0,20,0,0,0,0,0.0,0.0,30.0,16.0,47.0,11.9,0.5625,0.0,0.0,100.0,9.0,38.8,2.3,0.2727272727272727,0.0,0.0,90.0,7.0,39.0,1.3,0.0625,-4.5,-6.0,-200.0,0.10655737704918032,0.30327868852459017,2,2,5.5,4.0,1586,1393,1167,0.0,0.0,60.0,1.0,39.0,0.0,0.15384615384615385,0.0,0.0,60.0,10.0,39.5,3.1,0.4375,-2.0,0.2
465,202507040412,38,22,32,235,0,0,0,0,0,0,0,0,13,5,8,59,0,0,0,0,0,0,0,0,7,2,2,22,0,0,0,0,0,0,0,0,0.0,0.0,20.0,12.0,38.7,1.6,0.375,0.0,0.0,30.0,3.0,37.4,0.3,0.25,0.0,0.0,20.0,7.0,35.7,0.9,0.8571428571428571,-2.5,-2.0,0.0,0.06666666666666667,0.16666666666666666,4,5,5.0,3.0,1716,1425,1167,,,,,,,,,,,,,,,-2.5,0.3333333333333333
466,202507040412,0,0,0,2,0,0,0,0,0,0,0,0,0,0,0,0,0,0,0,0,0,0,0,0,0,0,0,0,0,0,0,0,0,0,0,0,0.0,0.0,80.0,5.0,36.0,1.6,0.8125,0.0,0.0,30.0,6.0,38.2,0.5,0.375,0.0,0.0,10.0,4.0,38.5,0.8,0.06666666666666667,-0.5,6.0,0.0,0.11688311688311688,0.24675324675324675,8,14,3.2,2.0,1185,876,1317,0.0,0.0,30.0,2.0,37.4,0.4,0.25,0.0,0.0,60.0,6.0,37.2,1.0,0.4,-0.2,0.2
467,202507040412,0,2,0,5,2,0,3,32,0,0,0,1,0,0,0,0,0,0,1,3,0,0,0,0,0,0,0,0,0,0,1,1,0,0,0,0,0.0,0.0,20.0,1.0,36.1,0.0,0.07142857142857142,0.0,0.0,10.0,9.0,38.3,0.7,0.0625,0.0,0.0,60.0,2.0,38.5,0.0,0.0625,0.5,-4.0,200.0,0.023809523809523808,0.15476190476190477,4,6,2.6,1.0,158,548,152,0.0,0.0,90.0,3.0,39.2,1.0,0.1875,0.0,0.0,100.0,12.0,40.5,2.7,0.125,1.6,0.6
468,202507040412,15,16,19,150,2,3,1,27,0,0,0,0,1,2,3,28,0,0,0,4,0,0,0,0,0,2,2,10,0,0,0,1,0,0,0,0,0.0,0.0,110.0,12.0,38.5,1.6,0.7333333333333333,0.0,0.0,130.0,7.0,37.8,0.8,0.5,0.0,0.0,80.0,11.0,34.7,0.8,0.8333333333333334,-0.5,-6.0,-200.0,0.07692307692307693,0.2153846153846154,1,1,49.7,8.0,1586,1613,1167,0.0,0.0,20.0,3.0,37.9,0.2,0.375,0.0,0.0,10.0,2.0,38.0,0.1,0.5,-2.4,0.4
469,202507040412,27,19,19,153,12,13,9,129,1,0,0,10,8,7,2,30,3,1,5,34,0,0,0,0,5,3,1,9,2,0,2,14,0,0,0,0,0.0,0.0,100.0,6.0,37.7,1.6,0.6153846153846154,0.0,0.0,60.0,6.0,36.2,1.3,0.4166666666666667,0.0,0.0,70.0,13.0,41.5,2.7,0.5,3.5,-4.0,0.0,0.14285714285714285,0.42857142857142855,3,3,77.7,10.0,1467,1503,336,0.0,0.0,40.0,7.0,40.7,2.4,0.375,0.0,0.0,90.0,3.0,38.1,0.6,0.375,-0.5,0.2
470,202507040412,15,16,19,150,10,14,14,142,0,0,1,2,1,2,3,28,1,6,3,29,0,0,1,1,0,2,2,10,0,4,1,12,0,0,1,1,0.0,0.0,120.0,9.0,39.1,0.8,0.06666666666666667,0.0,0.0,100.0,10.0,37.4,0.7,0.6666666666666666,0.0,0.0,70.0,6.0,37.3,1.4,0.5833333333333334,-1.5,0.0,0.0,0.021739130434782608,0.10869565217391304,8,13,21.8,5.0,1586,1482,1167,0.0,0.0,60.0,4.0,37.4,0.8,0.4375,0.0,0.0,100.0,5.0,36.3,0.4,0.625,-1.4,0.0
471,202507040412,4,10,8,59,25,11,20,184,0,0,0,1,2,5,6,18,9,2,3,33,0,0,0,0,2,1,4,10,5,1,0,9,0,0,0,0,0.0,0.0,110.0,12.0,39.4,2.4,0.25,0.0,0.0,140.0,10.0,34.4,1.3,0.5294117647058824,0.0,0.0,90.0,9.0,36.2,0.8,0.1111111111111111,-1.5,30.0,-200.0,0.07317073170731707,0.12195121951219512,6,9,27.7,6.0,1148,1559,1393,0.0,0.0,80.0,9.0,39.1,1.6,0.375,0.0,0.0,50.0,4.0,38.9,0.3,0.125,-1.7,0.0
472,202507040412,1,2,4,29,2,2,1,8,0,0,0,1,1,1,1,8,2,0,0,5,0,0,0,1,1,0,0,1,1,0,0,1,0,0,0,1,0.0,0.0,110.0,11.0,37.5,1.6,0.7333333333333333,0.0,0.0,120.0,6.0,36.4,1.3,0.75,0.0,0.0,,,,,,-5.0,8.0,0.0,0.0379746835443038,0.08860759493670886,6,10,86.8,11.0,1432,580,1428,0.0,0.0,70.0,6.0,37.0,0.8,0.5625,0.0,0.0,130.0,10.0,36.0,1.5,0.9285714285714286,-0.3,0.0
473,202507040412,12,25,18,150,5,3,5,36,0,0,1,1,1,1,2,15,0,0,1,6,0,0,1,0,0,0,0,9,0,0,0,4,0,0,0,0,0.0,0.0,30.0,6.0,37.5,1.2,0.3125,0.0,0.0,10.0,3.0,37.7,0.8,0.13333333333333333,0.0,0.0,60.0,2.0,37.8,0.1,0.06666666666666667,-2.0,2.0,0.0,0.05128205128205128,0.15384615384615385,3,4,31.6,7.0,1304,1713,1503,0.0,0.0,40.0,5.0,35.2,0.9,0.6428571428571429,0.0,0.0,50.0,2.0,38.7,1.3,0.125,-0.6,0.6
474,202507040412,0,0,0,10,1,1,0,11,0,0,0,2,0,0,0,5,0,0,0,2,0,0,0,1,0,0,0,2,0,0,0,2,0,0,0,1,0.0,0.0,120.0,12.0,37.3,2.6,0.8333333333333334,0.0,0.0,140.0,14.0,39.3,4.5,1.0,0.0,0.0,160.0,15.0,38.2,2.7,1.0,1.5,-2.0,200.0,0.06666666666666667,0.1,5,8,234.7,13.0,1060,1339,1186,0.0,0.0,160.0,16.0,38.4,4.2,0.8125,0.0,0.0,150.0,16.0,38.4,3.8,0.8125,1.0,0.0
475,202507040412,3,2,3,45,1,4,5,21,0,0,0,3,0,0,0,3,0,1,0,7,0,0,0,1,0,0,0,1,0,0,0,0,0,0,0,0,0.0,0.0,160.0,17.0,36.6,1.6,0.5,0.0,0.0,120.0,14.0,37.8,2.8,0.25,0.0,0.0,110.0,9.0,35.9,1.0,0.09090909090909091,-4.0,-2.0,0.0,0.0625,0.175,5,7,55.0,9.0,1434,882,969,0.0,0.0,60.0,10.0,36.1,1.7,0.2727272727272727,0.0,0.0,90.0,10.0,36.8,2.0,0.4375,-1.8,0.0
476,202507040412,10,15,8,117,3,3,2,24,0,0,0,1,2,4,3,32,0,0,0,5,0,0,0,1,2,3,1,8,0,0,0,1,0,0,0,0,0.0,0.0,120.0,,,,,0.0,0.0,150.0,9.0,35.6,1.0,0.625,0.0,0.0,120.0,12.0,33.9,1.3,0.8333333333333334,3.0,6.0,0.0,,,7,12,152.6,12.0,1020,1506,1576,0.0,0.0,110.0,11.0,35.5,1.0,0.21428571428571427,0.0,0.0,110.0,13.0,35.5,1.3,0.125,1.1,0.0
477,202507040412,0,0,0,4,0,0,0,0,0,0,0,0,0,0,0,1,0,0,0,0,0,0,0,0,0,0,0,0,0,0,0,0,0,0,0,0,0.0,0.0,10.0,3.0,36.6,0.3,0.5625,0.0,0.0,20.0,1.0,36.0,0.0,0.0625,0.0,0.0,80.0,10.0,40.1,2.1,0.3125,3.5,-4.0,0.0,,,7,11,,,684,159,429,,,,,,,,,,,,,,,3.5,0.6666666666666666
478,202507050102,12,11,4,98,20,23,26,240,0,0,1,4,3,2,1,26,6,5,7,56,0,0,0,1,1,0,0,13,1,3,3,20,0,0,0,0,0.0,0.0,12.0,9.0,36.7,1.2,0.4375,0.0,0.0,100.0,14.0,35.8,1.2,0.7058823529411765,0.0,0.0,120.0,13.0,35.6,1.0,0.15384615384615385,2.0,18.0,0.0,0.04878048780487805,0.14634146341463414,5,6,12.6,5.0,1657,1428,1317,0.0,0.0,70.0,12.0,35.9,1.1,0.6875,0.0,0.0,70.0,5.0,34.3,0.4,1.0,-1.0,0.0
479,202507050102,3,3,5,32,7,15,11,139,0,0,0,2,1,1,2,10,2,8,5,39,0,0,0,0,1,1,0,5,1,3,3,13,0,0,0,0,0.0,0.0,6.0,6.0,36.2,0.8,0.4375,0.0,0.0,30.0,7.0,35.9,1.8,0.625,0.0,0.0,20.0,5.0,37.0,0.6,0.5625,-0.5,0.0,-200.0,0.0,0.0,2,2,3.8,1.0,1289,1235,1428,0.0,0.0,60.0,2.0,35.5,0.1,0.8125,0.0,0.0,60.0,5.0,35.9,0.5,0.8125,-0.7,0.2
480,202507050102,3,1,1,38,40,32,33,338,0,0,0,1,2,0,0,8,8,5,7,63,0,0,0,1,0,0,0,3,3,3,3,32,0,0,0,1,0.0,0.0,4.0,3.0,35.4,0.2,0.46875,0.0,0.0,70.0,3.0,35.2,1.0,1.0,0.0,0.0,80.0,9.0,35.3,1.5,0.9333333333333333,3.0,8.0,50.0,0.08695652173913043,0.17391304347826086,4,4,3.9,2.0,1509,1167,1110,0.0,0.0,50.0,5.0,35.9,0.6,1.0,0.0,0.0,70.0,10.0,36.3,1.2,0.9375,1.6,0.4
481,202507050102,16,14,16,207,1,4,4,32,0,0,0,0,1,1,1,29,0,1,1,7,0,0,0,0,0,1,1,13,0,0,1,3,0,0,0,0,0.0,0.0,4.0,8.0,37.5,1.0,0.25,0.0,0.0,30.0,9.0,36.9,1.1,0.5,0.0,0.0,10.0,2.0,35.0,0.1,0.3333333333333333,-3.0,10.0,50.0,0.017543859649122806,0.17543859649122806,8,13,5.6,4.0,1605,1430,1,0.0,0.0,20.0,3.0,35.0,0.3,0.25,0.0,0.0,80.0,10.0,32.4,0.9,0.9333333333333333,-0.2,0.4
482,202507050102,1,0,0,9,9,15,9,96,0,0,0,0,0,0,0,1,0,1,0,21,0,0,0,0,0,0,0,0,0,0,0,7,0,0,0,0,0.0,0.0,90.0,6.0,35.4,0.6,0.3333333333333333,0.0,0.0,70.0,4.0,36.0,0.2,0.3333333333333333,0.0,0.0,40.0,13.0,39.1,2.3,0.25,3.5,-6.0,200.0,0.041666666666666664,0.041666666666666664,4,5,20.3,8.0,1689,1110,1294,0.0,0.0,110.0,6.0,36.9,1.8,1.0,,,,,,,,0.9,0.0
483,202507050102,0,1,2,11,18,14,17,156,0,0,0,0,0,0,0,3,2,4,6,36,0,0,0,0,0,0,0,0,1,1,3,11,0,0,0,0,0.0,0.0,9.0,11.0,35.3,1.1,0.14285714285714285,0.0,0.0,120.0,13.0,36.2,1.0,0.0625,0.0,0.0,10.0,7.0,40.7,2.2,0.5,-2.0,0.0,-800.0,0.125,0.375,5,7,18.1,7.0,1564,1618,334,0.0,0.0,30.0,3.0,38.9,0.7,0.16666666666666666,0.0,0.0,10.0,4.0,38.9,2.0,0.4166666666666667,-2.4,0.2
484,202507050102,7,4,3,34,4,5,1,24,0,0,0,0,1,0,0,8,0,0,0,2,0,0,0,0,0,0,0,1,0,0,0,0,0,0,0,0,0.0,0.0,10.0,9.0,37.4,2.0,0.4375,0.0,0.0,90.0,12.0,37.3,1.3,0.3125,0.0,0.0,40.0,2.0,36.7,0.1,0.125,-3.5,10.0,-200.0,0.0,0.0,8,12,27.9,10.0,1676,1728,1428,0.0,0.0,40.0,6.0,36.9,1.3,0.5625,0.0,0.0,20.0,4.0,37.1,0.1,0.25,-1.6,0.2
485,202507050102,9,8,5,102,40,32,33,338,0,2,1,3,7,6,5,66,8,5,7,63,0,2,1,2,2,4,3,22,3,3,3,32,0,2,1,2,0.0,0.0,9.0,8.0,38.7,1.9,0.07692307692307693,0.0,0.0,14.0,14.0,38.4,1.2,0.75,0.0,0.0,90.0,6.0,37.9,0.6,0.3333333333333333,-1.0,-2.0,0.0,0.08,0.12,1,1,21.8,9.0,1228,1167,1108,0.0,0.0,80.0,7.0,35.9,1.5,0.6666666666666666,0.0,0.0,140.0,15.0,36.1,1.2,0.5294117647058824,0.7,0.0
486,202507050102,6,9,5,54,1,1,4,4,0,0,0,0,0,2,3,9,0,1,2,1,0,0,0,0,0,0,0,4,0,0,0,0,0,0,0,0,0.0,0.0,140.0,14.0,38.9,1.6,0.0625,0.0,0.0,60.0,9.0,37.9,2.0,0.2,0.0,0.0,140.0,14.0,39.1,3.9,0.1875,0.0,-12.0,-200.0,0.06521739130434782,0.16304347826086957,7,10,4.7,3.0,1243,617,1428,0.0,0.0,100.0,12.0,36.8,1.3,0.0625,0.0,0.0,60.0,16.0,38.7,4.3,0.9375,0.7,0.0
487,202507050102,3,3,6,29,18,16,30,221,0,0,1,3,2,2,2,7,4,3,7,39,0,0,0,0,0,0,1,2,0,0,3,19,0,0,0,0,0.0,0.0,10.0,8.0,37.5,0.8,0.15625,0.0,0.0,60.0,4.0,37.1,0.7,0.38461538461538464,0.0,0.0,60.0,13.0,37.7,2.4,0.375,2.5,2.0,50.0,0.02040816326530612,0.12244897959183673,7,11,12.7,6.0,1319,1294,334,0.0,0.0,10.0,1.0,37.8,0.0,0.06666666666666667,0.0,0.0,10.0,2.0,38.1,0.1,0.375,-1.5,0.4
488,202507050102,3,2,3,45,12,7,9,129,0,0,0,0,0,0,0,3,2,2,3,37,0,0,0,0,0,0,0,1,1,1,2,20,0,0,0,0,0.0,0.0,13.0,14.0,37.7,2.9,0.9375,0.0,0.0,80.0,13.0,37.4,1.9,0.8666666666666667,0.0,0.0,80.0,9.0,36.7,1.4,1.0,-2.5,14.0,-200.0,0.07462686567164178,0.208955223880597,6,9,289.9,11.0,1434,1362,969,0.0,0.0,100.0,8.0,34.0,1.1,0.7857142857142857,0.0,0.0,70.0,9.0,34.2,1.2,0.6875,-1.5,0.0
489,202507050102,3,2,3,45,18,16,30,221,0,0,0,3,0,0,0,3,4,3,7,39,0,0,0,0,0,0,0,1,0,0,3,19,0,0,0,0,0.0,0.0,16.0,15.0,37.2,3.0,1.0,0.0,0.0,15.0,14.0,35.4,3.2,1.0,0.0,0.0,120.0,10.0,38.8,1.7,0.9166666666666666,-2.5,-2.0,-200.0,,,6,8,560.7,13.0,1434,1294,969,0.0,0.0,100.0,7.0,38.2,1.2,0.6428571428571429,0.0,0.0,110.0,7.0,39.3,2.0,0.8125,-2.3,0.0
490,202507050102,0,0,0,0,27,20,21,216,0,0,0,0,0,0,0,0,7,5,2,55,0,0,0,0,0,0,0,0,2,4,2,25,0,0,0,0,0.0,0.0,140.0,14.0,37.4,4.3,1.0,,,,,,,,,,,,,,,,,0.0,0.0,0.3125,3,3,543.3,12.0,1375,1556,1620,,,,,,,,,,,,,,,,0.0
491,202507050110,0,1,3,13,2,3,5,35,0,0,0,0,0,1,1,2,1,0,1,11,0,0,0,0,0,0,0,0,0,0,0,1,0,0,0,0,0.0,0.0,10.0,1.0,35.4,0.0,0.0625,0.0,0.0,10.0,2.0,36.5,1.0,0.25,0.0,0.0,10.0,1.0,36.6,0.0,0.06666666666666667,0.0,-2.0,0.0,0.0,0.10416666666666667,4,4,1.3,1.0,1261,1507,387,0.0,0.0,30.0,2.0,37.5,0.3,0.26666666666666666,0.0,0.0,110.0,4.0,37.7,0.5,0.5,0.6,0.8
492,202507050110,27,19,19,153,20,12,12,149,2,0,1,4,8,7,2,30,3,2,3,40,1,0,0,3,3,2,0,3,0,1,1,10,0,0,0,1,0.0,0.0,7.0,3.0,36.4,0.5,0.875,0.0,0.0,4.0,2.0,36.0,0.4,0.6666666666666666,0.0,0.0,90.0,6.0,36.3,1.0,0.6875,1.5,-2.0,-200.0,0.12,0.24,8,12,13.7,3.0,1467,1221,336,0.0,0.0,80.0,5.0,35.9,1.5,0.7333333333333333,0.0,0.0,90.0,2.0,38.6,0.2,1.0,0.1,0.6
493,202507050110,0,2,3,39,0,0,0,0,0,0,0,0,0,1,1,23,0,0,0,0,0,0,0,0,0,0,0,3,0,0,0,0,0,0,0,0,0.0,0.0,1.0,2.0,35.9,0.0,0.2,0.0,0.0,10.0,2.0,37.1,0.1,0.125,0.0,0.0,10.0,2.0,36.6,0.0,0.25,0.0,0.0,0.0,0.05263157894736842,0.05263157894736842,8,13,5.4,2.0,1534,879,1235,0.0,0.0,50.0,2.0,36.6,0.7,0.13333333333333333,0.0,0.0,50.0,3.0,36.9,0.1,0.0625,0.2,1.0
494,202507050110,2,1,2,8,3,1,0,22,1,0,0,1,1,0,0,2,1,0,0,6,1,0,0,1,0,0,0,1,0,0,0,0,0,0,0,0,0.0,0.0,20.0,7.0,37.9,0.9,0.0625,0.0,0.0,50.0,3.0,37.5,0.1,0.25,0.0,0.0,40.0,8.0,37.8,0.7,0.13333333333333333,0.5,0.0,0.0,0.030303030303030304,0.12121212121212122,2,2,23.6,6.0,445,79,760,0.0,0.0,10.0,1.0,36.9,0.0,0.07692307692307693,0.0,0.0,20.0,13.0,38.7,1.6,0.06666666666666667,1.0,0.4
495,202507050110,12,11,4,98,1,0,0,4,1,0,0,0,3,2,1,26,1,0,0,1,1,0,0,0,0,0,0,2,0,0,0,0,0,0,0,0,0.0,0.0,2.0,7.0,36.8,0.5,0.25,0.0,0.0,30.0,11.0,34.2,1.0,0.23076923076923078,0.0,0.0,20.0,6.0,37.1,1.2,0.6428571428571429,-0.5,2.0,0.0,0.12903225806451613,0.3870967741935484,7,11,16.6,4.0,1657,1312,1317,0.0,0.0,10.0,2.0,35.6,0.8,0.1875,0.0,0.0,30.0,2.0,35.6,0.5,0.15384615384615385,-1.9,0.4
496,202507050110,6,9,5,54,6,10,9,77,0,0,0,3,0,2,3,9,2,5,1,20,0,0,0,1,0,0,1,0,1,1,0,2,0,0,0,0,0.0,0.0,7.0,2.0,37.0,0.1,0.3125,0.0,0.0,10.0,1.0,35.7,0.0,0.08333333333333333,0.0,0.0,20.0,2.0,36.1,0.0,0.08333333333333333,0.0,4.0,50.0,0.08695652173913043,0.15217391304347827,6,9,17.7,5.0,1243,1228,1428,0.0,0.0,40.0,4.0,35.4,0.1,0.4166666666666667,0.0,0.0,70.0,2.0,35.2,0.7,0.25,0.3,0.8
497,202507050110,4,2,1,48,0,0,0,1,0,0,0,0,2,0,0,20,0,0,0,0,0,0,0,0,0,0,0,1,0,0,0,0,0,0,0,0,0.0,0.0,14.0,13.0,37.1,1.5,0.3125,0.0,0.0,100.0,6.0,35.5,0.7,0.6923076923076923,0.0,0.0,100.0,7.0,36.7,1.2,0.5625,-3.0,4.0,-200.0,0.0,0.0,7,10,194.9,11.0,1064,1468,1556,0.0,0.0,60.0,5.0,37.0,1.1,0.25,0.0,0.0,90.0,5.0,37.0,0.7,0.4375,-1.7,0.0
498,202507050110,7,2,7,64,2,2,3,17,0,0,0,1,3,1,1,21,0,2,1,5,0,0,0,1,0,0,1,1,0,1,0,0,0,0,0,0,0.0,0.0,10.0,4.0,35.3,0.5,0.5333333333333333,0.0,0.0,90.0,6.0,36.0,1.0,0.7692307692307693,0.0,0.0,50.0,7.0,37.3,1.2,0.2857142857142857,1.5,-10.0,0.0,0.045454545454545456,0.18181818181818182,3,3,62.9,8.0,1674,1520,1428,0.0,0.0,40.0,11.0,36.4,0.9,0.6875,0.0,0.0,10.0,4.0,35.2,0.7,0.5625,0.5,0.0
499,202507050110,22,24,19,197,1,1,0,10,0,1,0,1,8,8,3,63,0,1,0,1,0,1,0,0,1,0,1,10,0,0,0,0,0,0,0,0,0.0,0.0,11.0,7.0,35.7,1.0,0.8125,0.0,0.0,100.0,11.0,37.0,1.6,0.9375,0.0,0.0,100.0,8.0,35.8,0.7,0.875,0.5,14.0,-100.0,0.07575757575757576,0.21212121212121213,1,1,68.2,9.0,1172,377,1556,0.0,0.0,60.0,4.0,35.7,0.3,0.75,0.0,0.0,120.0,6.0,35.7,0.4,0.6875,-0.9,0.0
500,202507050110,7,9,9,76,15,9,6,130,0,0,0,2,0,5,4,29,3,2,0,38,0,0,0,1,0,1,0,0,0,0,0,2,0,0,0,0,0.0,0.0,70.0,3.0,36.4,0.6,0.9333333333333333,0.0,0.0,30.0,1.0,37.1,0.0,0.13333333333333333,0.0,0.0,60.0,4.0,37.3,0.2,0.4666666666666667,0.5,0.0,0.0,0.09090909090909091,0.18181818181818182,4,5,24.6,7.0,1426,1393,306,0.0,0.0,60.0,7.0,36.2,1.0,0.7142857142857143,0.0,0.0,70.0,4.0,37.5,0.1,0.13333333333333333,0.8,0.4
501,202507050110,35,37,29,283,12,13,9,129,0,1,1,7,11,7,6,73,3,1,5,34,0,0,1,0,1,1,3,18,1,0,2,2,0,0,1,0,0.0,0.0,12.0,11.0,35.3,1.5,1.0,0.0,0.0,140.0,10.0,37.4,1.7,0.7142857142857143,0.0,0.0,160.0,14.0,36.5,1.4,0.875,1.5,4.0,0.0,0.017857142857142856,0.17857142857142858,5,6,320.4,12.0,1576,1503,1577,0.0,0.0,160.0,10.0,37.0,0.9,0.5625,0.0,0.0,140.0,11.0,36.7,1.4,0.875,0.0,0.0
502,202507050110,4,7,7,101,25,26,37,308,0,1,2,8,3,1,2,36,5,5,5,57,0,0,1,4,1,0,0,6,0,0,1,7,0,0,0,1,0.0,0.0,13.0,8.0,37.4,1.3,0.75,0.0,0.0,130.0,6.0,37.2,0.6,0.3125,0.0,0.0,150.0,12.0,35.9,1.1,0.8125,2.0,4.0,-200.0,,,5,7,91.2,10.0,1204,1183,1221,0.0,0.0,90.0,8.0,37.9,0.8,0.6875,0.0,0.0,150.0,9.0,36.0,0.7,0.9375,0.4,0.0
503,202507050110,9,7,3,102,0,0,1,2,0,0,0,0,0,0,0,21,0,0,0,0,0,0,0,0,0,0,0,0,0,0,0,0,0,0,0,0,0.0,0.0,16.0,15.0,39.1,3.2,0.3125,0.0,0.0,140.0,9.0,37.6,1.4,0.7333333333333333,0.0,0.0,130.0,12.0,38.0,2.4,0.6153846153846154,-1.5,8.0,-200.0,0.0,0.0,6,8,475.4,13.0,1601,1472,239,0.0,0.0,120.0,10.0,36.6,2.2,0.7333333333333333,0.0,0.0,130.0,16.0,37.3,1.9,0.6875,0.3,0.0
504,202507050207,27,19,19,153,2,2,3,17,0,0,0,0,8,7,2,30,0,2,1,5,0,0,0,0,5,3,1,9,0,1,1,4,0,0,0,0,0.0,0.0,5.0,9.0,39.6,0.9,0.4666666666666667,0.0,0.0,30.0,6.0,38.4,1.0,0.375,0.0,0.0,40.0,5.0,40.2,0.9,0.3125,-2.0,-4.0,-500.0,0.0,0.0,3,4,7.4,5.0,1467,1520,336,0.0,0.0,20.0,4.0,38.7,0.6,0.2,0.0,0.0,80.0,3.0,38.6,0.4,0.21428571428571427,-1.4,0.2
505,202507050207,12,25,18,150,27,20,21,216,1,0,0,0,1,1,2,15,7,5,2,55,0,0,0,0,0,0,0,9,2,4,2,25,0,0,0,0,0.0,0.0,11.0,15.0,39.7,2.4,0.3333333333333333,0.0,0.0,80.0,13.0,39.6,2.2,0.3333333333333333,0.0,0.0,50.0,7.0,38.1,0.7,0.14285714285714285,-4.0,4.0,-200.0,0.07142857142857142,0.16666666666666666,5,8,14.1,6.0,1304,1556,1503,0.0,0.0,60.0,1.0,37.9,0.0,0.125,0.0,0.0,50.0,8.0,34.4,0.9,0.4375,-2.6,0.2
506,202507050207,4,1,4,30,2,0,3,23,0,0,0,1,1,0,1,9,1,0,2,7,0,0,0,1,0,0,1,5,0,0,0,3,0,0,0,1,0.0,0.0,13.0,7.0,36.7,0.7,0.8125,0.0,0.0,150.0,13.0,33.2,0.9,0.6666666666666666,0.0,0.0,140.0,11.0,39.8,2.1,0.2,2.0,-2.0,-200.0,0.0,0.0,6,9,25.1,9.0,1447,1172,1721,0.0,0.0,80.0,13.0,36.7,1.7,0.8666666666666667,0.0,0.0,130.0,14.0,38.6,2.3,0.6666666666666666,1.4,0.0
507,202507050207,11,18,23,142,18,16,30,221,0,0,0,1,1,3,4,15,4,3,7,39,0,0,0,0,1,0,2,8,0,0,3,19,0,0,0,0,0.0,0.0,4.0,9.0,34.6,0.5,0.75,0.0,0.0,40.0,11.0,36.6,1.0,0.14285714285714285,0.0,0.0,80.0,2.0,33.9,0.0,0.6,-3.5,-10.0,0.0,0.1038961038961039,0.36363636363636365,3,3,3.9,1.0,1127,1294,1328,0.0,0.0,30.0,10.0,34.9,0.8,0.6428571428571429,0.0,0.0,80.0,1.0,34.7,0.0,0.21428571428571427,-1.7,0.4
508,202507050207,2,0,2,3,0,0,0,8,0,0,0,0,1,0,0,2,0,0,0,0,0,0,0,0,0,0,0,0,0,0,0,0,0,0,0,0,0.0,0.0,50.0,6.0,37.7,1.2,0.38461538461538464,0.0,0.0,140.0,6.0,37.9,1.2,0.3125,0.0,0.0,20.0,1.0,35.3,0.0,0.14285714285714285,-2.5,0.0,0.0,0.15492957746478872,0.4647887323943662,2,2,6.0,4.0,1652,1009,314,0.0,0.0,40.0,9.0,36.8,1.5,0.1875,0.0,0.0,30.0,5.0,39.3,1.3,0.2,0.1,0.2
509,202507050207,0,3,3,22,2,5,1,19,0,0,0,0,0,0,1,4,0,0,0,2,0,0,0,0,0,0,0,1,0,0,0,0,0,0,0,0,0.0,0.0,5.0,4.0,36.7,0.6,0.6875,0.0,0.0,4.0,8.0,37.9,1.2,0.3333333333333333,0.0,0.0,150.0,6.0,38.5,1.0,0.5625,1.0,-2.0,50.0,0.1794871794871795,0.38461538461538464,5,7,4.5,2.0,1146,1642,512,0.0,0.0,10.0,1.0,38.2,0.0,0.125,0.0,0.0,60.0,4.0,37.2,1.4,0.5,-0.7,0.2
510,202507050207,27,19,19,153,12,7,9,129,1,0,0,16,8,7,2,30,2,2,3,37,0,0,0,6,5,3,1,9,1,1,2,20,0,0,0,2,0.0,0.0,15.0,14.0,38.1,2.1,0.5,0.0,0.0,100.0,10.0,37.3,2.0,0.45454545454545453,0.0,0.0,110.0,8.0,36.2,1.4,0.8333333333333334,-3.0,34.0,50.0,0.06451612903225806,0.0967741935483871,7,11,265.7,13.0,1467,1362,336,0.0,0.0,120.0,10.0,39.0,1.7,0.6923076923076923,0.0,0.0,110.0,10.0,41.0,3.0,0.45454545454545453,-0.8,0.0
511,202507050207,15,16,19,150,9,15,9,96,1,1,0,3,1,2,3,28,0,1,0,21,0,0,0,0,0,2,2,10,0,0,0,7,0,0,0,0,0.0,0.0,3.0,15.0,38.5,1.6,0.3125,0.0,0.0,60.0,8.0,36.9,0.8,0.25,0.0,0.0,80.0,9.0,38.8,1.8,0.0625,-3.0,-14.0,50.0,0.15503875968992248,0.3643410852713178,8,14,5.0,3.0,1586,1110,1167,0.0,0.0,110.0,5.0,36.2,0.6,0.3125,0.0,0.0,80.0,6.0,38.0,0.8,0.2,-2.1,0.0
512,202507050207,27,19,19,153,20,23,26,240,2,5,4,25,8,7,2,30,6,5,7,56,0,2,1,3,5,3,1,9,1,3,3,20,0,2,1,1,0.0,0.0,90.0,10.0,36.6,1.3,0.7333333333333333,0.0,0.0,90.0,5.0,37.5,0.5,0.6875,0.0,0.0,70.0,6.0,38.6,0.6,0.14285714285714285,-2.0,2.0,-200.0,0.06,0.26,7,12,14.8,7.0,1467,1428,336,0.0,0.0,50.0,4.0,39.9,1.4,0.2857142857142857,0.0,0.0,20.0,7.0,39.9,1.3,0.2,-0.7,0.0
513,202507050207,6,6,8,67,27,24,14,272,0,0,0,0,5,2,2,23,5,3,4,71,0,0,0,0,2,1,1,7,3,2,2,40,0,0,0,0,0.0,0.0,16.0,10.0,37.2,1.7,0.625,0.0,0.0,140.0,7.0,37.3,0.7,0.8,0.0,0.0,110.0,14.0,38.5,2.4,0.625,2.0,6.0,-100.0,0.25,0.25,4,5,139.0,11.0,1333,1013,1294,0.0,0.0,100.0,8.0,35.6,1.5,0.5833333333333334,0.0,0.0,150.0,10.0,36.8,2.0,0.875,0.1,0.0
514,202507050207,15,16,19,150,2,3,1,27,0,0,0,0,1,2,3,28,0,0,0,4,0,0,0,0,0,2,2,10,0,0,0,1,0,0,0,0,0.0,0.0,5.0,6.0,37.4,0.2,0.75,0.0,0.0,70.0,8.0,36.7,1.9,0.4375,0.0,0.0,80.0,5.0,37.8,1.1,0.38461538461538464,-0.5,14.0,50.0,0.02,0.12,1,1,15.5,8.0,1586,1613,1167,0.0,0.0,110.0,12.0,38.5,1.6,0.7333333333333333,0.0,0.0,130.0,7.0,37.8,0.8,0.5,0.6,0.0
515,202507050207,0,2,1,5,0,0,1,14,0,0,0,0,0,0,0,1,0,0,0,7,0,0,0,0,0,0,0,1,0,0,0,0,0,0,0,0,0.0,0.0,140.0,14.0,35.6,1.4,0.7058823529411765,0.0,0.0,90.0,8.0,34.9,1.8,0.8888888888888888,0.0,0.0,100.0,7.0,35.3,0.9,0.75,-3.5,2.0,-200.0,0.07352941176470588,0.20588235294117646,6,10,61.7,10.0,1352,1169,1503,0.0,0.0,100.0,11.0,35.0,1.0,0.1875,0.0,0.0,110.0,8.0,35.8,0.6,0.125,-0.9,0.0
516,202507050207,3,1,1,20,0,1,1,3,0,0,0,0,0,0,0,2,0,1,1,1,0,0,0,0,0,0,0,0,0,0,0,1,0,0,0,0,0.0,0.0,12.0,13.0,36.8,2.8,0.9285714285714286,0.0,0.0,90.0,9.0,37.5,2.2,0.5555555555555556,0.0,0.0,150.0,13.0,40.1,3.0,0.8666666666666667,0.0,18.0,0.0,0.0625,0.1875,4,6,218.1,12.0,1537,752,488,0.0,0.0,160.0,15.0,38.8,2.1,0.3333333333333333,0.0,0.0,130.0,11.0,39.0,2.2,1.0,0.2,0.0
517,202507050207,0,0,0,0,0,0,0,6,0,0,0,0,0,0,0,0,0,0,0,3,0,0,0,0,0,0,0,0,0,0,0,1,0,0,0,0,0.0,0.0,14.0,14.0,40.3,6.6,1.0,0.0,0.0,140.0,15.0,40.3,7.8,1.0,,,,,,,,1.0,16.0,0.0,0.0,0.29411764705882354,8,13,347.5,14.0,1375,1236,1620,,,,,,,,,,,,,,,1.0,0.0
518,202507050302,1,3,3,50,1,0,0,6,0,0,0,1,0,2,0,11,0,0,0,1,0,0,0,1,0,2,0,2,0,0,0,1,0,0,0,1,0.0,0.0,70.0,3.0,36.5,0.7,0.23076923076923078,0.0,0.0,110.0,4.0,37.4,0.6,0.6666666666666666,0.0,0.0,140.0,13.0,37.0,1.5,0.625,5.0,-2.0,0.0,0.0,0.09803921568627451,4,7,20.5,8.0,1482,557,1263,0.0,0.0,70.0,14.0,38.7,1.3,0.25,0.0,0.0,70.0,10.0,38.7,1.9,0.3125,2.4,0.2
519,202507050302,27,19,19,153,18,14,17,156,0,0,0,1,8,7,2,30,2,4,6,36,0,0,0,0,5,3,1,9,1,1,3,11,0,0,0,0,0.0,0.0,7.0,4.0,37.0,0.9,0.1875,0.0,0.0,90.0,2.0,36.7,1.4,0.125,0.0,0.0,90.0,15.0,41.2,5.1,0.5625,5.5,0.0,0.0,0.11538461538461539,0.2692307692307692,2,3,3.2,1.0,1467,1618,336,0.0,0.0,70.0,1.0,37.4,0.0,0.25,0.0,0.0,40.0,6.0,38.9,3.4,0.125,0.3,0.4
520,202507050302,27,19,19,153,12,13,21,183,0,0,1,4,8,7,2,30,2,3,2,23,0,0,0,0,5,3,1,9,1,1,0,11,0,0,0,0,0.0,0.0,7.0,5.0,36.6,0.5,0.375,0.0,0.0,11.0,5.0,37.7,0.2,0.375,0.0,0.0,40.0,6.0,38.1,0.7,0.26666666666666666,0.5,-2.0,50.0,,,4,8,21.9,9.0,1467,1345,336,0.0,0.0,60.0,9.0,37.4,1.4,0.125,0.0,0.0,100.0,3.0,37.8,0.6,0.13333333333333333,0.0,0.2
521,202507050302,5,4,3,56,0,0,3,7,0,0,0,0,0,0,0,11,0,0,1,2,0,0,0,0,0,0,0,0,0,0,1,2,0,0,0,0,0.0,0.0,40.0,8.0,38.2,1.5,0.3076923076923077,0.0,0.0,40.0,1.0,37.3,0.0,0.06666666666666667,0.0,0.0,40.0,10.0,38.9,1.0,0.25,1.0,0.0,0.0,0.10256410256410256,0.358974358974359,1,2,30.8,11.0,1600,1127,680,0.0,0.0,30.0,4.0,38.1,0.8,0.25,0.0,0.0,40.0,4.0,40.1,0.3,0.0625,-0.5,0.2
522,202507050302,0,1,3,13,20,23,26,240,0,0,0,1,0,1,1,2,6,5,7,56,0,0,0,0,0,0,1,2,1,3,3,20,0,0,0,0,0.0,0.0,9.0,13.0,37.3,2.2,0.8125,0.0,0.0,30.0,6.0,36.4,1.3,0.6923076923076923,0.0,0.0,30.0,1.0,37.1,0.0,0.25,-6.0,6.0,-100.0,0.0,0.125,7,13,29.1,10.0,1261,1428,387,0.0,0.0,10.0,5.0,37.8,0.5,0.125,0.0,0.0,30.0,3.0,36.2,0.6,0.0625,-2.1,0.4
523,202507050302,1,3,1,17,0,5,5,38,0,0,0,0,0,0,0,1,0,2,1,12,0,0,0,0,0,0,0,0,0,0,1,5,0,0,0,0,0.0,0.0,4.0,4.0,37.6,0.1,0.375,0.0,0.0,8.0,6.0,36.8,0.7,0.16666666666666666,,,,,,,,2.0,-4.0,50.0,0.03333333333333333,0.06666666666666667,5,9,11.3,5.0,1704,1542,1712,,,,,,,,,,,,,,,2.0,0.0
524,202507050302,22,24,19,197,3,4,1,27,1,0,0,2,8,8,3,63,2,3,1,10,1,0,0,2,3,4,1,29,0,1,0,4,0,0,0,2,0.0,0.0,90.0,3.0,36.7,0.3,0.6666666666666666,0.0,0.0,140.0,12.0,36.9,1.5,0.8125,0.0,0.0,60.0,8.0,38.0,1.4,0.3333333333333333,2.5,0.0,0.0,0.021505376344086023,0.10752688172043011,6,12,12.8,6.0,1172,1448,1556,0.0,0.0,70.0,3.0,37.1,1.2,0.6428571428571429,0.0,0.0,100.0,12.0,39.4,1.1,0.0625,0.9,0.4
525,202507050302,35,37,29,283,27,24,14,272,4,6,1,23,11,7,6,73,5,3,4,71,2,1,0,8,5,4,1,34,3,2,2,40,1,1,0,6,0.0,0.0,9.0,12.0,35.8,1.5,0.9375,0.0,0.0,30.0,14.0,38.9,2.2,0.8666666666666667,0.0,0.0,50.0,4.0,36.9,1.1,0.125,-4.0,2.0,0.0,0.05,0.1,7,14,5.6,3.0,1576,1013,1577,0.0,0.0,10.0,6.0,37.4,1.4,0.5714285714285714,0.0,0.0,20.0,7.0,38.4,0.9,0.125,-1.8,0.0
526,202507050302,22,24,19,197,3,2,3,24,0,0,0,0,8,8,3,63,1,1,0,5,0,0,0,0,3,4,1,29,1,0,0,2,0,0,0,0,0.0,0.0,150.0,18.0,34.5,1.5,0.8888888888888888,0.0,0.0,70.0,9.0,35.7,0.4,0.13333333333333333,0.0,0.0,100.0,10.0,36.1,1.2,0.3,-4.0,-4.0,-200.0,0.06451612903225806,0.16129032258064516,2,4,43.7,13.0,1172,1665,1556,0.0,0.0,110.0,13.0,34.0,0.9,0.8571428571428571,0.0,0.0,100.0,1.0,35.1,0.0,0.38461538461538464,-3.0,0.2
527,202507050302,1,0,1,4,0,2,0,6,0,0,0,0,1,0,0,2,0,0,0,0,0,0,0,0,0,0,0,2,0,0,0,0,0,0,0,0,0.0,0.0,80.0,13.0,39.5,2.0,0.1875,0.0,0.0,30.0,11.0,39.0,1.9,0.25,0.0,0.0,20.0,3.0,38.8,0.3,0.3333333333333333,-5.0,6.0,-600.0,0.0,0.125,8,15,19.7,7.0,1523,696,187,0.0,0.0,30.0,2.0,38.3,1.7,0.25,0.0,0.0,30.0,4.0,38.6,0.2,0.25,-2.7,0.4
528,202507050302,2,2,2,24,20,23,26,240,0,0,0,3,0,0,1,5,6,5,7,56,0,0,0,1,0,0,1,3,1,3,3,20,0,0,0,1,0.0,0.0,30.0,3.0,35.4,0.1,0.4166666666666667,0.0,0.0,30.0,2.0,35.0,0.2,0.2222222222222222,0.0,0.0,60.0,2.0,38.0,0.3,0.13333333333333333,-0.5,0.0,200.0,0.03125,0.28125,3,5,5.4,2.0,1381,1428,548,0.0,0.0,60.0,14.0,39.9,1.9,0.0625,0.0,0.0,70.0,9.0,35.9,0.5,0.16666666666666666,2.4,0.6
529,202507050302,22,24,19,197,4,5,4,39,0,0,0,1,8,8,3,63,0,4,0,9,0,0,0,0,3,4,1,29,0,0,0,6,0,0,0,0,0.0,0.0,16.0,13.0,36.6,1.2,0.125,0.0,0.0,150.0,12.0,34.8,0.8,0.3333333333333333,0.0,0.0,140.0,14.0,36.5,1.6,0.6,0.5,8.0,0.0,0.07142857142857142,0.25,3,6,256.7,15.0,1172,324,1556,0.0,0.0,130.0,7.0,37.0,1.2,0.6923076923076923,0.0,0.0,100.0,11.0,37.8,1.9,0.16666666666666666,-0.9,0.0
530,202507050302,1,0,2,3,0,2,3,44,0,0,0,0,1,0,0,0,0,0,1,9,0,0,0,0,0,0,0,0,0,0,0,3,0,0,0,0,0.0,0.0,8.0,9.0,35.4,0.9,0.05555555555555555,0.0,0.0,100.0,5.0,34.1,0.2,0.2222222222222222,0.0,0.0,30.0,11.0,35.3,0.9,0.125,1.0,-2.0,-400.0,0.0,0.0,1,1,6.9,4.0,1049,1186,1428,0.0,0.0,30.0,3.0,34.1,0.2,0.1111111111111111,0.0,0.0,50.0,2.0,34.9,0.0,0.16666666666666666,-1.6,0.4
531,202507050302,4,2,1,48,2,5,1,19,0,0,0,0,2,0,0,20,0,0,0,2,0,0,0,0,1,0,0,6,0,0,0,0,0,0,0,0,0.0,0.0,140.0,12.0,36.7,2.2,0.2777777777777778,0.0,0.0,130.0,13.0,34.2,2.1,0.875,0.0,0.0,140.0,10.0,35.7,1.0,0.6666666666666666,-1.0,2.0,-400.0,0.0196078431372549,0.11764705882352941,5,10,218.2,14.0,1064,1642,1556,,,,,,,,,,,,,,,-1.0,0.0
532,202507050302,5,3,3,20,0,0,2,8,0,0,0,0,1,1,0,5,0,0,1,1,0,0,0,0,0,1,0,4,0,0,0,0,0,0,0,0,0.0,0.0,12.0,15.0,38.7,2.5,0.4375,0.0,0.0,14.0,10.0,35.6,0.6,0.3125,0.0,0.0,160.0,17.0,35.3,1.3,0.3888888888888889,1.0,4.0,0.0,0.1111111111111111,0.2777777777777778,8,16,35.1,12.0,1479,1431,857,0.0,0.0,110.0,9.0,35.0,0.9,0.6923076923076923,0.0,0.0,110.0,12.0,35.9,1.2,0.38461538461538464,-0.7,0.0
533,202507050302,27,19,19,153,2,0,3,32,0,0,0,0,8,7,2,30,0,0,1,3,0,0,0,0,5,3,1,9,0,0,1,1,0,0,0,0,0.0,0.0,70.0,10.0,37.6,1.8,0.6923076923076923,0.0,0.0,40.0,2.0,37.4,0.5,0.13333333333333333,0.0,0.0,90.0,4.0,37.8,0.8,0.2,-3.0,4.0,0.0,0.0,1.0,6,11,287.1,16.0,1467,548,336,0.0,0.0,120.0,3.0,38.3,1.1,0.26666666666666666,0.0,0.0,90.0,15.0,40.5,4.3,0.25,1.0999999999999999,0.4
534,202507050403,0,0,0,1,0,0,0,4,0,0,0,0,0,0,0,0,0,0,0,1,0,0,0,0,0,0,0,0,0,0,0,0,0,0,0,0,0.0,0.0,50.0,1.0,37.0,0.0,0.125,0.0,0.0,20.0,12.0,41.3,3.3,0.07692307692307693,0.0,0.0,10.0,10.0,40.3,4.6,0.75,4.5,26.0,0.0,0.0,0.6666666666666666,1,2,2.6,1.0,491,91,939,,,,,,,,,,,,,,,4.5,0.3333333333333333
535,202507050403,1,2,0,2,0,0,0,0,0,0,0,0,1,1,0,0,0,0,0,0,0,0,0,0,0,0,0,0,0,0,0,0,0,0,0,0,0.0,0.0,50.0,3.0,37.3,0.7,0.3333333333333333,0.0,0.0,40.0,8.0,37.8,1.5,0.46153846153846156,0.0,0.0,70.0,3.0,37.0,0.3,0.4166666666666667,0.0,4.0,0.0,0.030303030303030304,0.2727272727272727,3,6,4.5,2.0,429,1605,377,0.0,0.0,130.0,9.0,37.5,1.3,0.25,0.0,0.0,70.0,7.0,37.2,0.9,0.625,0.9,0.4
536,202507050403,4,2,0,24,4,7,6,68,0,0,0,2,1,1,0,9,2,4,0,15,0,0,0,1,0,1,0,3,2,2,0,3,0,0,0,1,0.0,0.0,20.0,8.0,38.1,0.8,0.0625,0.0,0.0,30.0,3.0,38.1,0.6,0.26666666666666666,0.0,0.0,20.0,9.0,40.2,1.8,0.0625,0.5,-6.0,0.0,0.02631578947368421,0.07894736842105263,7,13,24.0,7.0,1677,1556,1167,0.0,0.0,20.0,3.0,38.7,0.2,0.125,0.0,0.0,40.0,3.0,38.2,0.6,0.125,-1.0,0.6
537,202507050403,1,2,2,28,2,5,2,33,0,0,0,0,0,0,0,4,1,1,1,9,0,0,0,0,0,0,0,1,0,0,0,2,0,0,0,0,0.0,0.0,30.0,5.0,36.8,1.1,0.21428571428571427,0.0,0.0,70.0,12.0,39.1,2.3,0.1875,0.0,0.0,40.0,9.0,37.5,1.2,0.4375,2.0,4.0,0.0,0.03225806451612903,0.06451612903225806,6,12,5.2,3.0,1098,1235,1294,0.0,0.0,50.0,3.0,36.9,0.8,0.6,0.0,0.0,40.0,5.0,37.8,0.9,0.0625,-0.9,0.2
538,202507050403,0,0,0,2,1,3,3,33,0,0,0,0,0,0,0,0,0,0,0,4,0,0,0,0,0,0,0,0,0,0,0,1,0,0,0,0,0.0,0.0,9.0,3.0,35.8,0.3,0.75,0.0,0.0,70.0,8.0,35.4,1.3,0.5,0.0,0.0,60.0,5.0,34.9,0.7,0.4166666666666667,1.0,4.0,50.0,0.047619047619047616,0.09523809523809523,5,9,5.2,4.0,1627,1366,760,0.0,0.0,120.0,10.0,39.7,3.4,0.3333333333333333,0.0,0.0,130.0,10.0,37.3,1.9,0.5,1.6,0.2
539,202507050403,0,0,0,1,0,0,0,1,0,0,0,0,0,0,0,0,0,0,0,0,0,0,0,0,0,0,0,0,0,0,0,0,0,0,0,0,0.0,0.0,8.0,6.0,37.1,0.9,0.0625,0.0,0.0,40.0,7.0,37.1,1.8,0.5384615384615384,0.0,0.0,40.0,6.0,38.9,1.4,0.3333333333333333,0.0,4.0,0.0,0.02127659574468085,0.10638297872340426,6,11,14.9,6.0,1382,301,707,0.0,0.0,60.0,1.0,37.6,0.0,0.0625,0.0,0.0,40.0,3.0,39.0,0.4,0.125,-1.2,0.4
540,202507050403,5,3,4,32,1,0,1,10,0,0,1,0,0,1,1,2,0,0,0,4,0,0,0,0,0,0,0,0,0,0,0,2,0,0,0,0,0.0,0.0,11.0,7.0,36.8,1.7,0.875,0.0,0.0,8.0,11.0,38.4,2.3,0.5,0.0,0.0,5.0,6.0,37.4,0.2,0.75,-0.5,4.0,0.0,0.0625,0.09375,8,16,63.6,11.0,1586,1613,1167,0.0,0.0,70.0,8.0,36.7,1.9,0.4375,0.0,0.0,80.0,5.0,37.8,1.1,0.38461538461538464,-0.7,0.0
541,202507050403,1,1,2,18,1,1,2,11,0,0,0,0,1,0,2,2,1,0,1,1,0,0,0,0,0,0,0,1,1,0,0,1,0,0,0,0,0.0,0.0,11.0,14.0,39.1,1.7,0.3125,0.0,0.0,40.0,4.0,36.0,1.0,0.2857142857142857,0.0,0.0,50.0,4.0,36.0,0.7,0.4166666666666667,-5.0,14.0,50.0,0.0,0.0,3,5,98.2,12.0,1557,1228,1559,0.0,0.0,120.0,6.0,35.0,0.2,0.75,0.0,0.0,110.0,14.0,39.6,2.5,0.06666666666666667,0.2,0.0
542,202507050403,1,2,2,28,0,0,0,0,0,0,0,0,0,0,0,4,0,0,0,0,0,0,0,0,0,0,0,1,0,0,0,0,0,0,0,0,0.0,0.0,110.0,11.0,40.6,2.8,0.35714285714285715,0.0,0.0,110.0,8.0,36.9,1.5,0.8125,0.0,0.0,120.0,8.0,36.8,1.6,0.7142857142857143,-1.5,-26.0,-200.0,0.043478260869565216,0.17391304347826086,2,4,57.3,10.0,1098,1051,1294,0.0,0.0,90.0,9.0,34.9,1.2,0.45454545454545453,0.0,0.0,10.0,1.0,37.2,0.0,0.4375,-1.9,0.2
543,202507050403,0,0,0,0,0,0,0,0,0,0,0,0,0,0,0,0,0,0,0,0,0,0,0,0,0,0,0,0,0,0,0,0,0,0,0,0,0.0,0.0,11.0,8.0,36.3,0.9,0.8333333333333334,0.0,0.0,130.0,6.0,37.1,2.0,0.4375,0.0,0.0,120.0,7.0,37.5,1.1,0.375,-0.5,2.0,0.0,0.06382978723404255,0.1595744680851064,4,8,50.0,8.0,603,136,760,0.0,0.0,100.0,10.0,35.4,0.6,0.16666666666666666,0.0,0.0,70.0,12.0,39.5,1.2,0.125,1.2,0.0
544,202507050403,0,0,0,0,1,3,3,33,0,0,0,0,0,0,0,0,0,0,0,4,0,0,0,0,0,0,0,0,0,0,0,1,0,0,0,0,0.0,0.0,8.0,14.0,38.2,3.0,0.6875,0.0,0.0,140.0,12.0,34.9,1.2,0.625,0.0,0.0,60.0,10.0,38.0,2.4,0.3,-2.0,16.0,-200.0,0.07692307692307693,0.11538461538461539,2,3,214.0,14.0,1075,1366,1328,0.0,0.0,50.0,5.0,35.3,0.4,0.1,0.0,0.0,110.0,12.0,35.9,1.3,0.35714285714285715,-1.1,0.0
545,202507050403,1,2,2,10,0,1,2,30,0,0,0,0,1,0,1,3,0,0,0,12,0,0,0,0,1,0,0,1,0,0,0,7,0,0,0,0,0.0,0.0,16.0,12.0,38.4,2.4,0.1875,0.0,0.0,16.0,13.0,38.0,0.9,0.875,0.0,0.0,180.0,16.0,32.9,1.4,0.6666666666666666,2.0,2.0,0.0,0.0,1.0,5,10,326.4,16.0,1440,1036,1167,0.0,0.0,50.0,11.0,33.8,1.0,0.16666666666666666,0.0,0.0,150.0,7.0,32.9,0.6,0.4444444444444444,-1.2,0.0
546,202507050403,5,3,4,32,1,2,2,19,0,0,0,0,0,1,1,2,1,1,0,1,0,0,0,0,0,0,0,0,1,1,0,0,0,0,0,0,0.0,0.0,3.0,8.0,37.8,1.4,0.35714285714285715,0.0,0.0,3.0,15.0,38.5,1.6,0.3125,0.0,0.0,60.0,8.0,36.9,0.8,0.25,0.0,8.0,0.0,0.06153846153846154,0.12307692307692308,4,7,13.5,5.0,1586,1110,1167,0.0,0.0,80.0,9.0,38.8,1.8,0.0625,0.0,0.0,110.0,5.0,36.2,0.6,0.3125,-1.2,0.0
547,202507050403,1,1,2,7,1,3,3,33,0,0,0,0,0,0,0,0,0,0,0,4,0,0,0,0,0,0,0,0,0,0,0,1,0,0,0,0,0.0,0.0,15.0,14.0,38.5,2.4,0.125,0.0,0.0,12.0,15.0,38.2,2.0,0.34375,0.0,0.0,100.0,3.0,36.7,1.1,0.26666666666666666,-5.5,4.0,-400.0,0.0,0.1111111111111111,1,1,56.5,9.0,1045,1366,969,0.0,0.0,90.0,9.0,35.8,1.5,0.4166666666666667,0.0,0.0,100.0,7.0,38.8,1.4,0.16666666666666666,-2.0,0.2
548,202507050403,1,1,0,3,1,0,0,5,0,0,0,0,0,0,0,0,0,0,0,0,0,0,0,0,0,0,0,0,0,0,0,0,0,0,0,0,0.0,0.0,11.0,14.0,35.5,0.9,0.09375,0.0,0.0,110.0,11.0,40.2,2.6,0.42857142857142855,0.0,0.0,70.0,14.0,38.8,2.7,0.1875,0.0,10.0,0.0,0.1,0.1,8,15,180.6,13.0,1289,527,1428,0.0,0.0,60.0,9.0,34.7,0.9,0.7222222222222222,0.0,0.0,50.0,5.0,35.8,1.1,0.25,-2.0,0.0
549,202507050403,0,2,0,4,0,0,0,0,0,0,0,0,0,0,0,0,0,0,0,0,0,0,0,0,0,0,0,0,0,0,0,0,0,0,0,0,0.0,0.0,170.0,17.0,35.8,2.6,0.8888888888888888,0.0,0.0,150.0,11.0,35.9,1.3,0.625,0.0,0.0,130.0,12.0,41.4,5.1,1.0,-2.5,4.0,-600.0,0.08333333333333333,0.20833333333333334,7,14,257.4,15.0,1434,1098,969,0.0,0.0,120.0,15.0,37.0,2.5,0.6111111111111112,0.0,0.0,90.0,11.0,35.2,1.1,0.6666666666666666,-0.8,0.0
550,202507050501,1,1,0,0,3,1,1,36,0,0,0,0,0,0,0,0,0,0,0,9,0,0,0,0,0,0,0,0,0,0,0,5,0,0,0,0,0.0,0.0,12.0,4.0,37.1,0.5,0.75,0.0,0.0,90.0,8.0,39.0,2.1,0.5,,,,,,,,4.0,4.0,0.0,0.06666666666666667,0.2,5,9,2.6,1.0,1689,1221,1294,,,,,,,,,,,,,,,4.0,0.0
551,202507050501,1,0,1,1,4,4,3,28,0,0,1,0,0,0,0,0,0,2,0,7,0,0,0,0,0,0,0,0,0,0,0,3,0,0,0,0,0.0,0.0,12.0,4.0,38.4,0.8,0.75,0.0,0.0,60.0,8.0,38.8,2.0,0.1875,0.0,0.0,40.0,4.0,37.2,0.5,0.4166666666666667,0.0,22.0,-200.0,0.11,0.24,1,2,10.9,6.0,1479,1503,857,0.0,0.0,50.0,5.0,36.3,1.2,0.3,0.0,0.0,110.0,6.0,35.4,1.5,0.4,0.1,0.0
552,202507050501,0,0,0,0,0,0,0,4,0,0,0,0,0,0,0,0,0,0,0,0,0,0,0,0,0,0,0,0,0,0,0,0,0,0,0,0,0.0,0.0,2.0,14.0,39.7,3.8,0.7333333333333333,0.0,0.0,120.0,10.0,34.1,1.2,0.6470588235294118,,,,,,,,-4.0,-2.0,0.0,0.019230769230769232,0.11538461538461539,8,16,88.3,13.0,1582,1611,239,,,,,,,,,,,,,,,-4.0,0.0
553,202507050501,0,0,0,1,8,7,3,49,0,0,0,0,0,0,0,0,0,1,0,13,0,0,0,0,0,0,0,0,0,0,0,5,0,0,0,0,0.0,0.0,120.0,3.0,38.9,1.8,0.26666666666666666,0.0,0.0,90.0,18.0,36.9,1.4,0.1111111111111111,,,,,,,,15.0,4.0,0.0,0.02564102564102564,0.10256410256410256,1,1,10.4,5.0,1550,1405,32,,,,,,,,,,,,,,,15.0,0.5
554,202507050501,1,0,0,2,0,0,0,3,0,0,0,0,0,0,0,0,0,0,0,3,0,0,0,0,0,0,0,0,0,0,0,2,0,0,0,0,0.0,0.0,17.0,12.0,34.7,1.7,0.9444444444444444,0.0,0.0,11.0,11.0,39.3,2.7,0.7272727272727273,,,,,,,,-1.0,0.0,-200.0,0.0,0.047619047619047616,8,15,73.6,12.0,1540,1716,1036,,,,,,,,,,,,,,,-1.0,0.0
555,202507050501,0,0,0,1,0,0,0,6,0,0,0,0,0,0,0,0,0,0,0,2,0,0,0,0,0,0,0,0,0,0,0,2,0,0,0,0,0.0,0.0,70.0,10.0,39.9,3.1,0.6,0.0,0.0,80.0,6.0,38.5,1.6,0.1875,,,,,,,,-4.0,2.0,0.0,0.07142857142857142,0.11904761904761904,5,10,15.6,8.0,1223,1448,1221,,,,,,,,,,,,,,,-4.0,0.0
556,202507050501,0,0,0,0,2,6,4,26,0,0,0,0,0,0,0,0,1,1,1,8,0,0,0,0,0,0,0,0,1,1,1,4,0,0,0,0,0.0,0.0,11.0,8.0,37.8,1.0,0.4375,0.0,0.0,9.0,12.0,38.0,2.3,0.5625,,,,,,,,4.0,-4.0,0.0,0.029411764705882353,0.11764705882352941,3,6,37.2,9.0,1547,1393,679,,,,,,,,,,,,,,,4.0,0.0
557,202507050501,0,0,0,0,2,6,4,26,0,0,0,0,0,0,0,0,1,1,1,8,0,0,0,0,0,0,0,0,1,1,1,4,0,0,0,0,0.0,0.0,8.0,4.0,37.0,0.7,0.42857142857142855,0.0,0.0,8.0,5.0,37.5,0.6,0.28125,0.0,0.0,80.0,9.0,35.3,1.2,0.1111111111111111,2.5,6.0,0.0,0.0,0.0,4,7,7.5,3.0,1628,1393,429,0.0,0.0,60.0,6.0,35.0,0.8,0.14285714285714285,,,,,,,,1.0,0.0
558,202507050501,0,0,0,2,3,1,1,36,0,0,0,0,0,0,0,0,0,0,0,9,0,0,0,0,0,0,0,0,0,0,0,5,0,0,0,0,0.0,0.0,10.0,2.0,37.3,0.2,0.5,,,,,,,,,,,,,,,,,0.0,0.06060606060606061,0.12121212121212122,4,8,5.5,2.0,1591,1221,464,,,,,,,,,,,,,,,,1.0
559,202507050501,0,0,0,0,0,0,0,6,0,0,0,0,0,0,0,0,0,0,0,1,0,0,0,0,0,0,0,0,0,0,0,0,0,0,0,0,0.0,0.0,14.0,16.0,39.9,3.5,0.4375,0.0,0.0,140.0,8.0,42.1,2.8,0.13333333333333333,,,,,,,,-8.0,20.0,-600.0,0.08064516129032258,0.16129032258064516,7,14,8.7,4.0,1656,1029,1576,,,,,,,,,,,,,,,-8.0,0.0
560,202507050501,0,0,0,1,1,0,0,1,0,0,0,0,0,0,0,0,0,0,0,0,0,0,0,0,0,0,0,0,0,0,0,0,0,0,0,0,0.0,0.0,8.0,11.0,42.9,5.2,0.4166666666666667,0.0,0.0,90.0,10.0,36.2,1.4,0.21428571428571427,0.0,0.0,70.0,7.0,36.2,2.2,0.8571428571428571,-2.0,0.0,-200.0,0.06976744186046512,0.18604651162790697,2,4,136.2,14.0,1382,666,707,,,,,,,,,,,,,,,-2.0,0.0
561,202507050501,3,1,7,54,0,1,0,0,0,0,0,0,0,0,0,11,0,0,0,0,0,0,0,0,0,0,0,5,0,0,0,0,0,0,0,0,0.0,0.0,3.0,8.0,37.9,1.3,0.75,0.0,0.0,40.0,4.0,38.3,0.9,0.18181818181818182,,,,,,,,-4.0,4.0,0.0,0.06315789473684211,0.15789473684210525,7,13,11.9,7.0,1520,1332,695,,,,,,,,,,,,,,,-4.0,0.0
562,202507050501,0,0,0,0,1,2,1,11,0,0,0,0,0,0,0,0,0,1,0,2,0,0,0,0,0,0,0,0,0,1,0,2,0,0,0,0,0.0,0.0,120.0,10.0,40.9,6.3,0.9230769230769231,,,,,,,,,,,,,,,,,-200.0,,,6,12,255.1,15.0,1347,1542,1396,,,,,,,,,,,,,,,,0.0
563,202507050501,0,1,0,2,0,0,0,0,0,0,0,0,0,0,0,0,0,0,0,0,0,0,0,0,0,0,0,0,0,0,0,0,0,0,0,0,0.0,0.0,5.0,9.0,39.2,2.4,0.3333333333333333,0.0,0.0,50.0,7.0,40.3,1.0,0.25,0.0,0.0,60.0,11.0,39.0,3.1,0.3125,1.0,8.0,0.0,0.0,0.0,3,5,62.7,11.0,1286,783,1503,,,,,,,,,,,,,,,1.0,0.0
564,202507050501,0,0,0,0,7,4,6,40,0,0,0,0,0,0,0,0,1,0,1,12,0,0,0,0,0,0,0,0,1,0,0,3,0,0,0,0,0.0,0.0,16.0,10.0,37.9,2.3,0.75,0.0,0.0,110.0,15.0,38.5,4.3,0.9375,,,,,,,,5.0,2.0,0.0,0.014285714285714285,0.21428571428571427,6,11,301.8,16.0,1612,1294,832,,,,,,,,,,,,,,,5.0,0.0
565,202507050501,1,0,1,3,0,0,0,0,0,0,0,0,0,0,0,0,0,0,0,0,0,0,0,0,0,0,0,0,0,0,0,0,0,0,0,0,0.0,0.0,9.0,16.0,42.1,6.8,0.25,,,,,,,,,,,,,,,,,-600.0,0.019230769230769232,0.11538461538461539,2,3,44.1,10.0,1676,245,1428,,,,,,,,,,,,,,,,0.0
566,202507050602,1,1,0,3,2,5,2,33,0,0,0,0,0,0,0,0,1,1,1,9,0,0,0,0,0,0,0,0,0,0,0,2,0,0,0,0,0.0,0.0,1.0,2.0,35.7,0.3,0.7692307692307693,0.0,0.0,6.0,6.0,36.2,0.8,0.4375,0.0,0.0,30.0,7.0,35.9,1.8,0.625,2.5,-6.0,0.0,0.0,0.09090909090909091,2,4,3.4,1.0,1289,1235,1428,0.0,0.0,20.0,5.0,37.0,0.6,0.5625,0.0,0.0,60.0,2.0,35.5,0.1,0.8125,-0.1,0.4
567,202507050602,3,14,7,60,1,0,1,25,0,0,0,0,0,4,0,12,0,0,0,3,0,0,0,0,0,2,0,6,0,0,0,0,0,0,0,0,0.0,0.0,5.0,6.0,36.4,1.1,0.625,0.0,0.0,50.0,3.0,36.3,0.1,0.25,0.0,0.0,50.0,11.0,37.5,1.8,0.8,2.5,12.0,-100.0,0.10256410256410256,0.23076923076923078,6,12,6.2,5.0,1716,1170,1167,0.0,0.0,50.0,6.0,37.0,1.0,0.9333333333333333,0.0,0.0,50.0,3.0,35.1,0.4,0.0625,-0.3,0.4
568,202507050602,1,1,0,3,0,1,0,2,0,0,0,0,0,0,0,0,0,0,0,0,0,0,0,0,0,0,0,0,0,0,0,0,0,0,0,0,0.0,0.0,15.0,13.0,40.1,2.0,0.2,0.0,0.0,70.0,6.0,40.7,1.7,0.1111111111111111,0.0,0.0,110.0,6.0,37.9,0.5,0.23076923076923078,-3.5,8.0,-500.0,0.045454545454545456,0.09090909090909091,7,14,97.4,9.0,1289,712,1428,0.0,0.0,130.0,10.0,35.4,1.0,1.0,0.0,0.0,100.0,15.0,37.5,2.6,0.1875,0.8,0.0
569,202507050602,0,1,0,2,0,0,0,3,0,0,0,0,0,0,0,0,0,0,0,1,0,0,0,0,0,0,0,0,0,0,0,1,0,0,0,0,0.0,0.0,1.0,5.0,38.1,0.8,0.1875,0.0,0.0,40.0,2.0,36.6,0.7,0.14285714285714285,0.0,0.0,10.0,1.0,37.0,0.0,0.5625,-2.0,0.0,50.0,0.06818181818181818,0.18181818181818182,6,11,3.9,2.0,1286,1686,1503,0.0,0.0,30.0,2.0,36.2,0.1,0.21428571428571427,0.0,0.0,60.0,2.0,37.2,0.2,0.0625,-0.6000000000000001,0.8
570,202507050602,0,0,2,11,0,0,0,0,0,0,0,0,0,0,0,3,0,0,0,0,0,0,0,0,0,0,0,1,0,0,0,0,0,0,0,0,0.0,0.0,11.0,7.0,37.5,0.8,0.625,0.0,0.0,12.0,7.0,34.9,0.3,0.9375,0.0,0.0,90.0,9.0,35.3,0.6,0.7333333333333333,1.0,-4.0,-200.0,0.03076923076923077,0.12307692307692308,4,7,21.1,7.0,1509,1396,1110,0.0,0.0,90.0,13.0,34.2,0.8,0.9333333333333333,0.0,0.0,140.0,3.0,33.7,0.1,0.8125,-0.2,0.2
571,202507050602,5,5,5,42,0,0,0,2,0,0,0,0,1,1,0,10,0,0,0,1,0,0,0,0,1,0,0,8,0,0,0,0,0,0,0,0,0.0,0.0,90.0,9.0,38.3,1.5,0.125,0.0,0.0,60.0,9.0,38.7,1.4,0.06666666666666667,0.0,0.0,60.0,5.0,37.4,0.3,0.13333333333333333,-2.0,0.0,-100.0,0.0,0.0,1,2,20.9,6.0,1127,432,1328,0.0,0.0,40.0,7.0,38.5,1.7,0.07142857142857142,0.0,0.0,80.0,13.0,39.1,1.3,0.125,0.6,0.0
572,202507050602,4,4,0,28,0,0,0,6,0,0,0,0,0,0,0,3,0,0,0,2,0,0,0,0,0,0,0,2,0,0,0,0,0,0,0,0,0.0,0.0,80.0,9.0,41.5,3.1,0.1111111111111111,0.0,0.0,180.0,13.0,36.8,1.7,0.3888888888888889,0.0,0.0,160.0,15.0,40.0,3.1,0.875,3.0,-4.0,-600.0,0.07142857142857142,0.10714285714285714,8,15,54.4,8.0,1403,1448,939,0.0,0.0,160.0,12.0,41.5,6.1,0.875,,,,,,,,1.1,0.0
573,202507050602,3,1,7,54,0,1,2,30,0,0,0,1,0,0,0,11,0,0,0,12,0,0,0,0,0,0,0,4,0,0,0,7,0,0,0,0,0.0,0.0,6.0,4.0,36.7,0.3,0.3125,0.0,0.0,5.0,4.0,37.1,0.4,0.15625,0.0,0.0,70.0,3.0,35.7,0.4,0.4166666666666667,-0.5,-2.0,50.0,0.03125,0.0625,5,10,6.0,4.0,1520,1036,695,0.0,0.0,40.0,6.0,35.3,1.4,0.75,0.0,0.0,70.0,9.0,38.3,0.7,0.375,1.2,0.2
574,202507050602,0,0,0,6,1,0,0,2,0,0,0,0,0,0,0,3,1,0,0,1,0,0,0,0,0,0,0,0,0,0,0,0,0,0,0,0,0.0,0.0,12.0,9.0,37.1,1.5,0.6875,0.0,0.0,130.0,9.0,37.8,1.5,0.625,0.0,0.0,150.0,10.0,38.0,1.9,0.625,0.5,16.0,0.0,0.04,0.04,7,13,253.4,14.0,1310,1070,1618,0.0,0.0,90.0,7.0,36.2,1.3,0.8181818181818182,0.0,0.0,130.0,15.0,35.4,1.3,0.875,1.0,0.0
575,202507050602,0,0,0,1,5,5,3,36,0,0,0,0,0,0,0,0,0,3,1,8,0,0,0,0,0,0,0,0,0,2,0,0,0,0,0,0,0.0,0.0,10.0,11.0,36.9,1.8,0.9375,0.0,0.0,13.0,11.0,36.9,0.9,0.375,0.0,0.0,110.0,7.0,37.5,1.2,0.625,-2.0,16.0,0.0,0.027777777777777776,0.1111111111111111,8,16,141.8,11.0,1382,1482,707,0.0,0.0,120.0,8.0,36.4,1.0,0.6875,0.0,0.0,140.0,9.0,37.5,1.3,0.5714285714285714,-0.7,0.0
576,202507050602,0,0,0,5,8,7,3,49,0,0,0,0,0,0,0,0,0,1,0,13,0,0,0,0,0,0,0,0,0,0,0,4,0,0,0,0,0.0,0.0,10.0,11.0,37.1,1.1,0.625,0.0,0.0,16.0,16.0,35.3,1.5,0.3125,0.0,0.0,160.0,10.0,35.3,1.0,0.6470588235294118,-0.5,2.0,0.0,,,3,6,130.7,10.0,1246,1405,533,0.0,0.0,130.0,9.0,37.4,1.4,0.21428571428571427,0.0,0.0,110.0,13.0,34.5,1.9,0.5714285714285714,-0.3,0.0
577,202507050602,0,0,1,17,7,8,12,64,0,0,0,0,0,0,1,7,1,2,3,8,0,0,0,0,0,0,0,1,0,2,2,3,0,0,0,0,0.0,0.0,13.0,12.0,37.2,1.2,0.625,0.0,0.0,11.0,10.0,37.1,1.7,0.7857142857142857,0.0,0.0,16.0,10.0,37.2,1.7,0.625,-1.0,4.0,0.0,0.0,0.5,3,5,216.1,13.0,1333,1013,1294,0.0,0.0,140.0,7.0,37.3,0.7,0.8,0.0,0.0,110.0,14.0,38.5,2.4,0.625,0.1,0.0
578,202507050602,0,0,0,5,0,0,0,2,0,0,0,0,0,0,0,0,0,0,0,1,0,0,0,0,0,0,0,0,0,0,0,0,0,0,0,0,0.0,0.0,14.0,13.0,40.3,3.6,0.5714285714285714,0.0,0.0,16.0,8.0,37.4,1.0,0.5,0.0,0.0,170.0,12.0,33.2,0.8,0.6111111111111112,-0.5,0.0,-600.0,0.0,0.0,2,3,332.5,15.0,1381,1169,548,0.0,0.0,100.0,12.0,37.9,1.4,0.0625,0.0,0.0,100.0,16.0,38.8,2.4,0.0625,1.0,0.0
579,202507050602,0,0,0,0,0,0,0,1,0,0,0,0,0,0,0,0,0,0,0,1,0,0,0,0,0,0,0,0,0,0,0,0,0,0,0,0,0.0,0.0,14.0,8.0,37.4,1.5,0.5,0.0,0.0,130.0,15.0,41.0,4.4,0.8666666666666667,0.0,0.0,110.0,9.0,40.8,1.9,0.14285714285714285,0.5,6.0,0.0,0.0,0.0,4,8,196.7,12.0,1008,1562,1364,0.0,0.0,120.0,17.0,38.8,4.2,0.2777777777777778,0.0,0.0,120.0,7.0,39.4,1.8,0.06666666666666667,0.0,0.0
580,202507050602,0,2,0,4,7,4,6,40,0,0,0,0,0,0,0,0,1,0,1,12,0,0,0,0,0,0,0,0,0,0,1,5,0,0,0,0,0.0,0.0,13.0,12.0,37.8,3.3,0.9230769230769231,0.0,0.0,16.0,15.0,37.2,3.0,1.0,0.0,0.0,15.0,14.0,35.4,3.2,1.0,1.0,-2.0,0.0,0.0,0.0,5,9,778.3,16.0,1434,1294,969,0.0,0.0,120.0,10.0,38.8,1.7,0.9166666666666666,0.0,0.0,100.0,7.0,38.2,1.2,0.6428571428571429,-1.5,0.0
581,202507050602,2,2,3,21,3,8,5,58,0,0,0,4,0,0,0,6,0,0,1,8,0,0,0,1,0,0,0,3,0,0,0,3,0,0,0,0,0.0,0.0,40.0,3.0,36.3,0.5,0.06666666666666667,0.0,0.0,50.0,2.0,35.2,0.1,0.06666666666666667,0.0,0.0,90.0,7.0,35.1,0.7,0.0625,2.0,4.0,0.0,0.023529411764705882,0.15294117647058825,1,1,4.5,3.0,1657,1428,1317,0.0,0.0,70.0,4.0,36.0,0.1,0.13333333333333333,0.0,0.0,20.0,8.0,35.2,0.6,0.45454545454545453,1.2,0.4
582,202507050607,5,5,5,42,7,4,6,40,0,0,0,1,1,1,0,10,1,0,1,12,0,0,0,0,1,0,0,8,0,0,1,5,0,0,0,0,0.0,0.0,2.0,1.0,36.3,0.0,0.25,0.0,0.0,1.0,4.0,37.5,0.9,0.14285714285714285,0.0,0.0,4.0,9.0,34.6,0.5,0.75,4.0,-4.0,0.0,0.017241379310344827,0.1724137931034483,3,6,5.3,2.0,1127,1294,1328,0.0,0.0,40.0,11.0,36.6,1.0,0.14285714285714285,0.0,0.0,80.0,2.0,33.9,0.0,0.6,0.9,0.4
583,202507050607,3,6,1,45,1,2,2,19,0,0,0,0,1,2,0,12,1,1,0,1,0,0,0,0,0,0,0,2,1,1,0,0,0,0,0,0,0.0,0.0,13.0,10.0,39.1,1.2,0.25,0.0,0.0,100.0,16.0,38.4,2.5,0.6875,0.0,0.0,70.0,6.0,37.5,1.3,0.46153846153846156,-2.0,4.0,-200.0,0.09090909090909091,0.09090909090909091,6,12,15.7,8.0,1172,1110,1556,0.0,0.0,100.0,11.0,37.2,1.3,0.75,0.0,0.0,40.0,14.0,38.8,1.9,0.4375,0.3,0.0
584,202507050607,0,0,0,3,0,0,0,0,0,0,0,0,0,0,0,2,0,0,0,0,0,0,0,0,0,0,0,0,0,0,0,0,0,0,0,0,0.0,0.0,6.0,4.0,37.4,0.2,0.5454545454545454,0.0,0.0,3.0,3.0,35.9,0.4,0.40625,0.0,0.0,50.0,5.0,35.3,0.4,0.3333333333333333,0.5,-2.0,0.0,0.0967741935483871,0.22580645161290322,7,14,4.0,1.0,1516,1615,1039,0.0,0.0,60.0,3.0,34.5,0.6,0.6666666666666666,0.0,0.0,30.0,6.0,34.5,0.9,0.8333333333333334,0.4,0.4
585,202507050607,2,2,0,13,1,0,0,13,0,0,0,0,2,0,0,1,0,0,0,2,0,0,0,0,1,0,0,0,0,0,0,1,0,0,0,0,0.0,0.0,30.0,8.0,37.4,1.0,0.4166666666666667,0.0,0.0,5.0,5.0,36.3,0.5,0.3333333333333333,0.0,0.0,30.0,7.0,36.6,1.5,0.4666666666666667,-0.5,10.0,0.0,0.0,0.1,1,1,9.1,6.0,1204,1108,1221,0.0,0.0,20.0,2.0,36.1,0.2,0.7333333333333333,0.0,0.0,50.0,2.0,37.7,0.0,0.2,-1.5,0.4
586,202507050607,5,7,6,75,7,7,7,57,1,0,1,6,1,0,0,6,3,0,1,12,0,0,0,2,0,0,0,3,0,0,0,2,0,0,0,2,0.0,0.0,1.0,13.0,38.4,1.5,0.625,0.0,0.0,2.0,2.0,37.1,0.3,0.09375,0.0,0.0,10.0,1.0,37.5,0.0,0.26666666666666666,-6.0,8.0,50.0,0.08333333333333333,0.4166666666666667,5,9,5.7,3.0,1691,1345,1167,0.0,0.0,30.0,2.0,37.7,0.7,0.125,0.0,0.0,20.0,5.0,37.0,0.7,0.125,-1.6,0.6
587,202507050607,2,1,0,2,7,4,6,40,0,0,0,0,0,0,0,0,1,0,1,12,0,0,0,0,0,0,0,0,0,0,1,5,0,0,0,0,0.0,0.0,6.0,10.0,39.6,3.0,0.23076923076923078,0.0,0.0,10.0,8.0,37.5,0.8,0.15625,0.0,0.0,60.0,4.0,37.1,0.7,0.38461538461538464,-3.0,2.0,0.0,0.018867924528301886,0.1320754716981132,8,16,69.2,11.0,1319,1294,334,0.0,0.0,60.0,13.0,37.7,2.4,0.375,0.0,0.0,10.0,1.0,37.8,0.0,0.06666666666666667,-1.3,0.2
588,202507050607,0,0,0,2,0,0,0,4,0,0,0,0,0,0,0,0,0,0,0,0,0,0,0,0,0,0,0,0,0,0,0,0,0,0,0,0,0.0,0.0,15.0,7.0,37.1,1.0,0.5625,0.0,0.0,12.0,9.0,37.1,1.1,0.5,0.0,0.0,160.0,14.0,35.2,0.9,0.7222222222222222,3.5,-6.0,0.0,0.06451612903225806,0.1774193548387097,2,4,158.9,15.0,1537,1611,488,0.0,0.0,80.0,11.0,38.0,0.9,0.4666666666666667,0.0,0.0,70.0,4.0,36.6,0.1,0.45454545454545453,-0.4,0.0
589,202507050607,1,0,3,18,0,0,0,0,0,0,0,0,0,0,0,4,0,0,0,0,0,0,0,0,0,0,0,1,0,0,0,0,0,0,0,0,0.0,0.0,60.0,6.0,35.4,0.7,0.6666666666666666,0.0,0.0,60.0,8.0,35.6,1.1,0.3,0.0,0.0,70.0,8.0,34.7,1.0,0.9166666666666666,1.0,0.0,200.0,0.021052631578947368,0.10526315789473684,4,7,50.3,10.0,1601,1431,239,0.0,0.0,50.0,10.0,37.5,1.2,0.625,0.0,0.0,70.0,13.0,39.7,2.4,0.375,1.6,0.0
590,202507050607,2,2,3,21,0,5,1,6,0,0,0,0,0,0,0,6,0,0,0,0,0,0,0,0,0,0,0,3,0,0,0,0,0,0,0,0,0.0,0.0,8.0,11.0,34.2,0.6,0.875,0.0,0.0,100.0,8.0,32.0,0.6,0.8888888888888888,0.0,0.0,110.0,12.0,34.5,0.8,0.6666666666666666,0.5,-6.0,0.0,0.07407407407407407,0.1111111111111111,4,8,24.0,9.0,1657,1032,1317,0.0,0.0,120.0,5.0,33.2,0.4,1.0,0.0,0.0,70.0,6.0,35.3,0.6,0.8333333333333334,-1.3,0.0
591,202507050607,0,0,0,6,2,1,1,22,0,0,0,0,0,0,0,1,1,1,1,3,0,0,0,0,0,0,0,0,0,0,1,1,0,0,0,0,0.0,0.0,16.0,12.0,36.5,2.0,1.0,0.0,0.0,16.0,16.0,36.6,2.5,0.5,0.0,0.0,110.0,11.0,39.1,3.2,0.9090909090909091,-0.5,8.0,0.0,0.0,0.13333333333333333,5,10,424.0,16.0,1430,1014,1013,0.0,0.0,150.0,12.0,38.8,2.5,0.8666666666666667,0.0,0.0,130.0,13.0,38.6,3.5,1.0,-0.2,0.0
592,202507050607,0,0,0,2,0,0,0,5,0,0,0,0,0,0,0,0,0,0,0,0,0,0,0,0,0,0,0,0,0,0,0,0,0,0,0,0,0.0,0.0,18.0,11.0,34.7,0.6,0.2222222222222222,0.0,0.0,70.0,9.0,34.2,0.9,0.6666666666666666,0.0,0.0,110.0,11.0,34.5,0.4,0.2,0.0,4.0,-200.0,0.018867924528301886,0.11320754716981132,3,5,70.8,13.0,1399,1335,1428,0.0,0.0,90.0,9.0,38.7,1.4,0.3125,0.0,0.0,70.0,14.0,39.4,2.2,0.375,0.6,0.0
593,202507050607,3,2,1,12,7,4,2,43,0,0,0,0,1,2,0,8,0,0,0,7,0,0,0,0,0,1,0,2,0,0,0,3,0,0,0,0,0.0,0.0,3.0,14.0,39.0,1.5,0.03125,0.0,0.0,30.0,2.0,38.0,0.2,0.13333333333333333,0.0,0.0,40.0,6.0,37.0,0.7,0.125,-4.0,-6.0,50.0,0.0625,0.15625,2,3,8.9,5.0,1629,1618,1428,0.0,0.0,40.0,16.0,39.3,2.8,0.375,0.0,0.0,50.0,2.0,36.5,0.1,0.14285714285714285,-1.0,0.4
594,202507050607,4,2,5,22,1,4,3,36,0,0,0,1,0,0,1,2,0,0,1,8,0,0,0,0,0,0,0,0,0,0,1,2,0,0,0,0,0.0,0.0,14.0,13.0,37.7,1.5,0.25,0.0,0.0,13.0,7.0,36.9,1.2,0.6428571428571429,0.0,0.0,15.0,14.0,38.1,2.1,0.5,0.5,-2.0,0.0,0.06976744186046512,0.11627906976744186,7,13,127.5,14.0,1467,1362,336,0.0,0.0,100.0,10.0,37.3,2.0,0.45454545454545453,0.0,0.0,110.0,8.0,36.2,1.4,0.8333333333333334,-0.7,0.0
595,202507050607,1,0,1,3,2,5,2,33,0,0,0,0,0,0,0,0,1,1,1,9,0,0,0,0,0,0,0,0,0,0,0,2,0,0,0,0,0.0,0.0,12.0,14.0,37.5,1.7,0.75,0.0,0.0,80.0,13.0,39.7,2.5,0.125,0.0,0.0,100.0,4.0,35.8,0.6,0.07142857142857142,-5.0,-10.0,0.0,0.03225806451612903,0.06451612903225806,6,11,70.4,12.0,1676,1235,1428,0.0,0.0,110.0,12.0,38.6,1.8,0.75,0.0,0.0,60.0,10.0,44.8,5.7,0.16666666666666666,-0.9,0.0
596,202507050607,3,14,7,60,0,0,0,0,0,0,0,0,0,4,0,12,0,0,0,0,0,0,0,0,0,2,0,6,0,0,0,0,0,0,0,0,0.0,0.0,20.0,10.0,35.8,2.4,1.0,0.0,0.0,50.0,9.0,36.8,1.3,0.05555555555555555,0.0,0.0,80.0,7.0,36.0,0.6,0.17647058823529413,-1.5,-2.0,200.0,0.0,0.0,8,15,5.8,4.0,1716,1127,1167,0.0,0.0,90.0,14.0,36.0,1.8,0.29411764705882354,0.0,0.0,40.0,14.0,36.8,1.4,0.2,1.3,0.0
597,202507050607,0,1,0,0,0,0,0,1,0,0,0,0,0,0,0,0,0,0,0,1,0,0,0,0,0,0,0,0,0,0,0,1,0,0,0,0,0.0,0.0,4.0,5.0,37.5,0.9,0.07142857142857142,0.0,0.0,50.0,6.0,37.7,1.2,0.38461538461538464,0.0,0.0,140.0,6.0,37.9,1.2,0.3125,0.5,4.0,0.0,0.02857142857142857,0.11428571428571428,1,2,15.2,7.0,1652,1009,314,0.0,0.0,20.0,1.0,35.3,0.0,0.14285714285714285,0.0,0.0,40.0,9.0,36.8,1.5,0.1875,0.3,0.2
