,race_id,f_course1,f_course2,f_course3,f_courseout,mf_course1,mf_course2,mf_course3,mf_courseout,f_mf_course1,f_mf_course2,f_mf_course3,f_mf_courseout,f_len1,f_len2,f_len3,f_lenout,mf_len1,mf_len2,mf_len3,mf_classout,f_mf_len1,f_mf_len2,f_mf_len3,f_mf_classout,f_class1,f_class2,f_class3,f_classout,mf_class1,mf_class2,mf_class3,mf_classout,f_mf_class1,f_mf_class2,f_mf_class3,f_mf_classout,time_df_course1,time_df_class1,ninki_1,result_1,agari_1,margin_1,corner_ratio_1,time_df_course2,time_df_class2,ninki_2,result_2,agari_2,margin_2,corner_ratio_2,time_df_course3,time_df_class3,ninki_3,result_3,agari_3,margin_3,corner_ratio_3,rank_trend,weight_change,dist_change,jockey_win_rate,jockey_place_rate,waku,umaban,father_cat,mother_father_cat,paternal_gf_cat
0,202501010103,9,8,4,64,0,0,0,0,0,0,0,0,6,7,3,55,0,0,0,0,0,0,0,0,3,4,2,20,0,0,0,0,0,0,0,0,0.0,0.0,10.0,3.0,36.6,0.2,0.125,0.0,0.0,10.0,3.0,36.4,0.5,0.375,0.0,0.0,60.0,2.0,37.4,0.2,0.5625,-0.5,-2.0,300.0,0.20588235294117646,0.29411764705882354,7,12,1278,766,625
1,202501010103,3,9,4,31,2,0,2,29,0,0,0,0,2,7,4,28,1,0,0,23,0,0,0,0,2,3,4,16,0,0,0,6,0,0,0,0,0.0,0.0,20.0,7.0,40.8,2.4,0.07692307692307693,0.0,0.0,30.0,4.0,39.1,1.6,0.6153846153846154,0.0,0.0,30.0,11.0,37.1,1.9,0.75,2.0,12.0,0.0,0.08808290155440414,0.3160621761658031,8,13,1586,1170,1167
2,202501010103,0,1,0,3,0,0,0,3,0,0,0,0,0,1,0,3,0,0,0,3,0,0,0,0,0,0,0,0,0,0,0,0,0,0,0,0,0.0,0.0,30.0,3.0,38.1,0.5,0.4444444444444444,0.0,0.0,30.0,6.0,36.5,1.0,0.875,0.0,0.0,30.0,3.0,36.3,0.3,0.8125,0.0,2.0,0.0,0.17197452229299362,0.3885350318471338,4,5,1689,1557,1294
3,202501010103,11,10,11,44,0,0,0,1,0,0,0,0,8,8,8,39,0,0,0,1,0,0,0,0,4,3,6,14,0,0,0,0,0,0,0,0,0.0,0.0,80.0,10.0,39.6,2.2,0.6875,0.0,0.0,50.0,5.0,38.6,0.5,0.5625,0.0,0.0,70.0,3.0,38.8,0.8,0.6666666666666666,-3.5,-4.0,0.0,0.05,0.2,3,4,1605,332,1
4,202501010103,0,4,3,11,2,4,5,43,0,0,0,0,0,2,2,8,2,2,4,30,0,0,0,0,0,2,2,6,2,1,2,15,0,0,0,0,0.0,0.0,50.0,3.0,39.7,1.4,0.15384615384615385,0.0,0.0,80.0,7.0,40.8,0.6,0.13333333333333333,0.0,0.0,60.0,11.0,37.6,1.1,0.5625,4.0,-2.0,0.0,0.0,0.0,8,14,1489,1393,565
5,202501010103,2,2,2,13,0,0,0,0,0,0,0,0,2,2,2,10,0,0,0,0,0,0,0,0,2,2,2,6,0,0,0,0,0,0,0,0,0.0,0.0,40.0,6.0,39.0,1.5,0.16666666666666666,0.0,0.0,50.0,3.0,40.0,1.6,0.15384615384615385,0.0,0.0,60.0,2.0,38.6,0.7,0.26666666666666666,-2.0,0.0,0.0,0.0,1.0,6,9,1094,1095,334
6,202501010103,0,0,0,0,1,0,1,5,0,0,0,0,0,0,0,0,1,0,1,5,0,0,0,0,0,0,0,0,0,0,1,4,0,0,0,0,0.0,0.0,30.0,7.0,39.7,1.8,0.5714285714285714,0.0,0.0,70.0,7.0,36.3,1.3,0.5,0.0,0.0,50.0,4.0,35.3,0.2,0.7857142857142857,-1.5,-8.0,0.0,0.0410958904109589,0.2054794520547945,7,11,1267,882,1716
7,202501010103,0,1,3,9,6,5,6,38,0,0,1,0,0,1,3,9,4,4,5,33,0,0,1,0,0,1,0,7,3,4,3,20,0,0,0,0,0.0,0.0,90.0,3.0,38.3,0.5,1.0,0.0,0.0,60.0,5.0,38.4,0.8,1.0,0.0,0.0,60.0,5.0,38.5,1.2,0.5714285714285714,1.0,-2.0,0.0,0.034482758620689655,0.11206896551724138,2,2,1479,1503,857
8,202501010103,1,2,4,26,0,1,3,9,0,0,0,0,1,1,2,14,0,0,3,9,0,0,0,0,1,1,2,12,0,0,2,4,0,0,0,0,0.0,0.0,140.0,9.0,39.8,2.2,0.42857142857142855,0.0,0.0,120.0,12.0,36.2,2.2,0.9166666666666666,0.0,0.0,90.0,11.0,38.9,1.8,0.6,1.0,2.0,0.0,,,4,6,1629,1736,1428
9,202501010103,1,1,1,11,8,8,14,85,0,0,0,0,1,1,1,6,4,4,9,67,0,0,0,0,1,1,1,4,3,2,6,47,0,0,0,0,0.0,0.0,60.0,5.0,39.4,1.0,0.2857142857142857,0.0,0.0,30.0,11.0,44.0,3.8,0.4666666666666667,0.0,0.0,30.0,3.0,40.6,0.8,0.07692307692307693,-1.0,-6.0,0.0,0.06666666666666667,0.3,6,10,1261,1428,387
10,202501010103,0,1,0,10,7,6,11,50,0,0,0,0,0,1,0,6,5,6,5,35,0,0,0,0,0,0,0,4,3,1,0,12,0,0,0,0,0.0,0.0,80.0,12.0,39.5,2.7,1.0,0.0,0.0,80.0,8.0,37.2,0.6,0.4375,0.0,0.0,60.0,6.0,40.2,1.8,0.8333333333333334,-3.0,2.0,0.0,0.03773584905660377,0.1320754716981132,3,3,1704,1221,1712
11,202501010103,2,1,1,11,0,0,1,4,0,0,0,2,2,0,1,7,0,0,1,4,0,0,0,2,2,0,1,5,0,0,0,2,0,0,0,2,0.0,0.0,100.0,12.0,40.4,3.1,0.7142857142857143,0.0,0.0,110.0,13.0,38.4,2.8,0.125,0.0,0.0,70.0,4.0,39.9,3.1,0.7142857142857143,-4.0,0.0,0.0,0.0,0.12195121951219512,5,7,1432,549,1428
12,202501010103,0,0,0,0,6,2,6,44,0,0,0,0,0,0,0,0,4,0,5,33,0,0,0,0,0,0,0,0,2,0,3,14,0,0,0,0,0.0,0.0,100.0,7.0,35.6,1.9,1.0,0.0,0.0,80.0,6.0,36.4,0.8,0.75,0.0,0.0,80.0,6.0,38.7,2.1,0.1875,-0.5,4.0,700.0,0.0,0.08695652173913043,1,1,1550,1482,32
13,202501010103,3,0,0,17,15,8,11,92,1,0,0,1,0,0,0,15,10,6,10,59,0,0,0,0,0,0,0,8,4,5,6,27,0,0,0,0,0.0,0.0,130.0,14.0,40.6,3.5,0.9285714285714286,0.0,0.0,90.0,10.0,39.7,3.5,0.46153846153846156,0.0,0.0,140.0,8.0,38.2,1.0,0.42857142857142855,-3.0,-14.0,0.0,0.0,0.42857142857142855,5,8,1676,1183,1428
14,202501010105,0,1,0,3,2,2,3,35,0,0,0,0,0,1,0,3,0,1,1,24,0,0,0,0,0,1,0,3,0,1,0,1,0,0,0,0,,,,,,,,,,,,,,,,,,,,,,,,,0.08762886597938144,0.31958762886597936,8,13,1689,1228,1294
15,202501010105,3,9,4,31,1,1,0,3,0,0,0,0,2,7,4,28,1,0,0,3,0,0,0,0,0,0,0,0,0,0,0,0,0,0,0,0,,,,,,,,,,,,,,,,,,,,,,,,,0.0,0.0,5,6,1586,1576,1167
16,202501010105,4,2,3,29,0,0,0,4,0,0,0,0,3,1,1,21,0,0,0,4,0,0,0,0,0,0,0,1,0,0,0,0,0,0,0,0,,,,,,,,,,,,,,,,,,,,,,,,,0.17088607594936708,0.3924050632911392,4,5,1657,880,1317
17,202501010105,0,1,0,3,15,8,11,92,0,0,0,0,0,1,0,3,10,6,10,59,0,0,0,0,0,1,0,3,0,0,1,1,0,0,0,0,,,,,,,,,,,,,,,,,,,,,,,,,0.06593406593406594,0.2967032967032967,6,8,1689,1183,1294
18,202501010105,0,0,0,0,0,0,0,4,0,0,0,0,0,0,0,0,0,0,0,4,0,0,0,0,0,0,0,0,0,0,0,1,0,0,0,0,,,,,,,,,,,,,,,,,,,,,,,,,0.22857142857142856,0.3142857142857143,7,10,1178,969,1221
19,202501010105,0,0,0,0,2,0,0,4,0,0,0,0,0,0,0,0,1,0,0,3,0,0,0,0,0,0,0,0,0,0,0,0,0,0,0,0,,,,,,,,,,,,,,,,,,,,,,,,,0.23255813953488372,0.5,1,1,1469,1322,88
20,202501010105,0,1,0,3,6,5,6,38,0,0,0,0,0,1,0,3,4,4,5,33,0,0,0,0,0,1,0,3,1,0,1,3,0,0,0,0,,,,,,,,,,,,,,,,,,,,,,,,,0.04054054054054054,0.20270270270270271,3,3,1689,1503,1294
21,202501010105,0,0,0,0,6,5,6,38,0,0,0,0,0,0,0,0,4,4,5,33,0,0,0,0,0,0,0,0,1,0,1,3,0,0,0,0,,,,,,,,,,,,,,,,,,,,,,,,,0.136986301369863,0.2465753424657534,2,2,1469,1503,88
22,202501010105,0,0,0,0,8,8,14,85,0,0,0,0,0,0,0,0,4,4,9,67,0,0,0,0,0,0,0,0,0,2,0,0,0,0,0,0,,,,,,,,,,,,,,,,,,,,,,,,,0.08108108108108109,0.1891891891891892,4,4,1469,1428,88
23,202501010105,4,6,2,37,13,12,17,89,0,0,0,0,4,3,1,36,9,10,13,63,0,0,0,0,0,0,0,1,0,0,0,4,0,0,0,0,,,,,,,,,,,,,,,,,,,,,,,,,0.0,0.5,8,12,1304,1167,1503
24,202501010105,4,6,0,29,1,1,0,3,0,0,0,0,3,5,0,19,1,0,0,3,0,0,0,0,1,1,0,1,0,0,0,0,0,0,0,0,,,,,,,,,,,,,,,,,,,,,,,,,0.13253012048192772,0.3614457831325301,5,7,1095,1576,1221
25,202501010105,0,1,1,5,6,5,6,38,0,0,0,0,0,0,0,4,4,4,5,33,0,0,0,0,0,0,0,0,1,0,1,3,0,0,0,0,,,,,,,,,,,,,,,,,,,,,,,,,0.0,0.09090909090909091,7,11,1579,1503,1605
26,202501010105,0,1,0,3,1,4,0,7,0,0,0,0,0,1,0,3,0,3,0,6,0,0,0,0,0,1,0,3,0,0,0,1,0,0,0,0,0.0,0.0,60.0,13.0,44.4,6.5,0.38461538461538464,,,,,,,,,,,,,,,,,0.0,0.14705882352941177,0.2647058823529412,6,9,1689,1691,1294
27,202501010109,0,1,3,9,13,12,17,89,0,0,0,1,0,1,3,9,9,10,13,63,0,0,0,1,0,0,0,0,4,5,6,12,0,0,0,0,0.0,0.0,30.0,4.0,36.5,0.4,0.375,0.0,0.0,40.0,3.0,36.2,0.4,0.5625,0.0,0.0,30.0,8.0,37.4,1.0,0.4375,2.0,0.0,100.0,0.12195121951219512,0.35365853658536583,7,11,1479,1167,857
28,202501010109,0,0,2,7,6,7,5,70,0,0,0,0,0,0,1,5,5,5,4,57,0,0,0,0,0,0,0,0,1,1,1,18,0,0,0,0,0.0,0.0,120.0,10.0,37.5,1.2,0.23076923076923078,0.0,0.0,20.0,4.0,39.5,1.2,0.23076923076923078,0.0,0.0,20.0,6.0,40.4,1.9,0.3125,-2.0,-8.0,100.0,,,4,4,1656,1294,1576
29,202501010109,0,1,0,3,0,3,2,26,0,1,0,0,0,1,0,3,0,3,2,16,0,1,0,0,0,0,0,0,0,0,1,2,0,0,0,0,0.0,0.0,50.0,5.0,38.6,0.6,0.1,0.0,0.0,60.0,7.0,39.2,0.9,0.5,0.0,0.0,90.0,5.0,37.1,1.2,1.0,0.0,6.0,0.0,0.0,0.2,7,10,1689,1110,1294
30,202501010109,1,1,1,2,0,0,1,0,0,0,0,0,1,1,1,2,0,0,1,0,0,0,0,0,0,0,0,0,0,0,1,0,0,0,0,0,0.0,0.0,20.0,5.0,38.8,2.1,0.4,0.0,0.0,100.0,3.0,36.3,0.4,0.5,0.0,0.0,120.0,8.0,40.1,2.3,0.7142857142857143,1.5,-4.0,0.0,0.0,0.0,8,12,1693,944,1167
31,202501010109,11,5,4,67,4,5,5,45,1,2,0,6,10,3,3,57,2,1,3,34,1,0,0,6,3,2,2,25,0,0,0,12,0,0,0,4,0.0,0.0,50.0,9.0,36.6,0.7,0.875,0.0,0.0,40.0,3.0,35.5,0.5,0.8571428571428571,0.0,0.0,50.0,4.0,37.5,0.8,0.8666666666666667,-2.5,0.0,300.0,0.23809523809523808,0.5,8,13,1691,1618,1167
32,202501010109,2,2,1,17,7,6,11,50,0,0,0,0,2,1,0,12,5,6,5,35,0,0,0,0,2,0,0,1,1,5,5,16,0,0,0,0,0.0,0.0,30.0,6.0,41.1,1.3,0.18181818181818182,0.0,0.0,20.0,1.0,38.0,0.0,0.14285714285714285,0.0,0.0,30.0,2.0,38.3,0.6,0.3333333333333333,-2.0,0.0,0.0,0.17307692307692307,0.391025641025641,6,9,1600,1221,680
33,202501010109,2,2,0,8,0,0,1,11,0,0,0,1,0,0,0,6,0,0,1,5,0,0,0,1,0,0,0,1,0,0,0,1,0,0,0,0,0.0,0.0,100.0,11.0,39.0,3.6,0.8,0.0,0.0,70.0,6.0,40.2,1.5,0.35714285714285715,0.0,0.0,100.0,2.0,38.4,0.1,0.35714285714285715,-4.5,-2.0,0.0,0.03508771929824561,0.11403508771929824,5,6,1042,1300,488
34,202501010109,2,2,1,17,0,0,1,1,0,0,0,0,2,1,0,12,0,0,1,1,0,0,0,0,2,0,0,1,0,0,1,1,0,0,0,0,0.0,0.0,140.0,8.0,39.2,2.6,0.6875,0.0,0.0,140.0,14.0,39.1,4.0,0.6428571428571429,,,,,,,,6.0,2.0,300.0,0.06818181818181818,0.3068181818181818,4,5,1600,1009,680
35,202501010109,11,5,4,67,5,12,7,84,0,0,0,3,10,3,3,57,5,7,4,64,0,0,0,3,3,2,2,25,1,1,0,16,0,0,0,2,0.0,0.0,60.0,9.0,39.0,1.1,0.23076923076923078,0.0,0.0,50.0,5.0,37.4,0.8,0.8333333333333334,0.0,0.0,50.0,14.0,40.1,2.2,0.26666666666666666,2.5,-4.0,0.0,,,6,8,1691,1013,1167
36,202501010109,4,2,1,16,0,0,0,7,0,0,0,0,2,1,1,14,0,0,0,5,0,0,0,0,2,1,1,9,0,0,0,1,0,0,0,0,0.0,0.0,110.0,8.0,38.0,1.9,0.6666666666666666,0.0,0.0,160.0,13.0,36.9,1.9,0.75,0.0,0.0,140.0,11.0,37.7,0.9,0.25,1.5,-2.0,0.0,,,5,7,1557,1332,1559
37,202501010109,0,4,2,24,2,2,3,35,0,0,0,0,0,3,1,16,0,1,1,24,0,0,0,0,0,0,0,2,0,0,1,9,0,0,0,0,0.0,0.0,50.0,10.0,38.5,2.6,0.5,0.0,0.0,20.0,1.0,38.6,0.0,0.06666666666666667,0.0,0.0,20.0,4.0,40.0,1.7,0.3333333333333333,-3.0,2.0,100.0,,,1,1,1426,1228,306
38,202501010109,2,0,0,4,6,5,4,28,0,0,0,0,0,0,0,3,2,3,3,19,0,0,0,0,0,0,0,1,1,3,0,12,0,0,0,0,0.0,0.0,90.0,8.0,39.5,1.5,0.2,0.0,0.0,120.0,11.0,39.7,1.5,0.9166666666666666,0.0,0.0,90.0,6.0,39.2,1.3,0.3076923076923077,-1.0,0.0,0.0,0.05263157894736842,0.21052631578947367,2,2,1564,1721,334
39,202501010109,2,2,1,17,8,8,14,85,0,0,0,0,2,1,0,12,4,4,9,67,0,0,0,0,2,0,0,1,1,0,3,18,0,0,0,0,0.0,0.0,110.0,12.0,39.7,3.2,0.875,0.0,0.0,20.0,1.0,37.9,0.0,0.6,,,,,,,,-11.0,0.0,-100.0,0.0,0.2,3,3,1600,1428,680
40,202501010112,0,1,1,13,8,8,14,85,0,0,0,2,0,1,1,13,4,4,9,67,0,0,0,2,0,0,0,1,0,0,0,2,0,0,0,0,0.0,0.0,50.0,4.0,37.5,0.4,0.21428571428571427,0.0,0.0,10.0,2.0,37.2,0.0,0.8333333333333334,0.0,0.0,20.0,1.0,37.4,0.0,0.14285714285714285,-1.5,4.0,0.0,0.12121212121212122,0.24242424242424243,6,10,1146,1428,512
41,202501010112,0,2,1,5,8,10,9,71,0,0,0,0,0,2,1,5,6,6,3,55,0,0,0,0,0,0,0,0,1,1,1,11,0,0,0,0,0.0,0.0,70.0,6.0,38.9,2.0,0.4,0.0,0.0,60.0,1.0,39.0,0.0,0.16666666666666666,0.0,0.0,30.0,11.0,39.9,3.0,0.13333333333333333,2.5,0.0,-100.0,0.0,0.3333333333333333,3,4,1537,1558,488
42,202501010112,2,2,1,17,2,1,2,20,0,0,1,1,2,1,0,12,2,1,1,14,0,0,0,1,0,0,0,2,1,0,0,2,0,0,0,0,0.0,0.0,30.0,14.0,35.4,1.0,0.625,0.0,0.0,90.0,5.0,34.1,0.4,1.0,0.0,0.0,40.0,8.0,37.1,2.1,0.6,-3.0,4.0,-300.0,0.23529411764705882,0.49411764705882355,8,14,1600,1506,680
43,202501010112,6,3,1,32,15,8,11,92,1,0,0,0,6,3,1,28,10,6,10,59,1,0,0,0,0,0,0,5,2,1,3,3,0,0,0,0,0.0,0.0,70.0,11.0,38.6,1.8,0.8181818181818182,0.0,0.0,70.0,7.0,36.7,0.9,1.0,0.0,0.0,110.0,5.0,38.8,0.9,0.8333333333333334,-3.0,12.0,0.0,0.034782608695652174,0.11304347826086956,2,2,1520,1183,695
44,202501010112,8,7,9,40,6,5,6,38,3,1,0,2,7,6,5,31,4,4,5,33,3,1,0,2,0,2,0,2,0,0,1,2,0,0,0,1,0.0,0.0,60.0,11.0,37.8,1.3,0.35714285714285715,0.0,0.0,20.0,7.0,40.1,0.7,0.4,0.0,0.0,60.0,2.0,36.4,0.1,0.26666666666666666,-4.5,-4.0,0.0,0.06741573033707865,0.30337078651685395,4,6,1467,1503,336
45,202501010112,8,7,9,40,6,5,6,38,3,1,0,2,7,6,5,31,4,4,5,33,3,1,0,2,0,2,0,2,0,0,1,2,0,0,0,1,0.0,0.0,40.0,1.0,37.0,0.0,0.6666666666666666,0.0,0.0,60.0,8.0,40.2,1.1,0.1875,0.0,0.0,60.0,6.0,38.8,0.9,0.25,2.5,4.0,0.0,0.041666666666666664,0.20833333333333334,1,1,1467,1503,336
46,202501010112,4,2,1,16,0,0,1,6,0,0,0,0,2,1,1,14,0,0,0,4,0,0,0,0,0,0,0,1,0,0,0,0,0,0,0,0,0.0,0.0,80.0,4.0,37.4,0.7,0.8181818181818182,0.0,0.0,110.0,11.0,38.8,1.3,0.7333333333333333,0.0,0.0,70.0,5.0,36.2,0.4,0.7,0.5,0.0,0.0,0.05128205128205128,0.20512820512820512,5,7,1557,1029,1559
47,202501010112,0,0,0,2,1,0,0,10,0,0,0,0,0,0,0,2,1,0,0,8,0,0,0,0,0,0,0,1,0,0,0,2,0,0,0,0,0.0,0.0,120.0,11.0,36.7,1.0,0.6428571428571429,0.0,0.0,90.0,7.0,38.4,1.2,0.5625,0.0,0.0,60.0,10.0,38.1,2.1,0.6428571428571429,-0.5,0.0,100.0,0.0380952380952381,0.13333333333333333,5,8,882,939,695
48,202501010112,2,1,1,14,0,0,1,4,0,0,0,2,2,1,1,11,0,0,1,4,0,0,0,2,0,0,0,0,0,0,1,0,0,0,0,0,0.0,0.0,100.0,8.0,36.9,0.7,0.4,0.0,0.0,110.0,13.0,37.8,1.5,0.5714285714285714,0.0,0.0,110.0,6.0,37.0,0.7,0.9285714285714286,-1.0,2.0,-900.0,0.0,0.18181818181818182,6,9,1243,549,1428
49,202501010112,1,0,0,22,3,5,5,31,0,0,0,0,1,0,0,20,2,3,3,24,0,0,0,0,1,0,0,1,0,0,0,0,0,0,0,0,0.0,0.0,50.0,2.0,37.8,0.7,0.7,0.0,0.0,30.0,13.0,39.5,1.5,0.4666666666666667,0.0,0.0,80.0,3.0,38.4,0.2,0.5384615384615384,0.5,-12.0,-100.0,0.08181818181818182,0.19090909090909092,7,11,1175,1362,882
50,202501010112,0,1,2,6,0,0,1,1,0,0,1,1,0,1,2,5,0,0,1,1,0,0,1,1,0,0,0,0,0,0,0,0,0,0,0,0,0.0,0.0,120.0,6.0,37.6,0.9,0.7142857142857143,0.0,0.0,100.0,4.0,36.9,0.4,0.42857142857142855,0.0,0.0,80.0,8.0,39.4,2.4,0.4,1.0,-4.0,0.0,0.08854166666666667,0.3177083333333333,3,3,1399,1009,1428
51,202501010112,7,9,6,39,1,0,0,3,0,0,0,0,6,9,5,32,1,0,0,3,0,0,0,0,2,2,1,2,1,0,0,0,0,0,0,0,0.0,0.0,50.0,6.0,38.0,3.6,0.8333333333333334,0.0,0.0,80.0,6.0,39.7,1.0,0.125,0.0,0.0,120.0,6.0,36.4,0.5,0.7142857142857143,0.0,10.0,-700.0,0.21212121212121213,0.30303030303030304,8,13,1503,556,1263
52,202501010112,0,1,3,9,1,4,0,7,0,1,0,0,0,1,3,9,0,3,0,6,0,1,0,0,0,0,0,0,0,0,0,1,0,0,0,0,0.0,0.0,30.0,11.0,37.6,1.1,0.375,0.0,0.0,20.0,3.0,38.1,0.6,0.4375,0.0,0.0,10.0,10.0,38.1,1.5,0.13333333333333333,-0.5,-12.0,-100.0,0.15384615384615385,0.46153846153846156,4,5,1479,1691,857
53,202501010112,8,7,9,40,17,11,7,70,2,2,0,1,7,6,5,31,16,10,6,47,2,2,0,1,0,2,0,2,1,2,0,7,0,2,0,0,0.0,0.0,70.0,6.0,38.6,2.7,0.2857142857142857,0.0,0.0,50.0,16.0,40.5,3.0,0.5625,0.0,0.0,90.0,6.0,36.7,0.7,0.6,0.0,-4.0,0.0,0.1388888888888889,0.25,7,12,1467,1556,336
54,202501010201,0,0,1,2,1,1,1,13,0,0,0,0,0,0,1,2,1,0,1,7,0,0,0,0,0,0,1,0,1,0,1,4,0,0,0,0,0.0,0.0,100.0,11.0,36.9,1.4,0.5,0.0,0.0,50.0,5.0,39.3,2.9,0.4166666666666667,0.0,0.0,110.0,7.0,39.8,0.9,0.125,-2.0,-6.0,300.0,0.0,0.0,3,3,1600,1167,680
55,202501010201,0,0,1,1,1,1,1,13,0,0,0,0,0,0,1,1,1,0,1,7,0,0,0,0,0,0,0,0,1,0,1,4,0,0,0,0,0.0,0.0,50.0,5.0,37.8,2.1,0.7692307692307693,0.0,0.0,30.0,4.0,38.4,0.9,0.3125,0.0,0.0,40.0,4.0,39.3,0.6,0.06666666666666667,-0.5,0.0,0.0,0.04878048780487805,0.1951219512195122,3,4,1676,1167,1428
56,202501010201,0,0,1,2,0,0,0,7,0,0,0,0,0,0,1,2,0,0,0,5,0,0,0,0,0,0,1,0,0,0,0,4,0,0,0,0,0.0,0.0,20.0,2.0,38.4,0.0,0.2,0.0,0.0,40.0,4.0,37.6,1.1,0.8125,0.0,0.0,60.0,3.0,37.1,0.5,0.25,0.5,4.0,0.0,0.09137055837563451,0.3197969543147208,2,2,1600,1428,680
57,202501010201,0,0,0,0,0,0,0,0,0,0,0,0,0,0,0,0,0,0,0,0,0,0,0,0,0,0,0,0,0,0,0,0,0,0,0,0,0.0,0.0,70.0,8.0,36.9,0.4,0.7333333333333333,0.0,0.0,,,,,,0.0,0.0,90.0,6.0,39.0,1.9,0.4375,-2.0,0.0,500.0,0.07446808510638298,0.2978723404255319,7,11,1689,1348,1294
58,202501010201,0,0,0,0,0,0,0,7,0,0,0,0,0,0,0,0,0,0,0,5,0,0,0,0,0,0,0,0,0,0,0,4,0,0,0,0,0.0,0.0,40.0,6.0,36.9,0.4,0.4444444444444444,0.0,0.0,90.0,5.0,35.6,0.5,0.625,,,,,,,,-1.0,-4.0,-300.0,0.21621621621621623,0.32432432432432434,8,13,1693,1428,1167
59,202501010201,0,0,0,0,1,2,1,3,0,0,0,0,0,0,0,0,1,1,1,2,0,0,0,0,0,0,0,0,0,1,1,1,0,0,0,0,0.0,0.0,60.0,6.0,37.6,1.1,0.9285714285714286,0.0,0.0,100.0,4.0,38.2,0.7,0.75,0.0,0.0,80.0,4.0,38.2,1.0,0.35714285714285715,-1.0,0.0,0.0,0.0,0.5,1,1,1627,1618,760
60,202501010201,0,0,0,0,1,2,1,3,0,0,0,0,0,0,0,0,1,1,1,2,0,0,0,0,0,0,0,0,0,1,1,1,0,0,0,0,0.0,0.0,100.0,8.0,34.9,0.9,0.7222222222222222,0.0,0.0,80.0,5.0,35.9,1.1,0.29411764705882354,0.0,0.0,130.0,6.0,34.3,0.6,0.6666666666666666,-1.0,-6.0,100.0,0.03896103896103896,0.19480519480519481,4,5,1693,1618,1167
61,202501010201,0,0,0,0,0,0,1,5,0,0,0,0,0,0,0,0,0,0,1,2,0,0,0,0,0,0,0,0,0,0,1,2,0,0,0,0,0.0,0.0,130.0,11.0,34.1,1.7,0.6666666666666666,0.0,0.0,140.0,17.0,36.9,3.0,0.6666666666666666,,,,,,,,6.0,-2.0,100.0,0.03773584905660377,0.16981132075471697,8,14,1693,1362,1167
62,202501010201,0,0,1,1,0,1,2,7,0,0,0,0,0,0,1,1,0,1,0,4,0,0,0,0,0,0,0,0,0,1,0,2,0,0,0,0,0.0,0.0,100.0,8.0,37.7,1.2,0.125,0.0,0.0,60.0,5.0,35.6,1.0,0.875,0.0,0.0,80.0,10.0,35.1,1.2,0.9375,1.0,-6.0,-700.0,0.08035714285714286,0.1875,5,8,1676,1183,1428
63,202501010201,0,3,1,3,0,0,0,7,0,0,0,1,0,2,1,3,0,0,0,5,0,0,0,1,0,2,1,3,0,0,0,4,0,0,0,1,0.0,0.0,90.0,13.0,34.8,1.5,0.7777777777777778,0.0,0.0,70.0,11.0,36.7,1.3,0.2777777777777778,0.0,0.0,50.0,7.0,36.4,1.0,0.6875,-3.0,-2.0,300.0,0.0,0.5,7,12,1691,1428,1167
64,202501010201,0,0,0,0,0,0,0,0,0,0,0,0,0,0,0,0,0,0,0,0,0,0,0,0,0,0,0,0,0,0,0,0,0,0,0,0,0.0,0.0,80.0,11.0,34.6,1.4,0.8888888888888888,,,,,,,,,,,,,,,,,-100.0,0.0,0.3333333333333333,4,6,1564,314,334
65,202501010201,0,0,0,0,0,0,0,1,0,0,0,0,0,0,0,0,0,0,0,1,0,0,0,0,0,0,0,0,0,0,0,0,0,0,0,0,0.0,0.0,80.0,12.0,41.0,3.2,0.7857142857142857,0.0,0.0,40.0,10.0,34.6,1.3,0.5625,0.0,0.0,80.0,8.0,35.5,1.0,0.17647058823529413,-2.0,-8.0,0.0,0.13513513513513514,0.24324324324324326,6,9,1267,1328,1716
66,202501010201,0,0,0,1,0,0,0,5,0,0,0,0,0,0,0,0,0,0,0,4,0,0,0,0,0,0,0,0,0,0,0,4,0,0,0,0,0.0,0.0,130.0,13.0,43.0,5.4,0.5714285714285714,0.0,0.0,,,,,,0.0,0.0,70.0,13.0,34.0,1.1,0.3125,0.0,,0.0,0.0,0.5,6,10,1601,1235,239
67,202501010201,0,1,0,1,0,0,0,1,0,0,0,0,0,0,0,1,0,0,0,1,0,0,0,0,0,0,0,1,0,0,0,0,0,0,0,0,0.0,0.0,120.0,14.0,42.9,6.9,0.5714285714285714,0.0,0.0,130.0,16.0,36.2,2.7,0.8888888888888888,,,,,,,,2.0,-8.0,0.0,0.03389830508474576,0.11016949152542373,5,7,1261,1328,387
68,202501010203,0,0,0,0,0,0,0,0,0,0,0,0,0,0,0,0,0,0,0,0,0,0,0,0,0,0,0,0,0,0,0,0,0,0,0,0,0.0,0.0,20.0,2.0,36.5,0.2,0.13333333333333333,0.0,0.0,40.0,4.0,36.6,0.8,0.6875,0.0,0.0,100.0,6.0,36.6,0.7,0.75,2.0,-2.0,300.0,0.13793103448275862,0.41379310344827586,3,3,1550,1009,32
69,202501010203,0,0,0,0,0,0,0,0,0,0,0,0,0,0,0,0,0,0,0,0,0,0,0,0,0,0,0,0,0,0,0,0,0,0,0,0,0.0,0.0,50.0,8.0,39.9,1.0,0.3125,0.0,0.0,80.0,5.0,38.7,0.6,0.4666666666666667,0.0,0.0,140.0,9.0,41.0,2.5,0.9375,0.5,-6.0,-100.0,0.25,0.25,7,12,1554,599,322
70,202501010203,0,0,0,0,0,0,0,0,0,0,0,0,0,0,0,0,0,0,0,0,0,0,0,0,0,0,0,0,0,0,0,0,0,0,0,0,0.0,0.0,20.0,8.0,40.4,2.0,0.375,0.0,0.0,20.0,4.0,40.7,0.6,0.16666666666666666,0.0,0.0,10.0,3.0,39.6,0.5,0.3333333333333333,-2.5,0.0,-400.0,0.13333333333333333,0.24,7,11,1670,707,882
71,202501010203,0,0,0,3,0,1,0,0,0,0,0,0,0,0,0,3,0,1,0,0,0,0,0,0,0,0,0,1,0,1,0,0,0,0,0,0,0.0,0.0,120.0,16.0,39.5,4.4,0.5,0.0,0.0,100.0,15.0,35.5,1.8,0.4666666666666667,0.0,0.0,70.0,6.0,34.7,0.7,0.6363636363636364,-5.0,22.0,300.0,,,5,7,1561,1228,1263
72,202501010203,0,0,1,5,0,1,3,8,0,0,0,2,0,0,1,3,0,1,2,6,0,0,0,2,0,0,0,2,0,0,0,4,0,0,0,1,0.0,0.0,80.0,9.0,39.1,1.5,0.8125,0.0,0.0,130.0,5.0,38.4,1.7,0.6875,0.0,0.0,60.0,13.0,43.6,5.7,0.38461538461538464,2.0,-2.0,300.0,0.0,0.25,6,9,1605,1345,1
73,202501010203,0,0,0,1,0,0,0,1,0,0,0,0,0,0,0,1,0,0,0,1,0,0,0,0,0,0,0,1,0,0,0,1,0,0,0,0,0.0,0.0,70.0,5.0,40.0,1.8,0.15384615384615385,0.0,0.0,70.0,7.0,39.0,3.0,0.5,0.0,0.0,50.0,10.0,39.7,0.9,0.4666666666666667,2.5,4.0,0.0,0.045454545454545456,0.09090909090909091,6,10,1672,1366,1167
74,202501010203,0,0,0,2,2,0,0,5,0,0,0,0,0,0,0,2,2,0,0,4,0,0,0,0,0,0,0,0,1,0,0,2,0,0,0,0,0.0,0.0,150.0,6.0,39.7,2.0,0.4666666666666667,0.0,0.0,130.0,11.0,38.5,2.8,0.625,0.0,0.0,130.0,14.0,34.2,1.4,0.875,4.0,-6.0,0.0,0.038461538461538464,0.057692307692307696,1,1,1399,1558,1428
75,202501010203,0,0,0,7,0,0,0,1,0,0,0,0,0,0,0,6,0,0,0,0,0,0,0,0,0,0,0,5,0,0,0,0,0,0,0,0,0.0,0.0,30.0,5.0,38.3,1.9,0.42857142857142855,0.0,0.0,20.0,4.0,40.3,0.8,0.06666666666666667,0.0,0.0,20.0,5.0,36.1,0.9,0.1875,0.0,4.0,-200.0,0.21052631578947367,0.3157894736842105,8,13,1677,1026,1167
76,202501010203,0,1,0,1,1,1,1,13,0,0,0,0,0,1,0,1,1,0,1,7,0,0,0,0,0,0,0,1,1,0,1,4,0,0,0,0,0.0,0.0,80.0,2.0,39.2,1.1,1.0,0.0,0.0,100.0,9.0,39.1,3.0,0.75,0.0,0.0,60.0,6.0,39.5,1.3,0.375,2.0,-6.0,0.0,0.0,0.375,2,2,1064,1167,1556
77,202501010203,0,0,0,0,0,2,1,6,0,0,0,0,0,0,0,0,0,1,1,4,0,0,0,0,0,0,0,0,0,1,1,4,0,0,0,0,0.0,0.0,120.0,10.0,38.5,1.9,0.7142857142857143,0.0,0.0,110.0,10.0,39.3,2.5,1.0,0.0,0.0,140.0,9.0,39.4,2.4,0.8125,-0.5,4.0,0.0,0.037037037037037035,0.16666666666666666,3,4,1689,1393,1294
78,202501010203,0,0,0,0,0,0,0,1,0,0,0,0,0,0,0,0,0,0,0,1,0,0,0,0,0,0,0,0,0,0,0,0,0,0,0,0,0.0,0.0,110.0,8.0,39.7,2.7,0.6875,0.0,0.0,90.0,5.0,37.6,1.4,0.4,0.0,0.0,80.0,7.0,39.4,1.5,0.8,-0.5,-4.0,-100.0,0.07368421052631578,0.29473684210526313,8,14,1479,79,857
79,202501010203,0,0,0,3,0,0,1,1,0,0,0,0,0,0,0,0,0,0,1,1,0,0,0,0,0,0,0,0,0,0,0,1,0,0,0,0,0.0,0.0,50.0,12.0,39.6,2.6,0.7142857142857143,0.0,0.0,20.0,12.0,37.0,2.4,0.6875,0.0,0.0,10.0,5.0,38.7,1.0,0.25,-3.5,10.0,0.0,0.047619047619047616,0.21428571428571427,5,8,1629,1506,1428
80,202501010203,0,0,0,0,0,0,0,0,0,0,0,0,0,0,0,0,0,0,0,0,0,0,0,0,0,0,0,0,0,0,0,0,0,0,0,0,0.0,0.0,70.0,13.0,40.8,2.9,0.07142857142857142,0.0,0.0,30.0,4.0,39.8,1.7,0.46153846153846156,0.0,0.0,60.0,4.0,39.2,1.2,0.75,-4.5,-10.0,0.0,0.07692307692307693,0.23076923076923078,4,5,1434,553,969
81,202501010203,0,0,0,0,0,0,1,7,0,0,0,0,0,0,0,0,0,0,1,7,0,0,0,0,0,0,0,0,0,0,1,4,0,0,0,0,0.0,0.0,130.0,14.0,40.3,3.6,0.35714285714285715,0.0,0.0,130.0,11.0,39.9,2.1,0.625,0.0,0.0,80.0,11.0,40.9,3.3,0.08333333333333333,-1.5,-8.0,0.0,0.0,0.11627906976744186,4,6,1608,1294,737
82,202501010207,0,0,0,0,0,0,0,1,0,0,0,0,0,0,0,0,0,0,0,0,0,0,0,0,0,0,0,0,0,0,0,0,0,0,0,0,0.0,0.0,120.0,7.0,36.8,0.7,0.5,0.0,0.0,80.0,5.0,37.6,0.8,0.35714285714285715,0.0,0.0,60.0,12.0,39.0,1.9,0.25,2.5,0.0,100.0,0.0,0.16666666666666666,6,8,1038,1665,489
83,202501010207,0,0,1,1,1,1,1,13,0,0,0,0,0,0,1,1,1,0,1,7,0,0,0,0,0,0,1,1,0,0,0,1,0,0,0,0,0.0,0.0,60.0,10.0,40.1,2.8,0.13333333333333333,0.0,0.0,10.0,1.0,39.2,0.0,0.06666666666666667,0.0,0.0,80.0,2.0,37.8,0.2,0.125,-4.0,12.0,0.0,0.0,0.0,3,3,1676,1167,1428
84,202501010207,1,0,0,6,0,0,0,5,0,0,0,0,0,0,0,4,0,0,0,4,0,0,0,0,0,0,0,0,0,0,0,0,0,0,0,0,0.0,0.0,50.0,3.0,37.7,0.3,0.42857142857142855,0.0,0.0,70.0,6.0,38.6,0.4,0.4444444444444444,0.0,0.0,70.0,12.0,40.5,2.8,0.42857142857142855,4.5,2.0,-100.0,0.0,0.0,8,13,1127,1235,1328
85,202501010207,0,0,0,0,0,0,0,1,0,0,0,0,0,0,0,0,0,0,0,1,0,0,0,0,0,0,0,0,0,0,0,0,0,0,0,0,0.0,0.0,80.0,4.0,38.4,0.7,0.8461538461538461,0.0,0.0,70.0,4.0,38.1,0.6,0.7692307692307693,0.0,0.0,40.0,8.0,40.9,2.3,0.6666666666666666,2.0,0.0,0.0,0.14285714285714285,0.2571428571428571,5,6,1693,857,1167
86,202501010207,0,0,0,0,0,1,2,7,0,0,0,0,0,0,0,0,0,1,0,4,0,0,0,0,0,0,0,0,0,0,0,2,0,0,0,0,0.0,0.0,110.0,8.0,37.9,1.1,0.4375,0.0,0.0,60.0,6.0,36.3,1.4,1.0,0.0,0.0,90.0,11.0,34.7,1.3,0.75,1.5,-10.0,100.0,0.04,0.2,8,12,1035,1183,1393
87,202501010207,0,1,0,4,0,0,0,0,0,0,0,0,0,0,0,3,0,0,0,0,0,0,0,0,0,0,0,0,0,0,0,0,0,0,0,0,0.0,0.0,60.0,4.0,37.9,0.3,0.7,0.0,0.0,110.0,11.0,38.4,1.6,0.7142857142857143,0.0,0.0,120.0,3.0,37.2,1.0,0.7142857142857143,-0.5,0.0,0.0,0.14814814814814814,0.4444444444444444,7,11,1467,1128,336
88,202501010207,0,1,0,4,0,1,0,4,0,0,0,0,0,0,0,3,0,0,0,2,0,0,0,0,0,0,0,0,0,0,0,2,0,0,0,0,0.0,0.0,40.0,6.0,37.6,0.9,0.35714285714285715,0.0,0.0,80.0,12.0,41.1,2.6,0.07142857142857142,0.0,0.0,40.0,7.0,39.4,0.9,0.2727272727272727,0.5,-6.0,100.0,0.037383177570093455,0.1308411214953271,7,10,1467,1221,336
89,202501010207,0,0,0,0,1,0,0,0,0,0,0,0,0,0,0,0,1,0,0,0,0,0,0,0,0,0,0,0,0,0,0,0,0,0,0,0,0.0,0.0,10.0,1.0,38.6,0.0,0.3125,0.0,0.0,10.0,2.0,38.2,0.1,0.1875,0.0,0.0,40.0,2.0,37.8,0.1,0.13333333333333333,0.5,-6.0,-100.0,0.047619047619047616,0.09523809523809523,6,9,1479,460,857
90,202501010207,0,0,0,0,0,1,2,7,0,0,0,0,0,0,0,0,0,1,0,4,0,0,0,0,0,0,0,0,0,0,0,2,0,0,0,0,0.0,0.0,40.0,3.0,37.8,0.4,0.3,0.0,0.0,60.0,3.0,38.4,0.6,0.3076923076923077,0.0,0.0,20.0,6.0,41.0,1.1,0.18181818181818182,1.5,2.0,-100.0,0.0,0.0,2,2,1432,1183,1428
91,202501010207,0,0,0,0,0,1,0,4,0,0,0,0,0,0,0,0,0,0,0,2,0,0,0,0,0,0,0,0,0,0,0,2,0,0,0,0,0.0,0.0,10.0,2.0,38.0,0.2,0.3,0.0,0.0,20.0,1.0,39.6,0.0,0.06666666666666667,0.0,0.0,20.0,3.0,40.2,1.6,0.3333333333333333,0.5,12.0,0.0,0.09230769230769231,0.3230769230769231,1,1,1382,1221,707
92,202501010207,0,0,0,0,1,0,0,5,0,0,0,0,0,0,0,0,0,0,0,3,0,0,0,0,0,0,0,0,0,0,0,0,0,0,0,0,0.0,0.0,120.0,11.0,40.3,2.3,0.15384615384615385,0.0,0.0,40.0,9.0,38.6,1.3,1.0,0.0,0.0,30.0,1.0,38.9,0.0,0.13333333333333333,-5.0,-6.0,0.0,0.06521739130434782,0.29347826086956524,4,4,1469,1503,88
93,202501010207,0,1,0,1,0,0,0,0,0,0,0,0,0,1,0,1,0,0,0,0,0,0,0,0,0,1,0,0,0,0,0,0,0,0,0,0,0.0,0.0,130.0,12.0,42.3,4.6,0.23076923076923078,0.0,0.0,140.0,16.0,41.1,4.8,0.5625,0.0,0.0,10.0,1.0,39.8,0.0,0.25,-5.5,8.0,0.0,0.0,0.11904761904761904,5,7,1064,57,1556
94,202501010207,0,0,0,0,1,0,0,1,0,0,0,0,0,0,0,0,1,0,0,1,0,0,0,0,0,0,0,0,0,0,0,0,0,0,0,0,0.0,0.0,10.0,1.0,39.2,0.0,0.13333333333333333,0.0,0.0,20.0,3.0,40.5,0.3,0.5,0.0,0.0,10.0,5.0,38.4,1.4,0.4375,2.0,4.0,-100.0,0.16981132075471697,0.39622641509433965,4,5,1401,1110,517
95,202501010210,1,0,1,7,0,0,0,6,0,0,0,0,0,0,1,6,0,0,0,4,0,0,0,0,0,0,0,0,0,0,0,0,0,0,0,0,0.0,0.0,30.0,4.0,35.0,0.4,0.4375,0.0,0.0,10.0,1.0,35.2,0.0,0.2857142857142857,0.0,0.0,20.0,2.0,36.8,0.2,0.3333333333333333,-1.0,-4.0,100.0,0.06451612903225806,0.2903225806451613,2,2,1520,1221,695
96,202501010210,1,0,2,12,0,0,0,0,0,0,0,0,0,0,2,8,0,0,0,0,0,0,0,0,0,0,0,0,0,0,0,0,0,0,0,0,0.0,0.0,40.0,1.0,37.2,0.0,0.14285714285714285,0.0,0.0,20.0,2.0,37.8,0.2,0.3125,0.0,0.0,10.0,3.0,37.5,1.1,0.5384615384615384,1.0,-8.0,0.0,0.16875,0.39375,3,3,1172,565,1556
97,202501010210,0,0,0,0,1,0,0,0,0,0,0,0,0,0,0,0,1,0,0,0,0,0,0,0,0,0,0,0,0,0,0,0,0,0,0,0,0.0,0.0,50.0,10.0,38.6,1.7,0.625,0.0,0.0,60.0,6.0,37.4,1.2,0.8666666666666667,0.0,0.0,10.0,4.0,36.8,0.6,0.46153846153846156,-3.0,4.0,-100.0,0.2222222222222222,0.3055555555555556,4,4,491,882,939
98,202501010210,0,0,0,2,0,0,0,0,0,0,0,0,0,0,0,2,0,0,0,0,0,0,0,0,0,0,0,0,0,0,0,0,0,0,0,0,0.0,0.0,40.0,8.0,36.0,1.1,0.75,0.0,0.0,60.0,4.0,38.0,0.8,0.875,0.0,0.0,30.0,5.0,36.7,0.7,0.4,-1.5,0.0,-400.0,0.14285714285714285,0.42857142857142855,5,5,1064,815,1556
99,202501010210,0,0,0,4,0,0,0,1,0,0,0,0,0,0,0,4,0,0,0,1,0,0,0,0,0,0,0,0,0,0,0,0,0,0,0,0,0.0,0.0,50.0,2.0,37.3,0.0,0.0625,0.0,0.0,110.0,2.0,36.4,0.3,0.125,0.0,0.0,100.0,10.0,36.9,1.5,0.0625,4.0,6.0,0.0,0.0,0.0,8,8,1656,1170,1576
100,202501010210,2,1,0,18,0,0,1,0,0,0,0,0,1,0,0,13,0,0,1,0,0,0,0,0,0,0,0,1,0,0,0,0,0,0,0,0,0.0,0.0,80.0,6.0,35.7,0.7,0.1875,0.0,0.0,70.0,11.0,35.6,1.1,0.625,0.0,0.0,20.0,10.0,39.5,1.3,0.375,2.0,-8.0,100.0,0.09183673469387756,0.32142857142857145,7,7,1716,1542,1167
101,202501010210,1,0,0,5,0,0,0,2,0,0,0,0,1,0,0,4,0,0,0,2,0,0,0,0,0,0,0,1,0,0,0,0,0,0,0,0,0.0,0.0,80.0,7.0,36.8,1.8,0.625,0.0,0.0,120.0,8.0,38.5,1.3,0.8125,0.0,0.0,130.0,14.0,38.1,2.0,0.7333333333333333,3.5,14.0,0.0,0.03418803418803419,0.1111111111111111,1,1,1167,324,460
102,202501010210,0,0,0,3,0,0,0,0,0,0,0,0,0,0,0,3,0,0,0,0,0,0,0,0,0,0,0,0,0,0,0,0,0,0,0,0,0.0,0.0,60.0,8.0,37.0,2.0,0.875,0.0,0.0,70.0,8.0,36.0,0.7,0.0625,0.0,0.0,70.0,9.0,38.5,1.0,0.1875,0.5,-6.0,0.0,0.039473684210526314,0.19736842105263158,6,6,1463,660,1167
103,202501010303,1,1,0,5,0,0,0,0,0,0,0,0,1,1,0,2,0,0,0,0,0,0,0,0,0,0,0,0,0,0,0,0,0,0,0,0,0.0,0.0,50.0,2.0,38.5,0.1,0.13333333333333333,0.0,0.0,40.0,3.0,38.1,0.9,0.4375,0.0,0.0,50.0,5.0,38.0,0.7,0.06666666666666667,1.5,2.0,-100.0,0.09,0.32,2,2,1352,4,1503
104,202501010303,0,0,0,1,0,0,0,1,0,0,0,1,0,0,0,1,0,0,0,1,0,0,0,1,0,0,0,1,0,0,0,1,0,0,0,1,0.0,0.0,50.0,7.0,34.2,0.6,1.0,0.0,0.0,60.0,5.0,34.9,0.1,0.7222222222222222,0.0,0.0,40.0,7.0,36.0,1.0,0.8125,0.0,0.0,100.0,0.0,0.5,7,11,759,125,1428
105,202501010303,1,1,1,2,2,4,5,43,0,0,0,0,1,1,1,2,2,2,4,30,0,0,0,0,1,0,1,2,2,1,2,15,0,0,0,0,0.0,0.0,60.0,12.0,40.0,2.9,0.3125,0.0,0.0,80.0,8.0,40.2,1.7,0.06666666666666667,0.0,0.0,30.0,7.0,41.0,2.3,0.125,-2.5,24.0,300.0,0.07216494845360824,0.28865979381443296,4,6,1693,1393,1167
106,202501010303,3,3,3,38,2,4,5,43,0,0,0,0,3,1,2,29,2,2,4,30,0,0,0,0,3,1,1,16,2,1,2,15,0,0,0,0,0.0,0.0,70.0,7.0,39.7,1.7,0.26666666666666666,0.0,0.0,100.0,9.0,42.1,1.6,0.13333333333333333,0.0,0.0,80.0,9.0,40.8,2.4,0.125,1.0,0.0,0.0,0.061224489795918366,0.23469387755102042,5,8,1127,1393,1328
107,202501010303,0,0,0,0,0,0,0,0,0,0,0,0,0,0,0,0,0,0,0,0,0,0,0,0,0,0,0,0,0,0,0,0,0,0,0,0,0.0,0.0,80.0,5.0,38.4,1.0,0.26666666666666666,0.0,0.0,20.0,7.0,40.0,1.2,0.0625,0.0,0.0,50.0,4.0,38.8,2.3,0.26666666666666666,-0.5,-4.0,-100.0,0.0,0.25,6,9,1267,33,1716
108,202501010303,2,1,1,8,0,0,0,2,0,0,0,1,1,0,1,7,0,0,0,2,0,0,0,1,0,0,0,1,0,0,0,1,0,0,0,0,0.0,0.0,150.0,12.0,42.2,2.4,0.0625,0.0,0.0,110.0,9.0,41.7,2.6,0.4,0.0,0.0,60.0,14.0,41.3,5.9,0.8,1.0,-2.0,-300.0,0.03636363636363636,0.16363636363636364,4,5,32,568,664
109,202501010303,1,0,3,18,0,0,0,1,0,0,0,0,1,0,2,15,0,0,0,0,0,0,0,0,0,0,0,6,0,0,0,0,0,0,0,0,0.0,0.0,40.0,7.0,38.4,1.5,0.5,0.0,0.0,50.0,4.0,39.3,2.6,0.2857142857142857,0.0,0.0,70.0,9.0,41.4,2.5,0.125,1.0,4.0,0.0,0.045454545454545456,0.20454545454545456,8,14,1045,232,969
110,202501010303,2,0,0,4,3,1,0,4,0,0,0,0,0,0,0,3,1,1,0,3,0,0,0,0,0,0,0,2,1,1,0,3,0,0,0,0,0.0,0.0,50.0,8.0,38.2,1.8,0.7142857142857143,0.0,0.0,110.0,6.0,37.5,1.2,0.3125,0.0,0.0,130.0,5.0,36.5,0.9,0.6875,-1.5,-2.0,0.0,0.0,0.0,3,3,1564,857,334
111,202501010303,0,2,1,5,2,1,1,13,0,0,0,0,0,2,1,5,1,0,1,8,0,0,0,0,0,1,0,2,1,0,1,6,0,0,0,0,0.0,0.0,140.0,9.0,39.0,2.4,0.8571428571428571,0.0,0.0,140.0,11.0,40.4,2.2,0.8571428571428571,0.0,0.0,130.0,7.0,39.5,2.2,0.7142857142857143,-1.0,6.0,0.0,0.03361344537815126,0.1092436974789916,8,13,1537,1561,488
112,202501010303,0,1,0,10,3,0,0,6,0,0,0,0,0,1,0,6,3,0,0,6,0,0,0,0,0,0,0,4,0,0,0,4,0,0,0,0,0.0,0.0,100.0,11.0,37.4,1.4,0.0625,0.0,0.0,50.0,5.0,35.9,1.0,0.3125,0.0,0.0,10.0,3.0,36.5,0.5,0.3125,-4.0,6.0,-900.0,0.0,0.3333333333333333,1,1,1704,1571,1712
113,202501010303,8,7,9,40,2,1,1,13,0,0,0,0,7,6,5,31,1,0,1,8,0,0,0,0,4,3,2,13,1,0,1,6,0,0,0,0,0.0,0.0,100.0,17.0,38.0,2.3,1.0,,,,,,,,,,,,,,,,,-300.0,0.0,0.3333333333333333,7,12,1467,1561,336
114,202501010303,1,0,0,1,2,1,0,1,0,0,0,0,1,0,0,1,1,1,0,1,0,0,0,0,0,0,0,0,0,0,0,1,0,0,0,0,0.0,0.0,40.0,5.0,41.0,2.7,0.07142857142857142,0.0,0.0,50.0,5.0,39.1,0.9,0.4375,0.0,0.0,100.0,9.0,38.7,1.3,0.375,2.0,-4.0,0.0,0.16666666666666666,0.3333333333333333,5,7,684,910,429
115,202501010303,0,0,0,0,0,0,1,3,0,0,0,0,0,0,0,0,0,0,1,3,0,0,0,0,0,0,0,0,0,0,1,2,0,0,0,0,0.0,0.0,100.0,13.0,40.3,3.6,0.5714285714285714,0.0,0.0,80.0,10.0,36.9,1.7,0.17647058823529413,,,,,,,,-3.0,6.0,0.0,0.037037037037037035,0.12962962962962962,3,4,536,565,599
116,202501010303,0,0,0,3,7,8,7,83,0,0,0,1,0,0,0,2,6,5,5,69,0,0,0,1,0,0,0,0,2,0,2,20,0,0,0,0,0.0,0.0,30.0,14.0,42.8,5.4,0.14285714285714285,0.0,0.0,20.0,5.0,40.7,1.9,0.07142857142857142,0.0,0.0,20.0,14.0,43.4,3.9,0.25,0.0,-4.0,0.0,0.16770186335403728,0.39751552795031053,6,10,1521,1263,1313
117,202501010308,2,1,1,8,0,0,0,0,0,0,0,0,1,0,1,7,0,0,0,0,0,0,0,0,1,0,1,3,0,0,0,0,0,0,0,0,0.0,0.0,10.0,6.0,35.9,0.1,0.5625,0.0,0.0,20.0,1.0,36.9,0.0,0.25,,,,,,,,-5.0,4.0,100.0,0.0,0.0,7,8,32,817,664
118,202501010308,0,0,0,1,7,6,11,50,0,0,0,0,0,0,0,0,5,6,5,35,0,0,0,0,0,0,0,0,1,5,5,16,0,0,0,0,0.0,0.0,10.0,10.0,39.7,2.1,0.6923076923076923,0.0,0.0,10.0,2.0,38.0,0.2,0.3,0.0,0.0,20.0,1.0,39.6,0.0,0.06666666666666667,-4.5,0.0,0.0,0.0,0.3333333333333333,3,3,1382,1221,707
119,202501010308,2,2,1,17,0,0,0,4,0,0,0,0,2,1,0,12,0,0,0,4,0,0,0,0,2,0,0,1,0,0,0,1,0,0,0,0,0.0,0.0,10.0,1.0,38.1,0.0,0.5,0.0,0.0,40.0,2.0,38.6,0.4,0.5833333333333334,0.0,0.0,80.0,6.0,40.0,1.8,0.2857142857142857,2.5,2.0,0.0,0.037037037037037035,0.12962962962962962,8,10,1600,1505,680
120,202501010308,2,0,0,21,0,0,0,1,0,0,0,0,1,0,0,16,0,0,0,0,0,0,0,0,0,0,0,1,0,0,0,0,0,0,0,0,0.0,0.0,130.0,8.0,38.3,2.2,0.3333333333333333,0.0,0.0,50.0,1.0,39.5,0.0,0.16666666666666666,0.0,0.0,60.0,5.0,39.1,0.5,0.375,-1.5,0.0,-100.0,0.13095238095238096,0.35714285714285715,6,7,1289,1189,1428
121,202501010308,3,9,4,31,1,2,1,9,0,0,0,0,2,7,4,28,1,2,1,8,0,0,0,0,0,2,0,6,0,2,1,5,0,0,0,0,0.0,0.0,60.0,4.0,38.9,0.3,0.8181818181818182,0.0,0.0,30.0,9.0,37.5,1.3,0.5,0.0,0.0,10.0,11.0,40.1,1.9,0.5714285714285714,3.5,-8.0,-700.0,0.07291666666666667,0.2916666666666667,6,6,1586,79,1167
122,202501010308,1,3,4,31,0,0,1,3,0,0,1,1,0,1,2,22,0,0,0,1,0,0,0,0,0,0,0,4,0,0,0,1,0,0,0,0,0.0,0.0,80.0,2.0,37.9,0.5,0.35714285714285715,0.0,0.0,90.0,3.0,35.4,1.1,0.5,0.0,0.0,80.0,4.0,36.3,0.3,0.5454545454545454,1.0,-2.0,0.0,0.038461538461538464,0.19230769230769232,8,11,1020,1641,1576
123,202501010308,11,5,4,67,6,7,5,70,0,0,0,6,10,3,3,57,5,5,4,57,0,0,0,4,3,2,2,25,1,1,1,18,0,0,0,2,0.0,0.0,70.0,15.0,40.4,4.7,0.7333333333333333,0.0,0.0,90.0,4.0,36.9,1.3,0.23076923076923078,0.0,0.0,100.0,10.0,36.9,0.9,0.9230769230769231,-2.5,4.0,100.0,0.038461538461538464,0.1346153846153846,5,5,1691,1294,1167
124,202501010308,0,0,2,7,7,6,11,50,0,0,1,0,0,0,1,5,5,6,5,35,0,0,0,0,0,0,0,0,1,5,5,16,0,0,0,0,0.0,0.0,110.0,6.0,39.2,0.9,0.13333333333333333,0.0,0.0,50.0,10.0,36.8,1.8,0.8,0.0,0.0,40.0,9.0,40.1,1.7,0.1875,1.5,12.0,-100.0,0.07142857142857142,0.21428571428571427,7,9,1656,1221,1576
125,202501010308,6,10,11,81,15,8,11,92,0,1,3,7,5,5,6,55,10,6,10,59,0,0,2,6,1,0,2,19,4,0,0,26,0,0,0,4,0.0,0.0,90.0,3.0,37.6,0.6,0.3,0.0,0.0,80.0,11.0,35.7,1.6,0.75,0.0,0.0,80.0,9.0,35.7,2.1,0.9166666666666666,3.0,0.0,0.0,0.0,0.3333333333333333,4,4,1716,1183,1167
126,202501010308,15,12,7,67,6,2,6,44,1,1,0,1,11,7,3,43,4,0,5,33,1,0,0,0,4,2,1,8,1,0,2,13,1,0,0,0,0.0,0.0,70.0,3.0,37.9,0.3,0.35714285714285715,0.0,0.0,70.0,3.0,38.1,1.0,0.6363636363636364,0.0,0.0,100.0,9.0,40.1,2.3,0.75,3.0,2.0,0.0,0.09090909090909091,0.32323232323232326,1,1,1576,1482,1577
127,202501010308,1,1,0,10,0,0,1,3,0,0,0,0,1,1,0,9,0,0,1,3,0,0,0,0,0,0,0,1,0,0,0,1,0,0,0,0,0.0,0.0,70.0,12.0,34.6,1.3,0.7142857142857143,0.0,0.0,40.0,5.0,35.6,0.5,0.5,0.0,0.0,90.0,4.0,35.4,0.8,0.6,-4.0,8.0,-100.0,0.2,0.4,2,2,1246,565,533
128,202501010312,9,8,4,64,0,0,0,5,0,0,0,0,6,7,3,55,0,0,0,4,0,0,0,0,0,0,0,7,0,0,0,0,0,0,0,0,0.0,0.0,30.0,2.0,36.6,0.1,0.2,0.0,0.0,120.0,5.0,40.4,0.8,0.3125,0.0,0.0,50.0,15.0,42.4,3.9,0.125,6.5,4.0,0.0,0.05154639175257732,0.2268041237113402,7,11,1278,1734,625
129,202501010312,3,9,4,31,5,12,7,84,0,1,0,1,2,7,4,28,5,7,4,64,0,1,0,1,0,1,0,4,1,3,0,8,0,1,0,1,0.0,0.0,20.0,2.0,37.9,0.4,0.8181818181818182,0.0,0.0,20.0,3.0,38.1,0.6,0.8571428571428571,0.0,0.0,120.0,3.0,37.6,0.3,0.9375,0.5,2.0,0.0,,,3,4,1586,1013,1167
130,202501010312,0,0,0,0,0,0,0,5,0,0,0,0,0,0,0,0,0,0,0,4,0,0,0,0,0,0,0,0,0,0,0,0,0,0,0,0,0.0,0.0,20.0,5.0,36.9,1.1,0.7333333333333333,0.0,0.0,20.0,9.0,38.7,1.1,0.26666666666666666,0.0,0.0,20.0,1.0,37.7,0.0,0.1875,-2.0,22.0,0.0,0.3333333333333333,0.3333333333333333,1,1,1469,1734,88
131,202501010312,1,1,1,2,17,11,7,70,0,0,0,0,1,1,1,2,16,10,6,47,0,0,0,0,0,1,0,0,1,2,0,7,0,0,0,0,0.0,0.0,90.0,11.0,36.7,1.3,0.5,0.0,0.0,,,,,,0.0,0.0,10.0,5.0,39.0,0.3,0.7333333333333333,-6.0,6.0,100.0,0.09045226130653267,0.32160804020100503,6,10,1693,1556,1167
132,202501010312,9,8,4,64,8,8,14,85,1,0,0,2,6,7,3,55,4,4,9,67,1,0,0,2,0,0,0,7,0,0,0,2,0,0,0,0,0.0,0.0,100.0,5.0,36.8,0.4,0.6666666666666666,0.0,0.0,10.0,1.0,37.1,0.0,0.42857142857142855,,,,,,,,-4.0,-4.0,300.0,0.22988505747126436,0.4942528735632184,7,12,1278,1428,625
133,202501010312,1,1,0,9,0,2,1,5,0,1,0,0,1,1,0,7,0,2,1,5,0,1,0,0,0,0,0,0,0,0,0,0,0,0,0,0,0.0,0.0,20.0,8.0,39.5,0.8,0.7333333333333333,0.0,0.0,50.0,2.0,38.9,0.3,0.9375,0.0,0.0,70.0,4.0,36.9,0.8,0.7857142857142857,-2.0,6.0,-100.0,0.0,1.0,4,5,1222,1645,1328
134,202501010312,1,1,1,7,8,10,9,71,0,0,0,0,1,1,1,6,6,6,3,55,0,0,0,0,0,0,0,0,1,1,1,11,0,0,0,0,0.0,0.0,60.0,4.0,37.6,0.8,0.8125,0.0,0.0,30.0,4.0,35.4,0.2,0.8571428571428571,0.0,0.0,50.0,3.0,36.7,0.5,0.8125,-0.5,-8.0,-100.0,0.13157894736842105,0.25,5,7,1154,1558,1561
135,202501010312,1,0,0,9,0,0,0,1,0,0,0,0,1,0,0,8,0,0,0,0,0,0,0,0,0,0,0,0,0,0,0,0,0,0,0,0,0.0,0.0,50.0,4.0,38.2,1.1,0.7272727272727273,0.0,0.0,120.0,9.0,37.0,0.9,0.7857142857142857,0.0,0.0,130.0,12.0,35.6,1.3,0.6923076923076923,4.0,-2.0,0.0,0.03669724770642202,0.13761467889908258,2,2,1670,1315,882
136,202501010312,5,4,1,32,1,1,0,3,1,0,0,0,3,4,1,21,1,1,0,2,1,0,0,0,0,0,0,3,0,0,0,0,0,0,0,0,0.0,0.0,60.0,5.0,39.1,1.2,0.18181818181818182,0.0,0.0,50.0,11.0,38.3,1.1,0.07142857142857142,0.0,0.0,150.0,9.0,38.3,1.4,0.5,2.0,-4.0,0.0,0.046511627906976744,0.20930232558139536,8,14,1393,377,1263
137,202501010312,3,0,0,17,2,1,2,20,0,0,0,3,0,0,0,15,2,1,1,14,0,0,0,3,0,0,0,2,1,0,0,2,0,0,0,2,0.0,0.0,40.0,1.0,37.6,0.0,0.4,0.0,0.0,80.0,9.0,37.9,1.4,0.6875,0.0,0.0,30.0,1.0,38.3,0.0,0.5625,0.0,4.0,0.0,0.0379746835443038,0.189873417721519,4,6,1676,1506,1428
138,202501010312,6,3,1,18,6,5,6,63,0,0,0,0,2,2,1,12,3,2,3,47,0,0,0,0,0,2,1,5,0,1,0,5,0,0,0,0,0.0,0.0,30.0,3.0,37.9,0.2,0.16666666666666666,0.0,0.0,10.0,1.0,36.8,0.0,0.2,0.0,0.0,40.0,2.0,39.4,0.4,0.0625,-0.5,18.0,0.0,0.12941176470588237,0.35294117647058826,6,9,1401,1345,517
139,202501010312,1,2,4,26,0,2,2,8,0,0,0,0,1,1,2,14,0,1,2,7,0,0,0,0,0,0,0,0,0,1,0,2,0,0,0,0,0.0,0.0,80.0,9.0,35.5,2.9,0.6666666666666666,0.0,0.0,100.0,12.0,39.2,2.1,0.6428571428571429,0.0,0.0,50.0,1.0,37.9,0.0,0.15384615384615385,-4.0,0.0,100.0,0.03773584905660377,0.1320754716981132,5,8,1629,1448,1428
140,202501010312,8,2,3,40,0,0,0,1,0,0,0,1,8,2,1,32,0,0,0,1,0,0,0,1,0,0,0,0,0,0,0,0,0,0,0,0,0.0,0.0,140.0,13.0,39.2,3.3,0.35714285714285715,0.0,0.0,90.0,9.0,38.6,1.5,0.9090909090909091,0.0,0.0,120.0,7.0,37.1,0.7,0.5,-3.0,2.0,0.0,0.0,0.08333333333333333,3,3,1152,659,1428
141,202501010312,5,2,2,30,0,0,0,2,0,0,0,0,2,0,2,16,0,0,0,2,0,0,0,0,0,0,0,4,0,0,0,1,0,0,0,0,0.0,0.0,100.0,3.0,38.6,0.9,0.36363636363636365,0.0,0.0,110.0,15.0,42.6,4.0,0.4666666666666667,0.0,0.0,20.0,1.0,38.0,0.0,0.35714285714285715,-1.0,2.0,0.0,0.06666666666666667,0.2,8,13,1317,1611,1186
142,202501010402,0,1,0,3,13,12,17,89,0,0,0,1,0,1,0,3,9,10,13,63,0,0,0,1,0,0,0,0,3,4,7,38,0,0,0,0,0.0,0.0,50.0,4.0,38.4,0.9,0.6428571428571429,0.0,0.0,80.0,7.0,38.3,0.8,0.14285714285714285,0.0,0.0,100.0,15.0,41.3,2.9,0.1875,5.5,-4.0,0.0,0.08080808080808081,0.30303030303030304,8,13,1689,1167,1294
143,202501010402,1,1,0,2,0,0,0,0,0,0,0,0,1,1,0,2,0,0,0,0,0,0,0,0,1,1,0,1,0,0,0,0,0,0,0,0,0.0,0.0,90.0,5.0,40.1,1.1,0.5333333333333333,0.0,0.0,50.0,3.0,40.0,1.3,0.6,0.0,0.0,80.0,7.0,34.5,0.8,0.3333333333333333,1.0,-8.0,-100.0,0.07894736842105263,0.18421052631578946,3,3,1220,783,1317
144,202501010402,0,0,0,2,13,12,17,89,0,0,0,0,0,0,0,2,9,10,13,63,0,0,0,0,0,0,0,2,3,4,7,38,0,0,0,0,0.0,0.0,80.0,4.0,38.5,0.3,0.6923076923076923,0.0,0.0,80.0,3.0,38.3,1.1,0.4166666666666667,0.0,0.0,40.0,7.0,39.2,1.3,0.9285714285714286,1.5,2.0,0.0,0.036036036036036036,0.13513513513513514,2,2,1591,1167,464
145,202501010402,0,0,0,0,6,5,6,63,0,0,0,0,0,0,0,0,3,2,3,47,0,0,0,0,0,0,0,0,1,1,0,17,0,0,0,0,0.0,0.0,50.0,4.0,39.3,1.4,0.2857142857142857,0.0,0.0,70.0,4.0,39.2,0.5,0.21428571428571427,0.0,0.0,80.0,8.0,39.1,1.5,0.42857142857142855,2.0,-8.0,0.0,0.22727272727272727,0.48863636363636365,7,11,1652,1345,314
146,202501010402,8,7,9,40,2,2,3,35,0,0,0,0,7,6,5,31,0,1,1,24,0,0,0,0,4,3,2,13,0,0,0,12,0,0,0,0,0.0,0.0,80.0,8.0,41.2,0.8,0.0625,0.0,0.0,130.0,10.0,36.7,2.1,0.42857142857142855,0.0,0.0,110.0,13.0,38.5,3.7,0.9285714285714286,2.5,4.0,0.0,0.0,0.16666666666666666,1,1,1467,1228,336
147,202501010402,0,4,2,24,0,0,1,5,0,0,0,1,0,3,1,16,0,0,1,4,0,0,0,1,0,3,1,7,0,0,1,0,0,0,0,0,0.0,0.0,10.0,2.0,38.8,0.6,0.07692307692307693,0.0,0.0,40.0,3.0,36.8,0.1,0.8571428571428571,0.0,0.0,70.0,8.0,38.4,1.2,0.1875,3.0,-2.0,0.0,0.09405940594059406,0.3217821782178218,5,8,1426,1430,306
148,202501010402,1,3,2,11,6,7,5,70,0,0,0,0,1,3,2,8,5,5,4,57,0,0,0,0,1,0,1,3,3,4,2,27,0,0,0,0,0.0,0.0,100.0,7.0,40.3,2.1,0.14285714285714285,0.0,0.0,60.0,13.0,40.6,3.5,0.14285714285714285,0.0,0.0,20.0,6.0,40.0,1.7,0.26666666666666666,-0.5,16.0,0.0,0.0375,0.1875,8,14,1248,1294,1428
149,202501010402,2,1,3,39,2,1,1,13,0,0,1,2,2,1,2,34,1,0,1,8,0,0,1,2,1,0,2,29,1,0,1,6,0,0,1,2,0.0,0.0,60.0,10.0,35.1,0.9,0.6,0.0,0.0,70.0,6.0,35.9,1.1,0.4375,0.0,0.0,50.0,4.0,36.9,0.7,0.125,-3.0,6.0,500.0,0.12790697674418605,0.3488372093023256,6,9,1098,1561,1294
150,202501010402,1,3,5,24,2,4,5,43,0,0,0,2,1,3,5,21,2,2,4,30,0,0,0,1,1,2,2,15,2,1,2,15,0,0,0,1,0.0,0.0,120.0,9.0,40.1,2.6,0.5714285714285714,0.0,0.0,110.0,8.0,39.8,1.9,0.4666666666666667,0.0,0.0,110.0,4.0,39.1,1.3,0.3333333333333333,-2.5,0.0,0.0,0.03773584905660377,0.05660377358490566,3,4,1506,1393,199
151,202501010402,2,1,3,39,13,12,17,89,0,0,0,0,2,1,2,34,9,10,13,63,0,0,0,0,1,0,2,29,3,4,7,38,0,0,0,0,0.0,0.0,80.0,9.0,41.6,2.6,0.4375,0.0,0.0,80.0,10.0,36.6,2.4,0.7647058823529411,,,,,,,,1.0,8.0,-100.0,0.0,0.6,4,6,1098,1167,1294
152,202501010402,8,7,9,40,3,5,5,31,0,0,0,3,7,6,5,31,2,3,3,24,0,0,0,3,4,3,2,13,2,3,3,14,0,0,0,2,0.0,0.0,110.0,11.0,40.5,2.9,0.42857142857142855,0.0,0.0,150.0,13.0,38.7,1.8,0.375,0.0,0.0,80.0,9.0,38.1,1.0,0.25,-1.0,12.0,0.0,0.0,0.1111111111111111,7,12,1467,1362,336
153,202501010402,0,0,0,10,8,8,14,85,0,0,0,0,0,0,0,6,4,4,9,67,0,0,0,0,0,0,0,3,3,2,6,47,0,0,0,0,0.0,0.0,20.0,12.0,40.5,3.0,0.7857142857142857,0.0,0.0,40.0,5.0,36.4,0.8,0.08333333333333333,0.0,0.0,60.0,2.0,37.4,0.0,0.1875,-5.0,-6.0,0.0,0.16666666666666666,0.3950617283950617,6,10,1282,1428,377
154,202501010402,4,2,3,29,3,0,0,2,0,0,0,0,3,1,1,21,2,0,0,0,0,0,0,0,1,0,0,12,1,0,0,0,0,0,0,0,0.0,0.0,130.0,13.0,42.8,4.8,0.14285714285714285,0.0,0.0,130.0,14.0,38.8,2.0,0.3125,0.0,0.0,90.0,7.0,38.2,1.4,0.0625,-3.0,0.0,0.0,0.0,0.2,4,5,1657,1716,1317
155,202501010402,1,3,2,11,2,1,2,20,0,0,0,0,1,3,2,8,2,1,1,14,0,0,0,0,1,0,1,3,1,1,0,7,0,0,0,0,0.0,0.0,90.0,8.0,40.5,2.2,0.2857142857142857,0.0,0.0,70.0,3.0,39.7,0.9,0.6,0.0,0.0,40.0,5.0,40.5,1.6,0.9333333333333333,-1.5,10.0,0.0,0.125,0.375,5,7,1248,1506,1428
156,202501010404,11,10,11,44,17,11,7,70,1,2,0,3,8,8,8,39,16,10,6,47,1,2,0,2,4,3,6,14,6,5,2,19,1,2,0,0,0.0,0.0,10.0,5.0,39.4,0.3,0.15384615384615385,0.0,0.0,30.0,2.0,38.2,0.5,0.08333333333333333,0.0,0.0,10.0,5.0,38.4,1.1,0.7272727272727273,0.0,6.0,0.0,0.1656441717791411,0.39263803680981596,5,8,1605,1556,1
157,202501010404,5,4,1,32,0,1,0,10,0,0,0,0,3,4,1,21,0,1,0,9,0,0,0,0,2,4,0,13,0,0,0,7,0,0,0,0,0.0,0.0,50.0,10.0,37.3,1.1,0.375,0.0,0.0,20.0,4.0,36.0,0.7,0.2777777777777778,0.0,0.0,40.0,6.0,35.8,0.8,0.2777777777777778,-2.0,0.0,-100.0,0.06060606060606061,0.23232323232323232,7,12,1393,197,1263
158,202501010404,0,0,0,0,1,0,1,8,0,0,0,0,0,0,0,0,1,0,1,7,0,0,0,0,0,0,0,0,1,0,0,4,0,0,0,0,0.0,0.0,20.0,8.0,38.8,1.7,0.125,0.0,0.0,40.0,4.0,36.8,0.5,0.1875,0.0,0.0,20.0,3.0,36.2,1.0,0.7333333333333333,-2.5,-2.0,500.0,0.03571428571428571,0.14285714285714285,5,7,1550,1160,32
159,202501010404,0,0,0,0,0,0,0,0,0,0,0,0,0,0,0,0,0,0,0,0,0,0,0,0,0,0,0,0,0,0,0,0,0,0,0,0,0.0,0.0,50.0,2.0,38.6,0.1,0.8461538461538461,0.0,0.0,30.0,2.0,38.5,0.5,0.8571428571428571,0.0,0.0,40.0,4.0,38.3,0.7,0.6666666666666666,1.0,-2.0,0.0,0.037037037037037035,0.05555555555555555,8,14,1101,1117,1127
160,202501010404,0,1,0,3,0,0,0,0,0,0,0,0,0,1,0,3,0,0,0,0,0,0,0,0,0,0,0,0,0,0,0,0,0,0,0,0,0.0,0.0,40.0,6.0,39.0,2.5,0.3076923076923077,0.0,0.0,40.0,15.0,39.6,3.3,0.3125,0.0,0.0,40.0,3.0,37.7,0.2,0.625,-1.5,0.0,0.0,0.2247191011235955,0.48314606741573035,1,1,1689,1152,1294
161,202501010404,2,1,1,8,2,4,3,21,0,0,0,0,1,0,1,7,2,4,3,20,0,0,0,0,0,0,0,1,0,0,0,1,0,0,0,0,0.0,0.0,40.0,3.0,39.4,0.6,0.13333333333333333,0.0,0.0,60.0,6.0,39.2,1.2,0.5384615384615384,0.0,0.0,50.0,7.0,38.9,2.4,0.9166666666666666,2.0,-4.0,-100.0,0.09,0.31,3,4,32,334,664
162,202501010404,3,1,2,20,17,11,7,70,0,0,0,0,3,1,2,14,16,10,6,47,0,0,0,0,0,1,1,4,6,5,2,19,0,0,0,0,0.0,0.0,110.0,10.0,39.5,1.7,0.5,0.0,0.0,110.0,7.0,39.8,1.9,0.46153846153846156,0.0,0.0,110.0,11.0,39.1,2.4,0.5714285714285714,0.5,8.0,0.0,0.0,0.14285714285714285,6,10,1431,1556,1428
163,202501010404,2,1,3,39,6,5,6,38,0,0,0,0,2,1,2,34,4,4,5,33,0,0,0,0,1,0,2,29,3,4,3,20,0,0,0,0,0.0,0.0,100.0,7.0,38.7,1.1,1.0,0.0,0.0,70.0,4.0,37.1,1.9,0.4375,0.0,0.0,80.0,10.0,39.1,2.6,0.8461538461538461,1.5,14.0,0.0,0.0625,0.1875,4,5,1098,1503,1294
164,202501010404,0,1,0,3,8,8,14,85,0,0,0,0,0,1,0,3,4,4,9,67,0,0,0,0,0,0,0,0,3,2,6,47,0,0,0,0,0.0,0.0,60.0,7.0,36.1,0.9,0.875,0.0,0.0,90.0,4.0,35.5,0.5,0.7222222222222222,0.0,0.0,100.0,5.0,35.0,0.8,1.0,-1.0,-8.0,-100.0,0.0,0.10869565217391304,8,13,1689,1428,1294
165,202501010404,0,0,0,10,8,8,14,85,0,0,0,0,0,0,0,6,4,4,9,67,0,0,0,0,0,0,0,3,3,2,6,47,0,0,0,0,0.0,0.0,90.0,7.0,38.6,2.0,0.6875,0.0,0.0,90.0,13.0,35.9,2.0,0.75,0.0,0.0,50.0,6.0,36.2,0.5,0.9090909090909091,-0.5,10.0,300.0,0.1111111111111111,0.3333333333333333,6,9,1282,1428,377
166,202501010404,1,1,1,13,3,1,1,34,0,0,0,0,0,1,1,11,3,1,1,27,0,0,0,0,0,1,1,9,2,1,1,18,0,0,0,0,0.0,0.0,120.0,8.0,39.4,2.1,0.5384615384615384,0.0,0.0,70.0,8.0,39.1,1.7,0.2222222222222222,0.0,0.0,140.0,13.0,36.9,1.7,0.4375,2.5,-2.0,0.0,0.0,0.0,3,3,1507,1014,593
167,202501010404,2,0,0,4,0,0,0,0,0,0,0,0,0,0,0,3,0,0,0,0,0,0,0,0,0,0,0,2,0,0,0,0,0,0,0,0,0.0,0.0,120.0,12.0,44.0,4.7,0.07142857142857142,0.0,0.0,110.0,6.0,39.5,2.1,0.75,0.0,0.0,150.0,10.0,36.2,1.3,0.625,-1.0,-4.0,0.0,0.0,0.5,4,6,1564,1098,334
168,202501010404,9,8,4,64,4,5,1,45,1,0,0,2,6,7,3,55,1,4,1,26,1,0,0,2,3,4,2,20,1,3,0,14,1,0,0,0,0.0,0.0,80.0,13.0,43.1,4.8,0.42857142857142855,0.0,0.0,90.0,6.0,38.6,1.6,0.8,0.0,0.0,70.0,15.0,44.5,5.2,0.5333333333333333,1.0,4.0,0.0,0.037037037037037035,0.18518518518518517,7,11,1278,1235,625
169,202501010404,2,1,1,14,0,0,0,0,0,0,0,0,2,1,1,11,0,0,0,0,0,0,0,0,1,1,0,8,0,0,0,0,0,0,0,0,0.0,0.0,140.0,14.0,43.1,5.4,0.5714285714285714,0.0,0.0,170.0,17.0,36.9,3.0,0.8333333333333334,0.0,0.0,140.0,17.0,37.2,3.4,0.7222222222222222,1.5,-16.0,0.0,0.0,0.16666666666666666,2,2,1243,1222,1428
170,202501010407,8,7,9,40,1,0,0,1,0,0,0,0,7,6,5,31,1,0,0,1,0,0,0,0,1,0,3,12,1,0,0,0,0,0,0,0,0.0,0.0,20.0,2.0,37.3,0.1,0.6,0.0,0.0,110.0,5.0,37.7,1.0,0.625,0.0,0.0,120.0,4.0,38.9,1.6,0.5714285714285714,1.0,0.0,0.0,0.07142857142857142,0.29591836734693877,5,6,1467,1489,336
171,202501010407,8,7,9,40,2,1,1,13,0,0,0,0,7,6,5,31,1,0,1,8,0,0,0,0,1,0,3,12,0,0,0,2,0,0,0,0,0.0,0.0,30.0,4.0,37.9,1.1,0.6923076923076923,0.0,0.0,40.0,7.0,37.1,1.1,0.3,0.0,0.0,80.0,7.0,36.3,0.2,0.375,1.5,-2.0,0.0,0.14285714285714285,0.2857142857142857,3,3,1467,1561,336
172,202501010407,3,0,0,17,6,7,5,70,0,0,0,1,0,0,0,15,5,5,4,57,0,0,0,1,0,0,0,4,1,1,1,18,0,0,0,1,0.0,0.0,90.0,7.0,39.2,2.3,1.0,0.0,0.0,10.0,1.0,38.9,0.0,0.8125,0.0,0.0,10.0,5.0,40.2,1.3,0.3125,-1.0,-2.0,-100.0,0.16666666666666666,0.43333333333333335,8,12,1676,1294,1428
173,202501010407,2,1,3,39,1,0,1,3,0,0,0,0,2,1,2,34,1,0,1,2,0,0,0,0,0,1,0,3,0,0,0,0,0,0,0,0,0.0,0.0,60.0,2.0,37.4,0.1,0.38461538461538464,0.0,0.0,60.0,2.0,36.6,1.0,0.5,0.0,0.0,50.0,4.0,38.6,1.3,0.5333333333333333,1.0,-4.0,0.0,0.20512820512820512,0.3076923076923077,5,5,1098,1051,1294
174,202501010407,6,3,1,32,7,6,11,50,0,0,0,4,6,3,1,28,5,6,5,35,0,0,0,4,2,2,0,7,1,5,5,16,0,0,0,2,0.0,0.0,90.0,9.0,35.3,1.3,1.0,0.0,0.0,110.0,9.0,39.9,2.3,0.18181818181818182,0.0,0.0,110.0,11.0,39.5,2.6,0.8,1.0,2.0,500.0,0.07964601769911504,0.18584070796460178,1,1,1520,1221,695
175,202501010407,2,0,1,10,0,0,0,1,0,0,0,1,0,0,0,3,0,0,0,1,0,0,0,1,0,0,0,1,0,0,0,0,0,0,0,0,0.0,0.0,50.0,7.0,39.7,0.9,0.07142857142857142,0.0,0.0,30.0,2.0,36.9,0.4,0.15384615384615385,0.0,0.0,10.0,2.0,39.5,0.3,0.06666666666666667,-2.5,-4.0,0.0,0.0945273631840796,0.32338308457711445,4,4,1699,110,1313
176,202501010407,3,3,3,38,1,2,4,7,0,0,0,0,3,1,2,29,1,2,4,5,0,0,0,0,0,0,0,2,0,2,4,3,0,0,0,0,0.0,0.0,110.0,7.0,40.5,2.2,0.25,0.0,0.0,150.0,14.0,33.6,2.3,0.625,0.0,0.0,110.0,13.0,39.1,1.7,0.0625,3.0,0.0,0.0,0.0,0.2,7,10,1127,1021,1328
177,202501010407,4,2,3,29,8,10,9,71,0,0,0,4,3,1,1,21,6,6,3,55,0,0,0,3,2,1,1,8,1,2,1,18,0,0,0,2,0.0,0.0,10.0,8.0,38.4,1.1,0.42857142857142855,0.0,0.0,30.0,2.0,37.6,0.3,0.8571428571428571,0.0,0.0,30.0,2.0,37.9,0.8,0.5714285714285714,-3.0,6.0,0.0,0.25,0.5,2,2,1657,1558,1317
178,202501010407,0,0,0,0,6,5,4,28,0,0,0,0,0,0,0,0,2,3,3,19,0,0,0,0,0,0,0,0,1,3,0,12,0,0,0,0,0.0,0.0,70.0,1.0,38.3,0.0,0.14285714285714285,0.0,0.0,90.0,6.0,39.5,0.4,0.13333333333333333,0.0,0.0,60.0,6.0,39.1,2.4,0.5,2.5,-4.0,0.0,0.0,0.11363636363636363,6,8,1134,1721,1576
179,202501010407,1,1,0,5,0,0,0,0,0,0,0,0,1,1,0,2,0,0,0,0,0,0,0,0,1,1,0,1,0,0,0,0,0,0,0,0,0.0,0.0,150.0,14.0,39.7,4.3,0.8666666666666667,0.0,0.0,160.0,14.0,39.2,3.1,0.9375,0.0,0.0,160.0,10.0,37.8,2.0,1.0,-2.0,2.0,0.0,0.03636363636363636,0.13636363636363635,7,9,1352,1516,1503
180,202501010407,6,10,11,81,5,12,7,84,0,0,0,3,5,5,6,55,5,7,4,64,0,0,0,2,1,0,2,19,1,1,0,16,0,0,0,0,0.0,0.0,70.0,7.0,37.9,2.5,0.625,0.0,0.0,70.0,6.0,36.8,0.8,0.9333333333333333,0.0,0.0,80.0,8.0,37.1,1.1,0.9230769230769231,0.5,-2.0,0.0,0.03636363636363636,0.12727272727272726,6,7,1716,1013,1167
181,202501010407,0,0,0,5,0,1,2,2,0,0,0,0,0,0,0,4,0,1,2,2,0,0,0,0,0,0,0,0,0,0,1,2,0,0,0,0,0.0,0.0,100.0,12.0,41.1,3.3,0.75,0.0,0.0,100.0,2.0,38.3,0.2,0.8181818181818182,0.0,0.0,120.0,7.0,38.0,1.7,0.625,-2.5,4.0,-100.0,0.0,0.15,8,11,1455,753,1428
182,202501010502,0,0,0,1,0,0,1,9,0,0,0,0,0,0,0,1,0,0,0,6,0,0,0,0,0,0,0,0,0,0,0,6,0,0,0,0,0.0,0.0,10.0,3.0,38.9,0.2,0.35714285714285715,0.0,0.0,20.0,2.0,38.4,0.0,0.2,0.0,0.0,40.0,4.0,37.6,1.1,0.8125,0.5,-4.0,0.0,0.2463768115942029,0.4782608695652174,4,5,1600,1428,680
183,202501010502,0,0,0,1,0,0,1,9,0,0,0,0,0,0,0,1,0,0,0,6,0,0,0,0,0,0,0,0,0,0,0,6,0,0,0,0,0.0,0.0,30.0,5.0,39.6,0.8,0.14285714285714285,0.0,0.0,40.0,6.0,36.9,0.4,0.4444444444444444,0.0,0.0,90.0,5.0,35.6,0.5,0.625,0.0,-8.0,0.0,0.0,0.125,8,14,1693,1428,1167
184,202501010502,0,0,0,1,0,0,0,3,0,0,0,0,0,0,0,1,0,0,0,3,0,0,0,0,0,0,0,1,0,0,0,1,0,0,0,0,0.0,0.0,30.0,5.0,39.1,0.9,0.21428571428571427,0.0,0.0,50.0,4.0,38.2,0.5,0.35714285714285715,0.0,0.0,150.0,7.0,35.8,1.0,0.9375,1.0,6.0,0.0,0.041666666666666664,0.08333333333333333,2,2,1706,1034,1428
185,202501010502,0,1,2,2,0,0,0,1,0,0,0,0,0,1,1,2,0,0,0,1,0,0,0,0,0,1,1,2,0,0,0,1,0,0,0,0,0.0,0.0,70.0,4.0,38.6,1.8,0.23076923076923078,0.0,0.0,80.0,12.0,39.1,1.8,0.26666666666666666,0.0,0.0,120.0,5.0,39.8,0.5,0.1875,0.5,-16.0,0.0,0.0425531914893617,0.19148936170212766,6,9,1729,1170,1428
186,202501010502,0,0,0,0,0,0,1,1,0,0,0,0,0,0,0,0,0,0,0,1,0,0,0,0,0,0,0,0,0,0,0,0,0,0,0,0,0.0,0.0,70.0,7.0,36.0,1.5,0.6666666666666666,0.0,0.0,110.0,6.0,35.9,0.6,0.75,0.0,0.0,80.0,6.0,38.6,1.5,0.7333333333333333,-0.5,2.0,700.0,0.034482758620689655,0.1724137931034483,3,4,1689,1039,1294
187,202501010502,1,1,1,1,1,1,0,8,0,0,0,0,1,1,1,1,1,1,0,8,0,0,0,0,0,0,0,1,0,0,0,3,0,0,0,0,0.0,0.0,50.0,6.0,40.1,1.4,0.07142857142857142,0.0,0.0,110.0,4.0,37.8,0.4,0.06666666666666667,,,,,,,,-2.0,2.0,0.0,0.05555555555555555,0.16666666666666666,6,10,1586,1559,1167
188,202501010502,0,0,0,1,0,0,0,0,0,0,0,0,0,0,0,1,0,0,0,0,0,0,0,0,0,0,0,0,0,0,0,0,0,0,0,0,0.0,0.0,20.0,3.0,38.3,0.7,0.6153846153846154,0.0,0.0,70.0,2.0,37.5,0.3,0.7857142857142857,0.0,0.0,110.0,5.0,38.5,1.1,0.5714285714285714,1.0,0.0,0.0,0.03571428571428571,0.16071428571428573,4,6,1600,1095,680
189,202501010502,0,0,0,0,2,0,0,8,0,0,0,0,0,0,0,0,1,0,0,8,0,0,0,0,0,0,0,0,1,0,0,7,0,0,0,0,0.0,0.0,80.0,8.0,38.8,1.6,1.0,0.0,0.0,30.0,4.0,39.3,1.5,0.7692307692307693,0.0,0.0,60.0,3.0,38.0,0.7,1.0,-2.5,4.0,0.0,0.09268292682926829,0.3170731707317073,8,13,1399,1235,1428
190,202501010502,0,1,0,2,0,2,2,13,0,0,0,0,0,1,0,1,0,1,2,9,0,0,0,0,0,1,0,1,0,0,1,4,0,0,0,0,0.0,0.0,100.0,9.0,39.8,1.7,0.42857142857142855,0.0,0.0,90.0,8.0,35.8,1.6,0.8333333333333334,0.0,0.0,130.0,8.0,38.6,1.3,0.125,-0.5,4.0,0.0,0.09090909090909091,0.36363636363636365,7,12,1289,1167,1428
191,202501010502,0,1,1,3,0,0,0,1,0,0,0,0,0,1,1,3,0,0,0,1,0,0,0,0,0,0,1,2,0,0,0,0,0,0,0,0,0.0,0.0,90.0,4.0,39.2,1.1,0.2857142857142857,0.0,0.0,80.0,10.0,39.6,2.2,0.6875,0.0,0.0,50.0,5.0,38.6,0.5,0.5625,0.5,0.0,0.0,0.03636363636363636,0.05454545454545454,5,7,1605,332,1
192,202501010502,0,0,0,1,0,0,0,1,0,0,0,0,0,0,0,1,0,0,0,0,0,0,0,0,0,0,0,0,0,0,0,0,0,0,0,0,0.0,0.0,100.0,7.0,37.8,0.8,0.6875,0.0,0.0,50.0,8.0,37.3,2.3,0.875,0.0,0.0,80.0,8.0,36.8,1.5,0.125,0.5,4.0,100.0,0.034782608695652174,0.14782608695652175,3,3,1248,1648,1428
193,202501010502,2,1,0,18,2,0,0,3,0,0,0,1,1,0,0,13,1,0,0,3,0,0,0,1,1,0,0,3,1,0,0,1,0,0,0,0,0.0,0.0,140.0,12.0,40.9,4.1,0.7142857142857143,0.0,0.0,70.0,5.0,39.3,1.7,0.5384615384615384,0.0,0.0,40.0,11.0,36.3,1.5,0.8125,-0.5,-2.0,0.0,0.08823529411764706,0.3137254901960784,5,8,1716,1393,1167
194,202501010502,0,0,0,1,0,0,0,2,0,0,0,0,0,0,0,1,0,0,0,2,0,0,0,0,0,0,0,1,0,0,0,1,0,0,0,0,0.0,0.0,110.0,13.0,40.8,4.6,0.8571428571428571,0.0,0.0,40.0,13.0,38.0,2.3,0.5,0.0,0.0,80.0,3.0,37.1,0.1,0.25,-5.0,-8.0,0.0,0.03333333333333333,0.10833333333333334,7,11,1676,548,1428
195,202501010502,0,0,1,0,0,0,1,9,0,0,0,0,0,0,1,0,0,0,0,6,0,0,0,0,0,0,0,0,0,0,0,6,0,0,0,0,0.0,0.0,100.0,7.0,36.4,0.4,0.25,0.0,0.0,100.0,8.0,39.6,2.0,0.5625,,,,,,,,1.0,0.0,-100.0,0.1282051282051282,0.2564102564102564,1,1,1426,1428,306
196,202501010504,0,0,0,3,0,0,0,0,0,0,0,0,0,0,0,3,0,0,0,0,0,0,0,0,0,0,0,1,0,0,0,0,0,0,0,0,0.0,0.0,30.0,3.0,39.5,0.6,0.6666666666666666,0.0,0.0,80.0,12.0,38.7,1.9,0.2222222222222222,0.0,0.0,50.0,5.0,35.8,0.8,0.08333333333333333,1.0,-4.0,-100.0,0.2,0.4,3,4,1463,599,1167
197,202501010504,0,0,0,0,0,2,2,13,0,0,0,0,0,0,0,0,0,1,2,9,0,0,0,0,0,0,0,0,0,0,1,4,0,0,0,0,0.0,0.0,10.0,4.0,35.7,0.3,0.5625,0.0,0.0,20.0,2.0,36.9,0.6,0.375,0.0,0.0,10.0,2.0,38.9,0.3,0.4375,-1.0,-2.0,100.0,0.0,0.2222222222222222,6,9,1564,1167,334
198,202501010504,0,0,1,0,0,0,0,0,0,0,0,0,0,0,1,0,0,0,0,0,0,0,0,0,0,0,0,0,0,0,0,0,0,0,0,0,0.0,0.0,20.0,3.0,38.1,0.2,0.6428571428571429,0.0,0.0,20.0,8.0,40.4,2.0,0.375,0.0,0.0,20.0,4.0,40.7,0.6,0.16666666666666666,0.5,2.0,0.0,0.12658227848101267,0.25316455696202533,7,11,1670,707,882
199,202501010504,0,0,0,1,2,0,0,3,0,0,0,0,0,0,0,1,1,0,0,3,0,0,0,0,0,0,0,0,1,0,0,1,0,0,0,0,0.0,0.0,80.0,3.0,37.4,0.6,0.42857142857142855,0.0,0.0,60.0,12.0,40.0,2.9,0.3125,0.0,0.0,80.0,8.0,40.2,1.7,0.06666666666666667,2.5,-22.0,0.0,0.08737864077669903,0.3106796116504854,4,5,1693,1393,1167
200,202501010504,0,0,0,0,1,0,0,1,0,0,0,0,0,0,0,0,1,0,0,0,0,0,0,0,0,0,0,0,1,0,0,0,0,0,0,0,0.0,0.0,90.0,9.0,36.5,2.1,1.0,0.0,0.0,50.0,8.0,39.2,1.2,0.125,0.0,0.0,50.0,4.0,38.0,0.8,0.375,-2.5,-18.0,300.0,0.09090909090909091,0.36363636363636365,8,13,1035,1665,1393
201,202501010504,0,0,0,0,1,1,1,6,0,0,0,0,0,0,0,0,1,0,0,4,0,0,0,0,0,0,0,0,0,0,0,1,0,0,0,0,0.0,0.0,140.0,6.0,40.1,2.6,0.07142857142857142,0.0,0.0,90.0,6.0,39.7,2.1,0.5384615384615384,0.0,0.0,120.0,9.0,37.9,1.0,0.25,1.5,-2.0,0.0,0.041666666666666664,0.1875,3,3,1498,1294,1036
202,202501010504,0,0,0,1,0,1,0,3,0,0,0,0,0,0,0,1,0,1,0,3,0,0,0,0,0,0,0,1,0,1,0,2,0,0,0,0,0.0,0.0,50.0,7.0,38.6,2.7,0.8571428571428571,0.0,0.0,20.0,14.0,38.8,2.4,0.13333333333333333,0.0,0.0,20.0,3.0,35.8,0.4,0.2222222222222222,-2.0,-4.0,0.0,0.1696969696969697,0.3939393939393939,5,7,1706,1362,1428
203,202501010504,0,0,0,2,0,0,0,0,0,0,0,0,0,0,0,2,0,0,0,0,0,0,0,0,0,0,0,0,0,0,0,0,0,0,0,0,0.0,0.0,30.0,3.0,39.0,0.2,0.5384615384615384,0.0,0.0,40.0,8.0,39.1,2.5,0.75,0.0,0.0,30.0,4.0,38.4,0.6,0.3125,0.5,4.0,0.0,0.047619047619047616,0.19047619047619047,1,1,1064,428,1556
204,202501010504,0,0,0,1,0,0,0,0,0,0,0,0,0,0,0,1,0,0,0,0,0,0,0,0,0,0,0,1,0,0,0,0,0,0,0,0,0.0,0.0,20.0,9.0,40.1,2.1,0.1875,0.0,0.0,10.0,12.0,39.5,2.3,0.6875,0.0,0.0,20.0,2.0,39.0,0.5,0.15384615384615385,-3.5,0.0,300.0,0.11666666666666667,0.425,6,10,1629,1505,1428
205,202501010504,0,0,0,0,0,2,2,13,0,0,0,0,0,0,0,0,0,1,2,9,0,0,0,0,0,0,0,0,0,0,1,4,0,0,0,0,0.0,0.0,120.0,10.0,40.3,3.8,0.6428571428571429,0.0,0.0,110.0,10.0,33.9,0.8,0.625,0.0,0.0,110.0,3.0,35.1,0.3,0.4,-3.5,-2.0,0.0,0.0,0.11538461538461539,4,6,1035,1167,1393
206,202501010504,0,0,0,1,0,0,1,9,0,0,0,0,0,0,0,1,0,0,0,6,0,0,0,0,0,0,0,1,0,0,0,6,0,0,0,0,0.0,0.0,20.0,6.0,36.4,1.0,0.3333333333333333,0.0,0.0,10.0,13.0,36.9,2.0,0.4,0.0,0.0,20.0,2.0,35.2,0.1,0.15384615384615385,-2.0,-6.0,-100.0,0.23076923076923078,0.4835164835164835,8,14,1267,1428,1716
207,202501010504,0,0,0,0,0,1,0,6,0,0,0,0,0,0,0,0,0,0,0,3,0,0,0,0,0,0,0,0,0,0,0,2,0,0,0,0,0.0,0.0,40.0,9.0,40.6,3.2,0.16666666666666666,0.0,0.0,20.0,2.0,40.4,1.0,0.1875,0.0,0.0,50.0,2.0,38.6,0.8,0.14285714285714285,-3.5,-4.0,-700.0,0.034482758620689655,0.14655172413793102,7,12,1432,1036,1428
208,202501010504,0,0,0,1,0,0,0,0,0,0,0,0,0,0,0,1,0,0,0,0,0,0,0,0,0,0,0,1,0,0,0,0,0,0,0,0,0.0,0.0,40.0,2.0,37.6,0.0,0.21428571428571427,0.0,0.0,50.0,8.0,39.9,1.0,0.3125,0.0,0.0,80.0,5.0,38.7,0.6,0.4666666666666667,1.5,0.0,0.0,0.08333333333333333,0.3333333333333333,2,2,1554,599,322
209,202501010504,0,0,0,1,0,0,0,3,0,0,0,0,0,0,0,1,0,0,0,3,0,0,0,0,0,0,0,0,0,0,0,3,0,0,0,0,0.0,0.0,20.0,9.0,40.9,2.1,0.38461538461538464,0.0,0.0,30.0,4.0,38.3,0.6,0.13333333333333333,0.0,0.0,50.0,2.0,37.2,0.9,0.3,-3.5,8.0,0.0,0.03333333333333333,0.16666666666666666,5,8,1248,1708,1428
210,202501010508,0,0,0,0,0,0,0,0,0,0,0,0,0,0,0,0,0,0,0,0,0,0,0,0,0,0,0,0,0,0,0,0,0,0,0,0,0.0,0.0,10.0,1.0,38.1,0.0,0.38461538461538464,0.0,0.0,10.0,5.0,38.3,1.0,0.8461538461538461,0.0,0.0,50.0,2.0,37.2,0.0,0.5714285714285714,0.5,2.0,0.0,0.2222222222222222,0.4777777777777778,4,4,1689,1471,1294
211,202501010508,0,1,0,1,0,0,0,0,0,0,0,0,0,1,0,1,0,0,0,0,0,0,0,0,0,1,0,1,0,0,0,0,0,0,0,0,0.0,0.0,160.0,12.0,35.1,1.3,0.5625,0.0,0.0,70.0,7.0,37.1,1.6,0.3125,0.0,0.0,160.0,14.0,37.6,1.4,0.1875,1.0,0.0,500.0,0.0,0.08,1,1,1146,1493,512
212,202501010508,0,0,0,4,0,0,0,1,0,0,0,0,0,0,0,4,0,0,0,1,0,0,0,0,0,0,0,1,0,0,0,1,0,0,0,0,0.0,0.0,90.0,1.0,38.6,0.0,0.5384615384615384,0.0,0.0,30.0,6.0,38.5,0.8,0.375,0.0,0.0,110.0,3.0,36.5,0.4,0.75,1.0,-2.0,0.0,0.1,0.3,7,9,1656,1736,1576
213,202501010508,0,0,0,0,1,2,2,20,0,0,0,0,0,0,0,0,1,1,2,18,0,0,0,0,0,0,0,0,0,0,0,5,0,0,0,0,0.0,0.0,30.0,9.0,39.6,1.7,0.38461538461538464,0.0,0.0,40.0,3.0,37.8,0.4,0.3,0.0,0.0,60.0,3.0,38.4,0.6,0.3076923076923077,-3.0,2.0,0.0,0.09359605911330049,0.32019704433497537,2,2,1432,1183,1428
214,202501010508,0,0,0,1,0,0,0,3,0,0,0,0,0,0,0,1,0,0,0,2,0,0,0,0,0,0,0,0,0,0,0,0,0,0,0,0,0.0,0.0,40.0,8.0,39.1,1.3,0.5384615384615384,0.0,0.0,10.0,1.0,38.6,0.0,0.3125,0.0,0.0,10.0,2.0,38.2,0.1,0.1875,-3.0,10.0,0.0,0.043478260869565216,0.08695652173913043,6,6,1479,460,857
215,202501010508,0,0,0,1,0,2,2,13,0,0,0,0,0,0,0,1,0,1,2,9,0,0,0,0,0,0,0,0,0,1,0,3,0,0,0,0,0.0,0.0,50.0,2.0,38.3,0.2,0.07692307692307693,0.0,0.0,60.0,10.0,40.1,2.8,0.13333333333333333,0.0,0.0,10.0,1.0,39.2,0.0,0.06666666666666667,-0.5,-8.0,0.0,0.0,0.42857142857142855,3,3,1676,1167,1428
216,202501010508,0,0,1,11,2,0,0,8,0,0,0,0,0,0,1,9,1,0,0,8,0,0,0,0,0,0,0,4,0,0,0,1,0,0,0,0,0.0,0.0,110.0,3.0,38.4,0.6,0.38461538461538464,0.0,0.0,50.0,3.0,37.7,0.3,0.42857142857142855,0.0,0.0,70.0,6.0,38.6,0.4,0.4444444444444444,1.5,2.0,0.0,0.0,0.25,8,10,1127,1235,1328
217,202501010508,0,0,0,0,0,0,1,1,0,0,0,0,0,0,0,0,0,0,1,0,0,0,0,0,0,0,0,0,0,0,1,0,0,0,0,0,0.0,0.0,70.0,3.0,37.8,0.5,0.6923076923076923,0.0,0.0,50.0,5.0,38.6,0.6,0.1,0.0,0.0,60.0,7.0,39.2,0.9,0.5,2.0,-2.0,0.0,0.036585365853658534,0.18292682926829268,5,5,1689,1110,1294
218,202501010508,0,0,0,2,2,1,0,3,0,0,0,0,0,0,0,2,2,1,0,3,0,0,0,0,0,0,0,1,0,0,0,0,0,0,0,0,0.0,0.0,140.0,13.0,40.0,4.4,0.9333333333333333,0.0,0.0,140.0,7.0,36.6,0.9,0.9285714285714286,0.0,0.0,120.0,12.0,38.3,1.6,0.8125,-0.5,4.0,0.0,0.058823529411764705,0.17647058823529413,8,11,1282,1482,377
219,202501010508,0,0,1,11,0,0,0,0,0,0,0,0,0,0,1,9,0,0,0,0,0,0,0,0,0,0,0,4,0,0,0,0,0,0,0,0,0.0,0.0,100.0,,,,,0.0,0.0,80.0,8.0,37.6,1.0,0.38461538461538464,0.0,0.0,100.0,3.0,37.2,0.3,0.21428571428571427,-5.0,-2.0,0.0,0.044444444444444446,0.2,7,8,1127,760,1328
220,202501010508,0,0,0,2,0,0,1,4,0,0,0,0,0,0,0,2,0,0,0,3,0,0,0,0,0,0,0,0,0,0,0,2,0,0,0,0,0.0,0.0,140.0,8.0,39.1,1.5,0.4375,0.0,0.0,40.0,4.0,37.9,1.5,0.9375,0.0,0.0,10.0,1.0,37.0,0.0,0.1875,-3.5,-10.0,300.0,0.035398230088495575,0.1504424778761062,6,7,1204,1014,1221
221,202501010511,5,2,3,20,1,2,2,12,1,0,0,2,3,2,3,16,1,2,1,11,1,0,0,2,0,0,0,0,0,0,0,1,0,0,0,0,0.0,0.0,50.0,1.0,36.9,0.0,0.2,0.0,0.0,30.0,4.0,36.2,0.2,0.3333333333333333,0.0,0.0,30.0,11.0,37.0,1.3,0.75,5.0,-6.0,0.0,0.03614457831325301,0.18072289156626506,1,1,1576,1556,1577
222,202501010511,3,1,0,5,1,2,1,15,0,0,0,0,3,1,0,2,1,2,1,12,0,0,0,0,0,0,0,0,0,0,1,2,0,0,0,0,0.0,0.0,20.0,2.0,35.2,0.2,0.3125,0.0,0.0,10.0,3.0,38.4,0.1,0.13333333333333333,0.0,0.0,10.0,1.0,37.9,0.0,0.25,-0.5,10.0,-200.0,0.12987012987012986,0.24675324675324675,4,6,1677,1559,1167
223,202501010511,0,0,0,3,3,3,3,18,0,0,0,1,0,0,0,2,2,2,1,16,0,0,0,0,0,0,0,0,0,0,0,0,0,0,0,0,0.0,0.0,70.0,4.0,38.4,0.8,0.4166666666666667,0.0,0.0,50.0,7.0,38.5,0.8,0.5333333333333333,0.0,0.0,60.0,5.0,36.9,0.6,0.8125,0.5,2.0,-100.0,0.0891089108910891,0.3069306930693069,2,2,1401,1167,517
224,202501010511,0,0,1,2,2,0,1,20,0,0,1,0,0,0,1,1,1,0,1,16,0,0,1,0,0,0,0,0,0,0,0,0,0,0,0,0,0.0,0.0,120.0,13.0,37.8,1.9,0.125,0.0,0.0,20.0,1.0,36.0,0.0,0.125,0.0,0.0,20.0,3.0,37.2,0.6,0.4375,-5.0,-10.0,100.0,0.17073170731707318,0.39634146341463417,8,14,1629,1294,1428
225,202501010511,1,1,0,6,3,2,0,6,1,0,0,0,1,1,0,4,3,1,0,5,1,0,0,0,1,0,0,0,1,0,0,0,1,0,0,0,0.0,0.0,30.0,9.0,39.0,0.9,0.3333333333333333,0.0,0.0,110.0,8.0,37.1,0.7,0.3125,0.0,0.0,30.0,4.0,37.1,0.4,0.2,-2.5,0.0,-100.0,0.11764705882352941,0.42857142857142855,5,8,1095,1721,1221
226,202501010511,1,0,2,8,1,2,1,15,0,0,0,0,1,0,2,7,1,2,1,12,0,0,0,0,0,0,0,0,0,0,1,2,0,0,0,0,0.0,0.0,10.0,9.0,35.9,1.0,0.5,0.0,0.0,20.0,1.0,37.9,0.0,0.4,0.0,0.0,40.0,1.0,35.9,0.0,0.375,-4.0,0.0,-200.0,0.09313725490196079,0.31862745098039214,7,11,1586,1559,1167
227,202501010511,2,3,1,8,1,1,0,0,1,1,0,0,2,3,1,6,1,1,0,0,1,1,0,0,0,1,0,0,0,1,0,0,0,1,0,0,0.0,0.0,70.0,11.0,37.0,1.6,0.4375,0.0,0.0,30.0,3.0,36.9,0.1,0.1875,0.0,0.0,90.0,3.0,36.4,0.3,0.8125,-4.0,-2.0,100.0,0.1,0.4,3,3,1463,1127,1167
228,202501010511,0,1,2,12,1,2,1,15,0,0,1,0,0,1,1,10,1,2,1,12,0,0,1,0,0,0,1,1,0,0,1,2,0,0,1,0,0.0,0.0,50.0,2.0,36.7,0.3,0.21428571428571427,0.0,0.0,20.0,5.0,37.6,0.9,0.4,0.0,0.0,60.0,6.0,35.5,0.6,0.375,2.0,-4.0,0.0,0.03571428571428571,0.17857142857142858,5,7,1467,1559,336
229,202501010511,0,0,0,2,1,2,2,12,0,0,0,0,0,0,0,2,1,2,1,11,0,0,0,0,0,0,0,0,0,0,0,1,0,0,0,0,0.0,0.0,100.0,11.0,37.3,1.6,0.8571428571428571,0.0,0.0,60.0,6.0,38.0,1.2,0.5,0.0,0.0,20.0,5.0,38.6,1.1,0.5333333333333333,-3.0,0.0,0.0,0.12643678160919541,0.3448275862068966,7,12,1094,1556,334
230,202501010511,1,0,1,1,0,0,0,4,0,0,0,0,1,0,1,1,0,0,0,4,0,0,0,0,0,0,0,0,0,0,0,0,0,0,0,0,0.0,0.0,70.0,1.0,36.2,0.0,0.5,0.0,0.0,40.0,1.0,37.4,0.0,0.6875,0.0,0.0,30.0,2.0,36.9,0.1,0.5714285714285714,0.5,0.0,-100.0,0.03508771929824561,0.14912280701754385,6,9,1601,1110,239
231,202501010511,0,2,1,8,0,0,0,0,0,0,0,0,0,2,1,7,0,0,0,0,0,0,0,0,0,0,0,1,0,0,0,0,0,0,0,0,0.0,0.0,120.0,11.0,38.6,2.7,0.5714285714285714,0.0,0.0,130.0,11.0,35.7,1.3,0.875,0.0,0.0,80.0,14.0,40.1,1.9,0.13333333333333333,1.5,-2.0,0.0,0.1388888888888889,0.25,3,4,1167,81,460
232,202501010511,0,0,0,3,0,0,0,4,0,0,0,0,0,0,0,3,0,0,0,4,0,0,0,0,0,0,0,0,0,0,0,0,0,0,0,0,0.0,0.0,80.0,17.0,35.3,1.4,0.3333333333333333,0.0,0.0,10.0,1.0,34.0,0.0,0.6923076923076923,0.0,0.0,10.0,1.0,34.5,0.0,0.125,-8.0,-10.0,100.0,0.25,0.4852941176470588,6,10,1693,1110,1167
233,202501010511,0,0,1,8,0,0,0,4,0,0,0,0,0,0,1,8,0,0,0,4,0,0,0,0,0,0,0,0,0,0,0,0,0,0,0,0,0.0,0.0,60.0,12.0,38.4,1.8,0.14285714285714285,0.0,0.0,140.0,12.0,38.2,1.2,0.375,0.0,0.0,20.0,1.0,37.6,0.0,0.2,-5.5,-4.0,0.0,0.043478260869565216,0.1956521739130435,8,13,1020,1553,1576
234,202501010511,1,0,0,6,0,2,0,13,0,0,0,0,0,0,0,2,0,1,0,12,0,0,0,0,0,0,0,0,0,0,0,0,0,0,0,0,0.0,0.0,90.0,2.0,38.6,0.1,0.26666666666666666,0.0,0.0,40.0,9.0,34.7,0.8,0.375,0.0,0.0,100.0,5.0,34.4,0.3,0.1875,1.5,-2.0,-100.0,0.16129032258064516,0.45161290322580644,4,5,1657,1345,1317
235,202501010601,0,0,0,0,0,0,0,0,0,0,0,0,0,0,0,0,0,0,0,0,0,0,0,0,0,0,0,0,0,0,0,0,0,0,0,0,0.0,0.0,40.0,5.0,40.0,1.5,0.15384615384615385,,,,,,,,,,,,,,,,,0.0,0.25,0.375,4,5,1178,969,1221
236,202501010601,0,0,1,1,0,1,1,8,0,0,0,0,0,0,1,1,0,1,0,5,0,0,0,0,0,0,1,1,0,0,0,4,0,0,0,0,0.0,0.0,130.0,6.0,37.6,0.8,0.0625,,,,,,,,,,,,,,,,,-100.0,0.0,0.2,6,9,1656,1362,1576
237,202501010601,1,1,0,6,0,0,0,0,0,0,0,0,1,1,0,4,0,0,0,0,0,0,0,0,0,0,0,1,0,0,0,0,0,0,0,0,0.0,0.0,50.0,11.0,41.8,3.4,0.15384615384615385,,,,,,,,,,,,,,,,,0.0,0.13333333333333333,0.34444444444444444,5,7,1095,1576,1221
238,202501010601,0,0,0,0,1,1,0,0,0,0,0,0,0,0,0,0,1,1,0,0,0,0,0,0,0,0,0,0,1,0,0,0,0,0,0,0,0.0,0.0,30.0,2.0,36.6,1.1,0.16666666666666666,,,,,,,,,,,,,,,,,-100.0,0.17261904761904762,0.39285714285714285,1,1,1469,1127,88
239,202501010601,1,0,2,8,0,0,0,0,0,0,0,0,1,0,2,7,0,0,0,0,0,0,0,0,1,0,2,6,0,0,0,0,0,0,0,0,0.0,0.0,110.0,2.0,38.4,0.3,0.6153846153846154,,,,,,,,,,,,,,,,,0.0,0.0,0.3,8,13,1586,1576,1167
240,202501010601,0,0,0,2,1,0,0,2,0,0,0,0,0,0,0,2,1,0,0,2,0,0,0,0,0,0,0,2,0,0,0,2,0,0,0,0,0.0,0.0,20.0,4.0,37.2,1.5,0.375,,,,,,,,,,,,,,,,,300.0,0.09134615384615384,0.32211538461538464,2,2,1689,1328,1294
241,202501010601,0,0,0,0,1,2,2,12,0,0,0,0,0,0,0,0,1,2,1,11,0,0,0,0,0,0,0,0,0,0,0,5,0,0,0,0,0.0,0.0,30.0,5.0,35.8,1.5,0.8333333333333334,,,,,,,,,,,,,,,,,-100.0,0.08490566037735849,0.3018867924528302,6,10,1276,1556,291
242,202501010601,0,1,1,19,3,3,3,18,0,0,0,0,0,1,1,15,2,2,1,16,0,0,0,0,0,1,0,4,1,0,1,10,0,0,0,0,0.0,0.0,120.0,10.0,38.7,3.2,0.9230769230769231,,,,,,,,,,,,,,,,,0.0,0.0,0.125,7,12,1304,1167,1503
243,202501010601,0,0,0,0,0,0,0,0,0,0,0,0,0,0,0,0,0,0,0,0,0,0,0,0,0,0,0,0,0,0,0,0,0,0,0,0,0.0,0.0,50.0,5.0,36.0,1.5,0.5,,,,,,,,,,,,,,,,,-100.0,0.07142857142857142,0.2857142857142857,8,14,1382,1090,707
244,202501010601,0,0,0,0,1,1,1,13,0,0,0,0,0,0,0,0,0,1,1,11,0,0,0,0,0,0,0,0,0,1,1,7,0,0,0,0,0.0,0.0,90.0,8.0,40.3,2.9,0.6923076923076923,,,,,,,,,,,,,,,,,0.0,0.12345679012345678,0.25925925925925924,7,11,1469,1503,88
245,202501010601,0,0,0,2,0,0,0,0,0,0,0,0,0,0,0,1,0,0,0,0,0,0,0,0,0,0,0,1,0,0,0,0,0,0,0,0,0.0,0.0,70.0,7.0,35.6,3.8,1.0,,,,,,,,,,,,,,,,,700.0,0.0,0.375,5,8,1038,1152,489
246,202501010601,0,0,0,2,0,2,1,11,0,0,0,0,0,0,0,2,0,1,0,10,0,0,0,0,0,0,0,2,0,1,0,4,0,0,0,0,0.0,0.0,30.0,4.0,39.5,0.9,0.07692307692307693,,,,,,,,,,,,,,,,,0.0,0.11475409836065574,0.4180327868852459,4,6,1689,1183,1294
247,202501010601,0,0,0,2,1,1,2,9,0,0,0,0,0,0,0,1,1,1,1,6,0,0,0,0,0,0,0,1,0,0,0,3,0,0,0,0,0.0,0.0,90.0,13.0,35.9,2.8,0.6,,,,,,,,,,,,,,,,,500.0,0.13157894736842105,0.23684210526315788,3,4,1434,1221,969
248,202501010601,0,0,1,2,0,1,1,8,0,0,0,0,0,0,1,1,0,1,0,5,0,0,0,0,0,0,1,1,0,0,0,4,0,0,0,0,0.0,0.0,70.0,11.0,36.1,2.2,0.5833333333333334,0.0,0.0,110.0,6.0,35.5,0.8,0.625,,,,,,,,-5.0,6.0,500.0,0.03571428571428571,0.05357142857142857,3,3,1629,1362,1428
249,202501010604,0,0,0,0,0,1,0,3,0,0,0,0,0,0,0,0,0,1,0,3,0,0,0,0,0,0,0,0,0,1,0,1,0,0,0,0,0.0,0.0,10.0,2.0,39.4,0.5,0.5625,0.0,0.0,10.0,2.0,39.5,0.4,0.5384615384615384,0.0,0.0,20.0,4.0,37.7,0.2,0.4166666666666667,1.0,-6.0,0.0,0.3333333333333333,0.4444444444444444,8,13,1035,1708,1393
250,202501010604,1,0,2,8,0,0,0,9,0,0,0,0,1,0,2,7,0,0,0,6,0,0,0,0,1,0,2,6,0,0,0,1,0,0,0,0,0.0,0.0,40.0,2.0,38.8,0.3,0.14285714285714285,0.0,0.0,20.0,7.0,40.8,2.4,0.07692307692307693,0.0,0.0,30.0,4.0,39.1,1.6,0.6153846153846154,1.0,-10.0,0.0,0.09090909090909091,0.32057416267942584,7,12,1586,1170,1167
251,202501010604,0,0,0,2,0,1,0,1,0,0,0,0,0,0,0,1,0,1,0,1,0,0,0,0,0,0,0,0,0,1,0,1,0,0,0,0,0.0,0.0,30.0,4.0,37.9,0.4,0.6875,0.0,0.0,10.0,8.0,39.9,0.8,0.4,0.0,0.0,20.0,4.0,38.2,0.9,0.6875,0.0,0.0,-100.0,0.12195121951219512,0.25609756097560976,1,1,1447,1034,1721
252,202501010604,0,0,0,0,0,0,0,0,0,0,0,0,0,0,0,0,0,0,0,0,0,0,0,0,0,0,0,0,0,0,0,0,0,0,0,0,0.0,0.0,40.0,2.0,37.1,0.1,0.6923076923076923,0.0,0.0,20.0,9.0,42.2,3.8,0.16666666666666666,0.0,0.0,10.0,4.0,39.9,0.5,0.4,1.0,-2.0,0.0,0.17159763313609466,0.3905325443786982,2,2,1540,1098,1036
253,202501010604,0,1,0,8,0,3,0,5,0,0,0,0,0,1,0,7,0,2,0,4,0,0,0,0,0,0,0,3,0,2,0,1,0,0,0,0,0.0,0.0,140.0,4.0,38.3,0.3,0.14285714285714285,0.0,0.0,120.0,16.0,39.5,4.4,0.5,0.0,0.0,100.0,15.0,35.5,1.8,0.4666666666666667,5.5,0.0,0.0,0.0,0.0,7,11,1561,1228,1263
254,202501010604,0,1,2,12,2,0,0,12,0,0,0,0,0,1,1,10,1,0,0,10,0,0,0,0,0,1,0,4,0,0,0,6,0,0,0,0,0.0,0.0,120.0,7.0,38.3,2.7,0.7692307692307693,0.0,0.0,130.0,9.0,37.8,2.4,0.6875,,,,,,,,2.0,-12.0,0.0,0.0,0.10638297872340426,3,4,1467,1482,336
255,202501010604,2,4,2,7,0,0,0,0,0,0,0,0,1,2,2,6,0,0,0,0,0,0,0,0,1,2,1,0,0,0,0,0,0,0,0,0,0.0,0.0,50.0,7.0,36.4,0.9,0.3125,0.0,0.0,60.0,3.0,36.3,0.7,0.3333333333333333,0.0,0.0,60.0,4.0,38.8,1.1,0.125,-1.5,-4.0,300.0,0.06666666666666667,0.26666666666666666,8,14,1278,1348,625
256,202501010604,0,0,0,0,0,0,0,1,0,0,0,0,0,0,0,0,0,0,0,1,0,0,0,0,0,0,0,0,0,0,0,0,0,0,0,0,0.0,0.0,70.0,8.0,40.2,1.9,0.7142857142857143,0.0,0.0,90.0,10.0,38.9,2.3,0.125,0.0,0.0,40.0,4.0,40.5,0.9,0.08333333333333333,-2.0,14.0,0.0,0.11382113821138211,0.4146341463414634,5,8,1220,1327,1317
257,202501010604,0,0,0,0,0,0,0,1,0,0,0,0,0,0,0,0,0,0,0,0,0,0,0,0,0,0,0,0,0,0,0,0,0,0,0,0,0.0,0.0,120.0,14.0,41.8,6.3,0.5,0.0,0.0,130.0,16.0,36.5,2.6,0.7222222222222222,0.0,0.0,60.0,9.0,36.2,2.5,0.2222222222222222,-2.5,-4.0,-400.0,0.0,0.3333333333333333,5,7,1075,168,1328
258,202501010604,2,1,0,7,2,1,1,11,0,0,0,0,1,1,0,7,2,1,1,7,0,0,0,0,0,0,0,3,2,1,0,1,0,0,0,0,0.0,0.0,110.0,10.0,40.9,2.1,0.2857142857142857,0.0,0.0,110.0,4.0,38.1,0.8,0.21428571428571427,0.0,0.0,70.0,7.0,39.7,1.7,0.26666666666666666,-1.5,-2.0,0.0,0.0594059405940594,0.2376237623762376,6,9,1127,1393,1328
259,202501010604,0,0,0,3,0,0,0,0,0,0,0,0,0,0,0,2,0,0,0,0,0,0,0,0,0,0,0,0,0,0,0,0,0,0,0,0,0.0,0.0,130.0,11.0,40.7,2.9,0.5,0.0,0.0,110.0,9.0,39.9,2.7,0.8461538461538461,0.0,0.0,100.0,10.0,38.8,1.5,1.0,-0.5,-2.0,0.0,0.03508771929824561,0.05263157894736842,4,5,1401,1098,517
260,202501010604,0,2,1,2,3,1,3,13,0,0,0,0,0,2,1,1,2,1,3,8,0,0,0,0,0,1,0,1,1,0,2,6,0,0,0,0,0.0,0.0,30.0,6.0,34.9,1.0,0.625,0.0,0.0,40.0,7.0,40.9,1.4,0.375,0.0,0.0,20.0,7.0,35.2,1.4,0.2222222222222222,0.5,0.0,-700.0,0.0,0.2727272727272727,3,3,1098,1428,1294
261,202501010604,0,0,0,0,0,0,0,0,0,0,0,0,0,0,0,0,0,0,0,0,0,0,0,0,0,0,0,0,0,0,0,0,0,0,0,0,0.0,0.0,90.0,13.0,38.9,2.3,0.0625,0.0,0.0,50.0,6.0,36.3,0.9,0.7272727272727273,,,,,,,,-7.0,12.0,-300.0,0.04,0.12,6,10,546,182,1332
262,202501010604,0,0,0,0,1,1,1,13,0,0,0,0,0,0,0,0,0,1,1,11,0,0,0,0,0,0,0,0,0,1,1,7,0,0,0,0,0.0,0.0,70.0,8.0,36.9,0.7,0.5,0.0,0.0,90.0,5.0,34.6,0.5,0.5555555555555556,0.0,0.0,70.0,9.0,35.5,1.5,0.7777777777777778,0.5,2.0,-100.0,0.08411214953271028,0.29906542056074764,4,6,1540,1503,1036
263,202501010608,0,0,0,0,1,0,1,9,0,0,0,0,0,0,0,0,1,0,1,5,0,0,0,0,0,0,0,0,0,0,1,2,0,0,0,0,0.0,0.0,30.0,6.0,37.9,0.7,0.5,0.0,0.0,10.0,1.0,37.4,0.0,0.16666666666666666,0.0,0.0,10.0,2.0,39.0,0.9,0.7692307692307693,-2.0,-2.0,0.0,0.125,0.3409090909090909,4,4,1652,1618,314
264,202501010608,1,0,2,8,2,1,1,11,0,0,0,0,0,0,1,6,2,1,1,7,0,0,0,0,0,0,0,2,0,0,1,6,0,0,0,0,0.0,0.0,60.0,3.0,39.0,0.4,0.15384615384615385,0.0,0.0,20.0,12.0,44.6,5.6,0.15384615384615385,0.0,0.0,10.0,5.0,39.9,1.9,0.8888888888888888,1.0,-2.0,0.0,0.09223300970873786,0.3155339805825243,8,8,1520,1393,695
265,202501010608,0,1,2,12,0,0,2,2,0,0,0,0,0,1,1,10,0,0,2,2,0,0,0,0,0,0,0,4,0,0,1,0,0,0,0,0,0.0,0.0,80.0,3.0,37.8,0.3,0.7,0.0,0.0,90.0,8.0,41.0,2.1,0.9090909090909091,0.0,0.0,70.0,6.0,37.6,1.2,0.5,1.5,2.0,0.0,0.0782608695652174,0.19130434782608696,7,7,1467,1736,336
266,202501010608,1,0,2,8,1,1,1,13,0,0,0,0,1,0,2,7,0,1,1,11,0,0,0,0,0,0,0,1,0,0,0,3,0,0,0,0,0.0,0.0,50.0,11.0,38.0,1.2,0.5384615384615384,0.0,0.0,60.0,3.0,38.0,0.6,0.625,0.0,0.0,40.0,3.0,37.9,0.3,0.875,-4.0,-4.0,300.0,0.03418803418803419,0.1452991452991453,5,5,1586,1503,1167
267,202501010608,0,1,1,19,0,0,0,0,0,0,0,0,0,1,1,15,0,0,0,0,0,0,0,0,0,0,1,10,0,0,0,0,0,0,0,0,0.0,0.0,50.0,6.0,39.4,0.7,0.07692307692307693,0.0,0.0,70.0,5.0,38.0,0.6,0.25,0.0,0.0,70.0,3.0,37.3,0.8,0.125,-1.5,14.0,0.0,0.07692307692307693,0.3076923076923077,3,3,1304,237,1503
268,202501010608,1,1,1,5,0,0,0,0,0,0,0,0,1,1,1,5,0,0,0,0,0,0,0,0,0,0,0,2,0,0,0,0,0,0,0,0,0.0,0.0,50.0,8.0,39.0,2.0,0.2727272727272727,0.0,0.0,50.0,1.0,36.1,0.0,0.125,0.0,0.0,40.0,3.0,39.8,0.4,0.2,-2.5,4.0,0.0,0.3333333333333333,0.5,2,2,1600,1317,680
269,202501010608,2,1,0,7,0,0,0,0,0,0,0,0,1,1,0,7,0,0,0,0,0,0,0,0,0,0,0,2,0,0,0,0,0,0,0,0,0.0,0.0,30.0,4.0,35.5,0.8,0.75,0.0,0.0,30.0,9.0,40.6,2.3,0.18181818181818182,0.0,0.0,40.0,4.0,34.4,0.4,0.5,0.0,0.0,-100.0,0.08653846153846154,0.3076923076923077,6,6,1127,760,1328
270,202501010608,0,0,0,3,0,0,0,0,0,0,0,0,0,0,0,3,0,0,0,0,0,0,0,0,0,0,0,1,0,0,0,0,0,0,0,0,0.0,0.0,30.0,4.0,38.4,0.7,0.46153846153846156,0.0,0.0,20.0,5.0,38.8,2.1,0.4,0.0,0.0,100.0,3.0,36.3,0.4,0.5,-0.5,8.0,0.0,0.1686746987951807,0.39156626506024095,8,9,1693,944,1167
271,202501010608,1,1,0,5,0,3,0,5,0,0,0,0,1,1,0,2,0,2,0,4,0,0,0,0,0,0,0,0,0,0,0,1,0,0,0,0,0.0,0.0,50.0,11.0,39.3,1.2,0.07692307692307693,0.0,0.0,50.0,10.0,38.5,2.6,0.5,0.0,0.0,20.0,1.0,38.6,0.0,0.06666666666666667,-5.0,12.0,0.0,0.0,0.14285714285714285,1,1,1426,1228,306
272,202501010612,0,1,3,9,5,12,7,84,0,0,0,0,0,1,3,9,5,7,4,64,0,0,0,0,0,0,0,0,1,3,0,8,0,0,0,0,0.0,0.0,20.0,6.0,37.6,1.7,0.9090909090909091,0.0,0.0,10.0,1.0,37.6,0.0,0.125,0.0,0.0,10.0,1.0,38.1,0.0,0.0625,-2.5,-4.0,-100.0,0.16766467065868262,0.38922155688622756,3,4,1479,1013,857
273,202501010612,1,1,1,7,1,0,0,1,1,0,0,0,1,1,1,6,1,0,0,1,1,0,0,0,0,0,0,0,0,0,0,0,0,0,0,0,0.0,0.0,50.0,4.0,37.7,0.2,0.75,0.0,0.0,60.0,2.0,37.1,0.2,0.21428571428571427,0.0,0.0,80.0,4.0,37.4,0.4,0.6428571428571429,0.0,2.0,0.0,0.03305785123966942,0.10743801652892562,6,10,1154,1489,1561
274,202501010612,2,2,1,17,0,0,0,0,0,0,0,0,2,1,0,12,0,0,0,0,0,0,0,0,0,0,0,2,0,0,0,0,0,0,0,0,0.0,0.0,10.0,1.0,37.4,0.0,0.2,0.0,0.0,40.0,2.0,39.4,0.2,0.5454545454545454,0.0,0.0,10.0,1.0,38.6,0.0,0.07142857142857142,0.0,0.0,0.0,0.09178743961352658,0.3188405797101449,7,11,1600,1356,680
275,202501010612,0,1,3,9,6,5,6,38,0,0,1,0,0,1,3,9,4,4,5,33,0,0,1,0,0,0,0,0,0,0,1,2,0,0,0,0,0.0,0.0,10.0,9.0,35.9,0.8,0.625,0.0,0.0,40.0,2.0,36.2,0.2,0.5625,0.0,0.0,60.0,5.0,36.3,0.5,0.21428571428571427,-2.0,-2.0,500.0,0.11570247933884298,0.4214876033057851,4,5,1479,1503,857
276,202501010612,6,3,1,32,15,8,11,92,1,0,0,0,6,3,1,28,10,6,10,59,1,0,0,0,0,0,0,5,2,1,3,3,0,0,0,0,0.0,0.0,130.0,4.0,36.9,1.0,0.42857142857142855,0.0,0.0,70.0,11.0,38.6,1.8,0.8181818181818182,0.0,0.0,70.0,7.0,36.7,0.9,1.0,1.5,8.0,0.0,0.03508771929824561,0.15789473684210525,6,9,1520,1183,695
277,202501010612,8,7,9,40,6,5,6,38,3,1,0,2,7,6,5,31,4,4,5,33,3,1,0,2,0,2,0,2,0,0,1,2,0,0,0,1,0.0,0.0,120.0,6.0,37.9,1.6,0.7857142857142857,0.0,0.0,70.0,5.0,37.2,1.0,0.21428571428571427,0.0,0.0,60.0,11.0,37.8,1.3,0.35714285714285715,2.5,0.0,0.0,0.08571428571428572,0.3047619047619048,8,13,1467,1503,336
278,202501010612,2,3,0,23,0,1,0,6,0,0,0,0,1,2,0,14,0,0,0,3,0,0,0,0,0,0,0,0,0,0,0,0,0,0,0,0,0.0,0.0,80.0,7.0,38.2,1.7,0.9285714285714286,0.0,0.0,60.0,3.0,36.7,0.8,0.5625,0.0,0.0,140.0,14.0,41.4,3.1,0.07142857142857142,3.5,10.0,0.0,0.06,0.24,8,14,1204,1323,1221
279,202501010612,0,0,1,4,0,2,0,5,0,0,0,1,0,0,1,4,0,0,0,4,0,0,0,1,0,0,0,0,0,0,0,2,0,0,0,0,0.0,0.0,60.0,1.0,37.5,0.0,0.6923076923076923,0.0,0.0,120.0,7.0,36.8,0.7,0.5,0.0,0.0,80.0,5.0,37.6,0.8,0.35714285714285715,2.0,0.0,0.0,0.05263157894736842,0.15789473684210525,5,8,1038,1665,489
280,202501010612,1,1,1,2,5,12,7,84,0,1,0,0,1,1,1,2,5,7,4,64,0,1,0,0,0,1,0,0,1,3,0,8,0,1,0,0,0.0,0.0,30.0,7.0,38.1,1.1,0.7142857142857143,0.0,0.0,20.0,3.0,37.1,0.3,0.35714285714285715,0.0,0.0,10.0,4.0,39.3,0.4,0.6,-1.5,0.0,0.0,0.125,0.2625,7,12,1693,1013,1167
281,202501010612,0,1,3,9,13,12,17,89,0,0,0,1,0,1,3,9,9,10,13,63,0,0,0,1,0,0,0,0,2,0,0,5,0,0,0,0,0.0,0.0,10.0,1.0,37.6,0.0,0.6153846153846154,0.0,0.0,30.0,4.0,36.5,0.4,0.375,0.0,0.0,40.0,3.0,36.2,0.4,0.5625,1.0,2.0,0.0,0.1348314606741573,0.34831460674157305,5,7,1479,1167,857
282,202501010612,1,0,0,9,13,12,17,89,1,0,0,0,1,0,0,8,9,10,13,63,1,0,0,0,0,0,0,0,2,0,0,5,0,0,0,0,0.0,0.0,60.0,11.0,39.0,2.3,0.5714285714285714,0.0,0.0,60.0,2.0,36.8,0.1,0.75,0.0,0.0,40.0,6.0,36.8,0.4,0.6428571428571429,-2.5,0.0,0.0,0.07758620689655173,0.19827586206896552,2,2,1670,1167,882
283,202501010612,1,1,0,10,0,0,0,1,0,0,0,0,1,1,0,10,0,0,0,0,0,0,0,0,0,0,0,0,0,0,0,0,0,0,0,0,0.0,0.0,40.0,12.0,40.2,3.0,0.2857142857142857,0.0,0.0,50.0,4.0,37.9,0.6,0.25,0.0,0.0,70.0,5.0,40.5,0.7,0.1875,-3.5,-20.0,0.0,0.2857142857142857,0.42857142857142855,1,1,941,306,420
284,202501010612,0,2,1,5,8,10,9,71,0,0,0,0,0,2,1,5,6,6,3,55,0,0,0,0,0,0,0,0,1,1,1,11,0,0,0,0,0.0,0.0,90.0,2.0,36.9,0.5,0.14285714285714285,0.0,0.0,70.0,6.0,38.9,2.0,0.4,0.0,0.0,60.0,1.0,39.0,0.0,0.16666666666666666,-0.5,6.0,0.0,0.0,0.3,4,6,1537,1558,488
285,202501010612,3,9,4,31,1,2,0,9,0,0,0,1,2,7,4,28,1,2,0,9,0,0,0,1,0,1,0,4,0,0,0,1,0,0,0,1,0.0,0.0,80.0,8.0,37.0,0.8,0.2,0.0,0.0,110.0,7.0,37.4,1.0,0.42857142857142855,0.0,0.0,110.0,5.0,37.8,0.6,0.25,-1.5,-2.0,-100.0,0.13513513513513514,0.24324324324324326,3,3,1586,1620,1167
286,202501010702,1,2,4,26,0,0,1,7,0,0,0,0,1,1,2,14,0,0,1,5,0,0,0,0,1,1,2,12,0,0,1,2,0,0,0,0,0.0,0.0,20.0,7.0,35.4,0.7,0.5,0.0,0.0,110.0,12.0,35.5,0.9,0.6470588235294118,0.0,0.0,50.0,5.0,36.3,0.7,0.6875,-1.0,6.0,500.0,0.05555555555555555,0.2222222222222222,8,14,1629,322,1428
287,202501010702,1,1,0,2,0,0,0,0,0,0,0,0,1,1,0,2,0,0,0,0,0,0,0,0,1,1,0,1,0,0,0,0,0,0,0,0,0.0,0.0,60.0,2.0,38.4,0.4,0.7857142857142857,0.0,0.0,90.0,5.0,40.1,1.1,0.5333333333333333,0.0,0.0,50.0,3.0,40.0,1.3,0.6,0.5,26.0,0.0,0.07692307692307693,0.19658119658119658,8,13,1220,783,1317
288,202501010702,3,0,0,17,13,12,17,89,0,0,0,0,0,0,0,15,9,10,13,63,0,0,0,0,0,0,0,8,3,4,7,38,0,0,0,0,0.0,0.0,40.0,2.0,39.0,0.1,0.14285714285714285,0.0,0.0,50.0,5.0,37.8,2.1,0.7692307692307693,0.0,0.0,30.0,4.0,38.4,0.9,0.3125,1.0,-6.0,0.0,0.04,0.18,2,2,1676,1167,1428
289,202501010702,0,1,0,3,0,0,0,2,0,0,0,0,0,1,0,3,0,0,0,0,0,0,0,0,0,0,0,0,0,0,0,0,0,0,0,0,0.0,0.0,20.0,4.0,38.1,0.3,0.7857142857142857,0.0,0.0,70.0,8.0,36.9,0.4,0.7333333333333333,0.0,0.0,,,,,,4.0,6.0,0.0,0.22580645161290322,0.4838709677419355,7,12,1689,1348,1294
290,202501010702,0,1,0,3,0,0,0,0,0,0,0,0,0,1,0,3,0,0,0,0,0,0,0,0,0,0,0,0,0,0,0,0,0,0,0,0,0.0,0.0,70.0,5.0,39.5,1.2,0.7142857142857143,0.0,0.0,40.0,6.0,39.0,2.5,0.3076923076923077,0.0,0.0,40.0,15.0,39.6,3.3,0.3125,5.0,-4.0,0.0,0.05747126436781609,0.19540229885057472,1,1,1689,1152,1294
291,202501010702,0,0,0,0,15,8,11,92,0,0,0,0,0,0,0,0,10,6,10,59,0,0,0,0,0,0,0,0,4,5,6,27,0,0,0,0,0.0,0.0,130.0,11.0,36.2,1.3,0.75,0.0,0.0,100.0,7.0,38.9,1.9,0.5,0.0,0.0,90.0,5.0,38.2,1.4,0.5,-3.0,-2.0,300.0,0.0,0.2727272727272727,5,7,1219,1183,348
292,202501010702,0,1,4,24,15,8,11,92,0,1,1,2,0,1,2,16,10,6,10,59,0,1,1,0,0,1,1,9,4,5,6,27,0,1,1,0,0.0,0.0,50.0,13.0,39.8,2.6,0.9333333333333333,0.0,0.0,40.0,6.0,40.0,1.1,0.3333333333333333,0.0,0.0,10.0,8.0,41.2,2.1,0.4666666666666667,-2.5,-12.0,0.0,0.0,0.10416666666666667,6,10,1729,1183,1428
293,202501010702,3,9,4,31,0,0,0,3,0,0,0,0,2,7,4,28,0,0,0,2,0,0,0,0,2,3,4,16,0,0,0,0,0,0,0,0,0.0,0.0,20.0,8.0,40.7,2.5,0.35714285714285715,0.0,0.0,30.0,3.0,38.1,0.6,0.3125,0.0,0.0,70.0,3.0,39.2,0.1,0.125,-2.5,0.0,0.0,0.36363636363636365,0.45454545454545453,4,5,1586,1127,1167
294,202501010702,8,7,9,40,2,2,3,35,0,0,0,0,7,6,5,31,0,1,1,24,0,0,0,0,4,3,2,13,0,0,0,12,0,0,0,0,0.0,0.0,60.0,9.0,41.0,2.6,0.21428571428571427,0.0,0.0,70.0,5.0,39.5,1.4,0.2857142857142857,0.0,0.0,80.0,8.0,41.2,0.8,0.0625,-0.5,0.0,0.0,0.0,0.2857142857142857,3,4,1467,1228,336
295,202501010702,2,2,1,17,0,1,3,9,0,0,0,0,2,1,0,12,0,0,3,9,0,0,0,0,0,1,0,6,0,0,2,4,0,0,0,0,0.0,0.0,100.0,10.0,41.1,2.9,0.35714285714285715,0.0,0.0,120.0,7.0,39.2,1.5,0.8,0.0,0.0,90.0,11.0,40.3,2.8,0.6666666666666666,0.5,-2.0,0.0,0.0,0.3333333333333333,6,9,1600,1736,680
296,202501010702,4,2,3,29,0,0,0,0,0,0,0,0,3,1,1,21,0,0,0,0,0,0,0,0,1,0,0,12,0,0,0,0,0,0,0,0,0.0,0.0,130.0,11.0,41.5,3.0,0.21428571428571427,0.0,0.0,100.0,11.0,35.0,1.1,0.7333333333333333,0.0,0.0,70.0,9.0,36.0,0.9,0.2,-1.0,8.0,0.0,0.08256880733944955,0.29357798165137616,5,8,1657,59,1317
297,202501010702,7,5,2,34,15,8,11,92,2,1,0,3,4,3,0,25,10,6,10,59,2,1,0,2,2,0,0,18,4,5,6,27,0,0,0,1,0.0,0.0,90.0,12.0,42.2,3.5,0.14285714285714285,0.0,0.0,90.0,11.0,41.2,2.4,0.3333333333333333,0.0,0.0,100.0,7.0,36.6,0.8,0.125,-2.5,0.0,0.0,0.03278688524590164,0.11475409836065574,3,3,1677,1183,1167
298,202501010702,2,0,0,21,1,4,0,7,0,0,0,0,1,0,0,16,0,3,0,6,0,0,0,0,0,0,0,14,0,3,0,1,0,0,0,0,0.0,0.0,50.0,13.0,42.5,4.2,0.35714285714285715,0.0,0.0,60.0,9.0,36.6,1.4,0.13333333333333333,0.0,0.0,50.0,4.0,36.7,0.6,0.3125,-4.5,16.0,0.0,0.1695906432748538,0.38596491228070173,7,11,1289,1691,1428
299,202501010702,2,1,3,39,15,8,11,92,1,0,0,3,2,1,2,34,10,6,10,59,1,0,0,2,1,0,2,29,4,5,6,27,1,0,0,2,0.0,0.0,120.0,14.0,41.6,4.3,1.0,0.0,0.0,140.0,12.0,34.5,1.2,0.9333333333333333,,,,,,,,-2.0,8.0,0.0,0.034482758620689655,0.15517241379310345,4,6,1098,1183,1294
300,202501010706,1,1,1,11,0,0,0,1,0,0,0,0,1,1,1,6,0,0,0,1,0,0,0,0,1,1,1,4,0,0,0,1,0,0,0,0,0.0,0.0,30.0,4.0,36.4,0.9,0.5,0.0,0.0,60.0,3.0,35.5,0.1,0.8125,0.0,0.0,50.0,4.0,36.6,0.3,0.25,0.0,-4.0,300.0,0.1686046511627907,0.38372093023255816,6,10,1261,1317,387
301,202501010706,0,0,0,12,1,1,0,9,0,0,0,0,0,0,0,9,1,1,0,6,0,0,0,0,0,0,0,5,0,0,0,1,0,0,0,0,0.0,0.0,40.0,3.0,39.2,0.4,0.9285714285714286,0.0,0.0,30.0,4.0,37.9,0.4,0.6875,0.0,0.0,10.0,8.0,39.9,0.8,0.4,2.5,4.0,0.0,0.22340425531914893,0.4787234042553192,1,1,1447,1034,1721
302,202501010706,0,4,3,11,2,4,5,43,0,0,0,0,0,2,2,8,2,2,4,30,0,0,0,0,0,2,2,6,2,1,2,15,0,0,0,0,0.0,0.0,70.0,5.0,39.9,1.6,0.21428571428571427,0.0,0.0,50.0,3.0,39.7,1.4,0.15384615384615385,0.0,0.0,80.0,7.0,40.8,0.6,0.13333333333333333,1.0,-4.0,0.0,0.10526315789473684,0.2631578947368421,8,13,1489,1393,565
303,202501010706,0,0,0,1,0,0,0,1,0,0,0,1,0,0,0,1,0,0,0,1,0,0,0,1,0,0,0,1,0,0,0,1,0,0,0,1,0.0,0.0,20.0,2.0,37.2,0.0,0.9285714285714286,0.0,0.0,50.0,7.0,34.2,0.6,1.0,0.0,0.0,60.0,5.0,34.9,0.1,0.7222222222222222,1.5,2.0,0.0,0.0,0.3333333333333333,8,14,759,125,1428
304,202501010706,2,7,3,27,1,4,0,7,0,0,0,1,2,3,3,22,0,3,0,6,0,0,0,1,2,3,3,9,0,3,0,1,0,0,0,0,0.0,0.0,110.0,14.0,37.7,2.5,0.125,,,,,,,,,,,,,,,,,-100.0,0.03389830508474576,0.15254237288135594,4,6,1601,1691,239
305,202501010706,2,2,1,17,6,7,5,70,0,1,0,0,2,1,0,12,5,5,4,57,0,0,0,0,0,1,0,6,3,4,2,27,0,0,0,0,0.0,0.0,40.0,6.0,39.3,1.1,0.42857142857142855,0.0,0.0,30.0,9.0,37.4,1.6,0.5,0.0,0.0,40.0,5.0,36.0,0.7,0.3125,-0.5,-6.0,0.0,0.3333333333333333,0.4166666666666667,3,4,1600,1294,680
306,202501010706,15,12,7,67,7,6,8,47,1,0,0,3,11,7,3,43,5,6,6,32,1,0,0,0,3,2,2,20,3,3,6,18,1,0,0,0,0.0,0.0,60.0,7.0,38.8,1.2,0.7142857142857143,0.0,0.0,20.0,10.0,36.9,1.1,0.125,0.0,0.0,50.0,3.0,37.3,0.1,0.5,-2.0,-8.0,0.0,0.09004739336492891,0.3222748815165877,4,5,1576,1559,1577
307,202501010706,6,3,1,18,0,0,0,0,0,0,0,0,2,2,1,12,0,0,0,0,0,0,0,0,1,0,0,3,0,0,0,0,0,0,0,0,0.0,0.0,90.0,6.0,39.0,1.9,0.9230769230769231,0.0,0.0,80.0,14.0,38.5,2.4,0.9375,0.0,0.0,30.0,5.0,40.7,1.0,0.4375,-0.5,-6.0,0.0,0.0,0.25,2,2,1401,1304,517
308,202501010706,0,0,0,0,2,1,1,3,0,0,0,0,0,0,0,0,1,1,0,2,0,0,0,0,0,0,0,0,0,0,0,1,0,0,0,0,0.0,0.0,70.0,9.0,40.0,1.8,0.21428571428571427,0.0,0.0,60.0,9.0,39.7,3.3,0.6428571428571429,0.0,0.0,50.0,6.0,38.7,1.5,0.25,-1.5,0.0,0.0,0.0,0.10204081632653061,5,8,1347,1465,1396
309,202501010706,1,3,2,20,1,2,0,16,0,0,0,0,1,2,0,12,1,2,0,11,0,0,0,0,0,1,0,9,0,0,0,3,0,0,0,0,0.0,0.0,120.0,10.0,39.8,2.2,0.6428571428571429,0.0,0.0,150.0,13.0,34.3,1.4,0.9375,0.0,0.0,140.0,9.0,33.7,0.8,0.75,-0.5,8.0,0.0,0.03389830508474576,0.05084745762711865,3,3,1645,1417,1366
310,202501010706,0,0,0,0,0,0,0,0,0,0,0,0,0,0,0,0,0,0,0,0,0,0,0,0,0,0,0,0,0,0,0,0,0,0,0,0,0.0,0.0,100.0,11.0,40.4,2.5,0.42857142857142855,0.0,0.0,90.0,5.0,38.2,1.1,0.35714285714285715,0.0,0.0,80.0,5.0,38.4,1.0,0.26666666666666666,-3.0,2.0,0.0,0.05813953488372093,0.19767441860465115,7,11,1267,33,1716
311,202501010706,1,1,1,2,0,0,0,2,0,0,0,0,1,1,1,2,0,0,0,2,0,0,0,0,1,0,1,2,0,0,0,1,0,0,0,0,0.0,0.0,130.0,12.0,39.9,2.6,0.7142857142857143,0.0,0.0,150.0,15.0,37.1,2.9,0.4375,0.0,0.0,140.0,18.0,39.5,6.1,0.5,3.0,8.0,0.0,0.0,0.3076923076923077,7,12,1693,568,1167
312,202501010706,1,3,2,11,6,7,5,70,0,0,0,0,1,3,2,8,5,5,4,57,0,0,0,0,1,0,1,3,3,4,2,27,0,0,0,0,0.0,0.0,110.0,13.0,40.2,2.8,0.9285714285714286,0.0,0.0,40.0,11.0,41.3,2.8,0.15384615384615385,0.0,0.0,70.0,7.0,38.8,1.3,0.14285714285714285,-3.0,-6.0,0.0,0.0,0.1,6,9,1248,1294,1428
313,202501010706,0,0,1,4,6,5,4,28,0,0,0,0,0,0,1,4,2,3,3,19,0,0,0,0,0,0,1,2,1,0,1,3,0,0,0,0,0.0,0.0,140.0,14.0,40.8,3.1,0.2857142857142857,0.0,0.0,100.0,8.0,40.4,3.3,0.21428571428571427,0.0,0.0,80.0,12.0,41.0,3.8,0.9375,-1.0,4.0,0.0,0.047619047619047616,0.14285714285714285,5,7,1038,1721,489
314,202501010708,9,8,4,64,0,0,0,0,0,0,0,0,6,7,3,55,0,0,0,0,0,0,0,0,2,3,0,18,0,0,0,0,0,0,0,0,0.0,0.0,20.0,5.0,36.2,0.4,0.25,0.0,0.0,10.0,1.0,37.6,0.0,0.5,0.0,0.0,10.0,2.0,38.8,0.1,0.4375,-1.5,12.0,0.0,0.12048192771084337,0.26506024096385544,5,7,1278,664,625
315,202501010708,1,0,0,0,1,0,0,5,0,0,0,0,1,0,0,0,0,0,0,2,0,0,0,0,0,0,0,0,0,0,0,1,0,0,0,0,0.0,0.0,140.0,16.0,38.5,3.3,0.5625,0.0,0.0,120.0,11.0,39.2,2.4,0.6153846153846154,0.0,0.0,60.0,5.0,38.3,0.9,0.2,-5.5,4.0,100.0,0.1282051282051282,0.23076923076923078,6,9,1223,1205,1221
316,202501010708,6,3,1,32,6,5,6,63,0,0,0,1,6,3,1,28,3,2,3,47,0,0,0,1,2,2,0,7,1,0,2,17,0,0,0,0,0.0,0.0,40.0,10.0,40.6,1.0,0.4,0.0,0.0,20.0,4.0,38.2,0.9,0.5,0.0,0.0,30.0,8.0,37.4,0.4,0.4375,-1.0,-4.0,-100.0,0.0,0.25,7,12,1520,1345,695
317,202501010708,0,0,2,7,6,7,5,70,0,0,0,0,0,0,1,5,5,5,4,57,0,0,0,0,0,0,0,0,1,1,1,18,0,0,0,0,0.0,0.0,100.0,2.0,38.2,0.1,0.15384615384615385,0.0,0.0,120.0,10.0,37.5,1.2,0.23076923076923078,0.0,0.0,20.0,4.0,39.5,1.2,0.23076923076923078,1.0,0.0,0.0,0.0,0.1111111111111111,3,3,1656,1294,1576
318,202501010708,0,0,2,7,7,6,11,50,0,0,1,0,0,0,1,5,5,6,5,35,0,0,0,0,0,0,0,0,1,5,5,16,0,0,0,0,0.0,0.0,80.0,8.0,39.1,1.7,0.6363636363636364,0.0,0.0,110.0,6.0,39.2,0.9,0.13333333333333333,0.0,0.0,50.0,10.0,36.8,1.8,0.8,1.0,4.0,0.0,0.05,0.15,8,14,1656,1221,1576
319,202501010708,2,2,1,17,2,0,0,4,0,0,0,0,2,1,0,12,1,0,0,3,0,0,0,0,2,0,0,1,1,0,0,0,0,0,0,0,0.0,0.0,120.0,7.0,38.0,1.3,0.5384615384615384,0.0,0.0,100.0,7.0,36.9,0.9,0.9333333333333333,0.0,0.0,150.0,8.0,36.1,1.8,0.5625,0.5,0.0,0.0,0.15384615384615385,0.3076923076923077,5,8,1600,1322,680
320,202501010708,11,5,4,67,4,5,5,45,1,2,0,6,10,3,3,57,2,1,3,34,1,0,0,6,3,2,2,25,0,0,0,12,0,0,0,4,0.0,0.0,40.0,5.0,37.8,0.7,0.9230769230769231,0.0,0.0,50.0,9.0,36.6,0.7,0.875,0.0,0.0,40.0,3.0,35.5,0.5,0.8571428571428571,-1.0,-6.0,0.0,0.0625,0.25,2,2,1691,1618,1167
321,202501010708,1,1,0,5,0,0,0,0,0,0,0,0,1,1,0,2,0,0,0,0,0,0,0,0,1,1,0,1,0,0,0,0,0,0,0,0,0.0,0.0,10.0,2.0,38.2,0.8,0.2,0.0,0.0,40.0,4.0,37.3,0.1,0.375,0.0,0.0,10.0,3.0,38.9,0.3,0.38461538461538464,0.5,-6.0,0.0,0.08333333333333333,0.2962962962962963,8,13,1352,303,1503
322,202501010708,0,0,0,0,0,0,1,1,0,0,0,0,0,0,0,0,0,0,1,1,0,0,0,0,0,0,0,0,0,0,1,1,0,0,0,0,0.0,0.0,10.0,1.0,37.4,0.0,0.2857142857142857,0.0,0.0,20.0,2.0,36.5,0.2,0.13333333333333333,0.0,0.0,40.0,4.0,36.6,0.8,0.6875,1.5,-4.0,0.0,0.11290322580645161,0.4112903225806452,1,1,1550,1009,32
323,202501010708,4,2,1,16,0,0,0,7,0,0,0,0,2,1,1,14,0,0,0,5,0,0,0,0,2,1,1,9,0,0,0,1,0,0,0,0,0.0,0.0,90.0,7.0,35.7,1.6,0.7,0.0,0.0,130.0,10.0,38.2,1.2,0.6923076923076923,0.0,0.0,110.0,8.0,38.0,1.9,0.6666666666666666,0.5,0.0,-100.0,0.034482758620689655,0.05172413793103448,7,11,1557,1332,1559
324,202501010708,0,4,3,11,5,12,7,84,0,0,0,0,0,2,2,8,5,7,4,64,0,0,0,0,0,0,0,2,1,1,0,16,0,0,0,0,0.0,0.0,110.0,11.0,40.5,2.1,0.35714285714285715,0.0,0.0,70.0,9.0,34.5,0.6,0.5833333333333334,0.0,0.0,100.0,9.0,35.8,0.9,0.5555555555555556,-1.0,20.0,0.0,0.09047619047619047,0.3238095238095238,4,6,1489,1013,565
325,202501010708,2,2,1,17,13,12,17,89,0,0,0,0,2,1,0,12,9,10,13,63,0,0,0,0,2,0,0,1,4,5,6,12,0,0,0,0,0.0,0.0,90.0,1.0,39.0,0.0,0.07142857142857142,0.0,0.0,100.0,11.0,36.9,1.4,0.5,0.0,0.0,50.0,5.0,39.3,2.9,0.4166666666666667,2.0,8.0,0.0,0.0,0.0,4,5,1600,1167,680
326,202501010708,0,0,0,3,0,0,0,0,0,0,0,0,0,0,0,1,0,0,0,0,0,0,0,0,0,0,0,1,0,0,0,0,0,0,0,0,0.0,0.0,60.0,13.0,40.5,4.2,0.42857142857142855,0.0,0.0,40.0,2.0,37.6,0.0,0.21428571428571427,0.0,0.0,50.0,8.0,39.9,1.0,0.3125,-2.5,4.0,0.0,0.0,0.2857142857142857,6,10,1554,599,322
327,202501010708,2,2,1,17,7,6,11,50,0,0,0,0,2,1,0,12,5,6,5,35,0,0,0,0,2,0,0,1,1,5,5,16,0,0,0,0,0.0,0.0,20.0,6.0,38.6,0.8,0.3076923076923077,0.0,0.0,30.0,6.0,41.1,1.3,0.18181818181818182,0.0,0.0,20.0,1.0,38.0,0.0,0.14285714285714285,-2.5,12.0,0.0,,,3,4,1600,1221,680
328,202501010711,9,8,4,64,6,5,6,38,0,0,0,2,6,7,3,55,4,4,5,33,0,0,0,2,1,0,0,2,0,0,0,2,0,0,0,0,0.0,0.0,20.0,14.0,41.2,3.6,0.4375,0.0,0.0,20.0,2.0,38.0,0.4,0.15384615384615385,0.0,0.0,20.0,2.0,39.1,0.3,0.1875,-6.0,8.0,-100.0,0.047058823529411764,0.18823529411764706,5,7,1278,1503,625
329,202501010711,1,1,1,11,0,1,0,7,0,0,0,0,1,1,1,6,0,0,0,5,0,0,0,0,0,0,0,0,0,0,0,0,0,0,0,0,0.0,0.0,80.0,2.0,36.9,0.3,0.9285714285714286,0.0,0.0,10.0,1.0,37.2,0.0,1.0,0.0,0.0,20.0,4.0,35.0,0.4,0.9375,1.0,8.0,0.0,0.15625,0.4375,5,8,1261,1412,387
330,202501010711,7,5,2,34,15,8,11,92,2,1,0,3,4,3,0,25,10,6,10,59,2,1,0,2,0,0,0,0,0,0,0,2,0,0,0,0,0.0,0.0,20.0,6.0,37.7,1.2,0.375,0.0,0.0,80.0,5.0,36.2,1.2,0.625,0.0,0.0,10.0,1.0,37.6,0.0,0.5833333333333334,-2.5,0.0,0.0,0.22826086956521738,0.4782608695652174,8,13,1677,1183,1167
331,202501010711,1,0,0,3,1,0,1,5,1,0,0,0,1,0,0,3,1,0,1,5,1,0,0,0,0,0,0,0,0,0,0,0,0,0,0,0,0.0,0.0,30.0,4.0,37.6,0.4,0.7142857142857143,0.0,0.0,40.0,3.0,36.3,0.8,0.5,0.0,0.0,50.0,10.0,38.6,1.7,0.625,3.0,-6.0,0.0,0.125,0.25,4,6,491,882,939
332,202501010711,1,1,2,23,1,0,0,0,0,0,0,0,1,1,1,18,1,0,0,0,0,0,0,0,0,0,0,0,0,0,0,0,0,0,0,0,0.0,0.0,110.0,9.0,38.3,1.4,1.0,0.0,0.0,70.0,6.0,39.0,1.5,0.375,0.0,0.0,110.0,3.0,38.0,0.7,0.6875,-3.0,-6.0,-100.0,0.04081632653061224,0.1836734693877551,3,4,1403,1137,939
333,202501010711,6,8,6,66,6,5,4,28,1,0,0,5,3,5,4,41,2,3,3,19,1,0,0,5,0,0,0,0,0,0,2,0,0,0,0,0,0.0,0.0,100.0,12.0,40.3,2.4,0.4375,0.0,0.0,10.0,5.0,37.6,0.6,0.4666666666666667,0.0,0.0,30.0,1.0,37.5,0.0,0.2,-5.5,-4.0,-100.0,0.0,0.5,6,9,1172,1721,1556
334,202501010711,1,3,4,31,0,0,1,4,0,0,1,0,0,1,2,22,0,0,1,4,0,0,1,0,0,0,0,1,0,0,0,0,0,0,0,0,0.0,0.0,60.0,5.0,38.5,0.6,0.3125,0.0,0.0,60.0,8.0,35.0,0.7,0.75,0.0,0.0,60.0,1.0,36.8,0.0,0.5,-2.0,-12.0,-200.0,0.0,0.12,2,2,1020,549,1576
335,202501010711,11,5,4,67,1,2,0,16,0,0,0,0,10,3,3,57,1,2,0,11,0,0,0,0,0,0,0,2,0,0,0,0,0,0,0,0,0.0,0.0,160.0,12.0,38.5,1.9,0.6875,0.0,0.0,160.0,15.0,38.7,2.1,0.9375,0.0,0.0,120.0,9.0,38.6,1.1,0.75,-1.5,-4.0,-100.0,0.038461538461538464,0.11538461538461539,1,1,1691,1417,1167
336,202501010711,0,1,1,13,7,6,11,50,0,0,0,2,0,1,1,13,5,6,5,35,0,0,0,2,0,0,0,0,0,0,0,2,0,0,0,0,0.0,0.0,70.0,1.0,37.1,0.0,0.21428571428571427,0.0,0.0,110.0,10.0,38.7,2.9,0.75,0.0,0.0,90.0,14.0,38.5,1.9,0.375,6.5,-4.0,0.0,0.03389830508474576,0.1440677966101695,8,14,1146,1221,512
337,202501010711,5,2,2,30,0,0,0,2,0,0,0,0,2,0,2,16,0,0,0,1,0,0,0,0,0,0,0,0,0,0,0,0,0,0,0,0,0.0,0.0,60.0,2.0,37.1,0.1,0.38461538461538464,0.0,0.0,50.0,11.0,36.2,1.2,0.1875,0.0,0.0,80.0,5.0,37.2,0.5,0.125,1.5,-4.0,0.0,0.4,0.5,7,12,1317,779,1186
338,202501010711,9,8,4,64,0,0,0,5,0,0,0,0,6,7,3,55,0,0,0,4,0,0,0,0,1,0,0,2,0,0,0,0,0,0,0,0,0.0,0.0,30.0,1.0,36.6,0.0,0.14285714285714285,0.0,0.0,30.0,2.0,36.6,0.1,0.2,0.0,0.0,120.0,5.0,40.4,0.8,0.3125,2.0,10.0,0.0,0.17058823529411765,0.38823529411764707,4,5,1278,1734,625
339,202501010711,11,5,4,67,2,0,0,0,2,0,0,0,10,3,3,57,2,0,0,0,2,0,0,0,0,0,0,2,0,0,0,0,0,0,0,0,0.0,0.0,160.0,14.0,36.7,2.1,0.6875,0.0,0.0,160.0,15.0,40.4,2.7,0.125,0.0,0.0,110.0,12.0,40.5,3.5,0.08333333333333333,-1.0,2.0,100.0,0.058823529411764705,0.23529411764705882,6,10,1691,122,1167
340,202501010711,2,2,2,25,3,1,3,10,0,0,0,0,0,1,0,20,2,0,3,6,0,0,0,0,0,0,0,0,0,0,0,1,0,0,0,0,0.0,0.0,70.0,7.0,37.3,0.5,0.1875,0.0,0.0,90.0,3.0,39.1,0.7,0.125,0.0,0.0,90.0,8.0,36.8,1.4,0.5,0.5,-4.0,100.0,0.112,0.408,7,11,1064,1331,1556
341,202501010711,1,1,1,7,0,2,0,3,0,1,0,0,1,1,1,6,0,2,0,3,0,1,0,0,0,0,0,0,0,1,0,1,0,0,0,0,0.0,0.0,20.0,1.0,36.2,0.0,0.0625,0.0,0.0,50.0,9.0,40.7,1.2,0.4375,0.0,0.0,60.0,6.0,39.7,0.9,0.4,2.5,10.0,100.0,0.14285714285714285,0.2857142857142857,3,3,1154,660,1561
342,202501010804,0,0,0,0,0,0,0,7,0,0,0,0,0,0,0,0,0,0,0,4,0,0,0,0,0,0,0,0,0,0,0,4,0,0,0,0,0.0,0.0,50.0,6.0,38.0,0.5,0.375,0.0,0.0,130.0,2.0,40.1,0.1,0.6875,,,,,,,,-4.0,-4.0,0.0,0.0892018779342723,0.3192488262910798,1,1,1652,1169,314
343,202501010804,9,8,4,64,1,0,0,5,0,0,0,0,6,7,3,55,0,0,0,2,0,0,0,0,3,4,2,20,0,0,0,1,0,0,0,0,0.0,0.0,10.0,5.0,39.2,1.2,0.2,0.0,0.0,10.0,2.0,38.5,0.1,0.2,0.0,0.0,20.0,3.0,37.8,0.5,0.25,-1.0,2.0,-100.0,0.22105263157894736,0.4842105263157895,3,3,1278,1205,625
344,202501010804,0,0,0,0,0,0,0,1,0,0,0,0,0,0,0,0,0,0,0,1,0,0,0,0,0,0,0,0,0,0,0,1,0,0,0,0,0.0,0.0,50.0,12.0,35.6,1.0,0.21428571428571427,0.0,0.0,20.0,9.0,39.7,2.4,0.75,0.0,0.0,20.0,5.0,39.2,0.4,0.6666666666666666,-3.5,-10.0,-100.0,0.1111111111111111,0.40476190476190477,8,13,1259,1472,1428
345,202501010804,11,10,11,44,6,5,6,63,0,0,2,4,8,8,8,39,3,2,3,47,0,0,1,3,4,3,6,14,1,1,0,17,0,0,0,1,0.0,0.0,90.0,5.0,37.7,0.6,0.5714285714285714,0.0,0.0,80.0,9.0,39.1,1.5,0.8125,0.0,0.0,130.0,5.0,38.4,1.7,0.6875,0.0,-2.0,0.0,0.0,0.09090909090909091,6,10,1605,1345,1
346,202501010804,1,3,5,24,13,12,17,89,0,0,1,5,1,3,5,21,9,10,13,63,0,0,1,5,1,2,2,15,3,4,7,38,0,0,1,5,0.0,0.0,20.0,9.0,37.4,1.0,0.1875,0.0,0.0,20.0,5.0,37.2,1.2,0.4375,0.0,0.0,60.0,2.0,35.8,0.0,0.25,-3.5,-6.0,-100.0,0.09523809523809523,0.2857142857142857,8,14,1506,1167,199
347,202501010804,11,5,4,67,0,3,2,26,0,0,1,0,10,3,3,57,0,3,2,16,0,0,1,0,3,1,1,23,0,1,1,14,0,0,0,0,0.0,0.0,120.0,6.0,38.7,1.9,0.5,0.0,0.0,120.0,8.0,39.5,2.8,0.5833333333333334,0.0,0.0,140.0,6.0,39.4,1.5,0.6,0.0,0.0,0.0,0.0,0.36363636363636365,5,8,1691,1110,1167
348,202501010804,0,0,0,0,0,0,0,0,0,0,0,0,0,0,0,0,0,0,0,0,0,0,0,0,0,0,0,0,0,0,0,0,0,0,0,0,0.0,0.0,20.0,4.0,39.9,0.8,0.42857142857142855,0.0,0.0,50.0,2.0,38.6,0.1,0.8461538461538461,0.0,0.0,30.0,2.0,38.5,0.5,0.8571428571428571,-1.0,4.0,0.0,0.03278688524590164,0.04918032786885246,7,12,1101,1117,1127
349,202501010804,0,0,0,0,0,0,1,3,0,0,0,0,0,0,0,0,0,0,1,2,0,0,0,0,0,0,0,0,0,0,1,1,0,0,0,0,0.0,0.0,40.0,8.0,39.2,2.5,1.0,0.0,0.0,10.0,9.0,39.7,1.0,0.3333333333333333,0.0,0.0,50.0,2.0,38.0,0.2,0.2,-3.0,14.0,0.0,0.3076923076923077,0.38461538461538464,4,5,1630,1335,1428
350,202501010804,2,7,3,27,3,5,5,31,0,0,1,0,2,3,3,22,2,3,3,24,0,0,1,0,2,3,3,9,2,3,3,14,0,0,1,0,0.0,0.0,80.0,9.0,38.7,2.5,0.7142857142857143,0.0,0.0,100.0,7.0,38.8,1.4,0.3125,0.0,0.0,50.0,6.0,38.1,0.6,0.7777777777777778,-1.5,4.0,0.0,0.0,0.25,3,4,1601,1362,239
351,202501010804,2,1,1,8,0,0,0,0,0,0,0,0,1,0,1,7,0,0,0,0,0,0,0,0,0,0,0,1,0,0,0,0,0,0,0,0,0.0,0.0,110.0,10.0,39.0,2.5,0.2857142857142857,0.0,0.0,60.0,11.0,41.8,3.6,0.14285714285714285,0.0,0.0,20.0,14.0,41.7,4.5,0.5333333333333333,2.0,6.0,0.0,0.045454545454545456,0.13636363636363635,5,7,32,1523,664
352,202501010804,1,3,2,11,1,1,0,3,0,0,0,0,1,3,2,8,1,0,0,3,0,0,0,0,1,0,1,3,1,0,0,1,0,0,0,0,0.0,0.0,100.0,11.0,41.5,3.5,0.07142857142857142,0.0,0.0,110.0,16.0,37.1,2.6,0.1875,0.0,0.0,140.0,16.0,40.4,3.2,0.5,2.5,-6.0,0.0,0.0,0.11538461538461539,6,9,1248,1576,1428
353,202501010804,0,0,2,7,3,3,2,21,0,0,0,0,0,0,1,5,3,2,2,14,0,0,0,0,0,0,1,4,1,0,1,10,0,0,0,0,0.0,0.0,150.0,14.0,38.9,2.8,0.3125,0.0,0.0,100.0,7.0,41.0,1.9,0.25,0.0,0.0,90.0,10.0,40.0,2.5,0.625,-2.0,4.0,100.0,0.0,0.1111111111111111,7,11,1656,1306,1576
354,202501010804,1,0,0,0,17,11,7,70,0,0,0,0,1,0,0,0,16,10,6,47,0,0,0,0,0,0,0,0,6,5,2,19,0,0,0,0,0.0,0.0,140.0,13.0,40.0,3.5,0.7857142857142857,0.0,0.0,140.0,12.0,40.4,4.3,0.8571428571428571,0.0,0.0,130.0,10.0,42.5,4.2,0.7692307692307693,-1.5,4.0,0.0,0.03361344537815126,0.14285714285714285,4,6,1223,1556,1221
355,202501010804,1,3,5,24,0,0,0,1,0,0,0,0,1,3,5,21,0,0,0,1,0,0,0,0,1,2,2,15,0,0,0,1,0,0,0,0,0.0,0.0,90.0,14.0,41.3,3.6,0.35714285714285715,0.0,0.0,30.0,8.0,37.0,0.7,0.125,0.0,0.0,20.0,13.0,37.4,1.9,0.125,-0.5,-6.0,0.0,0.056179775280898875,0.19101123595505617,2,2,1506,1317,199
356,202501010808,2,4,2,7,0,0,0,0,0,0,0,0,1,2,2,6,0,0,0,0,0,0,0,0,0,0,1,5,0,0,0,0,0,0,0,0,0.0,0.0,10.0,1.0,38.5,0.0,0.07142857142857142,0.0,0.0,10.0,3.0,36.6,0.2,0.125,0.0,0.0,10.0,3.0,36.4,0.5,0.375,1.0,4.0,0.0,0.2,0.3,4,4,1278,766,625
357,202501010808,2,1,3,12,1,1,1,13,0,0,0,0,1,1,2,6,0,1,1,11,0,0,0,0,1,0,0,2,0,0,0,3,0,0,0,0,0.0,0.0,20.0,2.0,38.5,0.1,0.5384615384615384,0.0,0.0,80.0,2.0,37.3,0.1,0.4166666666666667,0.0,0.0,80.0,9.0,40.9,1.3,0.38461538461538464,3.5,-4.0,0.0,0.0,0.1,2,2,1716,1503,1167
358,202501010808,0,0,0,0,1,1,2,9,0,0,0,0,0,0,0,0,1,1,1,6,0,0,0,0,0,0,0,0,1,0,0,1,0,0,0,0,0.0,0.0,20.0,2.0,38.7,0.6,0.09090909090909091,0.0,0.0,10.0,10.0,39.7,2.1,0.6923076923076923,0.0,0.0,10.0,2.0,38.0,0.2,0.3,0.0,0.0,0.0,0.0,0.3,8,12,1382,1221,707
359,202501010808,0,1,2,12,0,0,1,5,0,0,0,0,0,1,1,10,0,0,0,3,0,0,0,0,0,0,0,4,0,0,0,1,0,0,0,0,0.0,0.0,70.0,2.0,37.7,0.0,0.8333333333333334,0.0,0.0,30.0,4.0,37.9,1.1,0.6923076923076923,0.0,0.0,40.0,7.0,37.1,1.1,0.3,2.5,2.0,0.0,0.1,0.3,8,13,1467,1561,336
360,202501010808,1,1,1,5,0,0,0,0,0,0,0,0,1,1,1,5,0,0,0,0,0,0,0,0,0,0,0,2,0,0,0,0,0,0,0,0,0.0,0.0,80.0,8.0,38.4,1.0,0.5384615384615384,0.0,0.0,140.0,8.0,39.2,2.6,0.6875,0.0,0.0,140.0,14.0,39.1,4.0,0.6428571428571429,3.0,2.0,0.0,0.0392156862745098,0.19607843137254902,6,8,1600,1009,680
361,202501010808,0,1,0,5,0,0,0,0,0,0,0,0,0,0,0,4,0,0,0,0,0,0,0,0,0,0,0,2,0,0,0,0,0,0,0,0,0.0,0.0,50.0,4.0,38.4,1.0,0.7272727272727273,0.0,0.0,130.0,8.0,38.3,2.2,0.3333333333333333,0.0,0.0,50.0,1.0,39.5,0.0,0.16666666666666666,-1.5,2.0,0.0,0.13186813186813187,0.3516483516483517,6,9,1289,1189,1428
362,202501010808,0,0,0,2,0,2,1,11,0,0,0,0,0,0,0,2,0,1,0,10,0,0,0,0,0,0,0,0,0,0,0,5,0,0,0,0,0.0,0.0,110.0,7.0,38.2,1.6,0.7692307692307693,0.0,0.0,160.0,13.0,36.1,1.7,0.4375,0.0,0.0,130.0,11.0,38.4,2.7,0.6666666666666666,2.0,4.0,0.0,0.03333333333333333,0.05,7,11,1676,1183,1428
363,202501010808,1,1,1,5,1,0,0,0,0,0,0,0,1,1,1,5,1,0,0,0,0,0,0,0,0,0,0,2,0,0,0,0,0,0,0,0,0.0,0.0,50.0,11.0,38.9,2.0,0.5384615384615384,0.0,0.0,80.0,4.0,39.2,0.5,0.6666666666666666,0.0,0.0,70.0,8.0,37.9,1.4,0.8,-1.5,-4.0,0.0,0.08181818181818182,0.2909090909090909,5,6,1600,556,680
364,202501010808,0,0,0,0,0,0,0,0,0,0,0,0,0,0,0,0,0,0,0,0,0,0,0,0,0,0,0,0,0,0,0,0,0,0,0,0,0.0,0.0,10.0,1.0,37.5,0.0,0.07142857142857142,0.0,0.0,50.0,2.0,38.5,0.1,0.13333333333333333,0.0,0.0,40.0,3.0,38.1,0.9,0.4375,1.0,2.0,0.0,0.08962264150943396,0.32075471698113206,1,1,1352,4,1503
365,202501010808,0,1,0,2,1,2,2,12,0,0,0,0,0,0,0,2,1,2,1,11,0,0,0,0,0,0,0,0,0,2,1,4,0,0,0,0,0.0,0.0,110.0,7.0,40.5,1.5,0.5714285714285714,0.0,0.0,110.0,10.0,39.5,1.7,0.5,0.0,0.0,110.0,7.0,39.8,1.9,0.46153846153846156,0.0,0.0,0.0,0.0,0.26666666666666666,4,5,1431,1556,1428
366,202501010808,0,0,0,3,0,3,0,5,0,0,0,0,0,0,0,3,0,2,0,4,0,0,0,0,0,0,0,1,0,0,0,1,0,0,0,0,0.0,0.0,120.0,11.0,39.8,3.3,0.6923076923076923,0.0,0.0,90.0,9.0,36.4,0.9,0.5833333333333334,0.0,0.0,80.0,8.0,40.2,2.0,0.23076923076923078,-1.5,-14.0,0.0,,,5,7,1693,1228,1167
367,202501010808,0,0,0,0,0,0,0,0,0,0,0,0,0,0,0,0,0,0,0,0,0,0,0,0,0,0,0,0,0,0,0,0,0,0,0,0,0.0,0.0,70.0,6.0,38.9,1.3,0.15384615384615385,0.0,0.0,50.0,3.0,36.7,1.0,0.25,0.0,0.0,20.0,11.0,38.7,2.2,0.2857142857142857,2.5,2.0,0.0,0.056818181818181816,0.19318181818181818,3,3,53,295,429
368,202501010808,1,0,0,10,3,3,3,18,0,0,0,1,0,0,0,6,2,2,1,16,0,0,0,1,0,0,0,0,1,1,0,3,0,0,0,0,0.0,0.0,160.0,15.0,39.9,3.0,0.4375,0.0,0.0,130.0,10.0,40.7,3.0,0.7857142857142857,0.0,0.0,130.0,14.0,40.7,3.0,0.2857142857142857,-0.5,-8.0,300.0,0.0,0.0,7,10,1204,1167,1221
369,202501020104,0,0,0,1,1,0,0,0,0,0,0,0,0,0,0,1,1,0,0,0,0,0,0,0,0,0,0,1,0,0,0,0,0,0,0,0,0.0,0.0,40.0,7.0,39.5,3.0,0.9166666666666666,0.0,0.0,50.0,4.0,38.0,1.0,0.9090909090909091,0.0,0.0,40.0,4.0,38.4,1.2,0.42857142857142855,-1.5,2.0,-700.0,,,5,8,1676,1716,1428
370,202501020104,0,1,0,1,0,0,0,0,0,0,0,0,0,1,0,1,0,0,0,0,0,0,0,0,0,1,0,0,0,0,0,0,0,0,0,0,0.0,0.0,100.0,7.0,38.7,0.7,0.8666666666666667,0.0,0.0,130.0,9.0,35.4,1.0,0.75,,,,,,,,2.0,-4.0,0.0,0.0,0.0,3,4,32,432,664
371,202501020104,0,0,0,1,0,0,0,3,0,0,0,0,0,0,0,1,0,0,0,3,0,0,0,0,0,0,0,1,0,0,0,1,0,0,0,0,0.0,0.0,30.0,3.0,39.7,0.9,0.14285714285714285,0.0,0.0,30.0,5.0,39.1,0.9,0.21428571428571427,0.0,0.0,50.0,4.0,38.2,0.5,0.35714285714285715,0.5,-4.0,0.0,0.0,0.08333333333333333,7,12,1706,1034,1428
372,202501020104,0,0,1,4,0,0,0,1,0,0,0,0,0,0,1,4,0,0,0,1,0,0,0,0,0,0,0,4,0,0,0,1,0,0,0,0,0.0,0.0,80.0,8.0,40.1,1.6,0.75,0.0,0.0,120.0,8.0,37.0,1.0,0.8125,,,,,,,,0.0,-2.0,-100.0,0.09767441860465116,0.32558139534883723,4,5,1261,1170,387
373,202501020104,0,0,0,1,0,0,0,4,0,0,0,0,0,0,0,1,0,0,0,4,0,0,0,0,0,0,0,0,0,0,0,3,0,0,0,0,0.0,0.0,120.0,7.0,38.8,2.0,0.9230769230769231,0.0,0.0,110.0,9.0,36.8,2.2,0.5,0.0,0.0,130.0,9.0,37.9,1.4,0.9285714285714286,1.0,0.0,0.0,0.0,0.3333333333333333,8,13,1600,1328,680
374,202501020104,0,0,0,0,0,2,2,13,0,0,0,0,0,0,0,0,0,1,2,9,0,0,0,0,0,0,0,0,0,0,1,4,0,0,0,0,0.0,0.0,30.0,6.0,38.4,1.9,0.5714285714285714,0.0,0.0,40.0,3.0,38.5,1.1,0.7857142857142857,0.0,0.0,80.0,4.0,38.5,0.3,0.6923076923076923,-1.0,6.0,0.0,0.03333333333333333,0.14166666666666666,6,9,1591,1167,464
375,202501020104,0,0,0,0,1,1,2,8,0,0,0,0,0,0,0,0,0,1,0,6,0,0,0,0,0,0,0,0,0,0,0,1,0,0,0,0,0.0,0.0,110.0,7.0,38.3,1.2,0.42857142857142855,0.0,0.0,150.0,6.0,39.7,2.0,0.4666666666666667,0.0,0.0,130.0,11.0,38.5,2.8,0.625,2.0,6.0,0.0,0.03225806451612903,0.04838709677419355,3,3,1399,1558,1428
376,202501020104,0,1,0,1,0,0,0,0,0,0,0,0,0,1,0,1,0,0,0,0,0,0,0,0,0,1,0,0,0,0,0,0,0,0,0,0,0.0,0.0,60.0,8.0,39.3,2.6,0.35714285714285715,0.0,0.0,30.0,6.0,39.7,3.0,0.5714285714285714,,,,,,,,-2.0,2.0,0.0,0.0,0.0,1,1,32,260,664
377,202501020104,0,0,0,3,0,0,0,1,0,0,0,0,0,0,0,2,0,0,0,1,0,0,0,0,0,0,0,1,0,0,0,1,0,0,0,0,0.0,0.0,60.0,2.0,40.0,0.5,0.7857142857142857,0.0,0.0,50.0,10.0,37.3,1.1,0.375,0.0,0.0,20.0,4.0,36.0,0.7,0.2777777777777778,1.0,0.0,0.0,0.0,0.5,7,11,1393,197,1263
378,202501020104,0,0,0,1,0,0,1,9,0,0,0,0,0,0,0,1,0,0,0,6,0,0,0,0,0,0,0,1,0,0,0,6,0,0,0,0,0.0,0.0,90.0,10.0,40.1,3.5,0.35714285714285715,0.0,0.0,50.0,10.0,37.2,2.0,0.6666666666666666,0.0,0.0,70.0,5.0,35.6,0.4,1.0,-2.5,2.0,0.0,0.05555555555555555,0.18888888888888888,6,10,1267,1428,1716
379,202501020104,0,0,0,0,2,1,0,3,0,0,0,0,0,0,0,0,2,1,0,3,0,0,0,0,0,0,0,0,1,1,0,3,0,0,0,0,0.0,0.0,130.0,11.0,39.7,3.6,0.5714285714285714,0.0,0.0,110.0,13.0,40.2,3.2,0.9285714285714286,0.0,0.0,100.0,7.0,35.6,1.9,1.0,-2.0,6.0,0.0,0.032520325203252036,0.11382113821138211,5,7,1550,1482,32
380,202501020104,0,0,0,2,0,0,0,1,0,0,0,0,0,0,0,2,0,0,0,1,0,0,0,0,0,0,0,0,0,0,0,0,0,0,0,0,0.0,0.0,140.0,12.0,38.7,4.0,1.0,0.0,0.0,120.0,10.0,40.7,3.1,1.0,0.0,0.0,70.0,10.0,36.4,3.2,0.9285714285714286,-1.0,2.0,0.0,0.041666666666666664,0.125,2,2,1401,1736,517
381,202501020104,0,0,1,11,0,1,0,6,0,0,0,0,0,0,1,9,0,0,0,3,0,0,0,0,0,0,1,5,0,0,0,2,0,0,0,0,0.0,0.0,50.0,13.0,40.6,4.2,0.5,0.0,0.0,100.0,13.0,40.7,4.5,0.07692307692307693,0.0,0.0,80.0,10.0,36.4,1.5,0.26666666666666666,-1.5,-10.0,0.0,0.0,0.0,4,6,1127,1036,1328
382,202501020104,1,0,0,3,0,0,1,6,0,0,0,0,1,0,0,2,0,0,1,5,0,0,0,0,0,0,0,1,0,0,1,3,0,0,0,0,0.0,0.0,120.0,14.0,44.8,8.1,0.21428571428571427,0.0,0.0,130.0,12.0,36.0,2.0,0.7142857142857143,0.0,0.0,110.0,17.0,37.2,3.0,0.3888888888888889,1.5,6.0,0.0,0.13333333333333333,0.26666666666666666,8,14,1677,1503,1167
383,202501020112,1,0,2,8,2,1,1,11,0,0,0,0,0,0,1,6,2,1,1,7,0,0,0,0,0,0,0,2,0,0,1,6,0,0,0,0,0.0,0.0,30.0,2.0,37.4,0.2,0.2222222222222222,0.0,0.0,60.0,3.0,39.0,0.4,0.15384615384615385,0.0,0.0,20.0,12.0,44.6,5.6,0.15384615384615385,5.0,-4.0,0.0,0.09345794392523364,0.32242990654205606,7,7,1520,1393,695
384,202501020112,0,1,0,9,0,0,0,3,0,0,0,0,0,1,0,7,0,0,0,2,0,0,0,0,0,1,0,2,0,0,0,1,0,0,0,0,0.0,0.0,40.0,4.0,38.0,0.6,0.1,0.0,0.0,20.0,9.0,38.2,1.1,0.6428571428571429,0.0,0.0,10.0,1.0,38.0,0.0,0.08333333333333333,-1.5,2.0,0.0,0.21951219512195122,0.3170731707317073,1,1,1152,666,1428
385,202501020112,0,2,1,2,0,0,0,1,0,0,0,0,0,2,1,1,0,0,0,0,0,0,0,0,0,1,0,0,0,0,0,0,0,0,0,0,0.0,0.0,20.0,4.0,38.8,0.9,0.6666666666666666,0.0,0.0,60.0,2.0,37.4,0.1,0.38461538461538464,0.0,0.0,60.0,2.0,36.6,1.0,0.5,-1.0,0.0,0.0,0.2571428571428571,0.4857142857142857,2,2,1098,1051,1294
386,202501020112,0,1,2,12,0,0,0,0,0,0,0,0,0,1,1,10,0,0,0,0,0,0,0,0,0,0,0,4,0,0,0,0,0,0,0,0,0.0,0.0,100.0,15.0,37.0,2.6,0.5625,0.0,0.0,70.0,10.0,38.6,2.7,0.6875,0.0,0.0,70.0,7.0,39.9,1.9,0.75,-4.0,-2.0,-300.0,0.043478260869565216,0.13043478260869565,6,6,1467,32,336
387,202501020112,0,0,0,2,0,0,1,5,0,0,0,0,0,0,0,2,0,0,1,4,0,0,0,0,0,0,0,0,0,0,0,1,0,0,0,0,0.0,0.0,50.0,12.0,42.5,4.8,0.08333333333333333,0.0,0.0,20.0,2.0,37.1,0.0,0.09090909090909091,0.0,0.0,50.0,2.0,38.2,0.9,0.42857142857142855,-5.0,-16.0,-100.0,,,3,3,1676,1506,1428
388,202501020112,0,0,0,0,0,0,0,0,0,0,0,0,0,0,0,0,0,0,0,0,0,0,0,0,0,0,0,0,0,0,0,0,0,0,0,0,0.0,0.0,30.0,8.0,38.6,0.9,0.7142857142857143,0.0,0.0,10.0,2.0,38.2,0.8,0.2,0.0,0.0,40.0,4.0,37.3,0.1,0.375,-2.0,6.0,0.0,0.0,0.0,4,4,1352,303,1503
389,202501020112,0,0,0,0,1,2,0,6,0,0,0,0,0,0,0,0,0,0,0,5,0,0,0,0,0,0,0,0,0,0,0,4,0,0,0,0,0.0,0.0,10.0,1.0,38.5,0.0,0.9230769230769231,0.0,0.0,30.0,2.0,37.4,0.2,0.36363636363636365,0.0,0.0,50.0,3.0,38.6,0.7,0.9285714285714286,1.0,4.0,0.0,,,5,5,1075,1713,1328
390,202501020201,0,0,0,0,7,6,11,50,0,0,0,0,0,0,0,0,5,6,5,35,0,0,0,0,0,0,0,0,3,1,0,12,0,0,0,0,0.0,0.0,50.0,6.0,35.8,1.3,0.3333333333333333,,,,,,,,,,,,,,,,,-100.0,0.0,0.3333333333333333,5,7,1628,1221,429
391,202501020201,1,1,1,11,15,8,11,92,0,0,0,0,1,1,1,6,10,6,10,59,0,0,0,0,1,1,1,4,4,5,6,27,0,0,0,0,0.0,0.0,90.0,10.0,34.9,1.6,1.0,,,,,,,,,,,,,,,,,200.0,0.09090909090909091,0.2727272727272727,5,8,1261,1183,387
392,202501020201,4,2,3,29,0,0,0,4,0,0,0,0,3,1,1,21,0,0,0,4,0,0,0,0,1,0,0,12,0,0,0,1,0,0,0,0,0.0,0.0,20.0,3.0,39.0,0.7,0.46153846153846156,,,,,,,,,,,,,,,,,0.0,0.17045454545454544,0.38636363636363635,8,13,1657,880,1317
393,202501020201,4,6,0,29,1,1,0,3,0,0,0,0,3,5,0,19,1,0,0,3,0,0,0,0,0,0,0,6,1,0,0,1,0,0,0,0,0.0,0.0,70.0,3.0,38.6,0.5,0.35714285714285715,0.0,0.0,50.0,11.0,41.8,3.4,0.15384615384615385,,,,,,,,8.0,-4.0,0.0,0.13043478260869565,0.34782608695652173,3,3,1095,1576,1221
394,202501020201,1,1,1,11,0,0,0,0,0,0,0,0,1,1,1,6,0,0,0,0,0,0,0,0,1,1,1,4,0,0,0,0,0,0,0,0,0.0,0.0,40.0,3.0,36.4,0.7,0.8,0.0,0.0,90.0,6.0,36.2,2.4,0.7,,,,,,,,3.0,-4.0,-100.0,0.10091743119266056,0.3256880733944954,7,11,1261,298,387
395,202501020201,0,0,2,7,3,5,5,31,0,0,0,0,0,0,1,5,2,3,3,24,0,0,0,0,0,0,1,4,2,3,3,14,0,0,0,0,0.0,0.0,60.0,2.0,38.6,0.1,0.14285714285714285,0.0,0.0,130.0,6.0,37.6,0.8,0.0625,,,,,,,,4.0,0.0,0.0,0.0,0.2222222222222222,4,5,1656,1362,1576
396,202501020201,6,10,11,81,8,8,14,85,1,2,2,14,5,5,6,55,4,4,9,67,0,1,1,12,2,4,3,28,3,2,6,47,0,1,1,7,0.0,0.0,20.0,3.0,37.1,0.5,0.2727272727272727,,,,,,,,,,,,,,,,,-100.0,0.07142857142857142,0.2857142857142857,7,12,1716,1428,1167
397,202501020201,0,1,1,5,13,12,17,89,0,0,0,0,0,1,1,4,9,10,13,63,0,0,0,0,0,1,1,2,3,4,7,38,0,0,0,0,0.0,0.0,80.0,9.0,34.8,1.0,0.8125,0.0,0.0,80.0,6.0,35.8,0.4,0.4166666666666667,,,,,,,,-3.0,-8.0,500.0,0.0,0.5,6,10,1706,1167,1428
398,202501020201,0,0,0,0,8,8,14,85,0,0,0,0,0,0,0,0,4,4,9,67,0,0,0,0,0,0,0,0,3,2,6,47,0,0,0,0,0.0,0.0,70.0,9.0,40.0,3.2,1.0,,,,,,,,,,,,,,,,,0.0,0.0,0.0,8,14,1469,1428,88
399,202501020201,0,0,0,0,0,0,0,0,0,0,0,0,0,0,0,0,0,0,0,0,0,0,0,0,0,0,0,0,0,0,0,0,0,0,0,0,0.0,0.0,40.0,9.0,35.4,1.5,0.5454545454545454,,,,,,,,,,,,,,,,,200.0,0.0,0.0,2,2,1398,1303,1716
400,202501020201,0,1,1,5,6,2,6,44,0,0,0,0,0,0,0,4,4,0,5,33,0,0,0,0,0,0,0,4,2,0,3,14,0,0,0,0,0.0,0.0,50.0,6.0,37.7,3.8,0.7142857142857143,,,,,,,,,,,,,,,,,700.0,0.0,0.23076923076923078,4,6,1579,1482,1605
401,202501020201,7,5,2,34,3,3,4,26,0,0,0,0,4,3,0,25,3,3,2,14,0,0,0,0,2,0,0,18,2,1,1,8,0,0,0,0,0.0,0.0,20.0,4.0,35.4,0.8,0.5454545454545454,0.0,0.0,20.0,3.0,36.3,1.5,0.8333333333333334,,,,,,,,-1.0,-10.0,-100.0,0.20454545454545456,0.3181818181818182,6,9,1677,1036,1167
402,202501020201,0,0,0,0,2,1,0,1,0,0,0,0,0,0,0,0,1,1,0,1,0,0,0,0,0,0,0,0,0,0,0,1,0,0,0,0,0.0,0.0,70.0,7.0,40.1,7.3,1.0,,,,,,,,,,,,,,,,,-100.0,0.037037037037037035,0.1111111111111111,1,1,1398,910,1716
403,202501020201,0,0,0,0,2,1,2,20,0,0,0,0,0,0,0,0,2,1,1,14,0,0,0,0,0,0,0,0,1,1,0,7,0,0,0,0,0.0,0.0,140.0,14.0,41.5,5.4,0.9285714285714286,0.0,0.0,100.0,9.0,36.9,2.3,0.7,0.0,0.0,140.0,13.0,35.9,1.6,0.75,-0.5,0.0,0.0,0.0,0.14285714285714285,3,4,1400,1506,1428
404,202501020203,3,9,4,31,2,0,2,29,0,0,0,0,2,7,4,28,1,0,0,23,0,0,0,0,2,3,4,16,0,0,0,6,0,0,0,0,0.0,0.0,20.0,2.0,39.9,0.1,0.14285714285714285,0.0,0.0,40.0,2.0,38.8,0.3,0.14285714285714285,0.0,0.0,20.0,7.0,40.8,2.4,0.07692307692307693,2.5,-4.0,0.0,0.0967741935483871,0.3225806451612903,6,10,1586,1170,1167
405,202501020203,9,8,4,64,1,0,0,5,0,0,0,0,6,7,3,55,0,0,0,2,0,0,0,0,3,4,2,20,0,0,0,1,0,0,0,0,0.0,0.0,10.0,2.0,38.0,1.0,0.5,0.0,0.0,10.0,5.0,39.2,1.2,0.2,0.0,0.0,10.0,2.0,38.5,0.1,0.2,0.0,8.0,0.0,0.21649484536082475,0.4845360824742268,3,4,1278,1205,625
406,202501020203,0,0,0,0,1,0,1,8,0,0,0,0,0,0,0,0,1,0,1,7,0,0,0,0,0,0,0,0,1,0,0,4,0,0,0,0,0.0,0.0,50.0,3.0,39.9,0.6,0.2857142857142857,0.0,0.0,20.0,8.0,38.8,1.7,0.125,0.0,0.0,40.0,4.0,36.8,0.5,0.1875,0.5,4.0,0.0,0.03278688524590164,0.13934426229508196,8,14,1550,1160,32
407,202501020203,1,1,1,2,0,0,0,7,0,0,0,0,1,1,1,2,0,0,0,5,0,0,0,0,1,0,1,2,0,0,0,4,0,0,0,0,0.0,0.0,110.0,7.0,38.8,1.3,0.5625,0.0,0.0,90.0,10.0,40.7,3.4,0.3125,0.0,0.0,130.0,7.0,37.3,1.9,0.8125,0.0,4.0,300.0,0.0,0.15384615384615385,5,8,1693,1332,1167
408,202501020203,0,0,1,5,0,0,0,0,0,0,0,0,0,0,0,1,0,0,0,0,0,0,0,0,0,0,0,1,0,0,0,0,0,0,0,0,0.0,0.0,30.0,4.0,38.8,0.9,0.7857142857142857,0.0,0.0,40.0,2.0,37.1,0.1,0.6923076923076923,0.0,0.0,20.0,9.0,42.2,3.8,0.16666666666666666,2.5,-4.0,0.0,0.17142857142857143,0.38857142857142857,5,7,1540,1098,1036
409,202501020203,0,3,4,32,13,12,17,89,0,0,0,4,0,1,1,22,9,10,13,63,0,0,0,3,0,1,1,11,3,4,7,38,0,0,0,3,0.0,0.0,40.0,6.0,39.5,1.7,0.7142857142857143,0.0,0.0,40.0,7.0,36.1,1.2,0.9375,0.0,0.0,70.0,3.0,38.5,0.1,0.6,-1.5,6.0,0.0,0.3333333333333333,0.6666666666666666,1,1,1333,1167,1294
410,202501020203,1,1,2,29,2,2,3,35,0,0,0,0,1,1,2,24,0,1,1,24,0,0,0,0,0,0,1,9,0,0,0,12,0,0,0,0,0.0,0.0,80.0,5.0,40.7,1.4,0.07142857142857142,0.0,0.0,140.0,4.0,38.3,0.3,0.14285714285714285,0.0,0.0,120.0,16.0,39.5,4.4,0.5,5.5,8.0,0.0,0.0,0.0,6,9,1561,1228,1263
411,202501020203,0,0,0,0,0,2,0,5,0,0,0,0,0,0,0,0,0,0,0,4,0,0,0,0,0,0,0,0,0,0,0,2,0,0,0,0,0.0,0.0,70.0,8.0,40.5,2.7,0.7142857142857143,0.0,0.0,130.0,5.0,38.7,2.0,0.21428571428571427,0.0,0.0,90.0,9.0,36.5,2.1,1.0,0.5,2.0,0.0,0.07692307692307693,0.3076923076923077,7,11,1035,1665,1393
412,202501020203,2,1,3,39,0,0,0,0,0,0,0,0,2,1,2,34,0,0,0,0,0,0,0,0,1,0,2,29,0,0,0,0,0,0,0,0,0.0,0.0,90.0,8.0,36.9,1.8,0.7777777777777778,0.0,0.0,120.0,16.0,42.6,4.7,0.5,0.0,0.0,110.0,12.0,37.5,2.1,0.14285714285714285,2.0,6.0,-300.0,0.038461538461538464,0.11538461538461539,2,2,1098,235,1294
413,202501020203,1,3,2,11,8,10,9,71,0,0,0,0,1,3,2,8,6,6,3,55,0,0,0,0,1,0,1,3,3,3,1,23,0,0,0,0,0.0,0.0,130.0,10.0,42.1,3.6,0.21428571428571427,0.0,0.0,140.0,9.0,35.6,1.7,0.7142857142857143,0.0,0.0,150.0,,,,,-1.0,8.0,0.0,0.0,0.11764705882352941,7,12,1248,1558,1428
414,202501020203,2,2,2,25,1,0,0,9,0,0,0,0,0,1,0,20,1,0,0,6,0,0,0,0,0,1,0,18,1,0,0,5,0,0,0,0,0.0,0.0,80.0,11.0,36.6,2.2,0.9375,0.0,0.0,60.0,9.0,35.8,1.5,0.8125,0.0,0.0,100.0,7.0,35.1,1.0,0.9375,-2.0,-2.0,100.0,0.0,0.23529411764705882,3,3,1064,1589,1556
415,202501020203,0,0,0,0,0,4,3,6,0,0,0,0,0,0,0,0,0,1,3,1,0,0,0,0,0,0,0,0,0,0,0,0,0,0,0,0,0.0,0.0,120.0,12.0,44.4,6.0,0.2857142857142857,0.0,0.0,120.0,11.0,35.7,1.3,1.0,0.0,0.0,100.0,10.0,35.0,1.0,0.75,-1.0,6.0,0.0,0.20930232558139536,0.32558139534883723,4,6,1469,1438,88
416,202501020203,5,4,1,32,0,0,0,4,0,0,0,0,3,4,1,21,0,0,0,4,0,0,0,0,2,4,0,13,0,0,0,2,0,0,0,0,0.0,0.0,90.0,13.0,43.8,6.0,0.2857142857142857,0.0,0.0,70.0,6.0,36.7,0.6,0.23076923076923078,0.0,0.0,80.0,15.0,39.2,4.1,0.0625,1.0,4.0,0.0,0.03225806451612903,0.11290322580645161,4,5,1393,969,1263
417,202501020203,6,5,4,37,3,0,1,10,0,0,0,0,4,4,4,28,3,0,0,10,0,0,0,0,2,2,2,16,1,0,0,7,0,0,0,0,0.0,0.0,60.0,14.0,46.5,9.4,0.42857142857142855,0.0,0.0,90.0,9.0,35.4,1.0,0.2222222222222222,0.0,0.0,110.0,11.0,37.1,2.0,0.1875,-1.5,4.0,0.0,0.0,0.0,8,13,1463,324,1167
418,202501020208,0,1,1,13,0,0,0,0,0,0,0,0,0,1,1,13,0,0,0,0,0,0,0,0,0,0,0,8,0,0,0,0,0,0,0,0,0.0,0.0,90.0,2.0,36.9,0.2,0.45454545454545453,0.0,0.0,160.0,12.0,35.1,1.3,0.5625,0.0,0.0,70.0,7.0,37.1,1.6,0.3125,2.5,-6.0,0.0,0.0,0.10714285714285714,8,10,1146,1493,512
419,202501020208,2,2,1,17,8,8,14,85,0,0,0,0,2,1,0,12,4,4,9,67,0,0,0,0,2,0,0,1,1,0,3,18,0,0,0,0,0.0,0.0,10.0,1.0,38.4,0.0,0.2857142857142857,0.0,0.0,10.0,3.0,38.9,0.2,0.35714285714285715,0.0,0.0,20.0,2.0,38.4,0.0,0.2,0.5,12.0,0.0,1.0,1.0,6,6,1600,1428,680
420,202501020208,8,7,9,40,1,0,0,4,0,0,0,0,7,6,5,31,1,0,0,3,0,0,0,0,1,0,3,12,0,0,0,0,0,0,0,0,0.0,0.0,90.0,6.0,37.9,0.9,1.0,0.0,0.0,60.0,4.0,37.9,0.3,0.7,0.0,0.0,110.0,11.0,38.4,1.6,0.7142857142857143,2.5,4.0,0.0,0.11023622047244094,0.4094488188976378,5,5,1467,1128,336
421,202501020208,2,1,1,11,15,8,11,92,1,0,0,1,2,0,1,7,10,6,10,59,1,0,0,1,0,0,0,2,4,0,0,26,0,0,0,1,0.0,0.0,80.0,4.0,37.0,0.5,0.6363636363636364,0.0,0.0,30.0,9.0,39.6,1.7,0.38461538461538464,0.0,0.0,40.0,3.0,37.8,0.4,0.3,-0.5,-2.0,0.0,0.09722222222222222,0.32407407407407407,7,9,1432,1183,1428
422,202501020208,3,3,3,38,4,5,1,45,0,0,0,2,3,1,2,29,1,4,1,26,0,0,0,1,0,0,0,2,0,1,1,10,0,0,0,0,0.0,0.0,50.0,5.0,39.7,1.6,0.36363636363636365,0.0,0.0,40.0,7.0,39.5,0.7,0.18181818181818182,0.0,0.0,110.0,3.0,38.4,0.6,0.38461538461538464,-1.0,2.0,0.0,0.08333333333333333,0.3333333333333333,6,7,1127,1235,1328
423,202501020208,0,1,0,3,13,12,17,89,0,0,0,1,0,1,0,3,9,10,13,63,0,0,0,1,0,0,0,0,4,5,6,12,0,0,0,0,0.0,0.0,30.0,1.0,38.3,0.0,0.07142857142857142,0.0,0.0,50.0,4.0,38.4,0.9,0.6428571428571429,0.0,0.0,80.0,7.0,38.3,0.8,0.14285714285714285,3.0,0.0,0.0,0.0,0.0,3,3,1689,1167,1294
424,202501020208,6,5,4,37,0,0,0,0,0,0,0,0,4,4,4,28,0,0,0,0,0,0,0,0,1,0,1,9,0,0,0,0,0,0,0,0,0.0,0.0,90.0,8.0,39.9,2.0,0.2727272727272727,0.0,0.0,80.0,11.0,39.8,4.0,0.8181818181818182,0.0,0.0,150.0,14.0,37.4,3.3,1.0,3.0,-2.0,-700.0,0.0,0.0,1,1,1463,43,1167
425,202501020208,1,1,1,11,0,0,0,4,0,0,0,0,1,1,1,6,0,0,0,2,0,0,0,0,0,0,0,1,0,0,0,1,0,0,0,0,0.0,0.0,30.0,1.0,38.8,0.0,0.125,0.0,0.0,60.0,2.0,37.5,0.1,0.14285714285714285,0.0,0.0,40.0,4.0,40.4,0.5,0.25,1.5,2.0,100.0,0.1724137931034483,0.39080459770114945,8,11,1261,617,387
426,202501020208,1,1,0,5,0,0,0,0,0,0,0,0,1,1,0,2,0,0,0,0,0,0,0,0,1,1,0,1,0,0,0,0,0,0,0,0,0.0,0.0,120.0,10.0,41.2,3.0,0.3333333333333333,0.0,0.0,150.0,14.0,39.7,4.3,0.8666666666666667,0.0,0.0,160.0,14.0,39.2,3.1,0.9375,2.0,16.0,0.0,0.03305785123966942,0.14049586776859505,2,2,1352,1516,1503
427,202501020208,0,0,0,10,6,2,6,44,0,0,0,1,0,0,0,6,4,0,5,33,0,0,0,1,0,0,0,1,1,0,2,13,0,0,0,0,0.0,0.0,110.0,9.0,37.8,1.6,1.0,0.0,0.0,140.0,13.0,40.0,4.4,0.9333333333333333,0.0,0.0,140.0,7.0,36.6,0.9,0.9285714285714286,-1.0,6.0,0.0,0.04,0.12,4,4,1282,1482,377
428,202501020208,2,0,0,4,17,11,7,70,0,0,0,0,0,0,0,3,16,10,6,47,0,0,0,0,0,0,0,1,6,3,3,17,0,0,0,0,0.0,0.0,90.0,11.0,44.2,9.3,0.9090909090909091,0.0,0.0,140.0,14.0,35.1,2.4,0.9285714285714286,0.0,0.0,110.0,11.0,35.6,2.1,0.8181818181818182,0.0,2.0,0.0,0.0,0.25,7,8,1564,1556,334
429,202501020210,0,0,0,0,0,0,0,5,0,0,0,0,0,0,0,0,0,0,0,4,0,0,0,0,0,0,0,0,0,0,0,0,0,0,0,0,0.0,0.0,20.0,3.0,37.9,1.2,0.07142857142857142,0.0,0.0,20.0,5.0,36.9,1.1,0.7333333333333333,0.0,0.0,20.0,9.0,38.7,1.1,0.26666666666666666,3.0,-4.0,0.0,,,6,10,1469,1734,88
430,202501020210,1,1,1,7,8,10,9,71,0,0,0,0,1,1,1,6,6,6,3,55,0,0,0,0,0,0,0,0,1,1,1,11,0,0,0,0,0.0,0.0,60.0,2.0,37.0,0.5,0.5714285714285714,0.0,0.0,60.0,7.0,36.9,1.4,0.8571428571428571,0.0,0.0,60.0,4.0,37.6,0.8,0.8125,1.0,-2.0,0.0,0.17341040462427745,0.3872832369942196,7,12,1154,1558,1561
431,202501020210,0,1,2,6,0,0,1,1,0,0,1,1,0,1,2,5,0,0,1,1,0,0,1,1,0,0,0,0,0,0,0,0,0,0,0,0,0.0,0.0,80.0,11.0,37.5,1.8,0.5,0.0,0.0,120.0,6.0,37.6,0.9,0.7142857142857143,0.0,0.0,100.0,4.0,36.9,0.4,0.42857142857142855,-3.5,-6.0,0.0,0.0,0.3333333333333333,5,7,1399,1009,1428
432,202501020210,0,1,0,3,2,2,3,35,0,0,0,0,0,1,0,3,0,1,1,24,0,0,0,0,0,0,0,0,0,0,0,1,0,0,0,0,0.0,0.0,10.0,1.0,40.2,0.0,0.09090909090909091,0.0,0.0,60.0,5.0,38.0,1.5,0.5333333333333333,0.0,0.0,10.0,11.0,41.0,1.9,0.07142857142857142,5.0,4.0,0.0,0.0,0.0,4,6,1689,1228,1294
433,202501020210,0,1,3,9,6,5,6,38,0,0,1,0,0,1,3,9,4,4,5,33,0,0,1,0,0,0,0,0,0,0,1,2,0,0,0,0,0.0,0.0,90.0,4.0,37.4,1.4,0.8571428571428571,0.0,0.0,10.0,9.0,35.9,0.8,0.625,0.0,0.0,40.0,2.0,36.2,0.2,0.5625,-1.0,-2.0,0.0,0.0,0.0,3,3,1479,1503,857
434,202501020210,4,2,1,16,2,2,3,35,1,0,0,2,2,1,1,14,0,1,1,24,0,0,0,1,0,0,0,1,0,0,0,1,0,0,0,0,0.0,0.0,70.0,8.0,35.7,1.6,0.8125,0.0,0.0,60.0,1.0,39.1,0.0,0.14285714285714285,0.0,0.0,20.0,4.0,38.6,0.6,0.21428571428571427,-2.0,2.0,100.0,0.05128205128205128,0.28205128205128205,8,14,1557,1228,1559
435,202501020210,1,0,0,22,3,5,5,31,0,0,0,0,1,0,0,20,2,3,3,24,0,0,0,0,1,0,0,1,0,0,0,0,0,0,0,0,0.0,0.0,40.0,10.0,37.4,1.6,0.7142857142857143,0.0,0.0,50.0,2.0,37.8,0.7,0.7,0.0,0.0,30.0,13.0,39.5,1.5,0.4666666666666667,1.5,6.0,0.0,0.2535211267605634,0.49295774647887325,2,2,1175,1362,882
436,202501020210,1,0,0,9,0,0,0,1,0,0,0,0,1,0,0,8,0,0,0,0,0,0,0,0,0,0,0,0,0,0,0,0,0,0,0,0,0.0,0.0,130.0,8.0,37.5,1.8,0.6428571428571429,0.0,0.0,50.0,4.0,38.2,1.1,0.7272727272727273,0.0,0.0,120.0,9.0,37.0,0.9,0.7857142857142857,0.5,8.0,0.0,0.0,0.5,7,11,1670,1315,882
437,202501020210,2,2,6,14,1,1,1,8,0,0,0,0,1,2,5,12,1,1,1,5,0,0,0,0,0,0,0,1,0,0,0,0,0,0,0,0,0.0,0.0,90.0,14.0,36.3,2.6,0.7142857142857143,0.0,0.0,130.0,13.0,37.3,2.7,0.9375,0.0,0.0,80.0,9.0,36.9,0.8,0.875,-2.5,8.0,200.0,0.0,0.0,4,5,1674,548,1428
438,202501020210,1,2,4,26,0,2,2,8,0,0,0,0,1,1,2,14,0,1,2,7,0,0,0,0,0,0,0,0,0,1,0,2,0,0,0,0,0.0,0.0,120.0,12.0,38.3,2.4,0.5,0.0,0.0,80.0,9.0,35.5,2.9,0.6666666666666666,0.0,0.0,100.0,12.0,39.2,2.1,0.6428571428571429,0.0,24.0,0.0,0.5,1.0,3,4,1629,1448,1428
439,202501020210,0,0,0,13,0,0,0,1,0,0,0,1,0,0,0,6,0,0,0,1,0,0,0,1,0,0,0,1,0,0,0,1,0,0,0,1,0.0,0.0,150.0,10.0,37.6,2.1,0.9333333333333333,0.0,0.0,70.0,3.0,39.4,4.4,0.8571428571428571,0.0,0.0,90.0,9.0,37.5,4.1,1.0,-0.5,-2.0,-100.0,0.21428571428571427,0.3333333333333333,6,9,1396,1239,1556
440,202501020210,9,8,4,64,0,0,0,6,0,0,0,1,6,7,3,55,0,0,0,6,0,0,0,1,0,0,0,7,0,0,0,0,0,0,0,0,0.0,0.0,90.0,9.0,37.7,2.1,1.0,0.0,0.0,120.0,3.0,39.0,0.2,1.0,0.0,0.0,120.0,1.0,38.0,0.0,1.0,-4.0,-2.0,-100.0,0.15151515151515152,0.45454545454545453,8,13,1278,1414,625
441,202501020210,0,2,5,24,4,4,5,48,0,0,1,1,0,2,5,20,1,3,1,35,0,0,1,1,0,1,0,7,0,0,0,3,0,0,0,1,0.0,0.0,120.0,12.0,40.4,3.3,0.08333333333333333,0.0,0.0,110.0,6.0,39.1,1.2,0.09090909090909091,0.0,0.0,140.0,14.0,39.9,4.2,0.35714285714285715,1.0,6.0,0.0,,,1,1,1148,1405,1393
442,202501020210,2,2,1,17,6,5,6,38,0,0,0,1,2,1,0,12,4,4,5,33,0,0,0,1,0,0,0,2,0,0,1,2,0,0,0,0,0.0,0.0,90.0,14.0,39.8,4.6,0.7857142857142857,0.0,0.0,130.0,11.0,38.3,2.8,0.9333333333333333,0.0,0.0,130.0,12.0,38.3,1.3,0.8666666666666667,-1.0,10.0,0.0,0.21875,0.4895833333333333,5,8,1600,1503,680
443,202501020303,0,0,1,3,2,0,0,3,0,0,0,0,0,0,1,3,1,0,0,3,0,0,0,0,0,0,1,3,1,0,0,1,0,0,0,0,0.0,0.0,50.0,3.0,38.7,0.2,0.07142857142857142,0.0,0.0,70.0,5.0,39.9,1.6,0.21428571428571427,0.0,0.0,50.0,3.0,39.7,1.4,0.15384615384615385,0.0,4.0,0.0,0.08,0.28,5,8,1489,1393,565
444,202501020303,0,0,0,0,0,2,2,13,0,0,0,0,0,0,0,0,0,1,2,9,0,0,0,0,0,0,0,0,0,0,1,4,0,0,0,0,0.0,0.0,10.0,2.0,38.2,1.4,0.8571428571428571,0.0,0.0,10.0,4.0,35.7,0.3,0.5625,0.0,0.0,20.0,2.0,36.9,0.6,0.375,0.0,0.0,0.0,0.21428571428571427,0.4897959183673469,7,11,1564,1167,334
445,202501020303,0,1,2,2,0,0,0,1,0,0,0,0,0,1,1,2,0,0,0,1,0,0,0,0,0,1,1,2,0,0,0,1,0,0,0,0,0.0,0.0,70.0,4.0,38.7,1.2,0.5714285714285714,0.0,0.0,70.0,4.0,38.6,1.8,0.23076923076923078,0.0,0.0,80.0,12.0,39.1,1.8,0.26666666666666666,4.0,0.0,0.0,0.038461538461538464,0.19230769230769232,8,13,1729,1170,1428
446,202501020303,0,1,0,4,0,1,0,3,0,0,0,0,0,1,0,3,0,1,0,3,0,0,0,0,0,0,0,2,0,1,0,2,0,0,0,0,0.0,0.0,30.0,5.0,38.9,2.1,1.0,0.0,0.0,30.0,4.0,37.3,0.5,0.9230769230769231,0.0,0.0,40.0,12.0,38.4,1.6,0.0625,3.5,6.0,-700.0,0.12903225806451613,0.34408602150537637,3,4,1506,1362,199
447,202501020303,0,0,0,1,1,1,0,8,0,0,0,0,0,0,0,1,1,1,0,8,0,0,0,0,0,0,0,0,0,0,0,3,0,0,0,0,0.0,0.0,120.0,10.0,36.4,1.4,0.6,0.0,0.0,80.0,7.0,36.1,1.2,0.8888888888888888,0.0,0.0,80.0,13.0,36.6,3.2,0.6666666666666666,1.5,8.0,-300.0,0.031746031746031744,0.047619047619047616,6,10,1248,1559,1428
448,202501020303,0,0,1,0,0,0,0,0,0,0,0,0,0,0,1,0,0,0,0,0,0,0,0,0,0,0,0,0,0,0,0,0,0,0,0,0,0.0,0.0,70.0,3.0,38.9,2.0,0.5,0.0,0.0,20.0,3.0,38.1,0.2,0.6428571428571429,0.0,0.0,20.0,8.0,40.4,2.0,0.375,2.5,6.0,0.0,0.053763440860215055,0.1827956989247312,7,12,1670,707,882
449,202501020303,0,0,0,0,0,0,0,0,0,0,0,0,0,0,0,0,0,0,0,0,0,0,0,0,0,0,0,0,0,0,0,0,0,0,0,0,0.0,0.0,40.0,7.0,39.2,1.4,0.8571428571428571,0.0,0.0,10.0,4.0,38.5,0.4,1.0,0.0,0.0,20.0,2.0,37.2,0.0,0.9285714285714286,-2.5,-4.0,0.0,0.0,0.3076923076923077,2,2,759,125,1428
450,202501020303,0,0,0,1,0,0,0,0,0,0,0,0,0,0,0,1,0,0,0,0,0,0,0,0,0,0,0,0,0,0,0,0,0,0,0,0,0.0,0.0,70.0,8.0,39.4,2.0,0.7857142857142857,0.0,0.0,100.0,4.0,38.1,1.1,0.9285714285714286,0.0,0.0,110.0,7.0,38.8,1.3,0.5625,-0.5,0.0,0.0,0.09954751131221719,0.3212669683257919,4,5,1693,1332,1167
451,202501020303,0,0,0,1,1,1,0,19,0,0,0,0,0,0,0,1,1,1,0,11,0,0,0,0,0,0,0,1,0,1,0,5,0,0,0,0,0.0,0.0,110.0,11.0,35.7,1.6,0.7857142857142857,0.0,0.0,50.0,8.0,36.4,1.4,0.5555555555555556,0.0,0.0,130.0,11.0,37.1,2.1,0.375,0.0,0.0,500.0,0.075,0.20833333333333334,5,7,1246,1013,533
452,202501020303,0,0,0,1,1,2,2,20,0,0,0,0,0,0,0,1,1,1,2,18,0,0,0,0,0,0,0,1,0,1,2,8,0,0,0,0,0.0,0.0,90.0,10.0,40.3,2.3,0.35714285714285715,0.0,0.0,50.0,9.0,40.6,2.2,0.5,0.0,0.0,100.0,8.0,37.7,1.2,0.125,-1.0,4.0,0.0,0.0,0.21052631578947367,3,3,1676,1183,1428
453,202501020303,1,0,0,3,0,1,0,7,0,0,0,0,1,0,0,2,0,1,0,6,0,0,0,0,0,0,0,2,0,0,0,5,0,0,0,0,0.0,0.0,140.0,11.0,39.9,2.9,0.6428571428571429,0.0,0.0,160.0,12.0,37.4,1.7,0.625,0.0,0.0,120.0,11.0,41.8,3.0,1.0,0.0,4.0,0.0,0.037037037037037035,0.1111111111111111,1,1,1304,1618,1503
454,202501020303,0,0,0,1,0,0,0,0,0,0,0,0,0,0,0,1,0,0,0,0,0,0,0,0,0,0,0,1,0,0,0,0,0,0,0,0,0.0,0.0,80.0,12.0,41.0,3.2,0.42857142857142855,,,,,,,,,,,,,,,,,0.0,0.1111111111111111,0.2222222222222222,4,6,1507,1225,593
455,202501020303,0,0,0,0,0,0,0,2,0,0,0,0,0,0,0,0,0,0,0,2,0,0,0,0,0,0,0,0,0,0,0,0,0,0,0,0,0.0,0.0,70.0,11.0,36.4,1.9,0.42857142857142855,0.0,0.0,30.0,8.0,42.4,2.3,0.25,0.0,0.0,50.0,8.0,37.5,3.1,0.5,-1.5,6.0,200.0,0.0,0.11320754716981132,6,9,1434,1561,969
456,202501020303,0,0,1,7,0,0,1,9,0,0,0,1,0,0,1,7,0,0,0,6,0,0,0,1,0,0,1,4,0,0,0,6,0,0,0,1,0.0,0.0,100.0,14.0,41.1,4.1,0.6428571428571429,0.0,0.0,100.0,10.0,39.0,2.2,0.9285714285714286,0.0,0.0,90.0,13.0,34.8,1.5,0.7777777777777778,-0.5,-4.0,0.0,0.11904761904761904,0.2619047619047619,8,14,1691,1428,1167
457,202501020305,1,1,0,10,0,1,0,6,0,0,0,0,1,1,0,10,0,0,0,3,0,0,0,0,0,0,0,0,0,0,0,0,0,0,0,0,,,,,,,,,,,,,,,,,,,,,,,,,0.17318435754189945,0.39664804469273746,8,12,1467,1036,336
458,202501020305,0,0,0,2,0,1,1,0,0,0,0,0,0,0,0,1,0,1,1,0,0,0,0,0,0,0,0,0,0,0,0,0,0,0,0,0,,,,,,,,,,,,,,,,,,,,,,,,,0.03773584905660377,0.20754716981132076,1,1,1095,939,1221
459,202501020305,0,0,0,1,2,1,0,3,0,0,0,0,0,0,0,1,2,1,0,3,0,0,0,0,0,0,0,0,0,0,0,0,0,0,0,0,,,,,,,,,,,,,,,,,,,,,,,,,0.21212121212121213,0.494949494949495,5,6,1600,1482,680
460,202501020305,0,0,0,1,0,0,0,0,0,0,0,0,0,0,0,1,0,0,0,0,0,0,0,0,0,0,0,0,0,0,0,0,0,0,0,0,,,,,,,,,,,,,,,,,,,,,,,,,0.11538461538461539,0.4153846153846154,8,13,1223,1599,1221
461,202501020305,1,1,0,10,0,0,0,0,0,0,0,0,1,1,0,10,0,0,0,0,0,0,0,0,0,0,0,0,0,0,0,0,0,0,0,0,,,,,,,,,,,,,,,,,,,,,,,,,0.0990990990990991,0.31981981981981983,7,10,1467,693,336
462,202501020305,0,0,0,1,0,1,0,1,0,0,0,0,0,0,0,1,0,1,0,1,0,0,0,0,0,0,0,0,0,0,0,0,0,0,0,0,,,,,,,,,,,,,,,,,,,,,,,,,0.0,0.2,2,2,1223,1465,1221
463,202501020305,0,0,0,0,0,0,0,0,0,0,0,0,0,0,0,0,0,0,0,0,0,0,0,0,0,0,0,0,0,0,0,0,0,0,0,0,,,,,,,,,,,,,,,,,,,,,,,,,0.11538461538461539,0.3076923076923077,5,7,1178,969,1221
464,202501020305,0,0,0,0,0,0,0,3,0,0,0,0,0,0,0,0,0,0,0,3,0,0,0,0,0,0,0,0,0,0,0,0,0,0,0,0,,,,,,,,,,,,,,,,,,,,,,,,,0.11627906976744186,0.2558139534883721,3,3,1178,1691,1221
465,202501020305,1,2,0,5,0,1,2,9,0,0,0,0,1,2,0,5,0,0,2,7,0,0,0,0,0,0,0,0,0,0,0,0,0,0,0,0,,,,,,,,,,,,,,,,,,,,,,,,,0.03225806451612903,0.14516129032258066,6,8,1278,1556,625
466,202501020305,0,0,0,1,0,0,0,0,0,0,0,0,0,0,0,1,0,0,0,0,0,0,0,0,0,0,0,0,0,0,0,0,0,0,0,0,0.0,0.0,,,,,,,,,,,,,,,,,,,,,,-100.0,0.0,0.0,4,4,1676,946,1428
467,202501020305,2,0,0,12,2,0,0,8,0,0,0,0,2,0,0,8,1,0,0,8,0,0,0,0,0,0,0,0,0,0,0,0,0,0,0,0,0.0,0.0,50.0,11.0,40.4,3.0,0.23076923076923078,,,,,,,,,,,,,,,,,0.0,0.05319148936170213,0.18085106382978725,7,11,1576,1235,1577
468,202501020305,0,0,0,0,1,2,2,20,0,0,0,0,0,0,0,0,1,1,2,18,0,0,0,0,0,0,0,0,0,0,0,0,0,0,0,0,,,,,,,,,,,,,,,,,,,,,,,,,0.0,0.2,4,5,1730,1183,1428
469,202501020305,1,1,0,10,0,1,1,0,0,0,0,0,1,1,0,10,0,1,1,0,0,0,0,0,0,0,0,0,0,0,0,0,0,0,0,0,0.0,0.0,90.0,13.0,42.1,4.8,0.3076923076923077,,,,,,,,,,,,,,,,,0.0,0.10526315789473684,0.21052631578947367,6,9,1467,939,336
470,202501020308,0,0,0,1,1,1,0,19,0,0,0,0,0,0,0,1,1,1,0,11,0,0,0,0,0,0,0,0,1,0,0,2,0,0,0,0,0.0,0.0,10.0,2.0,36.1,0.1,0.7272727272727273,0.0,0.0,10.0,4.0,37.8,0.5,0.9230769230769231,0.0,0.0,10.0,2.0,37.4,0.0,0.5625,0.0,-4.0,100.0,0.10852713178294573,0.4108527131782946,6,6,1246,1013,533
471,202501020308,0,0,1,4,0,0,0,0,0,0,0,0,0,0,1,4,0,0,0,0,0,0,0,0,0,0,1,0,0,0,0,0,0,0,0,0,0.0,0.0,30.0,1.0,38.2,0.0,0.2857142857142857,0.0,0.0,30.0,4.0,36.4,0.9,0.5,0.0,0.0,60.0,3.0,35.5,0.1,0.8125,1.0,2.0,0.0,0.17415730337078653,0.39325842696629215,8,10,1261,1317,387
472,202501020308,1,0,1,7,0,0,0,6,0,0,0,0,0,0,1,6,0,0,0,4,0,0,0,0,0,0,0,1,0,0,0,1,0,0,0,0,0.0,0.0,100.0,5.0,39.5,1.2,0.3333333333333333,0.0,0.0,90.0,9.0,35.3,1.3,1.0,0.0,0.0,110.0,9.0,39.9,2.3,0.18181818181818182,2.0,0.0,0.0,0.07627118644067797,0.2033898305084746,4,4,1520,1221,695
473,202501020308,1,0,0,0,0,0,1,1,0,0,0,0,1,0,0,0,0,0,1,1,0,0,0,0,0,0,0,0,0,0,0,0,0,0,0,0,0.0,0.0,130.0,2.0,37.9,0.0,0.35714285714285715,0.0,0.0,130.0,8.0,39.3,1.9,0.7142857142857143,0.0,0.0,120.0,11.0,39.4,2.2,0.21428571428571427,4.5,-4.0,0.0,0.08695652173913043,0.30434782608695654,7,9,1699,1721,1313
474,202501020308,1,2,0,5,0,0,0,1,0,0,0,0,1,2,0,5,0,0,0,0,0,0,0,0,0,0,0,0,0,0,0,0,0,0,0,0,0.0,0.0,30.0,6.0,37.8,1.3,0.8,0.0,0.0,50.0,10.0,37.7,0.6,0.5,0.0,0.0,20.0,5.0,37.6,0.4,0.5,-0.5,0.0,0.0,0.1004566210045662,0.3242009132420091,5,5,1278,1448,625
475,202501020308,0,0,0,1,0,0,0,0,0,0,0,0,0,0,0,1,0,0,0,0,0,0,0,0,0,0,0,0,0,0,0,0,0,0,0,0,0.0,0.0,130.0,13.0,41.5,3.1,0.21428571428571427,0.0,0.0,60.0,13.0,40.5,4.2,0.42857142857142855,0.0,0.0,40.0,2.0,37.6,0.0,0.21428571428571427,-5.5,2.0,0.0,0.125,0.25,7,8,1554,599,322
476,202501020308,0,0,0,4,0,0,0,6,0,0,0,1,0,0,0,4,0,0,0,4,0,0,0,1,0,0,0,1,0,0,0,1,0,0,0,0,0.0,0.0,120.0,5.0,38.1,0.7,0.8571428571428571,0.0,0.0,80.0,8.0,39.1,1.7,0.6363636363636364,0.0,0.0,110.0,6.0,39.2,0.9,0.13333333333333333,0.5,14.0,0.0,0.03571428571428571,0.10714285714285714,6,7,1656,1221,1576
477,202501020308,1,2,1,0,0,0,2,6,0,0,0,0,1,2,1,0,0,0,1,6,0,0,0,0,0,1,1,0,0,0,0,2,0,0,0,0,0.0,0.0,120.0,6.0,38.9,1.0,0.07142857142857142,0.0,0.0,100.0,4.0,38.0,1.0,0.07142857142857142,0.0,0.0,150.0,8.0,36.9,1.7,0.5625,1.0,0.0,0.0,0.0,0.2222222222222222,2,2,1317,1405,1186
478,202501020308,0,0,1,2,1,1,0,2,0,0,0,0,0,0,1,0,1,1,0,1,0,0,0,0,0,0,0,0,1,1,0,0,0,0,0,0,0.0,0.0,80.0,7.0,40.5,1.8,0.07142857142857142,0.0,0.0,80.0,5.0,40.7,1.4,0.07142857142857142,0.0,0.0,140.0,4.0,38.3,0.3,0.14285714285714285,-1.5,0.0,0.0,0.0,0.0,1,1,1561,1228,1263
479,202501020308,1,0,0,0,0,0,0,1,0,0,0,0,1,0,0,0,0,0,0,1,0,0,0,0,0,0,0,0,0,0,0,1,0,0,0,0,0.0,0.0,100.0,12.0,35.7,1.0,0.4375,0.0,0.0,70.0,6.0,33.8,1.0,0.36363636363636365,0.0,0.0,80.0,6.0,36.5,1.4,0.6,-3.0,-2.0,500.0,0.054945054945054944,0.18681318681318682,3,3,1699,1337,1313
480,202501020308,0,0,1,0,1,1,0,2,0,0,0,0,0,0,1,0,1,1,0,1,0,0,0,0,0,0,1,0,1,1,0,0,0,0,0,0,0.0,0.0,90.0,9.0,40.0,3.0,0.1111111111111111,0.0,0.0,50.0,11.0,39.3,1.2,0.07692307692307693,0.0,0.0,50.0,10.0,38.5,2.6,0.5,0.5,-4.0,0.0,0.0,0.13333333333333333,8,11,1426,1228,306
481,202501020310,1,0,1,7,0,0,0,0,0,0,0,0,0,0,1,6,0,0,0,0,0,0,0,0,0,0,0,3,0,0,0,0,0,0,0,0,0.0,0.0,10.0,1.0,36.3,0.0,0.07142857142857142,0.0,0.0,10.0,12.0,37.5,2.8,1.0,0.0,0.0,50.0,1.0,36.9,0.0,0.0625,0.0,-2.0,300.0,0.1694915254237288,0.3898305084745763,5,7,1520,1430,695
482,202501020310,0,1,0,1,0,0,0,0,0,0,0,0,0,1,0,1,0,0,0,0,0,0,0,0,0,0,0,1,0,0,0,0,0,0,0,0,0.0,0.0,10.0,1.0,37.9,0.0,0.2727272727272727,0.0,0.0,10.0,6.0,35.9,0.1,0.5625,0.0,0.0,20.0,1.0,36.9,0.0,0.25,0.0,-2.0,0.0,0.12195121951219512,0.24390243902439024,4,6,32,817,664
483,202501020310,0,1,0,4,0,0,0,0,0,0,0,0,0,1,0,4,0,0,0,0,0,0,0,0,0,1,0,2,0,0,0,0,0,0,0,0,0.0,0.0,50.0,2.0,38.3,1.0,0.14285714285714285,0.0,0.0,50.0,4.0,37.7,0.2,0.75,0.0,0.0,60.0,2.0,37.1,0.2,0.21428571428571427,0.0,0.0,0.0,0.032,0.112,6,10,1154,1489,1561
484,202501020310,0,0,0,0,0,0,0,0,0,0,0,0,0,0,0,0,0,0,0,0,0,0,0,0,0,0,0,0,0,0,0,0,0,0,0,0,0.0,0.0,50.0,8.0,34.8,0.7,1.0,0.0,0.0,30.0,13.0,38.4,1.6,0.1875,0.0,0.0,30.0,5.0,35.8,0.2,0.25,-1.5,8.0,300.0,0.109375,0.4140625,3,4,567,698,1094
485,202501020310,1,1,1,1,1,1,0,19,0,0,0,0,1,1,1,1,1,1,0,11,0,0,0,0,0,1,1,0,0,0,0,2,0,0,0,0,0.0,0.0,40.0,2.0,37.0,1.2,1.0,0.0,0.0,20.0,2.0,37.9,0.4,0.8181818181818182,0.0,0.0,20.0,3.0,38.1,0.6,0.8571428571428571,0.5,-6.0,0.0,0.0,1.0,7,12,1586,1013,1167
486,202501020310,0,0,0,0,0,0,0,0,0,0,0,0,0,0,0,0,0,0,0,0,0,0,0,0,0,0,0,0,0,0,0,0,0,0,0,0,0.0,0.0,20.0,7.0,37.7,1.7,0.4,0.0,0.0,30.0,1.0,36.7,0.0,0.09090909090909091,0.0,0.0,10.0,7.0,38.3,1.5,1.0,0.0,0.0,-100.0,0.05434782608695652,0.18478260869565216,3,3,856,79,857
487,202501020310,1,0,1,7,0,0,0,3,0,0,0,2,0,0,1,6,0,0,0,3,0,0,0,2,0,0,0,3,0,0,0,2,0,0,0,2,0.0,0.0,140.0,8.0,36.7,0.9,0.8571428571428571,0.0,0.0,90.0,9.0,39.6,3.6,0.8,0.0,0.0,110.0,9.0,38.2,1.0,1.0,0.5,4.0,0.0,0.0,0.5,2,2,1520,1034,695
488,202501020310,0,0,0,3,0,0,0,2,0,0,0,0,0,0,0,3,0,0,0,1,0,0,0,0,0,0,0,1,0,0,0,0,0,0,0,0,0.0,0.0,80.0,12.0,37.4,1.2,0.75,0.0,0.0,50.0,1.0,36.3,0.0,0.8,0.0,0.0,20.0,5.0,38.8,0.9,0.7142857142857143,-3.5,-4.0,-400.0,0.11764705882352941,0.23529411764705882,1,1,1463,1331,1167
489,202501020310,0,0,0,4,0,0,1,4,0,0,0,1,0,0,0,4,0,0,0,3,0,0,0,1,0,0,0,0,0,0,0,0,0,0,0,0,0.0,0.0,30.0,6.0,40.3,0.6,0.13333333333333333,0.0,0.0,10.0,1.0,38.6,0.0,0.0625,0.0,0.0,10.0,2.0,37.7,0.5,0.06666666666666667,-2.0,-10.0,0.0,0.1,0.32272727272727275,5,8,1656,1014,1576
490,202501020310,1,2,0,5,0,0,0,3,0,0,0,0,1,2,0,5,0,0,0,3,0,0,0,0,0,0,0,0,0,0,0,2,0,0,0,0,0.0,0.0,30.0,11.0,37.7,1.4,0.13333333333333333,0.0,0.0,30.0,7.0,39.8,1.3,0.3333333333333333,0.0,0.0,10.0,1.0,38.7,0.0,0.1875,-5.0,2.0,-400.0,0.0,0.0,8,13,1278,1691,625
491,202501020310,0,0,0,0,0,0,0,0,0,0,0,0,0,0,0,0,0,0,0,0,0,0,0,0,0,0,0,0,0,0,0,0,0,0,0,0,0.0,0.0,10.0,1.0,36.9,0.0,0.45454545454545453,0.0,0.0,10.0,1.0,38.1,0.0,0.38461538461538464,0.0,0.0,10.0,5.0,38.3,1.0,0.8461538461538461,2.0,0.0,0.0,0.07563025210084033,0.21008403361344538,8,14,1689,1471,1294
492,202501020310,0,0,0,1,0,0,0,1,0,0,0,0,0,0,0,1,0,0,0,1,0,0,0,0,0,0,0,0,0,0,0,0,0,0,0,0,0.0,0.0,90.0,12.0,37.5,1.2,0.21428571428571427,0.0,0.0,110.0,13.0,41.3,3.3,0.07142857142857142,0.0,0.0,110.0,1.0,39.2,0.0,0.07142857142857142,-5.5,10.0,0.0,0.08333333333333333,0.2916666666666667,7,11,1381,1032,548
493,202501020310,0,0,1,7,0,0,0,3,0,0,0,0,0,0,1,7,0,0,0,3,0,0,0,0,0,0,0,1,0,0,0,0,0,0,0,0,0.0,0.0,110.0,13.0,40.9,5.1,0.9285714285714286,0.0,0.0,100.0,9.0,37.0,1.2,0.5333333333333333,0.0,0.0,80.0,4.0,38.5,0.6,0.5625,-4.5,0.0,0.0,0.032520325203252036,0.14634146341463414,4,5,1691,1506,1167
494,202501020310,0,0,1,4,0,0,0,0,0,0,0,0,0,0,1,4,0,0,0,0,0,0,0,0,0,0,0,0,0,0,0,0,0,0,0,0,0.0,0.0,120.0,14.0,35.5,1.4,0.8125,0.0,0.0,70.0,1.0,38.6,0.0,0.1875,0.0,0.0,90.0,8.0,37.1,1.0,0.625,-3.0,0.0,500.0,0.0,0.11538461538461539,6,9,1261,1679,387
495,202501020402,0,0,0,2,3,3,3,18,0,0,0,0,0,0,0,2,2,2,1,16,0,0,0,0,0,0,0,2,1,0,1,10,0,0,0,0,0.0,0.0,40.0,3.0,39.2,0.4,0.07142857142857142,0.0,0.0,40.0,2.0,39.0,0.1,0.14285714285714285,0.0,0.0,50.0,5.0,37.8,2.1,0.7692307692307693,1.0,10.0,0.0,0.03636363636363636,0.21818181818181817,4,6,1676,1167,1428
496,202501020402,0,0,0,0,0,0,0,1,0,0,0,0,0,0,0,0,0,0,0,1,0,0,0,0,0,0,0,0,0,0,0,1,0,0,0,0,0.0,0.0,90.0,6.0,40.5,1.1,0.0625,0.0,0.0,60.0,10.0,36.6,1.5,0.9333333333333333,0.0,0.0,90.0,7.0,38.2,1.3,0.6,0.5,12.0,0.0,0.10344827586206896,0.3448275862068966,1,1,1652,1505,314
497,202501020402,0,0,0,0,0,0,0,0,0,0,0,0,0,0,0,0,0,0,0,0,0,0,0,0,0,0,0,0,0,0,0,0,0,0,0,0,0.0,0.0,30.0,2.0,38.2,0.3,0.8571428571428571,0.0,0.0,60.0,2.0,38.4,0.4,0.7857142857142857,0.0,0.0,90.0,5.0,40.1,1.1,0.5333333333333333,1.5,-4.0,0.0,0.09777777777777778,0.31555555555555553,8,14,1220,783,1317
498,202501020402,0,0,0,3,3,1,3,13,0,0,0,1,0,0,0,3,2,1,3,8,0,0,0,1,0,0,0,2,1,0,2,6,0,0,0,1,0.0,0.0,40.0,2.0,39.4,0.7,0.14285714285714285,0.0,0.0,30.0,5.0,39.6,0.8,0.14285714285714285,0.0,0.0,40.0,6.0,36.9,0.4,0.4444444444444444,2.0,4.0,0.0,0.0,0.17391304347826086,2,2,1693,1428,1167
499,202501020402,0,0,0,2,0,0,0,0,0,0,0,0,0,0,0,2,0,0,0,0,0,0,0,0,0,0,0,2,0,0,0,0,0,0,0,0,0.0,0.0,80.0,5.0,38.1,0.6,0.8571428571428571,0.0,0.0,70.0,5.0,39.5,1.2,0.7142857142857143,0.0,0.0,40.0,6.0,39.0,2.5,0.3076923076923077,0.5,6.0,0.0,0.0,0.2222222222222222,3,3,1689,1152,1294
500,202501020402,0,0,0,1,2,0,0,12,0,0,0,0,0,0,0,1,1,0,0,10,0,0,0,0,0,0,0,1,0,0,0,6,0,0,0,0,0.0,0.0,130.0,6.0,39.0,0.9,0.42857142857142855,0.0,0.0,140.0,7.0,35.4,0.9,0.5714285714285714,0.0,0.0,100.0,12.0,37.0,2.1,0.625,3.0,8.0,0.0,0.0,0.16666666666666666,5,8,1537,1482,488
501,202501020402,0,0,0,2,0,0,0,0,0,0,0,0,0,0,0,2,0,0,0,0,0,0,0,0,0,0,0,2,0,0,0,0,0,0,0,0,0.0,0.0,100.0,10.0,39.6,2.0,0.8,0.0,0.0,110.0,5.0,36.4,0.7,0.3125,0.0,0.0,100.0,8.0,36.6,2.0,0.5625,-1.0,-6.0,0.0,0.031496062992125984,0.11811023622047244,7,11,1689,1728,1294
502,202501020402,0,0,0,3,0,1,1,8,0,0,0,0,0,0,0,3,0,1,0,5,0,0,0,0,0,0,0,2,0,0,0,4,0,0,0,0,0.0,0.0,140.0,8.0,39.4,1.6,0.6428571428571429,0.0,0.0,140.0,8.0,40.4,2.1,0.5714285714285714,0.0,0.0,130.0,11.0,34.1,1.7,0.6666666666666666,1.5,-4.0,0.0,0.03278688524590164,0.14754098360655737,3,4,1693,1362,1167
503,202501020402,0,0,0,2,0,0,0,0,0,0,0,0,0,0,0,2,0,0,0,0,0,0,0,0,0,0,0,2,0,0,0,0,0,0,0,0,0.0,0.0,30.0,9.0,39.6,2.1,0.6428571428571429,0.0,0.0,10.0,4.0,38.5,0.5,0.7142857142857143,0.0,0.0,20.0,4.0,38.1,0.3,0.7857142857142857,-2.5,0.0,0.0,0.21,0.5,6,9,1689,1348,1294
504,202501020402,0,0,0,0,0,1,1,8,0,0,0,0,0,0,0,0,0,1,0,5,0,0,0,0,0,0,0,0,0,0,0,4,0,0,0,0,0.0,0.0,110.0,10.0,39.6,2.2,0.6428571428571429,0.0,0.0,110.0,10.0,35.9,1.3,0.8461538461538461,0.0,0.0,90.0,8.0,36.2,1.6,0.75,-1.0,10.0,0.0,0.030303030303030304,0.045454545454545456,5,7,1545,1362,1428
505,202501020402,0,0,0,0,1,2,2,12,0,0,0,0,0,0,0,0,1,2,1,11,0,0,0,0,0,0,0,0,0,0,0,5,0,0,0,0,0.0,0.0,40.0,11.0,41.2,2.6,0.14285714285714285,0.0,0.0,50.0,2.0,39.0,0.3,0.07692307692307693,0.0,0.0,70.0,4.0,39.8,1.1,0.6875,-3.5,10.0,0.0,0.034482758620689655,0.10344827586206896,8,13,1134,1556,1576
506,202501020402,0,0,1,1,0,2,1,3,0,0,0,0,0,0,1,1,0,2,1,3,0,0,0,0,0,0,1,1,0,0,0,0,0,0,0,0,0.0,0.0,90.0,12.0,40.6,2.6,0.35714285714285715,,,,,,,,,,,,,,,,,0.0,0.0,0.3333333333333333,4,5,1656,1417,1576
507,202501020402,0,0,0,4,0,0,0,0,0,0,0,0,0,0,0,4,0,0,0,0,0,0,0,0,0,0,0,3,0,0,0,0,0,0,0,0,0.0,0.0,100.0,13.0,41.7,4.4,0.5,0.0,0.0,90.0,7.0,36.9,0.8,0.15384615384615385,0.0,0.0,70.0,8.0,35.2,1.5,0.5,-2.5,-4.0,0.0,0.0,0.16666666666666666,7,12,1455,1728,1428
508,202501020402,0,0,0,0,0,0,2,2,0,0,0,0,0,0,0,0,0,0,2,2,0,0,0,0,0,0,0,0,0,0,1,2,0,0,0,0,0.0,0.0,80.0,,,,0.14285714285714285,0.0,0.0,30.0,10.0,39.5,2.3,0.21428571428571427,0.0,0.0,30.0,11.0,36.5,1.4,0.25,1.0,0.0,0.0,,,6,10,1049,1736,1428
509,202501020406,1,1,1,5,3,1,3,13,0,0,0,0,1,1,1,5,2,1,3,8,0,0,0,0,0,0,0,3,1,0,2,6,0,0,0,0,0.0,0.0,10.0,2.0,38.4,0.8,0.2857142857142857,0.0,0.0,10.0,2.0,37.7,0.3,0.6666666666666666,0.0,0.0,20.0,2.0,35.9,0.6,0.3125,0.0,2.0,0.0,0.1813186813186813,0.4010989010989011,5,8,1600,1428,680
510,202501020406,0,0,1,1,0,0,0,9,0,0,0,0,0,0,1,1,0,0,0,6,0,0,0,0,0,0,1,1,0,0,0,1,0,0,0,0,0.0,0.0,80.0,4.0,37.8,1.7,0.8571428571428571,0.0,0.0,80.0,8.0,40.1,1.6,0.75,0.0,0.0,120.0,8.0,37.0,1.0,0.8125,2.0,-2.0,0.0,0.09734513274336283,0.3185840707964602,6,10,1261,1170,387
511,202501020406,1,0,2,8,1,1,2,9,0,0,0,1,1,0,2,7,1,1,1,6,0,0,0,1,1,0,2,6,0,0,0,3,0,0,0,1,0.0,0.0,90.0,9.0,38.2,1.0,0.25,0.0,0.0,120.0,9.0,38.7,2.1,0.5,0.0,0.0,120.0,9.0,40.1,2.4,0.4666666666666667,0.0,16.0,-100.0,0.0,0.0,7,11,1586,1221,1167
512,202501020406,1,1,1,19,0,2,0,13,0,0,0,1,1,1,1,16,0,1,0,12,0,0,0,1,1,0,1,6,0,0,0,5,0,0,0,1,0.0,0.0,60.0,4.0,38.8,1.2,0.5,0.0,0.0,90.0,5.0,37.7,0.6,0.5714285714285714,0.0,0.0,80.0,9.0,39.1,1.5,0.8125,2.5,8.0,0.0,0.0,0.15789473684210525,6,9,1605,1345,1
513,202501020406,1,1,0,1,0,2,1,11,0,0,0,0,1,1,0,0,0,1,0,10,0,0,0,0,0,1,0,0,0,1,0,4,0,0,0,0,0.0,0.0,120.0,6.0,37.6,0.6,0.5,0.0,0.0,110.0,13.0,43.0,4.2,0.13333333333333333,0.0,0.0,110.0,6.0,39.9,1.5,0.5833333333333334,0.0,6.0,100.0,0.0,0.21428571428571427,4,5,1248,1183,1428
514,202501020406,0,0,0,2,0,1,0,1,0,0,0,0,0,0,0,1,0,1,0,1,0,0,0,0,0,0,0,0,0,1,0,1,0,0,0,0,0.0,0.0,20.0,6.0,38.5,2.1,0.7142857142857143,0.0,0.0,20.0,2.0,38.2,0.2,0.5714285714285714,0.0,0.0,40.0,3.0,39.2,0.4,0.9285714285714286,-1.5,0.0,0.0,0.2079207920792079,0.49504950495049505,5,7,1447,1034,1721
515,202501020406,1,0,0,6,3,3,3,18,0,0,0,1,0,0,0,2,2,2,1,16,0,0,0,1,0,0,0,0,1,0,1,10,0,0,0,0,0.0,0.0,60.0,7.0,39.2,2.2,0.14285714285714285,0.0,0.0,90.0,12.0,39.9,2.6,0.21428571428571427,0.0,0.0,70.0,11.0,39.3,2.1,0.5,2.0,14.0,0.0,0.12030075187969924,0.41353383458646614,8,14,1657,1167,1317
516,202501020406,1,1,1,19,0,0,0,1,0,0,0,0,1,1,1,16,0,0,0,1,0,0,0,0,1,0,1,6,0,0,0,0,0,0,0,0,0.0,0.0,50.0,8.0,38.6,2.2,0.14285714285714285,0.0,0.0,40.0,6.0,39.9,0.8,0.15384615384615385,0.0,0.0,60.0,5.0,39.6,1.1,0.6923076923076923,-1.5,8.0,0.0,0.0,0.16666666666666666,8,13,1605,1465,1
517,202501020406,0,0,0,3,3,3,3,18,0,0,0,0,0,0,0,2,2,2,1,16,0,0,0,0,0,0,0,0,1,0,1,10,0,0,0,0,0.0,0.0,30.0,9.0,39.6,2.9,0.5,0.0,0.0,30.0,5.0,39.2,1.2,0.14285714285714285,0.0,0.0,20.0,9.0,37.4,1.0,0.1875,0.0,-4.0,0.0,0.1,0.36666666666666664,3,4,1506,1167,199
518,202501020406,1,0,0,0,0,0,0,1,0,0,0,0,1,0,0,0,0,0,0,1,0,0,0,0,1,0,0,0,0,0,0,0,0,0,0,0,0.0,0.0,130.0,10.0,40.3,3.9,0.2857142857142857,0.0,0.0,100.0,11.0,39.5,2.5,0.8571428571428571,0.0,0.0,110.0,8.0,39.7,2.7,0.6875,-1.0,4.0,0.0,0.0,0.15384615384615385,1,1,1479,79,857
519,202501020406,1,0,0,6,1,1,2,4,0,0,0,0,0,0,0,2,1,0,2,2,0,0,0,0,0,0,0,0,0,0,1,0,0,0,0,0,0.0,0.0,110.0,11.0,39.3,4.3,0.5714285714285714,0.0,0.0,60.0,8.0,36.4,1.0,0.2,0.0,0.0,60.0,9.0,40.8,2.5,0.07692307692307693,-1.0,6.0,0.0,0.05357142857142857,0.23214285714285715,4,6,1657,1235,1317
520,202501020406,0,0,0,0,0,2,1,11,0,0,0,0,0,0,0,0,0,1,0,10,0,0,0,0,0,0,0,0,0,1,0,4,0,0,0,0,0.0,0.0,100.0,12.0,41.7,6.1,0.6428571428571429,0.0,0.0,20.0,8.0,38.0,1.4,0.13333333333333333,0.0,0.0,20.0,8.0,42.0,4.3,0.3125,-2.0,-4.0,0.0,0.029850746268656716,0.04477611940298507,7,12,1469,1183,88
521,202501020406,0,0,0,0,0,0,0,0,0,0,0,0,0,0,0,0,0,0,0,0,0,0,0,0,0,0,0,0,0,0,0,0,0,0,0,0,0.0,0.0,140.0,13.0,41.9,7.1,0.9285714285714286,0.0,0.0,140.0,12.0,38.7,3.1,0.2857142857142857,0.0,0.0,80.0,12.0,40.5,2.7,0.3333333333333333,-0.5,-6.0,0.0,0.034482758620689655,0.13793103448275862,3,3,1495,314,324
522,202501020406,0,0,0,0,2,1,1,11,0,0,0,0,0,0,0,0,2,1,1,7,0,0,0,0,0,0,0,0,2,1,0,1,0,0,0,0,0.0,0.0,70.0,14.0,43.7,7.5,0.2857142857142857,0.0,0.0,90.0,6.0,39.7,1.3,0.3333333333333333,0.0,0.0,70.0,12.0,40.0,3.2,0.375,-1.0,6.0,0.0,0.1111111111111111,0.24444444444444444,2,2,1632,1393,1167
523,202501020408,0,1,2,12,0,0,2,2,0,0,0,0,0,1,1,10,0,0,2,2,0,0,0,0,0,0,0,4,0,0,1,0,0,0,0,0,0.0,0.0,70.0,3.0,37.4,0.6,0.6666666666666666,0.0,0.0,80.0,3.0,37.8,0.3,0.7,0.0,0.0,90.0,8.0,41.0,2.1,0.9090909090909091,2.5,0.0,0.0,0.17777777777777778,0.4,7,11,1467,1736,336
524,202501020408,0,0,1,2,0,0,0,4,0,0,0,0,0,0,1,1,0,0,0,2,0,0,0,0,0,0,0,0,0,0,0,0,0,0,0,0,0.0,0.0,70.0,1.0,38.3,0.0,0.5714285714285714,0.0,0.0,20.0,7.0,35.4,0.7,0.5,0.0,0.0,110.0,12.0,35.5,0.9,0.6470588235294118,5.5,4.0,0.0,0.1111111111111111,0.2962962962962963,6,8,1629,322,1428
525,202501020408,0,0,0,0,1,1,2,9,0,0,0,0,0,0,0,0,1,1,1,6,0,0,0,0,0,0,0,0,1,0,0,1,0,0,0,0,0.0,0.0,40.0,3.0,38.2,0.5,0.15384615384615385,0.0,0.0,20.0,2.0,38.7,0.6,0.09090909090909091,0.0,0.0,10.0,10.0,39.7,2.1,0.6923076923076923,3.5,0.0,0.0,0.0,0.2857142857142857,8,13,1382,1221,707
526,202501020408,1,0,0,10,0,0,0,2,0,0,0,0,0,0,0,6,0,0,0,1,0,0,0,0,0,0,0,0,0,0,0,0,0,0,0,0,0.0,0.0,80.0,8.0,39.8,1.3,0.5333333333333333,0.0,0.0,100.0,3.0,39.6,1.3,0.5625,0.0,0.0,60.0,4.0,37.6,1.1,0.75,-2.0,-2.0,-100.0,0.0,0.125,2,2,1204,1278,1221
527,202501020408,1,0,0,0,1,0,0,4,0,0,0,0,1,0,0,0,1,0,0,4,0,0,0,0,0,0,0,0,0,0,0,2,0,0,0,0,0.0,0.0,60.0,5.0,37.3,0.5,0.38461538461538464,0.0,0.0,50.0,5.0,37.2,0.5,0.6363636363636364,0.0,0.0,40.0,8.0,39.1,1.3,0.5384615384615384,1.5,4.0,0.0,0.03571428571428571,0.10714285714285714,5,7,1479,460,857
528,202501020408,0,0,0,3,0,0,0,4,0,0,0,0,0,0,0,2,0,0,0,4,0,0,0,0,0,0,0,1,0,0,0,3,0,0,0,0,0.0,0.0,20.0,13.0,48.1,10.2,0.23076923076923078,0.0,0.0,10.0,1.0,39.2,0.0,0.13333333333333333,0.0,0.0,20.0,3.0,40.5,0.3,0.5,-5.0,0.0,0.0,0.11450381679389313,0.4122137404580153,1,1,1401,1110,517
529,202501020408,0,1,2,12,1,1,0,0,0,0,0,0,0,1,1,10,1,1,0,0,0,0,0,0,0,0,0,4,0,0,0,0,0,0,0,0,0.0,0.0,20.0,6.0,37.9,0.7,0.9,0.0,0.0,60.0,4.0,36.6,0.1,0.6923076923076923,0.0,0.0,40.0,5.0,37.0,0.7,0.6875,-0.5,-10.0,0.0,0.03125,0.046875,4,4,1467,1127,336
530,202501020408,0,0,0,1,0,0,0,2,0,0,0,0,0,0,0,1,0,0,0,1,0,0,0,0,0,0,0,0,0,0,0,0,0,0,0,0,0.0,0.0,140.0,12.0,35.5,2.0,0.9333333333333333,0.0,0.0,70.0,6.0,34.5,0.7,0.875,0.0,0.0,120.0,16.0,36.1,2.3,0.875,2.0,2.0,500.0,0.0,0.19047619047619047,6,9,1432,1442,1428
531,202501020408,0,1,2,12,2,0,0,12,0,0,0,0,0,1,1,10,1,0,0,10,0,0,0,0,0,0,0,4,1,0,0,3,0,0,0,0,0.0,0.0,130.0,9.0,38.5,2.3,0.7692307692307693,0.0,0.0,120.0,6.0,40.2,1.7,0.5,0.0,0.0,120.0,7.0,38.3,2.7,0.7692307692307693,-1.0,2.0,0.0,0.0,0.25,3,3,1467,1482,336
532,202501020408,0,0,0,0,0,2,1,11,0,0,0,0,0,0,0,0,0,1,0,10,0,0,0,0,0,0,0,0,0,0,0,5,0,0,0,0,0.0,0.0,70.0,5.0,37.7,0.7,0.9230769230769231,0.0,0.0,110.0,8.0,37.9,1.1,0.4375,0.0,0.0,60.0,6.0,36.3,1.4,1.0,0.5,6.0,0.0,0.09865470852017937,0.3183856502242152,8,12,1035,1183,1393
533,202501020408,1,1,1,5,3,3,3,18,0,0,0,0,1,1,1,5,2,2,1,16,0,0,0,0,0,0,0,2,1,1,0,3,0,0,0,0,0.0,0.0,70.0,12.0,40.8,2.8,0.14285714285714285,0.0,0.0,90.0,1.0,39.0,0.0,0.07142857142857142,0.0,0.0,100.0,11.0,36.9,1.4,0.5,-0.5,2.0,0.0,0.0,0.1111111111111111,5,6,1600,1167,680
534,202501020408,0,1,0,5,0,0,0,0,0,0,0,0,0,0,0,4,0,0,0,0,0,0,0,0,0,0,0,2,0,0,0,0,0,0,0,0,0.0,0.0,100.0,12.0,39.5,2.9,0.5384615384615384,0.0,0.0,70.0,7.0,36.3,1.0,0.14285714285714285,0.0,0.0,60.0,4.0,34.6,0.3,0.375,-4.0,2.0,0.0,0.031746031746031744,0.11904761904761904,4,5,1289,1420,1428
535,202501020408,0,2,1,2,0,0,0,0,0,0,0,0,0,2,1,1,0,0,0,0,0,0,0,0,0,1,0,0,0,0,0,0,0,0,0,0,0.0,0.0,110.0,13.0,40.9,3.0,0.23076923076923078,0.0,0.0,70.0,6.0,36.6,1.1,0.2727272727272727,0.0,0.0,100.0,13.0,38.8,2.3,0.07692307692307693,0.0,0.0,0.0,0.03333333333333333,0.15,7,10,1098,13,1294
536,202501020412,0,0,0,2,2,0,1,20,0,0,0,0,0,0,0,2,1,0,1,16,0,0,0,0,0,0,0,0,0,0,0,7,0,0,0,0,0.0,0.0,50.0,3.0,37.7,0.6,0.9166666666666666,0.0,0.0,90.0,7.0,39.2,2.3,1.0,0.0,0.0,10.0,1.0,38.9,0.0,0.8125,-1.0,10.0,0.0,0.11363636363636363,0.4090909090909091,8,11,1676,1294,1428
537,202501020412,0,0,1,1,2,0,1,20,0,0,0,0,0,0,1,1,1,0,1,16,0,0,0,0,0,0,0,0,0,0,0,7,0,0,0,0,0.0,0.0,40.0,4.0,38.6,0.5,0.5714285714285714,0.0,0.0,100.0,2.0,38.2,0.1,0.15384615384615385,0.0,0.0,120.0,10.0,37.5,1.2,0.23076923076923078,3.0,-12.0,0.0,0.0,0.11764705882352941,8,12,1656,1294,1576
538,202501020412,0,1,2,12,0,0,1,5,0,0,0,0,0,1,1,10,0,0,0,3,0,0,0,0,0,0,0,4,0,0,0,1,0,0,0,0,0.0,0.0,20.0,4.0,37.6,0.7,0.9230769230769231,0.0,0.0,70.0,2.0,37.7,0.0,0.8333333333333334,0.0,0.0,30.0,4.0,37.9,1.1,0.6923076923076923,0.0,2.0,0.0,0.10714285714285714,0.32142857142857145,2,2,1467,1561,336
539,202501020412,1,0,0,6,0,0,0,1,0,0,0,0,1,0,0,4,0,0,0,0,0,0,0,0,1,0,0,3,0,0,0,0,0,0,0,0,0.0,0.0,50.0,10.0,42.0,4.0,0.7272727272727273,0.0,0.0,40.0,1.0,39.4,0.0,0.2,0.0,0.0,70.0,5.0,37.1,0.8,0.6875,-2.5,0.0,-100.0,0.09821428571428571,0.3169642857142857,3,3,1154,1313,1561
540,202501020412,1,0,2,8,1,1,1,13,0,0,0,0,1,0,2,7,0,1,1,11,0,0,0,0,0,0,0,1,0,0,0,3,0,0,0,0,0.0,0.0,80.0,4.0,37.3,1.2,0.8888888888888888,0.0,0.0,50.0,11.0,38.0,1.2,0.5384615384615384,0.0,0.0,60.0,3.0,38.0,0.6,0.625,-0.5,14.0,0.0,0.037037037037037035,0.2222222222222222,5,5,1586,1503,1167
541,202501020412,1,0,2,8,0,2,0,13,0,0,0,1,0,0,1,6,0,1,0,12,0,0,0,1,0,0,0,2,0,0,0,6,0,0,0,0,0.0,0.0,80.0,3.0,39.0,0.4,0.35714285714285715,0.0,0.0,40.0,10.0,40.6,1.0,0.4,0.0,0.0,20.0,4.0,38.2,0.9,0.5,0.5,2.0,0.0,0.0,0.18181818181818182,5,6,1520,1345,695
542,202501020412,0,0,0,0,0,0,0,0,0,0,0,0,0,0,0,0,0,0,0,0,0,0,0,0,0,0,0,0,0,0,0,0,0,0,0,0,0.0,0.0,50.0,7.0,38.8,2.0,0.7857142857142857,0.0,0.0,20.0,4.0,39.9,0.8,0.42857142857142855,0.0,0.0,50.0,2.0,38.6,0.1,0.8461538461538461,-2.5,4.0,0.0,0.03076923076923077,0.046153846153846156,7,10,1101,1117,1127
543,202501020412,0,0,0,2,0,0,1,5,0,0,0,0,0,0,0,2,0,0,1,4,0,0,0,0,0,0,0,0,0,0,0,1,0,0,0,0,0.0,0.0,50.0,5.0,39.3,1.8,0.3333333333333333,0.0,0.0,50.0,12.0,42.5,4.8,0.08333333333333333,0.0,0.0,20.0,2.0,37.1,0.0,0.09090909090909091,-1.5,34.0,0.0,0.1276595744680851,0.3404255319148936,4,4,1676,1506,1428
544,202501020412,1,0,0,10,1,0,0,2,0,0,0,0,0,0,0,6,1,0,0,0,0,0,0,0,0,0,0,0,0,0,0,0,0,0,0,0,0.0,0.0,120.0,10.0,37.6,1.9,0.8,0.0,0.0,110.0,7.0,36.7,1.4,0.625,0.0,0.0,130.0,5.0,36.7,0.6,0.7692307692307693,-2.5,-10.0,500.0,0.0,0.0,7,9,1204,1306,1221
545,202501020412,1,1,1,19,1,2,2,12,0,0,0,2,1,1,1,16,1,2,1,11,0,0,0,2,0,1,0,7,0,2,1,4,0,0,0,0,0.0,0.0,20.0,10.0,38.9,1.7,0.4166666666666667,0.0,0.0,10.0,1.0,39.6,0.0,0.14285714285714285,0.0,0.0,10.0,5.0,39.4,0.3,0.15384615384615385,-2.5,0.0,0.0,0.18232044198895028,0.40331491712707185,6,7,1605,1556,1
546,202501020412,0,0,0,0,0,0,0,1,0,0,0,0,0,0,0,0,0,0,0,0,0,0,0,0,0,0,0,0,0,0,0,0,0,0,0,0,0.0,0.0,110.0,11.0,38.3,1.9,0.6666666666666666,0.0,0.0,140.0,9.0,39.0,1.9,0.8571428571428571,0.0,0.0,120.0,14.0,41.8,6.3,0.5,1.5,0.0,0.0,0.0,0.18181818181818182,1,1,1075,168,1328
547,202501020412,1,1,1,5,0,0,0,0,0,0,0,0,1,1,1,5,0,0,0,0,0,0,0,0,0,0,0,2,0,0,0,0,0,0,0,0,0.0,0.0,40.0,6.0,38.7,1.9,0.3333333333333333,0.0,0.0,50.0,8.0,39.0,2.0,0.2727272727272727,0.0,0.0,50.0,1.0,36.1,0.0,0.125,-2.5,0.0,0.0,0.11363636363636363,0.25,6,8,1600,1317,680
548,202501020501,1,1,1,11,15,8,11,92,0,0,0,0,1,1,1,6,10,6,10,59,0,0,0,0,1,1,1,4,4,5,6,27,0,0,0,0,0.0,0.0,110.0,2.0,39.1,1.0,0.14285714285714285,0.0,0.0,90.0,10.0,34.9,1.6,1.0,,,,,,,,8.0,-2.0,0.0,0.09090909090909091,0.36363636363636365,5,5,1261,1183,387
549,202501020501,1,1,1,11,0,0,0,0,0,0,0,0,1,1,1,6,0,0,0,0,0,0,0,0,1,1,1,4,0,0,0,0,0,0,0,0,0.0,0.0,60.0,5.0,39.2,1.9,0.5714285714285714,0.0,0.0,40.0,3.0,36.4,0.7,0.8,0.0,0.0,90.0,6.0,36.2,2.4,0.7,0.5,10.0,0.0,0.09606986899563319,0.32751091703056767,3,3,1261,298,387
550,202501020501,1,3,2,11,0,0,0,0,0,0,0,0,1,3,2,8,0,0,0,0,0,0,0,0,1,0,1,3,0,0,0,0,0,0,0,0,0.0,0.0,60.0,5.0,35.5,2.2,0.7142857142857143,,,,,,,,,,,,,,,,,-100.0,0.058823529411764705,0.23529411764705882,6,6,1248,680,1428
551,202501020501,7,5,2,34,8,8,14,85,2,1,0,0,4,3,0,25,4,4,9,67,0,0,0,0,2,0,0,18,3,2,6,47,0,0,0,0,0.0,0.0,80.0,10.0,37.7,4.8,0.7,,,,,,,,,,,,,,,,,-100.0,0.03125,0.09375,8,10,1677,1428,1167
552,202501020501,1,0,3,18,3,3,4,26,0,0,0,0,1,0,2,15,3,3,2,14,0,0,0,0,0,0,0,6,2,1,1,8,0,0,0,0,0.0,0.0,60.0,4.0,36.7,1.8,0.375,,,,,,,,,,,,,,,,,-100.0,0.07964601769911504,0.2831858407079646,4,4,1045,1036,969
553,202501020501,7,5,2,34,3,3,4,26,0,0,0,0,4,3,0,25,3,3,2,14,0,0,0,0,2,0,0,18,2,1,1,8,0,0,0,0,0.0,0.0,30.0,12.0,42.1,4.0,0.2857142857142857,0.0,0.0,20.0,4.0,35.4,0.8,0.5454545454545454,0.0,0.0,20.0,3.0,36.3,1.5,0.8333333333333334,-4.5,4.0,0.0,0.05154639175257732,0.17525773195876287,8,9,1677,1036,1167
554,202501020501,0,1,1,5,6,2,6,44,0,0,0,0,0,0,0,4,4,0,5,33,0,0,0,0,0,0,0,4,2,0,3,14,0,0,0,0,0.0,0.0,120.0,11.0,41.3,3.8,0.5,0.0,0.0,50.0,6.0,37.7,3.8,0.7142857142857143,,,,,,,,-5.0,-6.0,0.0,0.03225806451612903,0.12903225806451613,1,1,1579,1482,1605
555,202501020501,0,0,0,0,0,0,0,0,0,0,0,0,0,0,0,0,0,0,0,0,0,0,0,0,0,0,0,0,0,0,0,0,0,0,0,0,0.0,0.0,150.0,15.0,35.9,2.6,0.875,,,,,,,,,,,,,,,,,500.0,0.0,0.2,7,8,1501,1343,1026
556,202501020501,0,0,0,3,0,0,0,4,0,0,0,2,0,0,0,2,0,0,0,2,0,0,0,2,0,0,0,0,0,0,0,0,0,0,0,0,0.0,0.0,70.0,8.0,35.5,0.8,0.6666666666666666,0.0,0.0,70.0,8.0,34.2,2.0,0.8666666666666667,,,,,,,,0.0,0.0,500.0,0.0,0.15384615384615385,2,2,1151,1598,1618
557,202501020501,0,0,0,0,6,5,6,38,0,0,0,0,0,0,0,0,4,4,5,33,0,0,0,0,0,0,0,0,3,4,3,20,0,0,0,0,0.0,0.0,100.0,8.0,37.4,3.6,1.0,,,,,,,,,,,,,,,,,100.0,0.032,0.144,7,7,1178,1503,1221
558,202501020506,2,3,0,23,0,1,2,9,0,0,0,0,1,2,0,14,0,0,1,3,0,0,0,0,1,2,0,9,0,0,0,0,0,0,0,0,0.0,0.0,80.0,4.0,37.0,0.5,0.38461538461538464,0.0,0.0,80.0,8.0,39.8,1.3,0.5333333333333333,0.0,0.0,100.0,3.0,39.6,1.3,0.5625,-0.5,-2.0,0.0,0.0,0.13636363636363635,1,1,1204,1278,1221
559,202501020506,1,1,1,11,2,0,2,29,0,0,0,0,1,1,1,6,1,0,0,23,0,0,0,0,1,1,1,4,0,0,0,6,0,0,0,0,0.0,0.0,40.0,2.0,37.9,0.6,0.9285714285714286,0.0,0.0,80.0,4.0,37.8,1.7,0.8571428571428571,0.0,0.0,80.0,8.0,40.1,1.6,0.75,3.0,4.0,0.0,0.09565217391304348,0.33043478260869563,5,7,1261,1170,387
560,202501020506,0,0,0,0,0,0,0,1,0,0,0,0,0,0,0,0,0,0,0,1,0,0,0,0,0,0,0,0,0,0,0,1,0,0,0,0,0.0,0.0,50.0,3.0,39.1,0.4,0.8571428571428571,0.0,0.0,70.0,3.0,38.7,1.1,0.35714285714285715,0.0,0.0,50.0,12.0,35.6,1.0,0.21428571428571427,4.5,2.0,0.0,0.1259259259259259,0.4148148148148148,6,10,1259,1472,1428
561,202501020506,1,0,1,12,2,0,0,8,0,0,0,0,1,0,1,11,2,0,0,8,0,0,0,0,1,0,1,9,0,0,0,3,0,0,0,0,0.0,0.0,20.0,4.0,39.9,0.5,0.07142857142857142,0.0,0.0,10.0,5.0,40.9,1.4,0.5384615384615384,0.0,0.0,30.0,2.0,37.6,0.4,0.23076923076923078,-1.0,6.0,0.0,0.2465753424657534,0.4794520547945205,2,2,1434,225,969
562,202501020506,9,8,4,64,1,0,0,5,0,0,0,0,6,7,3,55,0,0,0,2,0,0,0,0,3,4,2,20,0,0,0,1,0,0,0,0,0.0,0.0,20.0,2.0,38.8,0.3,0.42857142857142855,0.0,0.0,10.0,2.0,38.0,1.0,0.5,0.0,0.0,10.0,5.0,39.2,1.2,0.2,1.5,2.0,0.0,0.20588235294117646,0.49019607843137253,8,14,1278,1205,625
563,202501020506,1,3,2,11,7,6,8,47,0,0,0,1,1,3,2,8,5,6,6,32,0,0,0,0,1,0,1,3,3,3,6,18,0,0,0,0,0.0,0.0,110.0,5.0,37.9,1.2,1.0,0.0,0.0,120.0,10.0,36.4,1.4,0.6,0.0,0.0,80.0,7.0,36.1,1.2,0.8888888888888888,1.0,0.0,0.0,0.028985507246376812,0.057971014492753624,5,8,1248,1559,1428
564,202501020506,0,1,0,3,2,3,3,33,0,0,0,0,0,1,0,3,2,2,3,26,0,0,0,0,0,0,0,0,0,0,1,15,0,0,0,0,0.0,0.0,130.0,5.0,38.7,1.3,0.7142857142857143,0.0,0.0,70.0,7.0,36.0,1.5,0.6666666666666666,0.0,0.0,110.0,6.0,35.9,0.6,0.75,0.5,0.0,0.0,0.0,0.14814814814814814,3,3,1689,1039,1294
565,202501020506,0,0,1,5,0,0,0,0,0,0,0,0,0,0,0,1,0,0,0,0,0,0,0,0,0,0,0,1,0,0,0,0,0,0,0,0,0.0,0.0,70.0,8.0,40.2,1.1,0.21428571428571427,0.0,0.0,30.0,5.0,38.2,1.7,1.0,0.0,0.0,30.0,4.0,38.8,0.9,0.7857142857142857,-2.0,-2.0,0.0,0.18478260869565216,0.40217391304347827,7,11,1540,1098,1036
566,202501020506,1,3,5,24,3,5,5,31,0,0,0,1,1,3,5,21,2,3,3,24,0,0,0,1,1,2,2,15,2,3,3,14,0,0,0,1,0.0,0.0,50.0,4.0,37.6,0.8,0.8571428571428571,0.0,0.0,30.0,5.0,38.9,2.1,1.0,0.0,0.0,30.0,4.0,37.3,0.5,0.9230769230769231,0.0,0.0,0.0,0.05102040816326531,0.17346938775510204,4,6,1506,1362,199
567,202501020506,1,1,1,11,8,8,14,85,0,0,0,0,1,1,1,6,4,4,9,67,0,0,0,0,1,1,1,4,3,2,6,47,0,0,0,0,0.0,0.0,120.0,10.0,40.1,1.4,0.7142857142857143,0.0,0.0,50.0,10.0,40.4,2.2,0.42857142857142855,0.0,0.0,60.0,5.0,39.4,1.0,0.2857142857142857,-2.5,2.0,0.0,0.0,0.14285714285714285,8,13,1261,1428,387
568,202501020506,0,0,0,10,8,10,9,71,0,0,0,0,0,0,0,6,6,6,3,55,0,0,0,0,0,0,0,3,3,3,1,23,0,0,0,0,0.0,0.0,90.0,11.0,40.3,1.5,0.35714285714285715,0.0,0.0,70.0,4.0,38.8,0.7,0.3333333333333333,0.0,0.0,40.0,8.0,40.0,2.6,0.6153846153846154,-1.5,2.0,0.0,0.031746031746031744,0.14285714285714285,3,4,1282,1558,377
569,202501020506,0,0,0,0,1,0,1,5,0,0,0,0,0,0,0,0,1,0,1,5,0,0,0,0,0,0,0,0,0,0,1,4,0,0,0,0,0.0,0.0,130.0,12.0,41.0,2.1,0.7142857142857143,0.0,0.0,130.0,10.0,37.8,2.2,0.8,0.0,0.0,120.0,10.0,38.4,2.0,0.75,-1.0,2.0,0.0,0.05825242718446602,0.24271844660194175,4,5,628,882,969
570,202501020506,1,1,1,2,0,0,0,4,0,0,0,0,1,1,1,2,0,0,0,2,0,0,0,0,1,0,1,2,0,0,0,1,0,0,0,0,0.0,0.0,60.0,4.0,37.5,0.3,0.07692307692307693,0.0,0.0,90.0,6.0,35.8,0.8,0.5833333333333334,0.0,0.0,100.0,11.0,34.2,1.3,0.4444444444444444,3.5,6.0,-100.0,0.0,0.1875,6,9,1693,1032,1167
571,202501020506,8,7,9,40,2,1,1,13,0,0,0,0,7,6,5,31,1,0,1,8,0,0,0,0,4,3,2,13,1,0,1,6,0,0,0,0,0.0,0.0,120.0,11.0,39.1,2.5,0.5714285714285714,0.0,0.0,100.0,17.0,38.0,2.3,1.0,,,,,,,,6.0,16.0,0.0,0.0,0.10714285714285714,7,12,1467,1561,336
572,202501020508,3,0,0,17,13,12,17,89,0,0,0,0,0,0,0,15,9,10,13,63,0,0,0,0,0,0,0,4,4,5,6,12,0,0,0,0,0.0,0.0,20.0,6.0,39.5,0.6,0.09090909090909091,0.0,0.0,50.0,2.0,38.3,0.2,0.07692307692307693,0.0,0.0,60.0,10.0,40.1,2.8,0.13333333333333333,2.0,4.0,0.0,0.0,0.3125,1,1,1676,1167,1428
573,202501020508,8,7,9,40,0,0,0,3,0,0,0,0,7,6,5,31,0,0,0,2,0,0,0,0,1,0,3,12,0,0,0,1,0,0,0,0,0.0,0.0,70.0,7.0,37.5,1.1,0.7692307692307693,0.0,0.0,20.0,6.0,37.9,0.7,0.9,0.0,0.0,60.0,4.0,36.6,0.1,0.6923076923076923,-1.5,12.0,0.0,0.029411764705882353,0.04411764705882353,6,10,1467,1127,336
574,202501020508,8,7,9,40,8,8,14,85,0,1,1,4,7,6,5,31,4,4,9,67,0,1,1,3,1,0,3,12,1,0,3,18,0,0,0,1,0.0,0.0,20.0,4.0,37.2,0.1,0.3076923076923077,0.0,0.0,20.0,3.0,38.9,0.4,0.3333333333333333,0.0,0.0,30.0,2.0,39.0,0.3,0.13333333333333333,-1.0,2.0,0.0,0.09691629955947137,0.32158590308370044,3,3,1467,1428,336
575,202501020508,2,2,1,17,0,0,1,1,0,0,0,0,2,1,0,12,0,0,1,1,0,0,0,0,2,0,0,1,0,0,1,1,0,0,0,0,0.0,0.0,90.0,5.0,37.8,0.7,0.6153846153846154,0.0,0.0,80.0,8.0,38.4,1.0,0.5384615384615384,0.0,0.0,140.0,8.0,39.2,2.6,0.6875,1.5,-10.0,0.0,0.10869565217391304,0.2391304347826087,8,14,1600,1009,680
576,202501020508,0,1,0,3,13,12,17,89,0,0,0,1,0,1,0,3,9,10,13,63,0,0,0,1,0,0,0,0,4,5,6,12,0,0,0,0,0.0,0.0,20.0,6.0,40.3,1.6,0.09090909090909091,0.0,0.0,30.0,1.0,38.3,0.0,0.07142857142857142,0.0,0.0,50.0,4.0,38.4,0.9,0.6428571428571429,-1.0,4.0,0.0,0.08108108108108109,0.2882882882882883,6,9,1689,1167,1294
577,202501020508,2,1,1,11,15,8,11,92,1,0,0,1,2,0,1,7,10,6,10,59,1,0,0,1,0,0,0,2,4,0,0,26,0,0,0,1,0.0,0.0,60.0,4.0,38.9,1.3,0.6363636363636364,0.0,0.0,80.0,4.0,37.0,0.5,0.6363636363636364,0.0,0.0,30.0,9.0,39.6,1.7,0.38461538461538464,2.5,-2.0,0.0,0.05263157894736842,0.17894736842105263,8,13,1432,1183,1428
578,202501020508,6,3,1,18,0,0,0,0,0,0,0,0,2,2,1,12,0,0,0,0,0,0,0,0,1,0,0,4,0,0,0,0,0,0,0,0,0.0,0.0,90.0,8.0,38.7,1.4,0.8571428571428571,0.0,0.0,90.0,6.0,39.0,1.9,0.9230769230769231,0.0,0.0,80.0,14.0,38.5,2.4,0.9375,3.0,-2.0,0.0,0.022727272727272728,0.06818181818181818,4,6,1401,1304,517
579,202501020508,0,0,0,10,6,2,6,44,0,0,0,1,0,0,0,6,4,0,5,33,0,0,0,1,0,0,0,1,1,0,2,13,0,0,0,0,0.0,0.0,110.0,10.0,39.1,2.4,0.6363636363636364,0.0,0.0,110.0,9.0,37.8,1.6,1.0,0.0,0.0,140.0,13.0,40.0,4.4,0.9333333333333333,1.5,-2.0,0.0,0.03333333333333333,0.1,5,7,1282,1482,377
580,202501020508,1,1,1,11,0,0,0,4,0,0,0,0,1,1,1,6,0,0,0,2,0,0,0,0,0,0,0,1,0,0,0,1,0,0,0,0,0.0,0.0,40.0,8.0,40.3,2.1,0.18181818181818182,0.0,0.0,30.0,1.0,38.8,0.0,0.125,0.0,0.0,60.0,2.0,37.5,0.1,0.14285714285714285,-3.0,6.0,0.0,0.18579234972677597,0.40437158469945356,7,12,1261,617,387
581,202501020508,9,8,4,64,1,0,1,3,0,0,0,0,6,7,3,55,1,0,1,2,0,0,0,0,2,3,0,18,0,0,0,0,0,0,0,0,0.0,0.0,20.0,6.0,42.1,4.8,0.16666666666666666,0.0,0.0,10.0,1.0,38.5,0.0,0.06666666666666667,,,,,,,,-5.0,6.0,-100.0,0.0967741935483871,0.3548387096774194,5,8,1278,1051,625
582,202501020508,11,10,11,44,0,0,0,1,0,0,0,0,8,8,8,39,0,0,0,1,0,0,0,0,3,3,1,14,0,0,0,0,0,0,0,0,0.0,0.0,100.0,11.0,41.3,3.2,0.42857142857142855,0.0,0.0,60.0,10.0,39.6,1.8,0.42857142857142855,0.0,0.0,90.0,4.0,39.2,1.1,0.2857142857142857,-3.5,6.0,0.0,0.0,0.1,2,2,1605,332,1
583,202501020508,1,3,4,31,3,0,0,2,0,0,0,0,0,1,2,22,2,0,0,0,0,0,0,0,0,0,0,4,1,0,0,0,0,0,0,0,0.0,0.0,150.0,8.0,36.9,2.3,0.75,0.0,0.0,110.0,13.0,41.6,3.2,0.8125,0.0,0.0,150.0,9.0,38.1,2.0,0.9375,0.5,-2.0,550.0,0.0,0.10909090909090909,7,11,1020,1716,1576
584,202501020508,1,1,0,10,0,1,0,3,0,0,0,0,1,1,0,9,0,1,0,3,0,0,0,0,0,0,0,1,0,0,0,2,0,0,0,0,0.0,0.0,140.0,13.0,42.1,4.2,0.6428571428571429,0.0,0.0,130.0,13.0,38.0,2.6,0.5384615384615384,0.0,0.0,160.0,16.0,35.3,1.3,0.5625,1.5,4.0,0.0,0.0,0.15,4,5,1246,1712,533
585,202501020508,6,5,4,37,0,0,0,1,0,0,0,1,4,4,4,28,0,0,0,1,0,0,0,1,1,0,1,9,0,0,0,1,0,0,0,1,0.0,0.0,90.0,14.0,45.0,6.0,0.14285714285714285,0.0,0.0,110.0,12.0,41.1,2.5,0.08333333333333333,0.0,0.0,70.0,15.0,44.5,6.6,0.13333333333333333,0.5,12.0,0.0,0.05263157894736842,0.22807017543859648,3,4,1463,188,1167
586,202501020512,0,0,0,0,0,1,2,9,0,0,0,0,0,0,0,0,0,0,1,3,0,0,0,0,0,0,0,0,0,0,1,1,0,0,0,0,0.0,0.0,100.0,8.0,34.9,1.0,0.2727272727272727,0.0,0.0,40.0,8.0,35.2,0.8,0.7,0.0,0.0,40.0,4.0,35.0,0.2,0.3333333333333333,-2.0,2.0,500.0,0.11940298507462686,0.41044776119402987,3,3,1035,1278,1393
587,202501020512,0,0,0,0,0,0,0,7,0,0,0,0,0,0,0,0,0,0,0,4,0,0,0,0,0,0,0,0,0,0,0,0,0,0,0,0,0.0,0.0,20.0,1.0,37.7,0.0,0.21428571428571427,0.0,0.0,50.0,6.0,38.0,0.5,0.375,0.0,0.0,130.0,2.0,40.1,0.1,0.6875,0.5,2.0,0.0,0.09649122807017543,0.32456140350877194,4,6,1652,1169,314
588,202501020512,8,7,9,40,2,1,1,13,0,0,0,0,7,6,5,31,1,0,1,8,0,0,0,0,1,0,3,12,0,0,0,2,0,0,0,0,0.0,0.0,10.0,3.0,37.0,0.1,0.8333333333333334,0.0,0.0,20.0,4.0,37.6,0.7,0.9230769230769231,0.0,0.0,70.0,2.0,37.7,0.0,0.8333333333333334,-0.5,6.0,0.0,0.09375,0.34375,5,8,1467,1561,336
589,202501020512,1,1,1,7,1,2,1,13,0,0,0,0,1,1,1,6,1,1,0,9,0,0,0,0,1,1,0,2,0,0,0,4,0,0,0,0,0.0,0.0,60.0,4.0,38.3,0.6,0.5,0.0,0.0,90.0,4.0,37.9,0.4,0.25,0.0,0.0,50.0,10.0,42.0,4.0,0.7272727272727273,3.0,-6.0,0.0,0.10638297872340426,0.23404255319148937,3,4,1154,1313,1561
590,202501020512,0,0,0,0,0,1,1,1,0,0,0,0,0,0,0,0,0,1,1,1,0,0,0,0,0,0,0,0,0,0,0,0,0,0,0,0,0.0,0.0,10.0,2.0,38.2,0.4,0.3333333333333333,0.0,0.0,60.0,4.0,38.5,0.8,0.9166666666666666,0.0,0.0,50.0,9.0,39.6,2.3,0.7142857142857143,3.5,4.0,-700.0,0.25,0.4861111111111111,2,2,1267,812,1716
591,202501020512,8,2,3,40,0,0,0,2,0,0,0,0,8,2,1,32,0,0,0,1,0,0,0,0,3,0,0,7,0,0,0,1,0,0,0,0,0.0,0.0,40.0,2.0,38.1,0.8,0.6666666666666666,0.0,0.0,40.0,4.0,38.0,0.6,0.1,0.0,0.0,20.0,9.0,38.2,1.1,0.6428571428571429,3.5,-4.0,0.0,0.08035714285714286,0.2857142857142857,5,7,1152,666,1428
592,202501020512,5,4,1,32,0,1,0,10,0,0,0,0,3,4,1,21,0,1,0,9,0,0,0,0,1,0,1,5,0,1,0,1,0,0,0,0,0.0,0.0,110.0,7.0,39.3,1.1,0.7142857142857143,0.0,0.0,10.0,9.0,39.2,2.8,0.7857142857142857,0.0,0.0,60.0,2.0,40.0,0.5,0.7857142857142857,-2.5,-14.0,0.0,0.03225806451612903,0.0967741935483871,7,11,1393,197,1263
593,202501020512,0,0,0,0,0,1,0,1,0,0,0,0,0,0,0,0,0,0,0,1,0,0,0,0,0,0,0,0,0,0,0,0,0,0,0,0,0.0,0.0,70.0,12.0,39.0,2.9,0.5,0.0,0.0,100.0,4.0,39.3,1.0,0.7272727272727273,0.0,0.0,80.0,5.0,38.9,1.4,0.6363636363636364,-3.5,-2.0,0.0,0.0,0.14285714285714285,4,5,1288,604,1328
594,202501020512,2,0,1,10,6,5,4,28,0,0,0,1,0,0,0,3,2,3,3,19,0,0,0,0,0,0,0,1,1,3,0,12,0,0,0,0,0.0,0.0,30.0,4.0,37.9,1.4,0.5454545454545454,0.0,0.0,130.0,2.0,37.9,0.0,0.35714285714285715,0.0,0.0,130.0,8.0,39.3,1.9,0.7142857142857143,2.0,2.0,0.0,0.05172413793103448,0.22413793103448276,8,14,1699,1721,1313
595,202501020512,2,2,0,8,0,0,1,11,0,0,0,1,0,0,0,6,0,0,1,5,0,0,0,1,0,0,0,1,0,0,0,1,0,0,0,0,0.0,0.0,120.0,7.0,38.1,0.9,0.8461538461538461,0.0,0.0,100.0,11.0,39.0,3.6,0.8,0.0,0.0,70.0,6.0,40.2,1.5,0.35714285714285715,-0.5,-4.0,0.0,0.0,0.16,6,9,1042,1300,488
596,202501020512,1,1,2,29,2,2,3,35,0,0,0,0,1,1,2,24,0,1,1,24,0,0,0,0,1,1,1,10,0,0,1,9,0,0,0,0,0.0,0.0,120.0,11.0,39.6,1.6,0.07142857142857142,0.0,0.0,110.0,9.0,39.4,2.1,0.09090909090909091,0.0,0.0,80.0,7.0,40.5,1.8,0.07142857142857142,-2.0,4.0,0.0,0.0,0.09090909090909091,1,1,1561,1228,1263
597,202501020512,0,1,2,6,8,10,9,71,0,0,0,0,0,1,2,5,6,6,3,55,0,0,0,0,0,0,1,1,1,2,1,18,0,0,0,0,0.0,0.0,100.0,7.0,38.6,2.2,0.5714285714285714,0.0,0.0,110.0,7.0,38.3,1.2,0.42857142857142855,0.0,0.0,150.0,6.0,39.7,2.0,0.4666666666666667,-0.5,8.0,0.0,0.03225806451612903,0.14516129032258066,8,13,1399,1558,1428
598,202501020512,0,0,0,0,0,0,0,0,0,0,0,0,0,0,0,0,0,0,0,0,0,0,0,0,0,0,0,0,0,0,0,0,0,0,0,0,0.0,0.0,100.0,9.0,37.3,1.4,0.6153846153846154,0.0,0.0,110.0,8.0,35.6,1.0,0.6363636363636364,0.0,0.0,60.0,7.0,36.1,1.1,0.375,-1.0,4.0,-100.0,0.03333333333333333,0.13333333333333333,6,10,1035,4,1393
599,202501020512,4,6,2,37,0,0,0,0,0,0,0,0,4,3,1,36,0,0,0,0,0,0,0,0,1,0,0,15,0,0,0,0,0,0,0,0,0.0,0.0,50.0,5.0,36.9,1.2,0.3333333333333333,0.0,0.0,50.0,6.0,39.4,0.7,0.07692307692307693,0.0,0.0,70.0,5.0,38.0,0.6,0.25,0.0,-6.0,0.0,0.052083333333333336,0.17708333333333334,7,12,1304,237,1503
600,202501020603,0,0,0,0,0,0,0,0,0,0,0,0,0,0,0,0,0,0,0,0,0,0,0,0,0,0,0,0,0,0,0,0,0,0,0,0,0.0,0.0,10.0,3.0,38.2,0.5,0.8571428571428571,0.0,0.0,30.0,2.0,38.2,0.3,0.8571428571428571,0.0,0.0,60.0,2.0,38.4,0.4,0.7857142857142857,-0.5,4.0,0.0,0.0944206008583691,0.33047210300429186,6,10,1220,783,1317
601,202501020603,0,0,0,0,0,0,0,1,0,0,0,0,0,0,0,0,0,0,0,1,0,0,0,0,0,0,0,0,0,0,0,1,0,0,0,0,0.0,0.0,20.0,2.0,38.8,0.6,0.9285714285714286,0.0,0.0,70.0,2.0,38.7,0.4,1.0,0.0,0.0,90.0,6.0,40.5,1.1,0.0625,2.0,0.0,0.0,0.1111111111111111,0.3611111111111111,7,11,1652,1505,314
602,202501020603,1,1,1,5,1,0,0,2,0,0,0,0,1,1,1,5,1,0,0,2,0,0,0,0,0,0,0,3,0,0,0,2,0,0,0,0,0.0,0.0,110.0,5.0,37.8,1.8,0.9285714285714286,0.0,0.0,120.0,7.0,38.8,2.0,0.9230769230769231,0.0,0.0,110.0,9.0,36.8,2.2,0.5,2.0,-6.0,0.0,0.05555555555555555,0.3888888888888889,3,4,1600,1328,680
603,202501020603,0,0,0,3,3,1,3,13,0,0,0,1,0,0,0,3,2,1,3,8,0,0,0,1,0,0,0,2,1,0,2,6,0,0,0,1,0.0,0.0,40.0,4.0,38.7,0.8,0.07142857142857142,0.0,0.0,50.0,4.0,39.0,0.5,0.14285714285714285,0.0,0.0,40.0,2.0,39.4,0.7,0.14285714285714285,-1.0,-4.0,0.0,0.04950495049504951,0.16831683168316833,6,9,1693,1428,1167
604,202501020603,0,0,0,0,0,1,0,1,0,0,0,0,0,0,0,0,0,1,0,1,0,0,0,0,0,0,0,0,0,1,0,1,0,0,0,0,0.0,0.0,50.0,5.0,38.4,0.9,0.2857142857142857,0.0,0.0,20.0,3.0,38.3,1.3,0.14285714285714285,0.0,0.0,30.0,3.0,39.7,0.9,0.14285714285714285,-1.0,4.0,0.0,0.041666666666666664,0.16666666666666666,1,1,1706,1034,1428
605,202501020603,1,1,0,1,0,2,1,11,0,0,0,0,1,1,0,0,0,1,0,10,0,0,0,0,0,1,0,0,0,1,0,4,0,0,0,0,0.0,0.0,130.0,6.0,37.8,0.9,0.7857142857142857,0.0,0.0,120.0,5.0,38.1,2.0,0.8571428571428571,0.0,0.0,120.0,6.0,37.6,0.6,0.5,0.0,0.0,0.0,0.029411764705882353,0.11764705882352941,5,7,1248,1183,1428
606,202501020603,0,1,2,12,0,0,0,0,0,0,0,0,0,1,1,10,0,0,0,0,0,0,0,0,0,1,0,4,0,0,0,0,0,0,0,0,0.0,0.0,100.0,7.0,38.6,1.1,0.7857142857142857,0.0,0.0,60.0,4.0,38.5,1.5,0.6666666666666666,0.0,0.0,100.0,15.0,37.0,2.6,0.5625,4.0,-16.0,0.0,0.0,0.13333333333333333,4,6,1467,32,336
607,202501020603,0,0,0,4,0,0,0,9,0,0,0,0,0,0,0,4,0,0,0,6,0,0,0,0,0,0,0,1,0,0,0,1,0,0,0,0,0.0,0.0,60.0,8.0,38.4,1.3,0.7142857142857143,0.0,0.0,60.0,3.0,37.9,0.4,0.5,0.0,0.0,70.0,4.0,38.7,1.2,0.5714285714285714,-2.0,-2.0,0.0,0.06557377049180328,0.22950819672131148,2,2,1729,1170,1428
608,202501020603,1,0,2,8,1,1,2,9,0,0,0,1,1,0,2,7,1,1,1,6,0,0,0,1,1,0,2,6,0,0,0,3,0,0,0,1,0.0,0.0,70.0,9.0,38.4,1.4,0.35714285714285715,0.0,0.0,90.0,3.0,37.7,0.7,0.07142857142857142,0.0,0.0,90.0,9.0,38.2,1.0,0.25,0.0,-8.0,0.0,0.0,0.07692307692307693,5,8,1586,1221,1167
609,202501020603,0,2,1,2,1,1,1,13,0,0,0,0,0,2,1,1,0,1,1,11,0,0,0,0,0,1,0,1,0,1,1,7,0,0,0,0,0.0,0.0,30.0,10.0,39.8,2.0,0.21428571428571427,0.0,0.0,30.0,3.0,36.8,0.6,0.14285714285714285,0.0,0.0,40.0,3.0,35.6,0.5,0.2857142857142857,-3.5,4.0,0.0,0.10204081632653061,0.24489795918367346,8,13,1098,1503,1294
610,202501020603,1,0,1,1,1,0,0,1,0,0,0,0,1,0,1,1,1,0,0,1,0,0,0,0,1,0,1,0,1,0,0,0,0,0,0,0,0.0,0.0,80.0,11.0,39.4,2.2,0.35714285714285715,0.0,0.0,80.0,5.0,39.1,0.7,0.14285714285714285,0.0,0.0,110.0,14.0,37.7,2.5,0.125,1.5,2.0,0.0,0.03125,0.140625,4,5,1601,1691,239
611,202501020603,0,0,0,0,3,1,3,13,0,0,0,0,0,0,0,0,2,1,3,8,0,0,0,0,0,0,0,0,1,0,2,6,0,0,0,0,0.0,0.0,110.0,12.0,40.4,3.4,0.5,0.0,0.0,100.0,13.0,36.3,2.7,0.9285714285714286,,,,,,,,1.0,0.0,0.0,0.0,0.11764705882352941,8,14,1564,1428,334
612,202501020603,0,0,0,3,0,0,0,2,0,0,0,0,0,0,0,2,0,0,0,1,0,0,0,0,0,0,0,0,0,0,0,1,0,0,0,0,0.0,0.0,90.0,13.0,41.4,4.1,0.14285714285714285,0.0,0.0,30.0,16.0,41.8,3.4,0.1875,0.0,0.0,10.0,8.0,37.9,2.1,0.4666666666666667,-2.5,16.0,0.0,0.021739130434782608,0.06521739130434782,7,12,1401,1611,517
613,202501020603,0,1,0,5,0,0,1,1,0,0,0,0,0,0,0,4,0,0,1,1,0,0,0,0,0,0,0,2,0,0,1,1,0,0,0,0,0.0,0.0,140.0,14.0,43.2,7.4,0.5714285714285714,0.0,0.0,60.0,12.0,37.0,3.1,0.9166666666666666,0.0,0.0,70.0,9.0,34.4,0.8,0.8666666666666667,-2.5,-6.0,0.0,0.0,0.11864406779661017,3,3,1289,1412,1428
614,202501020605,2,3,1,8,0,0,1,5,0,0,0,0,2,3,1,6,0,0,1,4,0,0,0,0,2,2,0,4,0,0,1,3,0,0,0,0,0.0,0.0,30.0,8.0,36.0,1.1,0.5333333333333333,0.0,0.0,10.0,3.0,35.1,0.1,0.6923076923076923,0.0,0.0,20.0,3.0,36.1,0.4,0.5625,-2.5,6.0,-300.0,0.1,0.24,5,8,1463,1506,1167
615,202501020605,0,0,0,0,3,3,3,18,0,0,0,0,0,0,0,0,2,2,1,16,0,0,0,0,0,0,0,0,1,0,1,10,0,0,0,0,0.0,0.0,10.0,2.0,38.4,0.4,0.2857142857142857,0.0,0.0,10.0,2.0,38.2,1.4,0.8571428571428571,0.0,0.0,10.0,4.0,35.7,0.3,0.5625,1.0,0.0,0.0,0.09829059829059829,0.3333333333333333,8,13,1564,1167,334
616,202501020605,0,0,0,3,2,1,1,11,0,0,0,0,0,0,0,3,2,1,1,7,0,0,0,0,0,0,0,2,2,1,0,1,0,0,0,0,0.0,0.0,100.0,4.0,39.1,2.0,0.21428571428571427,0.0,0.0,80.0,3.0,37.4,0.6,0.42857142857142855,0.0,0.0,60.0,12.0,40.0,2.9,0.3125,4.0,0.0,0.0,0.0,0.12903225806451613,7,12,1693,1393,1167
617,202501020605,0,0,0,0,0,0,0,0,0,0,0,0,0,0,0,0,0,0,0,0,0,0,0,0,0,0,0,0,0,0,0,0,0,0,0,0,0.0,0.0,20.0,3.0,39.3,0.3,0.2,0.0,0.0,100.0,5.0,39.1,0.4,0.125,0.0,0.0,60.0,11.0,40.8,3.0,0.2857142857142857,4.0,2.0,-100.0,0.049019607843137254,0.16666666666666666,4,6,368,664,115
618,202501020605,1,1,0,2,2,1,0,2,0,0,0,0,1,1,0,2,2,1,0,2,0,0,0,0,1,1,0,1,1,0,0,0,0,0,0,0,0.0,0.0,40.0,6.0,40.4,1.3,0.9285714285714286,0.0,0.0,40.0,3.0,39.4,0.6,0.13333333333333333,0.0,0.0,60.0,6.0,39.2,1.2,0.5384615384615384,0.0,0.0,0.0,0.03076923076923077,0.13846153846153847,2,2,32,334,664
619,202501020605,0,0,0,0,0,0,0,3,0,0,0,0,0,0,0,0,0,0,0,3,0,0,0,0,0,0,0,0,0,0,0,2,0,0,0,0,0.0,0.0,50.0,3.0,38.9,0.6,0.5714285714285714,0.0,0.0,50.0,3.0,39.9,0.6,0.2857142857142857,0.0,0.0,20.0,8.0,38.8,1.7,0.125,2.5,-4.0,0.0,0.03875968992248062,0.14728682170542637,4,5,1550,1160,32
620,202501020605,2,4,2,7,0,0,0,0,0,0,0,0,1,2,2,6,0,0,0,0,0,0,0,0,1,2,1,0,0,0,0,0,0,0,0,0,0.0,0.0,90.0,7.0,39.4,1.2,0.35714285714285715,0.0,0.0,50.0,7.0,41.3,1.7,0.14285714285714285,0.0,0.0,50.0,7.0,36.4,0.9,0.3125,0.0,4.0,0.0,0.02127659574468085,0.06382978723404255,6,10,1278,1348,625
621,202501020605,0,0,0,3,3,1,3,13,0,0,0,1,0,0,0,3,2,1,3,8,0,0,0,1,0,0,0,2,1,0,2,6,0,0,0,1,0.0,0.0,90.0,5.0,35.1,0.5,1.0,0.0,0.0,100.0,6.0,36.9,0.9,0.5,0.0,0.0,100.0,7.0,39.1,2.1,0.5454545454545454,1.0,-2.0,-900.0,0.0,0.11666666666666667,1,1,1693,1428,1167
622,202501020605,1,1,0,2,0,0,0,0,0,0,0,0,1,1,0,2,0,0,0,0,0,0,0,0,1,1,0,1,0,0,0,0,0,0,0,0,0.0,0.0,70.0,2.0,38.1,1.0,0.07142857142857142,0.0,0.0,100.0,7.0,38.7,0.7,0.8666666666666667,0.0,0.0,130.0,9.0,35.4,1.0,0.75,3.5,-2.0,0.0,0.06451612903225806,0.22580645161290322,3,4,32,432,664
623,202501020605,1,1,1,19,0,2,0,13,0,0,0,1,1,1,1,16,0,1,0,12,0,0,0,1,1,0,1,6,0,0,0,5,0,0,0,1,0.0,0.0,80.0,4.0,38.4,1.8,0.7857142857142857,0.0,0.0,60.0,4.0,38.8,1.2,0.5,0.0,0.0,90.0,5.0,37.7,0.6,0.5714285714285714,0.5,0.0,0.0,0.038461538461538464,0.15384615384615385,8,14,1605,1345,1
624,202501020605,0,0,0,0,0,0,0,1,0,0,0,0,0,0,0,0,0,0,0,1,0,0,0,0,0,0,0,0,0,0,0,1,0,0,0,0,0.0,0.0,130.0,11.0,39.5,1.8,0.7857142857142857,0.0,0.0,100.0,7.0,36.6,0.7,0.25,0.0,0.0,110.0,11.0,36.8,2.0,0.625,0.0,2.0,0.0,0.03333333333333333,0.1,3,3,558,577,1094
625,202501020605,0,2,1,2,1,1,1,13,0,0,0,0,0,2,1,1,0,1,1,11,0,0,0,0,0,1,0,1,0,1,1,7,0,0,0,0,0.0,0.0,100.0,12.0,40.2,2.4,0.9285714285714286,0.0,0.0,100.0,8.0,39.6,1.6,1.0,0.0,0.0,100.0,7.0,38.7,1.1,1.0,-2.5,10.0,0.0,0.030303030303030304,0.09090909090909091,5,7,1098,1503,1294
626,202501020605,0,0,1,1,1,2,0,5,0,0,0,0,0,0,1,1,0,1,0,5,0,0,0,0,0,0,1,1,0,0,0,3,0,0,0,0,0.0,0.0,140.0,13.0,41.0,3.4,0.21428571428571427,0.0,0.0,120.0,12.0,41.8,3.5,0.125,0.0,0.0,150.0,10.0,39.4,1.6,0.75,-1.5,6.0,0.0,0.0,0.1111111111111111,6,9,1261,1039,387
627,202501020605,0,2,1,2,0,0,1,5,0,0,0,0,0,2,1,1,0,0,0,3,0,0,0,0,0,1,0,1,0,0,0,2,0,0,0,0,0.0,0.0,110.0,14.0,41.9,3.7,0.14285714285714285,0.0,0.0,80.0,8.0,40.0,2.3,0.6428571428571429,0.0,0.0,60.0,10.0,35.1,0.9,0.6,-2.0,6.0,0.0,0.05263157894736842,0.42105263157894735,7,11,1098,1561,1294
628,202501020609,0,0,0,1,0,0,0,4,0,0,0,0,0,0,0,0,0,0,0,4,0,0,0,0,0,0,0,0,0,0,0,0,0,0,0,0,0.0,0.0,60.0,4.0,36.5,0.8,0.75,0.0,0.0,70.0,5.0,36.2,0.5,0.875,0.0,0.0,30.0,6.0,36.6,1.0,0.75,1.0,4.0,300.0,0.031496062992125984,0.14173228346456693,3,4,1453,1110,1428
629,202501020609,0,0,0,2,0,3,0,5,0,0,0,0,0,0,0,2,0,2,0,4,0,0,0,0,0,0,0,0,0,0,0,1,0,0,0,0,0.0,0.0,30.0,4.0,38.4,1.0,0.07142857142857142,0.0,0.0,10.0,1.0,40.2,0.0,0.09090909090909091,0.0,0.0,60.0,5.0,38.0,1.5,0.5333333333333333,0.5,8.0,0.0,0.10416666666666667,0.22916666666666666,8,13,1689,1228,1294
630,202501020609,1,1,0,1,0,0,0,4,0,0,0,0,1,1,0,0,0,0,0,3,0,0,0,0,0,0,0,0,0,0,0,0,0,0,0,0,0.0,0.0,70.0,9.0,37.3,1.5,0.3,0.0,0.0,100.0,8.0,37.3,1.0,0.5,0.0,0.0,100.0,10.0,39.7,1.5,0.9333333333333333,0.5,0.0,-900.0,0.0,0.10526315789473684,5,7,1248,1079,1428
631,202501020609,1,0,0,2,0,0,0,0,0,0,0,0,1,0,0,2,0,0,0,0,0,0,0,0,0,0,0,0,0,0,0,0,0,0,0,0,0.0,0.0,30.0,1.0,38.2,0.0,0.45454545454545453,0.0,0.0,90.0,2.0,36.9,0.2,0.45454545454545453,0.0,0.0,160.0,12.0,35.1,1.3,0.5625,5.5,6.0,0.0,0.03125,0.125,6,10,1146,1493,512
632,202501020609,1,0,0,2,0,0,0,0,0,0,0,0,1,0,0,2,0,0,0,0,0,0,0,0,0,0,0,0,0,0,0,0,0,0,0,0,0.0,0.0,120.0,7.0,37.2,1.3,0.35714285714285715,0.0,0.0,80.0,4.0,37.4,0.7,0.8181818181818182,0.0,0.0,110.0,11.0,38.8,1.3,0.7333333333333333,2.0,-2.0,0.0,0.05084745762711865,0.22033898305084745,7,11,1557,1029,1559
633,202501020609,1,0,0,8,0,0,0,2,0,0,0,1,1,0,0,4,0,0,0,2,0,0,0,1,0,0,0,0,0,0,0,0,0,0,0,0,0.0,0.0,30.0,11.0,39.2,1.6,0.35714285714285715,0.0,0.0,30.0,9.0,38.1,0.7,0.1875,0.0,0.0,30.0,6.0,36.9,1.0,0.23076923076923078,-2.5,6.0,0.0,0.022222222222222223,0.06666666666666667,7,12,1672,1225,1167
634,202501020609,0,0,0,5,0,0,0,4,0,0,0,1,0,0,0,4,0,0,0,4,0,0,0,1,0,0,0,2,0,0,0,1,0,0,0,1,0.0,0.0,160.0,13.0,37.9,2.4,0.9375,0.0,0.0,160.0,12.0,37.5,1.5,0.75,0.0,0.0,150.0,10.0,38.3,1.2,0.8,-1.5,0.0,0.0,0.043478260869565216,0.17391304347826086,6,9,1148,1553,1393
635,202501020609,0,1,2,12,1,1,1,13,0,0,0,0,0,1,1,10,0,1,1,11,0,0,0,0,0,0,0,0,0,0,0,0,0,0,0,0,0.0,0.0,60.0,6.0,37.4,1.1,0.21428571428571427,0.0,0.0,40.0,1.0,37.0,0.0,0.6666666666666666,0.0,0.0,60.0,8.0,40.2,1.1,0.1875,1.0,-8.0,0.0,0.0,0.13333333333333333,1,1,1467,1503,336
636,202501020609,0,0,0,3,0,2,0,13,0,0,0,0,0,0,0,2,0,1,0,12,0,0,0,0,0,0,0,1,0,1,0,1,0,0,0,0,0.0,0.0,50.0,11.0,38.5,2.1,0.21428571428571427,0.0,0.0,30.0,3.0,37.9,0.2,0.16666666666666666,0.0,0.0,10.0,1.0,36.8,0.0,0.2,-5.0,-8.0,0.0,0.09523809523809523,0.3333333333333333,4,6,1401,1345,517
637,202501020609,1,0,0,2,0,3,0,5,0,0,0,0,1,0,0,2,0,2,0,4,0,0,0,0,0,0,0,0,0,0,0,1,0,0,0,0,0.0,0.0,50.0,6.0,38.4,1.3,0.21428571428571427,0.0,0.0,70.0,8.0,35.7,1.6,0.8125,0.0,0.0,60.0,1.0,39.1,0.0,0.14285714285714285,-2.5,8.0,0.0,0.11764705882352941,0.38235294117647056,2,2,1557,1228,1559
638,202501020609,0,0,0,4,0,3,0,5,0,0,0,0,0,0,0,4,0,2,0,4,0,0,0,0,0,0,0,2,0,0,0,1,0,0,0,0,0.0,0.0,80.0,5.0,37.5,0.5,0.5833333333333334,0.0,0.0,90.0,5.0,37.1,0.4,0.42857142857142855,0.0,0.0,30.0,1.0,39.2,0.0,0.7333333333333333,-2.0,10.0,0.0,0.034482758620689655,0.10344827586206896,8,14,1729,1228,1428
639,202501020609,0,0,0,1,0,3,0,5,0,0,0,0,0,0,0,0,0,2,0,4,0,0,0,0,0,0,0,0,0,0,0,1,0,0,0,0,0.0,0.0,30.0,9.0,36.4,0.6,0.1875,0.0,0.0,20.0,7.0,36.6,1.1,0.25,0.0,0.0,20.0,2.0,36.0,0.4,0.2,-3.5,2.0,100.0,0.0,0.14285714285714285,3,3,1151,1228,1618
640,202501020609,0,0,0,0,0,0,0,0,0,0,0,0,0,0,0,0,0,0,0,0,0,0,0,0,0,0,0,0,0,0,0,0,0,0,0,0,0.0,0.0,10.0,1.0,37.4,0.0,0.15384615384615385,0.0,0.0,30.0,6.0,36.1,0.6,0.1,0.0,0.0,10.0,1.0,40.0,0.0,0.0625,0.0,8.0,0.0,0.050505050505050504,0.1717171717171717,4,5,952,490,115
641,202501020609,0,1,1,19,0,0,0,0,0,0,0,0,0,1,1,15,0,0,0,0,0,0,0,0,0,0,0,1,0,0,0,0,0,0,0,0,0.0,0.0,80.0,8.0,37.7,2.9,1.0,0.0,0.0,30.0,1.0,38.7,0.0,1.0,0.0,0.0,70.0,2.0,37.8,0.0,0.9375,-3.0,0.0,0.0,0.0,0.08333333333333333,5,8,1304,1614,1503
642,202501020612,1,0,2,8,0,2,0,13,0,0,0,1,0,0,1,6,0,1,0,12,0,0,0,1,0,0,0,2,0,0,0,6,0,0,0,0,0.0,0.0,50.0,6.0,37.9,0.7,0.4166666666666667,0.0,0.0,80.0,3.0,39.0,0.4,0.35714285714285715,0.0,0.0,40.0,10.0,40.6,1.0,0.4,2.0,0.0,0.0,0.05,0.21666666666666667,2,2,1520,1345,695
643,202501020612,2,4,2,7,0,3,0,5,0,0,0,0,1,2,2,6,0,2,0,4,0,0,0,0,0,0,1,5,0,0,0,1,0,0,0,0,0.0,0.0,80.0,7.0,38.9,0.9,0.3076923076923077,0.0,0.0,80.0,10.0,38.0,1.6,0.9375,0.0,0.0,100.0,13.0,43.6,7.8,0.7692307692307693,3.0,-8.0,0.0,0.03125,0.1171875,4,5,1278,1228,625
644,202501020612,1,0,0,2,0,0,0,0,0,0,0,0,1,0,0,2,0,0,0,0,0,0,0,0,1,0,0,2,0,0,0,0,0,0,0,0,0.0,0.0,140.0,10.0,38.3,1.4,1.0,0.0,0.0,90.0,7.0,35.7,1.6,0.7,0.0,0.0,130.0,10.0,38.2,1.2,0.6923076923076923,0.0,2.0,0.0,0.058823529411764705,0.35294117647058826,5,7,1557,1332,1559
645,202501020612,0,0,0,2,3,3,3,18,0,0,0,0,0,0,0,1,2,2,1,16,0,0,0,0,0,0,0,0,1,1,0,3,0,0,0,0,0.0,0.0,30.0,5.0,39.6,1.5,0.2222222222222222,0.0,0.0,20.0,1.0,37.1,0.0,0.16666666666666666,0.0,0.0,60.0,4.0,38.9,0.8,0.2857142857142857,-0.5,2.0,-700.0,0.0390625,0.1484375,7,12,1038,1167,489
646,202501020612,1,0,2,8,0,0,0,9,0,0,0,0,1,0,2,7,0,0,0,6,0,0,0,0,0,0,0,1,0,0,0,4,0,0,0,0,0.0,0.0,10.0,1.0,38.7,0.0,0.14285714285714285,0.0,0.0,20.0,2.0,39.9,0.1,0.14285714285714285,0.0,0.0,40.0,2.0,38.8,0.3,0.14285714285714285,0.5,2.0,0.0,0.09482758620689655,0.33189655172413796,8,13,1586,1170,1167
647,202501020612,0,0,0,1,1,1,2,9,0,0,0,0,0,0,0,1,1,1,1,6,0,0,0,0,0,0,0,0,1,0,0,1,0,0,0,0,0.0,0.0,80.0,9.0,38.3,2.1,0.2,0.0,0.0,80.0,12.0,37.3,2.3,0.8571428571428571,0.0,0.0,40.0,9.0,39.9,2.2,0.0625,0.0,-2.0,100.0,0.030303030303030304,0.12121212121212122,3,4,1432,1221,1428
648,202501020612,0,0,0,0,0,0,0,0,0,0,0,0,0,0,0,0,0,0,0,0,0,0,0,0,0,0,0,0,0,0,0,0,0,0,0,0,0.0,0.0,100.0,12.0,35.5,1.7,0.9333333333333333,0.0,0.0,80.0,7.0,34.3,0.7,0.7692307692307693,0.0,0.0,110.0,12.0,38.2,1.1,0.6875,0.0,6.0,500.0,0.0,0.125,4,6,196,596,575
649,202501020612,1,0,0,10,1,0,0,2,0,0,0,0,0,0,0,6,1,0,0,0,0,0,0,0,0,0,0,0,0,0,0,0,0,0,0,0,0.0,0.0,120.0,9.0,38.6,1.4,0.5833333333333334,0.0,0.0,120.0,10.0,37.6,1.9,0.8,0.0,0.0,110.0,7.0,36.7,1.4,0.625,-1.0,4.0,0.0,0.0,0.1206896551724138,7,11,1204,1306,1221
650,202501020612,0,0,1,8,0,0,0,2,0,0,0,0,0,0,1,8,0,0,0,2,0,0,0,0,0,0,1,2,0,0,0,1,0,0,0,0,0.0,0.0,100.0,6.0,39.5,1.5,0.18181818181818182,0.0,0.0,80.0,2.0,37.9,0.5,0.35714285714285715,0.0,0.0,90.0,3.0,35.4,1.1,0.5,-1.5,4.0,0.0,0.031746031746031744,0.14285714285714285,5,8,1020,1641,1576
651,202501020612,1,0,1,8,2,0,0,15,0,0,0,0,0,0,1,8,0,0,0,11,0,0,0,0,0,0,1,1,0,0,0,3,0,0,0,0,0.0,0.0,60.0,8.0,39.0,1.9,0.45454545454545453,0.0,0.0,120.0,6.0,38.9,1.0,0.07142857142857142,0.0,0.0,100.0,4.0,38.0,1.0,0.07142857142857142,-2.0,0.0,0.0,0.0,0.13793103448275862,3,3,1317,1405,1186
652,202501020612,1,0,2,8,1,1,2,9,0,0,0,0,0,0,1,6,1,1,1,6,0,0,0,0,0,0,0,2,1,0,0,1,0,0,0,0,0.0,0.0,80.0,3.0,37.2,0.7,0.7272727272727273,0.0,0.0,100.0,5.0,39.5,1.2,0.3333333333333333,0.0,0.0,90.0,9.0,35.3,1.3,1.0,3.0,0.0,0.0,0.05,0.17,6,10,1520,1221,695
653,202501020612,0,0,0,0,1,2,0,6,0,0,0,0,0,0,0,0,0,0,0,5,0,0,0,0,0,0,0,0,0,0,0,4,0,0,0,0,0.0,0.0,110.0,12.0,37.7,1.9,0.25,0.0,0.0,120.0,8.0,35.6,0.7,0.3125,0.0,0.0,50.0,8.0,37.7,1.7,0.08333333333333333,-2.0,8.0,-300.0,0.11428571428571428,0.37142857142857144,8,14,1222,1713,1328
654,202501020612,0,0,0,0,0,0,0,0,0,0,0,0,0,0,0,0,0,0,0,0,0,0,0,0,0,0,0,0,0,0,0,0,0,0,0,0,0.0,0.0,130.0,14.0,42.2,4.8,0.42857142857142855,0.0,0.0,60.0,12.0,40.0,3.0,0.21428571428571427,0.0,0.0,120.0,14.0,43.9,5.1,0.14285714285714285,0.0,2.0,0.0,0.04,0.16,6,9,1446,1487,75
655,202501020612,0,0,0,0,0,0,0,0,0,0,0,0,0,0,0,0,0,0,0,0,0,0,0,0,0,0,0,0,0,0,0,0,0,0,0,0,0.0,0.0,110.0,14.0,49.0,11.3,0.14285714285714285,0.0,0.0,80.0,8.0,36.4,0.5,0.16666666666666666,0.0,0.0,60.0,8.0,36.2,1.3,0.75,-3.0,-2.0,0.0,0.020833333333333332,0.0625,1,1,1545,4,1428
